Run ID,Event ID,Track ID,Particle Name,Start Energy [eV],Start X [m],Start Y [m],Start Z [m],Start Time [ns],Energy Deposited [eV],Track Weight,End X [m],End Y [m],End Z [m],Final Time [ns]
0,32224,5,phononTS,0.000452632,0.00100395,-0.00100309,0.0002625,733.638,0.000452632,1,0.00201357,-0.00272002,-0.0002625,2745.89
0,58794,5,phononTF,0.000654102,0.000687804,0.00126297,-0.000262498,2457.32,0.000382,1,0.000999312,0.00100413,0.0002625,2654.64
0,112027,6,phononTF,0.00105522,0.0032938,0.00131669,1.58001e-05,3278.48,0.000382,1,0.00300424,0.00100414,0.0002625,3625.66
0,175560,9,phononTS,0.000457249,0.000958747,0.000911077,-0.000262498,2056.36,0.000382,1,0.00100152,0.00100237,0.0002625,2213.42
0,179020,7,phononTS,0.000611489,0.00145386,0.00195004,-0.000262498,1889.9,0.000382,1,0.00200058,0.00200041,0.0002625,2173.2
0,181848,3,phononTF,0.00270935,0.00163475,0.00232988,-0.0002625,36.6772,0.001146,1,0.00199841,0.00199774,0.0002625,2235.53
0,181848,8,phononTS,0.000834817,0.00199841,0.00199774,0.000262498,2235.53,0.000834817,1,0.00192619,0.00194917,-0.0002625,2390.72
0,181848,2,phononTS,0.00157729,0.00104921,0.00329358,0.000262498,36.6772,0.000369983,1,0.00159827,0.00324973,-0.0002625,329.009
0,208895,3,phononTS,0.000834928,0.000931541,-0.00113452,-0.0002625,30.8643,0.000382,1,0.000996516,-0.00100339,0.0002625,2595.66
0,208895,4,phononTS,0.000424509,0.000996516,-0.00100339,0.000262498,2595.66,0.000424509,1,0.00129547,5.52273e-05,-0.0002625,3047.53
0,208895,2,phononTF,0.00262859,0.00104559,0.00332723,0.000262498,30.8643,0.000923396,1,0.00123458,0.0035328,-0.0002625,208.403
0,214971,8,phononTS,0.000489145,-0.00101287,0.00297783,-0.000262498,2253.51,0.000382,1,-0.00100107,0.00299583,0.0002625,2415.58
0,227066,7,phononTF,0.000639864,0.00199835,-4.0375e-06,0.000262498,1404.46,0.000639864,1,0.00130456,-0.000755312,-0.0002625,1747.99
0,260016,11,phononTS,0.00131606,0.000327264,0.00208578,-0.0002625,728.932,0.000764,1,3.66143e-06,0.00200084,0.0002625,1423.52
0,271821,6,phononTS,0.000892193,0.0023129,0.00101757,-0.000262498,921.641,0.000382,1,0.00200204,0.00200351,0.0002625,1351.09
0,277469,7,phononTS,0.000391166,0.00225704,0.00136958,-0.0002625,3930.66,0.000382,1,0.00200347,-2.16115e-06,0.0002625,7081.22
0,323159,7,phononL,0.000822607,-0.00100078,0.00299896,0.000262498,10355.7,0.000667299,1,-0.000523636,0.00378069,-0.0002625,10559.9
0,325154,3,phononTF,0.00293198,-0.00199816,-3.51767e-06,0.0002625,5.07265,0.00141479,1,-0.00209215,-8.11716e-05,-0.0002625,2482.8
0,342908,6,phononTF,0.000435732,-1.36646e-06,-0.00200476,0.0002625,1540.72,0.000435732,1,-0.000728967,-0.00265041,-0.0002625,2855.95
0,374418,4,phononTS,0.000716501,0.000993765,0.00332218,-0.000262498,170.115,0.000382,1,0.00199995,0.00199643,0.0002625,773.021
0,374418,2,phononTS,0.000829008,0.00106115,0.0033041,0.000262498,10.8669,0.000220937,1,0.0020221,0.00322006,-0.0002625,407.894
0,376027,9,phononTS,0.000537876,2.40107e-06,0.00199724,0.000262498,2218.68,0.000537876,1,0.000424697,0.00130633,-0.0002625,2602.5
0,379301,6,phononTS,0.000766256,-0.000926938,0.00292245,-0.000262498,594.546,0.000382,1,-0.00100062,0.00299919,0.0002625,749.24
0,391992,8,phononTF,0.000500405,0.00178751,0.00217127,-0.0002625,635.467,0.000382,1,0.00200073,0.00200341,0.0002625,1514.08
0,391992,4,phononTS,0.000866462,0.00108923,0.00323517,0.000262498,131.306,0.000866462,1,0.000962104,0.0025102,-0.0002625,458.63
0,391992,2,phononTS,0.00280728,-0.00323097,0.00210371,0.000171033,89.5496,0.0013771,1,-0.0031691,0.00199477,-0.0002625,1567.9
0,429600,7,phononTS,0.000430411,0.0029372,0.00247526,-0.000262498,1301.39,0.000382,1,0.00200175,0.00200135,0.0002625,1755.64
0,432577,7,phononTF,0.000405689,0.00167125,-0.000340777,-0.000262498,1712.1,0.000382,1,0.00200062,3.96517e-06,0.0002625,1923.88
0,432577,4,phononTS,0.00174759,0.00104597,0.00328715,0.000262498,16.5343,0.00115851,1,0.00180841,0.00324039,-0.0002625,358.272
0,433702,3,phononTS,0.000932623,0.000692749,0.00260296,-0.0002625,8.35167,0.000382,1,-0.00199607,1.79126e-06,0.0002625,10948
0,433702,5,phononTS,0.000475104,-0.00199607,1.79126e-06,0.000262499,10948,0.000475104,1,-0.00208665,0.000534624,-0.0002625,11224.9
0,462293,2,phononTS,0.0024523,-0.001004,0.00300032,0.0002625,74.6962,0.0024523,1,-0.00108405,0.00292887,-0.0002625,1325.13
0,462294,3,phononL,0.00643285,0.000713978,0.00318857,-0.000239223,195.624,0.00445608,1,0.000695831,0.00317528,-0.0002625,812.397
0,480640,6,phononTF,0.00135392,-0.000863222,0.00283405,-0.0002625,3817.52,0.000382,1,-0.000997091,0.0030043,0.0002625,4324.86
0,480640,7,phononTS,0.000641971,-0.000997091,0.0030043,0.000262498,4324.86,0.000641971,1,-0.00142141,0.00318884,-0.0002625,4604.74
0,488129,6,phononTS,0.000681936,0.00299578,0.00100395,0.0002625,232.533,0.000602994,1,0.00370211,0.0022555,-0.0002625,4183.92
0,488129,4,phononTF,0.00175893,0.00105685,0.00331528,0.000262498,3.05074,0.00168906,1,0.000820211,0.00305739,-0.0002625,192.762
0,502952,2,phononTS,0.00204641,0.000366462,0.00219485,-0.0002625,5.4584,0.000382,1,-2.22479e-06,0.00199595,0.0002625,1135.63
0,502952,7,phononTS,0.000430207,-2.22479e-06,0.00199595,0.000262498,1135.63,0.000430207,1,0.000174214,0.00157118,-0.0002625,1414.36
0,504825,6,phononTS,0.000425948,-0.000840058,0.00154754,-0.0002625,2308.3,0.000382,1,-0.00099933,0.000999599,0.0002625,3357.47
0,504825,2,phononTS,0.00207775,0.00110972,0.00330105,0.000262498,55.5589,0.00127307,1,0.00118385,0.00322542,-0.0002625,210.227
0,511633,4,phononTF,0.00228302,-0.000740147,0.00131337,-0.0002625,12.341,0.000382,1,-0.000995548,0.00100421,0.0002625,1471.74
0,511633,5,phononTS,0.00125252,-0.000995548,0.00100421,0.000262498,1471.74,0.000453928,1,-0.000730314,0.00176488,-0.0002625,1824.51
0,531444,3,phononTF,0.00085386,-0.000164662,0.00214294,-0.0002625,127.163,0.000382,1,1.50617e-06,0.00199518,0.0002625,1277.64
0,532564,5,phononTF,0.000890283,-0.000851085,0.00273322,-0.0002625,1223.04,0.000382,1,-0.00100177,0.0030023,0.0002625,1608.67
0,544537,4,phononTF,0.0011705,0.000135407,0.00216197,-0.0002625,7.45764,0.000382,1,4.82206e-06,0.0019993,0.0002625,1354.22
0,544537,5,phononTS,0.000544421,4.82206e-06,0.0019993,0.000262498,1354.22,0.000544421,1,-5.119e-05,0.00205574,-0.0002625,1509.9
0,544537,3,phononTS,0.00122972,0.0010495,0.0033006,0.000262498,7.45764,0.000866051,1,0.000976245,0.00322522,-0.0002625,162.113
0,552224,6,phononTS,0.000706701,0.00199514,0.00200142,0.000262498,889.73,0.000706701,1,0.00169155,0.00259599,-0.0002625,1229.49
0,552224,3,phononTS,0.00112822,0.00105694,0.00330731,0.000262498,3.0126,0.000222922,1,0.000318525,0.00326654,-0.0002625,345.869
0,556008,5,phononL,0.00112752,-1.16512e-06,0.00200493,0.0002625,28.5862,0.0001194,1,0.000196333,0.0022208,-0.0002625,735.493
0,591843,2,phononTS,0.00105254,0.000531678,0.0026332,-0.0002625,71.7753,0.000382,1,2.78115e-06,0.00199892,0.0002625,853.568
0,595019,3,phononL,0.00277345,-0.00328933,-0.00029959,-0.000122228,11.3038,0.000382,1,-0.00200134,4.63034e-07,0.0002625,4302.99
0,598819,6,phononTF,0.000612465,0.00200277,0.00200267,0.000262498,851.616,0.000612465,1,0.00228403,0.0017547,-0.0002625,1043.97
0,598819,3,phononTS,0.00154995,0.00104929,0.00327535,0.000262498,28.2488,0.00142943,1,0.00102295,0.00334703,-0.0002625,183.637
0,598819,2,phononTS,0.000397121,0.00104929,0.00327535,0.000262498,28.2488,0.000397121,1,0.000926708,0.00333343,-0.0002625,212.444
0,613487,9,phononTF,0.000433806,0.00127626,0.00279051,-0.000262498,678.189,0.000382,1,0.00199919,0.00200143,0.0002625,1042.27
0,645642,6,phononTS,0.00041056,0.00199643,0.00200491,0.0002625,1548.26,0.00041056,1,0.00100855,0.00208603,-0.0002625,2358.52
0,651048,2,phononTS,0.00329157,-0.00105089,0.00296429,-0.0002625,6.2907,0.000382,1,-0.000999201,0.00299594,0.0002625,2164.17
0,651048,9,phononTF,0.00267202,-0.000999201,0.00299594,0.000262498,2164.17,0.0019828,1,-0.000783881,0.00276991,-0.0002625,2349.85
0,652476,3,phononL,0.00275247,-0.000647501,0.00123107,-0.0002625,5.37024,0.000382,1,-0.00100222,0.00100249,0.0002625,3976.86
0,689770,3,phononTF,0.000725744,-0.00236477,0.00241135,-0.0002625,15.8474,0.000382,1,-0.00199982,0.00199957,0.0002625,2414.09
0,709669,7,phononTS,0.000930643,-0.00204769,0.00191198,-0.000262498,6661.7,0.000764,1,-0.00200012,0.00200217,0.0002625,6818.33
0,740174,3,phononTF,0.00259258,0.000623462,0.000708548,-0.0002625,16.3807,0.000382,1,3.45081e-07,-8.85621e-07,0.0002625,8253.43
0,744163,10,phononL,0.000568149,0.00296318,0.000270477,-0.000262498,1577.85,0.000382,1,0.00200029,-3.25354e-06,0.0002625,1790.64
0,788271,12,phononTS,0.000577161,0.00299683,0.00100219,0.000262498,5215.03,0.000577161,1,0.00300657,0.00101507,-0.0002625,5377.39
0,822590,8,phononTS,0.000775458,0.0019962,0.00199889,0.0002625,1819.27,0.000499899,1,0.00175076,0.000305687,-0.0002625,4635.42
0,851314,6,phononL,0.000458282,0.000947725,0.00169205,-0.000262498,8799.55,0.000382,1,0.00100026,0.000995694,0.0002625,8959.87
0,851314,2,phononTS,0.00111647,0.00106975,0.00330531,0.000262498,9.5645,0.000899298,1,0.00183253,0.00316913,-0.0002625,347.083
0,855316,8,phononTS,0.000564252,0.000249691,0.00147299,-0.000262498,590.564,0.000382,1,-0.00100292,0.0029968,0.0002625,1286.94
0,883422,9,phononTF,0.000389468,0.00100306,-0.00100087,0.000262498,3038.75,0.000389468,1,0.000693573,-0.000740693,-0.0002625,3235.88
0,884634,6,phononTS,0.000447512,0.00102633,-0.00289427,-0.0002625,2683.22,0.000382,1,0.000999096,-0.00300053,0.0002625,9497.62
0,888704,4,phononTF,0.000394976,-0.00199506,0.00200436,0.0002625,1038.51,0.000394976,1,-0.00206851,0.00209342,-0.0002625,3531.35
0,901383,5,phononTS,0.000494285,0.00133833,0.00329244,-0.000262498,243.974,0.000382,1,0.00200169,0.00200444,0.0002625,822.819
0,908135,12,phononTF,0.000527903,0.000580344,-0.000647667,-0.0002625,1022.61,0.000382,1,0.000997239,-0.00100241,0.0002625,3114.08
0,919510,5,phononTF,0.000508418,-1.4545e-06,0.00200045,0.000262498,2630.09,0.000508418,1,-0.000545691,0.00156889,-0.0002625,2904.19
0,921015,2,phononTS,0.00271706,0.00245691,-0.000250836,-1.4868e-05,11.015,0.000382,1,0.000997598,0.000997906,0.0002625,1851.25
0,961557,3,phononTF,0.000979153,0.00199997,0.00199713,0.0002625,5.11364,0.000595031,1,0.00246612,0.0013459,-0.0002625,920.806
0,962058,6,phononTF,0.002254,0.00250189,0.00153542,-0.0002625,502.523,0.000382,1,0.0030031,0.00099589,0.0002625,1588.52
0,962058,7,phononTF,0.00174597,0.0030031,0.00099589,0.000262498,1588.52,0.00138745,1,0.00300071,0.00122547,-0.0002625,1771.07
0,1052986,5,phononTF,0.000407945,-0.00162192,-0.00158193,-0.0002625,514.723,0.000382,1,-0.00199959,-0.00199706,0.0002625,3035.65
0,1052986,3,phononTF,0.00126278,0.00105827,0.00332317,0.000262498,12.1675,0.000426563,1,0.00129741,0.00352127,-0.0002625,199.811
0,1064351,9,phononTF,0.000511333,-0.00199758,0.00200134,0.000262498,3913.38,0.000511333,1,-0.00176298,0.00181601,-0.0002625,4092.91
0,1099417,6,phononTF,0.00128727,0.00199984,0.00199613,0.000262498,2554.04,0.000903941,1,0.00243749,0.00156605,-0.0002625,2800.3
0,1115133,9,phononTS,0.000607097,0.00240885,0.00209031,-0.000262498,1017.93,0.000382,1,0.00199578,0.001999,0.0002625,1264.41
0,1120918,9,phononL,0.00052268,0.000432425,5.54978e-05,-0.000262498,1700.07,0.000382,1,1.16543e-06,-3.12116e-06,0.0002625,1828.38
0,1197986,2,phononTF,0.00178881,-0.00181739,-0.000147296,-0.0002625,8.50138,0.000382,1,-0.0019986,9.00944e-07,0.0002625,2456.31
0,1197986,7,phononTF,0.00097615,-0.0019986,9.00944e-07,0.000262498,2456.31,0.00097615,1,-0.00116772,0.000745535,-0.0002625,2823.26
0,1206247,4,phononTS,0.00162864,-0.00100297,0.00300048,0.0002625,34.3518,0.00141809,1,-0.00141992,0.00292165,-0.0002625,1774.48
0,1214429,6,phononTF,0.00243327,-0.00093181,0.00303467,0.000198447,193.719,0.001146,1,0.000998572,-0.00099635,0.0002625,2926.38
0,1219757,6,phononTS,0.000566713,-0.00200334,-0.00200374,0.000262498,2897.88,0.000566713,1,-0.00196853,-0.00199421,-0.0002625,3072.42
0,1221575,8,phononTS,0.00102023,-0.000104322,0.00100376,-0.0002625,544.269,0.000382,1,-0.000998589,0.000997982,0.0002625,8410.82
0,1226870,4,phononTF,0.00118975,9.50928e-05,0.00212311,-0.0002625,128.459,0.000764,1,1.79982e-06,0.00199539,0.0002625,2121.04
0,1229691,8,phononTS,0.000893726,0.000999347,0.00099892,0.000262498,2022.22,0.000519302,1,0.00108709,0.000950985,-0.0002625,2178.89
0,1239780,4,phononTS,0.00224355,0.00289508,0.00217171,-0.0002625,16.3726,0.000382,1,0.00200278,0.00199934,0.0002625,1826.69
0,1297528,4,phononTF,0.00267793,-0.000556598,0.00138109,-0.0002625,68.2178,0.001146,1,-0.001004,0.000998623,0.0002625,1477.19
0,1329783,4,phononTF,0.00292378,0.000290281,0.000266463,-0.0002625,46.9586,0.000764,1,2.61342e-06,-2.48221e-06,0.0002625,1344.59
0,1329783,6,phononTS,0.000705482,2.61342e-06,-2.48221e-06,0.000262498,1344.59,0.000705482,1,-0.000597237,-0.000578482,-0.0002625,1737.59
0,1339664,5,phononTF,0.000531931,-2.43262e-06,0.00200324,0.0002625,301.024,0.000531931,1,-0.000450305,0.00128047,-0.0002625,949.55
0,1353576,3,phononTS,0.00162209,-0.00047996,0.00157162,-0.0002625,66.9269,0.000382,1,-0.00100277,0.00100363,0.0002625,1566.53
0,1353576,4,phononTS,0.00114975,-0.00100277,0.00100363,0.000262498,1566.53,0.000441067,1,-0.00130251,0.000919154,-0.0002625,1786.16
0,1360850,7,phononL,0.000384637,-8.14114e-05,0.00336399,-0.0002625,256.993,0.000382,1,-0.00100214,0.00299534,0.0002625,1359.75
0,1360850,5,phononTS,0.000501389,0.00109649,0.00324548,0.000262498,73.1824,0.000501389,1,-0.0014214,0.00494275,-0.0002625,1132.48
0,1382183,6,phononTF,0.000412141,0.00300371,0.00100294,0.0002625,303.363,0.000412141,1,0.00365452,0.000429184,-0.0002625,1509.73
0,1421860,3,phononTF,0.00068562,0.00026524,0.0023256,-0.0002625,22.291,0.000382,1,9.54522e-07,0.00199882,0.0002625,820.391
0,1421860,2,phononTF,0.000470296,0.0010581,0.00330595,0.000262498,22.291,0.000470296,1,0.000734739,0.00356086,-0.0002625,230.902
0,1458857,6,phononTF,0.00111434,-0.000281196,0.000331781,-0.000262498,1160.72,0.000382,1,-2.3673e-06,-3.88484e-06,0.0002625,1363.74
0,1458857,7,phononTS,0.000495536,-2.3673e-06,-3.88484e-06,0.000262498,1363.74,0.000495536,1,7.48322e-05,-8.50101e-05,-0.0002625,1518.11
0,1460588,9,phononTS,0.000741439,-0.0029287,-0.00105211,-0.000262498,4541.89,0.000382,1,-0.00300256,-0.00100398,0.0002625,4699.57
0,1505727,7,phononTS,0.000477659,-0.00100469,-0.000996005,0.000262498,6042.56,0.000477659,1,0.00377513,-0.00401693,-0.0002625,7979.79
0,1517930,3,phononTF,0.00279016,0.00100216,0.00100088,0.0002625,145.231,0.00182632,1,0.00216392,0.00233677,-0.0002625,1564.54
0,1542548,6,phononTF,0.000396034,-0.000683749,0.00267656,-0.000262498,460.948,0.000382,1,7.94684e-07,0.00200133,0.0002625,788.196
0,1591173,8,phononTF,0.000482108,0.00163327,-0.00159802,-0.0002625,10026.1,0.000382,1,0.000999488,-0.000998206,0.0002625,11479.9
0,1591173,4,phononTF,0.000847375,0.000162811,0.00347811,0.000262498,1429.04,0.0005243,1,0.000981176,0.00452894,-0.0002625,1873.03
0,1617926,3,phononTF,0.00254909,-0.000307874,0.00206736,-0.000116187,19.6439,0.000777292,1,-0.000330596,0.00202246,-0.0002625,4638.59
0,1642257,5,phononTS,0.000554636,-0.00300057,-0.000995177,0.000262498,1939.69,0.000554636,1,-0.00280477,-0.00103953,-0.0002625,2137.54
0,1644166,5,phononTF,0.000593208,0.000997129,-0.000996303,0.0002625,2589.2,0.000593208,1,0.000924265,-0.00108462,-0.0002625,3531.75
0,1644166,3,phononTS,0.00108589,0.00107344,0.00339266,0.000262498,64.8554,0.00108589,1,0.00353654,0.00115372,-0.0002625,1134.86
0,1644166,2,phononTS,0.000544672,0.005,0.00048406,7.94748e-05,64.8554,0.000544672,1,0.00456578,0.000901188,-0.0002625,2549.43
0,1658646,5,phononTS,0.00163224,0.00176124,0.000832668,-0.0002625,15.8987,0.000382,1,0.00199703,2.69282e-06,0.0002625,1521.31
0,1658646,6,phononTF,0.00105335,0.00199703,2.69282e-06,0.000262498,1521.31,0.000904725,1,0.00219264,-0.000244007,-0.0002625,1703.17
0,1692789,7,phononTS,0.000433751,-0.00203337,-0.0020491,-0.0002625,1971.11,0.000382,1,-0.00199814,-0.00199821,0.0002625,2905.21
0,1692789,2,phononL,0.00165676,0.0022016,0.00339282,0.00016657,4.76288,0.000602861,1,0.0014826,0.00318037,-0.0002625,1012.08
0,1721653,6,phononTS,0.000434985,1.29207e-06,0.00200367,0.0002625,703.227,0.000434985,1,-0.00127172,0.000543883,-0.0002625,2053.41
0,1733935,5,phononTF,0.000949258,-0.0010005,0.00300276,0.0002625,749.752,0.00037604,1,-0.00132294,0.00333943,-0.0002625,1588.48
0,1750994,7,phononTF,0.000494793,4.80379e-06,0.00200052,0.0002625,1529.65,0.000494793,1,0.0010328,0.000211851,-0.0002625,2867.6
0,1756841,6,phononTF,0.000564892,4.64859e-05,0.00206399,-0.000262498,943.81,0.000382,1,-2.14539e-06,0.00200124,0.0002625,1102.34
0,1778821,7,phononTS,0.00102265,-0.00199629,-0.00200366,0.000262498,4006.17,0.00102265,1,-0.00200722,-0.00300492,-0.0002625,4419.7
0,1811409,8,phononTS,0.0004045,-4.22269e-06,0.00200176,0.000262498,9324.61,0.0004045,1,-1.0479e-05,0.00100754,-0.0002625,9727.73
0,1836099,7,phononTF,0.000793502,4.83456e-06,0.00199896,0.000262498,938.646,0.000667702,1,-4.66816e-06,0.00200724,-0.0002625,1095.53
0,1841944,11,phononTF,0.00041748,-0.000995111,0.00299854,0.000262498,1346.46,0.00041748,1,-0.000704838,0.00323103,-0.0002625,1537.43
0,1845430,7,phononTF,0.000578656,-0.0020959,0.00192319,-0.000262498,1730.79,0.000382,1,-0.00200179,0.00199628,0.0002625,1891.42
0,1849803,5,phononTS,0.000471328,-0.000109265,0.000805162,-0.0002625,2753.13,0.000382,1,-0.000998084,0.000998923,0.0002625,3611.19
0,1850042,8,phononTS,0.00152832,2.84344e-05,0.00283348,0.00021044,437.08,0.000382,1,-2.86693e-06,0.001997,0.0002625,777.844
0,1860067,5,phononTF,0.000465722,0.00199784,0.00199536,0.0002625,175.919,0.000465722,1,0.00234594,0.00159056,-0.0002625,1066.76
0,1860067,3,phononTF,0.00168137,0.00227422,0.00296722,-3.69189e-05,14.3063,0.000770429,1,0.0024346,0.00290165,-0.0002625,531.061
0,1876018,10,phononTF,0.000497932,-0.00300312,-0.00100331,0.000262498,4109.65,0.000497932,1,-0.00278117,-0.00118288,-0.0002625,4287.56
0,1887566,3,phononTF,0.000779423,0.00026805,0.00232968,-0.0002625,2.5454,0.000764,1,1.98822e-06,0.00200252,0.0002625,802.116
0,1887566,2,phononTF,0.000439808,0.00106623,0.00331116,0.000262498,2.5454,0.000439808,1,0.000809945,0.00349178,-0.0002625,193.261
0,1921855,3,phononTF,0.00113798,0.00055497,0.0026365,-0.0002625,45.9791,0.000382,1,-2.96247e-06,0.00200065,0.0002625,637.992
0,1921855,6,phononTS,0.000498283,-2.96247e-06,0.00200065,0.000262498,637.992,0.000498283,1,-5.90162e-05,0.00205328,-0.0002625,794.632
0,1925060,5,phononTS,0.00248602,6.97419e-05,0.00209688,-0.0002625,43.0746,0.000764,1,-2.798e-06,0.00200066,0.0002625,1533.87
0,1926404,8,phononTS,0.000386245,0.0029661,0.00103378,-0.0002625,193.167,0.000382,1,0.00299566,0.00100383,0.0002625,3821.42
0,1955926,3,phononTF,0.00189977,-0.000457425,-0.00010349,-0.0002625,18.1235,0.000382,1,-0.00199763,-0.00199602,0.0002625,4431.26
0,1955926,9,phononTF,0.000398936,-0.00199763,-0.00199602,0.000262498,4431.26,0.000398936,1,-0.00234194,-0.00171189,-0.0002625,4635.91
0,1955926,8,phononL,0.000501018,-0.00199763,-0.00199602,0.000262498,4431.26,0.000501018,1,-0.00165511,-0.00318334,-0.0002625,4686.74
0,1955926,2,phononTS,0.00188317,0.00105675,0.00332909,0.000262498,18.1235,0.00145993,1,0.000971032,0.00324648,-0.0002625,172.074
0,1959856,4,phononTS,0.000428567,0.00197769,-0.00206299,-0.000262498,2170.23,0.000382,1,0.00200396,-0.00199538,0.0002625,2337.65
0,1991822,7,phononTS,0.000881806,-9.37293e-06,0.00111897,-0.0002625,392.202,0.000382,1,-0.000995998,-0.000995452,0.0002625,3433.27
0,1992203,6,phononTF,0.000394961,0.000904627,0.00119176,-0.0002625,1176.29,0.000382,1,0.00100041,0.000995297,0.0002625,1706.65
0,2007824,4,phononTS,0.00244002,0.00175761,0.005,-0.000129973,114.61,0.001146,1,-0.00200301,0.00199839,0.0002625,2574.41
0,2007824,3,phononTS,0.000730181,0.00103354,0.00337708,0.000262498,114.61,0.000730181,1,0.00102327,0.0034202,-0.0002625,281.989
0,2022884,3,phononTS,0.00266688,0.000526459,0.0026829,-0.0002625,440.267,0.000382,1,-3.61899e-07,0.00199771,0.0002625,1244.58
0,2022884,6,phononTS,0.00167336,-3.61899e-07,0.00199771,0.000262498,1244.58,0.000414574,1,0.000266184,0.00204166,-0.0002625,1457.65
0,2034217,5,phononTS,0.002803,-3.40031e-05,0.000148573,4.72254e-05,14.2273,0.000382,1,-3.92146e-06,3.75235e-06,0.0002625,2699.37
0,2034217,7,phononTF,0.00113792,-3.92146e-06,3.75235e-06,0.000262498,2699.37,0.00113792,1,-0.000198682,0.000161729,-0.0002625,2872.65
0,2057196,5,phononTS,0.000433577,-0.00386052,-0.000994899,-0.0002625,7.68096,0.000382,1,-0.00299661,-0.000996754,0.0002625,3462.59
0,2058155,2,phononTS,0.000441833,-0.000996635,0.00299878,0.0002625,18.6986,0.000441833,1,-0.000944777,0.00217678,-0.0002625,6477.79
0,2097836,4,phononTS,0.000504315,0.00254207,-0.00149645,-0.000262498,8856.71,0.000382,1,0.00100389,-0.00100201,0.0002625,9480.11
0,2103556,6,phononTS,0.000483951,0.00188643,0.00241743,-0.0002625,325.702,0.000382,1,0.00200027,0.00199669,0.0002625,1131.81
0,2140831,7,phononL,0.000397911,-0.00132022,0.00432805,-0.000262498,6152.36,0.000382,1,-0.000997548,0.00300271,0.0002625,6429.78
0,2140831,2,phononTF,0.00217917,0.00107116,0.00329475,0.000262498,9.14269,0.00197949,1,0.00132886,0.00308745,-0.0002625,193.586
0,2149100,2,phononTS,0.00135706,0.00208153,0.00191242,-0.0002625,6.1331,0.000382,1,0.00200365,0.00199583,0.0002625,1111.92
0,2149100,7,phononL,0.00075427,0.00200365,0.00199583,0.000262498,1111.92,0.00075427,1,0.00243487,0.00142386,-0.0002625,1281.4
0,2165566,6,phononTS,0.000697206,0.00215314,0.00192936,-0.000262498,711.473,0.000382,1,0.00199565,0.00200482,0.0002625,901.049
0,2198130,3,phononTS,0.00259186,0.000321377,0.0011088,-0.0002625,3.71908,0.000764,1,-3.32421e-06,-7.53057e-07,0.0002625,3496.06
0,2242796,7,phononTF,0.00054804,-0.00100399,0.00100214,0.000262498,2670.8,0.00054804,1,-0.00131615,0.00125421,-0.0002625,2866.9
0,2244854,5,phononL,0.00293127,-0.000926932,0.00299612,0.000123018,1395.38,0.000764,1,-0.000997829,0.00299625,0.0002625,2823.86
0,2244854,7,phononTS,0.000877923,-0.000997829,0.00299625,0.000262498,2823.86,0.000877923,1,-0.00278487,0.00128899,-0.0002625,3656.68
0,2270571,9,phononL,0.000651053,0.00141864,0.00126699,-0.0002625,3847.79,0.000382,1,0.00100246,0.00100013,0.0002625,4255.38
0,2324608,7,phononTS,0.000670242,0.000960909,-0.000192431,-0.0002625,316.283,0.000382,1,0.000998748,-0.00100141,0.0002625,2078.71
0,2324608,3,phononTS,0.000762244,0.00107044,0.00326721,0.000262498,65.0267,0.000762244,1,0.00104914,0.00298084,-0.0002625,286.429
0,2378636,5,phononTF,0.000482715,-0.000486062,0.00358102,-0.000262498,2681.18,0.000382,1,-0.00100032,0.002998,0.0002625,2960.26
0,2378636,3,phononTS,0.00295779,0.00106451,0.00331566,0.000262498,3.48679,0.00202835,1,0.00103268,0.00340544,-0.0002625,161.817
0,2389287,5,phononTS,0.000606915,-0.00352327,0.00442284,-0.0002625,406.941,0.000382,1,4.3348e-06,1.19994e-06,0.0002625,4590.85
0,2434914,7,phononTS,0.000635603,-2.78497e-06,0.00199971,0.000262498,1562.64,0.000635603,1,8.23734e-05,0.00200424,-0.0002625,1746.75
0,2469437,9,phononTS,0.000583846,0.00200166,0.00199701,0.000262498,3262.37,0.000583846,1,0.00196702,0.00206783,-0.0002625,3417.88
0,2488411,5,phononTF,0.000390808,0.00195371,4.21938e-05,-0.000262498,5012.3,0.000382,1,0.00200227,4.42796e-06,0.0002625,5170.16
0,2534822,5,phononTF,0.000798578,0.000428751,0.00248372,-0.0002625,1054.76,0.000382,1,-1.56229e-06,0.00199684,0.0002625,1802.86
0,2535876,6,phononTF,0.000612713,-0.00100263,0.00300288,0.0002625,1453.23,0.000612713,1,-0.00108259,0.00301283,-0.0002625,1773.61
0,2555615,4,phononTF,0.000608953,-0.000463825,0.00350232,-0.0002625,635.386,0.000382,1,-0.00100249,0.00300439,0.0002625,1271.59
0,2555615,2,phononTS,0.00587799,0.000933223,0.00295312,-0.000161801,8.35506,0.00216571,1,0.000944023,0.00296275,-0.0002625,335.092
0,2567732,2,phononTF,0.00159507,0.00265586,0.00141878,-0.0002625,6.74974,0.000764,1,0.00300454,0.00099821,0.0002625,1308.03
0,2601433,4,phononTS,0.000971633,4.43158e-05,0.00195168,-0.0002625,52.2644,0.000382,1,-3.92003e-06,0.00200118,0.0002625,843.76
0,2601433,6,phononTF,0.000512688,-3.92003e-06,0.00200118,0.000262498,843.76,0.000512688,1,-3.64316e-05,0.00202935,-0.0002625,1001.24
0,2613575,8,phononTF,0.000602609,-0.000785743,0.00312831,-0.0002625,1256.63,0.000382,1,-0.00100085,0.00300448,0.0002625,2460.54
0,2613575,6,phononTF,0.00173829,0.00121769,0.0035703,-2.10917e-05,380.573,0.00131469,1,0.00277054,-0.00468653,-0.0002625,2888.43
0,2640797,6,phononTS,0.000680854,0.000999404,0.00099794,0.000262498,2132.52,0.000680854,1,0.000957736,0.00090941,-0.0002625,2289.86
0,2645644,7,phononTS,0.000525825,0.00462316,0.00265182,-0.0002625,158.696,0.000382,1,0.00300337,0.00100136,0.0002625,4808.94
0,2646362,9,phononTS,0.000632136,0.000995155,0.00368515,-0.000262498,909.665,0.000382,1,-1.72678e-06,0.00200123,0.0002625,1651.51
0,2646362,7,phononTS,0.00243516,0.000927776,0.00327937,-1.77154e-05,580.704,0.00131956,1,0.00096164,0.00333287,-0.0002625,665.399
0,2650298,4,phononTS,0.000877248,-0.00279065,0.000471226,-0.0002625,13.8995,0.000382,1,-0.00199766,0.00200229,0.0002625,7309.06
0,2651939,10,phononTS,0.000535381,-0.00203641,-0.00201216,-0.000262498,4405.79,0.000382,1,-0.00199831,-0.00200194,0.0002625,4567.9
0,2700897,10,phononTS,0.000435683,0.000997515,0.0010017,0.000262498,2874.48,0.000435683,1,0.000982296,0.0010029,-0.0002625,3047.58
0,2704230,7,phononTS,0.000741092,1.00354e-06,0.00199802,0.000262498,1723.55,0.000741092,1,0.000771133,0.00334944,-0.0002625,2311.05
0,2737804,5,phononTF,0.00220602,-0.000453944,0.00163585,-0.0002625,164.818,0.000764,1,-0.00100476,0.00100065,0.0002625,1342.47
0,2738125,7,phononTS,0.000999388,3.02107e-06,0.00199949,0.000262498,888.261,0.000833394,1,9.77392e-05,0.0017174,-0.0002625,1122.7
0,2746674,2,phononTS,0.00210755,-0.00302322,-0.000429266,-0.0002625,48.8204,0.000382,1,-0.00299542,-0.00100432,0.0002625,3999.78
0,2773947,5,phononTS,0.000998932,-0.00100252,0.00300287,0.000262498,5147.56,0.000935429,1,-0.00102386,0.00245219,-0.0002625,5429.92
0,2773947,2,phononTS,0.000491634,0.00105821,0.0033407,0.000262498,63.5655,0.000491634,1,-0.000223928,0.00390962,-0.0002625,625.585
0,2801457,6,phononL,0.000422989,0.000999582,0.00100038,0.000262498,1174.65,0.000422989,1,0.0010693,0.00022515,-0.0002625,1347.05
0,2801457,3,phononTS,0.000743258,0.00106167,0.00330665,0.000262498,13.2108,0.000743258,1,0.000994435,0.00321793,-0.0002625,168.112
0,2803568,4,phononTS,0.000611575,-1.5542e-06,0.00199964,0.0002625,232.4,7.79714e-05,1,3.93342e-06,0.00168712,-0.0002625,1847.45
0,2808453,9,phononL,0.000769061,2.36741e-06,0.00199702,0.000262498,1849.3,0.000706082,1,3.547e-05,0.00150646,-0.0002625,1983.19
0,2818566,5,phononTF,0.000444293,0.00262479,0.00143873,-0.0002625,608.741,0.000382,1,0.00300264,0.00100056,0.0002625,3290.52
0,2825668,6,phononTS,0.000625573,-7.45366e-05,0.00207343,-0.000262498,694.907,0.000382,1,-3.40934e-06,0.00200136,0.0002625,849.788
0,2828466,8,phononTS,0.000512917,-0.000342925,0.00306996,-0.0002625,843.149,0.000382,1,-0.00100022,0.00299642,0.0002625,1774.91
0,2884440,6,phononTS,0.000563693,0.00158684,0.00202538,-0.000262498,1780.85,0.000382,1,0.00200332,0.00199676,0.0002625,2029.27
0,2927302,5,phononTS,0.00175787,5.96397e-05,0.00206088,-0.0002625,1439.28,0.000764,1,-1.53744e-06,0.00200011,0.0002625,1905.67
0,2954330,5,phononTS,0.000387228,0.00106086,0.00224924,-0.000262498,536.063,0.000382,1,0.00199691,0.00199831,0.0002625,919.667
0,2955311,3,phononTS,0.000634414,0.000532183,0.00265315,-0.0002625,2.31488,0.000382,1,-3.73729e-06,0.00199883,0.0002625,796.017
0,2961480,8,phononTS,0.00048282,0.000998815,0.000999944,0.0002625,1173.35,0.00048282,1,0.000537536,0.00200054,-0.0002625,4352.66
0,2961480,4,phononL,0.000696698,0.0011606,0.00328105,0.000262498,125.295,0.000673625,1,0.000924178,0.00277532,-0.0002625,268.715
0,2964690,6,phononTF,0.00129206,-0.000863107,0.00213259,-0.0002625,1266.7,0.000382,1,-0.00199858,-0.00199904,0.0002625,4254.6
0,2964690,7,phononTS,0.000815034,-0.00199858,-0.00199904,0.000262498,4254.6,0.000815034,1,-0.00198321,-0.00190947,-0.0002625,4414.9
0,2981277,5,phononTS,0.000592566,0.000670879,0.000933326,-0.000262498,1091.82,0.000382,1,0.000999781,0.000995423,0.0002625,1332.25
0,3023988,3,phononTS,0.0024403,-0.0028232,0.00285448,-0.0002625,33.1782,0.000382,1,-0.000995167,0.00100138,0.0002625,2710.87
0,3044377,13,phononTS,0.000429292,0.00183214,0.000737672,-0.000262498,3044.21,0.000382,1,0.000995452,0.000995879,0.0002625,3439.37
0,3096491,6,phononTF,0.00206835,0.000292295,0.00233324,-0.0002625,258.821,0.000764,1,4.31909e-07,0.00199763,0.0002625,1081.4
0,3096491,7,phononTS,0.000652805,4.31909e-07,0.00199763,0.000262498,1081.4,0.000652805,1,2.29001e-05,0.00200979,-0.0002625,1242.14
0,3096491,5,phononTS,0.00124666,0.00116788,0.00334006,0.000262498,258.821,0.00100572,1,0.00108521,0.00341674,-0.0002625,434.523
0,3098940,9,phononTS,0.000547114,-0.00199787,-0.0020037,0.000262498,8793.36,0.000547114,1,-0.00196201,-0.00183232,-0.0002625,8997.01
0,3106561,7,phononTF,0.000550782,1.1402e-06,0.00200143,0.0002625,590.928,0.000550782,1,-0.000499136,0.00126272,-0.0002625,1253.83
0,3109132,6,phononTF,0.000516962,0.0017234,0.00222696,-0.000262498,1166.13,0.000382,1,0.00199783,0.00199992,0.0002625,1355.04
0,3109132,2,phononTF,0.0064903,0.00111892,0.00350945,-0.000174831,68.5919,0.0037085,1,0.00118202,0.00345737,-0.0002625,813.648
0,3117712,5,phononTS,0.000450234,0.00202934,0.00257127,-0.0002625,218.633,0.000382,1,0.00199698,0.00200123,0.0002625,1554.32
0,3117712,3,phononTF,0.000715962,0.00105959,0.00330441,0.000262498,4.50691,0.000715962,1,0.000842691,0.00347544,-0.0002625,180.888
0,3137899,4,phononTF,0.00121541,0.00242979,0.00164087,-0.0002625,5.87847,0.000382,1,0.00199724,0.0020011,0.0002625,1488.84
0,3158592,5,phononTF,0.000534501,0.00241189,-0.000331627,-0.000262498,1884.85,0.000382,1,0.0020045,3.13566e-06,0.0002625,2105.44
0,3164629,3,phononL,0.00225744,0.00127535,0.00108719,-0.0002625,11.6636,0.000382,1,0.00100361,0.000999598,0.0002625,629.642
0,3164629,5,phononTS,0.00159022,0.00100361,0.000999598,0.000262498,629.642,0.000905767,1,0.000937571,0.00145533,-0.0002625,887.347
0,3164629,2,phononTS,0.000787939,0.0010725,0.00330482,0.000262498,11.6636,0.000507044,1,0.000681435,0.003672,-0.0002625,316.98
0,3175222,7,phononTS,0.000808262,0.00200144,0.00199736,0.000262498,680.618,0.000808262,1,0.00204961,0.00219093,-0.0002625,877.948
0,3182086,2,phononTS,0.000983303,0.000498718,0.005,-0.000252848,201.07,0.000382,1,-0.00199504,0.00199548,0.0002625,2060.14
0,3208496,7,phononTF,0.00046808,-0.00114987,0.000780259,-0.0002625,821.614,0.000382,1,-0.00199535,5.01247e-07,0.0002625,2329.32
0,3228275,7,phononTS,0.000498947,0.00199934,0.00200406,0.000262498,1567.29,0.000498947,1,0.00208607,0.00192428,-0.0002625,1721.34
0,3235488,7,phononTS,0.000569275,0.00142174,-9.6826e-05,-0.000262499,7088.69,0.000382,1,0.00199812,3.56294e-06,0.0002625,7394.48
0,3235488,3,phononTS,0.000913824,0.00103553,0.00329483,0.000262498,15.2858,0.000913824,1,0.00104189,0.00272868,-0.0002625,293.947
0,3250362,2,phononTS,0.00280689,-0.000465118,0.00108528,-0.000127489,21.6051,0.001146,1,-0.000998531,0.000999246,0.0002625,3376.27
0,3317479,5,phononTS,0.000450766,0.00265249,-0.000550027,-0.000262498,1552.19,0.000382,1,0.00100107,-0.00100089,0.0002625,2203.09
0,3320845,2,phononTS,0.00306043,0.000152383,0.00202059,0.000138322,1.34372,0.000382,1,-3.57722e-06,0.00199983,0.0002625,2434.77
0,3334873,4,phononTS,0.000511192,0.000719867,0.00306098,-0.000262498,156.553,0.000382,1,0.0020048,0.00199663,0.0002625,751.854
0,3352314,6,phononTS,0.00049065,0.00194089,0.00104818,-0.000262498,3085.51,0.000382,1,0.00199981,0.00199508,0.0002625,3488.82
0,3359263,5,phononTS,0.00120462,0.000121674,0.00239016,-0.0002625,164.383,0.000382,1,3.12272e-06,0.00200352,0.0002625,1111.06
0,3378653,9,phononTS,0.000414026,2.68946e-05,-0.00235076,-0.0002625,713.424,0.000382,1,0.000997973,0.00100113,0.0002625,11281.1
0,3388830,4,phononTS,0.000706982,3.056e-06,0.00199744,0.0002625,1230.14,0.000706982,1,-4.83264e-05,0.00193285,-0.0002625,1546.37
0,3388830,2,phononTS,0.00146616,0.00107389,0.00330609,0.000262498,12.9246,0.000859035,1,0.00171201,0.00306788,-0.0002625,353.2
0,3398847,5,phononTF,0.000666993,0.00228084,0.00229767,-0.0002625,2851.19,0.000382,1,0.0020028,0.00199904,0.0002625,4100.75
0,3420125,5,phononTF,0.00145487,0.00139501,0.00266834,-0.0002625,1170.54,0.000382,1,0.00199933,0.00199902,0.0002625,1792.15
0,3420125,6,phononL,0.000802959,0.00199933,0.00199902,0.000262498,1792.15,0.000364894,1,0.00229207,0.0026947,-0.0002625,1965.09
0,3431458,3,phononTF,0.000470327,0.00174329,0.00235914,-0.0002625,35.5796,0.000382,1,0.00199681,0.00199892,0.0002625,1133.08
0,3447228,5,phononTS,0.00306754,-0.000986078,0.00099301,0.000255584,307.958,0.000764,1,-0.00100278,0.00100053,0.0002625,1881.26
0,3447228,7,phononL,0.000803434,-0.00100278,0.00100053,0.000262498,1881.26,0.000175565,1,-0.00123049,0.000510994,-0.0002625,2022.24
0,3453158,4,phononTS,0.000993893,-0.000997765,0.00300281,0.0002625,1813.72,0.000867044,1,-0.00106846,0.00329254,-0.0002625,2250
0,3455846,4,phononTF,0.000783608,4.89913e-06,0.00199632,0.0002625,87.9238,0.000588697,1,-0.00058463,0.00134795,-0.0002625,1003.33
0,3456266,7,phononTS,0.000452156,-9.91767e-08,4.98456e-06,0.000262498,5281.89,0.000452156,1,0.00149827,-0.000817951,-0.0002625,5921.78
0,3458916,6,phononTF,0.00177679,-0.00199668,2.438e-06,0.0002625,491.429,0.00167263,1,-0.00178236,0.000220531,-0.0002625,5965.75
0,3503002,6,phononTF,0.00065684,3.67527e-06,0.00200031,0.0002625,235.546,0.00065684,1,-0.000677394,0.00099503,-0.0002625,1072.65
0,3503608,7,phononTF,0.000387977,0.00227416,0.00294084,-0.000262498,626.438,0.000382,1,-0.0010002,-0.000997161,0.0002625,2176.74
0,3508839,8,phononL,0.000659445,-0.00203649,0.00282108,-0.000262498,3350.32,0.000382,1,-0.00100401,0.00299851,0.0002625,3568.44
0,3508839,2,phononTF,0.00150741,0.00110725,0.00330226,0.000262498,95.5866,0.00104148,1,0.000903157,0.00347704,-0.0002625,271.837
0,3509804,2,phononL,0.00145566,0.000508274,0.00263922,-0.0002625,149.356,0.001146,1,3.74565e-06,0.00200451,0.0002625,522.134
0,3522820,10,phononTS,0.000466204,-0.00249929,3.87077e-05,-0.000262499,5176.15,0.000382,1,-0.00199772,3.79802e-06,0.0002625,5445.83
0,3522820,4,phononTF,0.00269604,0.000738093,0.00341533,-0.000257989,2359.84,0.00128785,1,0.000734122,0.00341097,-0.0002625,2400.29
0,3553812,4,phononTF,0.000499902,-3.37144e-06,0.0019986,0.0002625,265.033,0.000499902,1,-0.000259545,0.00227724,-0.0002625,1140.54
0,3576627,6,phononTF,0.000823399,0.00199997,0.00200053,0.000262498,1333.26,6.69129e-05,1,0.00150552,0.00116839,-0.0002625,1690.67
0,3578161,7,phononTS,0.00104279,0.00302895,0.000145604,-0.0002625,342.348,0.000382,1,0.00299981,0.000995988,0.0002625,2476.78
0,3621721,5,phononTS,0.000384085,-0.00210381,0.00175392,-0.0002625,2187.78,0.000382,1,-0.00200012,0.00200127,0.0002625,2976.58
0,3621721,2,phononTF,0.000759738,0.00102083,0.00325952,0.000262498,20.4622,0.000759738,1,0.00118008,0.00345715,-0.0002625,194.144
0,3635907,6,phononTF,0.000551956,0.000105016,0.00209215,-0.0002625,169.191,0.000382,1,4.57214e-06,0.00200037,0.0002625,2309.47
0,3675628,7,phononTF,0.000496871,0.00175789,0.000296018,-0.0002625,3931.34,0.000382,1,0.00200498,-4.91452e-06,0.0002625,5254.52
0,3705752,9,phononTS,0.000601656,0.00100331,0.00099829,0.000262498,3423.89,0.000601656,1,0.00107991,0.00091088,-0.0002625,3578.1
0,3708239,8,phononTF,0.000388115,0.00299605,0.00099581,0.000262498,3481.12,0.000388115,1,0.00328785,0.000733648,-0.0002625,3677.78
0,3719507,6,phononTS,0.000560215,-0.00172672,0.00191633,-0.000262498,1244.82,0.000382,1,-0.00200094,0.00199568,0.0002625,1458.91
0,3748772,12,phononTS,0.00275912,0.00187251,0.00154052,0.000107476,261.64,0.00145708,1,0.00196109,0.000683801,-0.0002625,2289.7
0,3762349,5,phononTF,0.000826994,0.00235043,0.00174319,-0.0002625,166.044,0.000382,1,0.0029958,0.000998516,0.0002625,1199.07
0,3768754,4,phononTF,0.000531389,0.000522102,0.00258334,-0.000262498,974.852,0.000382,1,-9.95522e-07,0.00200348,0.0002625,1255.97
0,3768754,2,phononTF,0.000671325,0.00104463,0.00331618,0.000262498,36.9161,0.000671325,1,0.000930336,0.00340979,-0.0002625,201.356
0,3772135,5,phononTF,0.00054163,0.00207471,0.00207838,-0.000262498,1493.77,0.000382,1,0.00200271,0.00199856,0.0002625,1654
0,3798379,5,phononTF,0.00274847,-0.00113926,0.00220275,0.000179927,12.7203,0.00150022,1,-0.000787784,0.00254213,-0.0002625,2819.76
0,3825386,10,phononTS,0.000418395,0.00200441,0.001998,0.000262498,2351.49,0.000418395,1,0.00193111,0.00202602,-0.0002625,2506.85
0,3843412,7,phononTS,0.000395848,0.00200088,0.0019953,0.0002625,872.905,0.000395848,1,0.00201087,0.00193776,-0.0002625,1184.87
0,3878244,4,phononTS,0.000511067,0.0019996,0.00200249,0.0002625,752.045,0.000511067,1,0.00228109,0.00205571,-0.0002625,2562.06
0,3882601,6,phononTS,0.000806296,2.97382e-06,-0.00200439,0.000262498,4384.6,0.000806296,1,5.29236e-05,-0.00259716,-0.0002625,4680.17
0,3882601,3,phononTS,0.00306697,0.000996012,0.00328444,0.000262498,236.139,0.000849371,1,0.000905545,0.0032554,-0.0002625,394.76
0,3887207,8,phononTS,0.000426329,0.000993979,0.00328676,-0.000262498,4263.99,0.000382,1,0.00200107,0.00200475,0.0002625,4905.31
0,3897426,9,phononL,0.000583611,0.00199881,-3.75762e-06,0.000262498,1810.37,0.000583611,1,0.0025482,0.000175122,-0.0002625,1955.54
0,3923271,8,phononTF,0.000881422,-0.000878534,0.0036899,-0.0002625,777.132,0.000382,1,-0.00200361,0.00199686,0.0002625,3266.02
0,3943741,3,phononTS,0.00382037,0.00195891,-2.44448e-05,-4.75354e-06,191.456,0.001146,1,0.00200382,4.18436e-06,0.0002625,2073.55
0,3948049,11,phononTS,0.000681932,0.005,0.00210685,8.89889e-05,914.339,0.000382,1,0.002003,-0.00199542,0.0002625,4914.62
0,4006223,5,phononTS,0.000525319,0.000398102,0.000906926,-0.0002625,1500.33,0.000382,1,-2.98591e-07,8.50118e-07,0.0002625,2803.28
0,4034987,8,phononTS,0.000804409,-0.00103388,0.00293159,-0.0002625,3787.47,0.000382,1,-0.000998727,0.00300419,0.0002625,4276.3
0,4042095,8,phononTF,0.00311619,-0.00250264,-0.00153032,-0.000132611,855.762,0.001528,1,-0.00299844,-0.000995042,0.0002625,3509.16
0,4049799,6,phononTF,0.000574341,1.59819e-06,0.00199673,0.0002625,1276.48,0.000574341,1,-8.73247e-05,0.00206705,-0.0002625,1597.1
0,4049799,4,phononTF,0.000576177,0.00116256,0.00337609,0.000262498,210.26,0.000576177,1,0.0022802,0.00227247,-0.0002625,704.97
0,4062770,6,phononTS,0.000497066,4.26069e-06,0.0020034,0.000262498,2177.28,0.000497066,1,5.08058e-05,0.00241462,-0.0002625,2426.16
0,4069297,6,phononTS,0.000748488,0.0020065,0.00203151,-0.000262498,935.992,0.000382,1,0.00199589,0.00199785,0.0002625,1095.39
0,4072698,2,phononL,0.00172494,2.39899e-06,0.00199882,0.0002625,7.20195,0.00161902,1,-0.000522626,0.00134969,-0.0002625,579.754
0,4104834,8,phononTF,0.000544865,0.00100056,0.000998381,0.000262498,1529.91,0.000544865,1,0.00130928,0.0012536,-0.0002625,1726.18
0,4145286,7,phononTS,0.000502564,-0.000126147,0.00268393,-0.0002625,2780.38,0.000382,1,-3.83374e-06,0.0020041,0.0002625,6065.57
0,4145286,2,phononTS,0.00408954,0.00108004,0.0032871,0.000176191,39.2207,0.00236477,1,0.000768124,0.00326327,-0.0002625,245.417
0,4153534,3,phononTS,0.00205924,0.00199914,0.00199804,0.0002625,24.9615,0.00167586,1,0.0022307,0.00284806,-0.0002625,1242.2
0,4196107,7,phononTS,0.000529328,-0.000350267,0.00142603,-0.0002625,2285.76,0.000382,1,-0.000999634,0.00100357,0.0002625,2968.14
0,4197697,5,phononL,0.00304114,0.000417716,0.00222897,-0.0002625,56.1833,0.000382,1,2.03812e-06,0.00200468,0.0002625,2021.52
0,4210880,9,phononTS,0.00137444,-0.00299626,-0.00100456,0.000262499,4777.13,0.00137444,1,-0.00296455,-0.00101843,-0.0002625,4942.6
0,4220451,5,phononTS,0.0010552,-0.00073703,0.00307681,-0.0002625,404.154,0.000382,1,-0.000995501,0.00299936,0.0002625,1035.84
0,4220451,6,phononTF,0.000599713,-0.000995501,0.00299936,0.000262498,1035.84,0.000599713,1,-0.00077902,0.00277605,-0.0002625,1221.04
0,4220451,3,phononTS,0.000721232,0.00106206,0.00330978,0.000262498,1.66488,0.000491955,1,0.000980893,0.00327762,-0.0002625,168.964
0,4220451,2,phononL,0.000871622,0.00106206,0.00330978,0.000262498,1.66488,0.000494321,1,0.00167401,0.0033156,-0.0002625,149.884
0,4254926,7,phononTS,0.00288439,0.00186266,0.00193053,-4.3074e-05,53.3112,0.000764,1,0.0020047,0.00200063,0.0002625,2407.69
0,4254926,9,phononTF,0.00072677,0.0020047,0.00200063,0.000262498,2407.69,0.000624154,1,0.00146308,0.00253403,-0.0002625,2683.66
0,4285675,6,phononTS,0.00267142,0.000921055,0.00107013,-0.0002625,54.3832,0.000382,1,0.00099574,0.000995877,0.0002625,1368.55
0,4292742,7,phononTS,0.000926052,0.00109549,0.00167567,-0.0002625,449.209,0.000382,1,0.00100388,0.000999292,0.0002625,1393.77
0,4311908,7,phononTF,0.000537563,0.00161684,0.00241962,-0.0002625,602.67,0.000382,1,0.00200321,0.00200238,0.0002625,1295.48
0,4332400,6,phononTS,0.000718652,-0.000919144,0.00307318,-0.000262498,1323.95,0.000382,1,-0.000999994,0.00300175,0.0002625,1479.01
0,4342893,7,phononTF,0.00155351,-0.000417724,0.00222672,0.000153926,1367.49,0.000846143,1,-2.67843e-05,0.00255748,-0.0002625,1717.15
0,4350006,6,phononTS,0.000985066,0.00200431,0.00200083,0.000262498,5357.92,0.000985066,1,0.00199023,0.00147706,-0.0002625,5622.54
0,4350006,3,phononTF,0.00123976,0.00106718,0.00330329,0.000262498,7.85486,0.000351923,1,0.000903637,0.00347705,-0.0002625,181.11
0,4361118,6,phononTS,0.00101819,-0.000540855,0.00300998,-0.0002625,607.483,0.000764,1,-0.000997722,0.00300084,0.0002625,2230.97
0,4365434,5,phononTS,0.000625392,-0.000938392,0.00180931,-0.000262498,2103.16,0.000382,1,5.87057e-07,0.00200385,0.0002625,2488.93
0,4365434,3,phononTS,0.00107308,0.00105894,0.00330593,0.000262498,2.64402,0.00107308,1,0.00119034,0.00331646,-0.0002625,195.576
0,4401187,8,phononTF,0.000638782,0.00300054,0.00100435,0.0002625,1187.08,0.000638782,1,0.00304917,0.000942832,-0.0002625,1504.09
0,4405005,4,phononTF,0.000581965,0.000875138,0.000973909,-0.0002625,957.271,0.000382,1,0.000999424,0.000995442,0.0002625,2004.74
0,4405005,2,phononTF,0.000988398,0.00109075,0.00328671,0.000262498,28.6543,0.000988398,1,0.00133397,0.00309418,-0.0002625,209.823
0,4405973,5,phononTS,0.000464497,0.00193978,-0.000997869,-0.0002625,3694.29,0.000382,1,0.00200368,4.58073e-06,0.0002625,5005.93
0,4428403,9,phononTS,0.000679325,0.00199503,-0.00200306,0.0002625,3133.35,0.000332374,1,0.00149281,-0.00205716,-0.0002625,4904.9
0,4461493,6,phononTF,0.000497064,-0.000997554,0.00299706,0.0002625,5731.86,0.000497064,1,-3.20867e-05,0.00370819,-0.0002625,6552.21
0,4461493,2,phononTF,0.0014729,0.00110125,0.00333586,0.000262498,49.1369,0.00111436,1,0.00107017,0.00350984,-0.0002625,221.293
0,4492793,9,phononTS,0.000495446,-0.00238784,-0.00207567,-0.0002625,4551.3,0.000382,1,-0.00199941,-0.00200199,0.0002625,5117.08
0,4521033,7,phononTF,0.000529483,0.00131527,0.00128311,-0.000262498,980.934,0.000382,1,0.00100053,0.000998221,0.0002625,1182.34
0,4525929,5,phononTS,0.00434814,0.00196967,0.00221625,2.73419e-05,642.345,0.000764,1,0.00200372,0.0020034,0.0002625,1755.37
0,4540417,10,phononL,0.00069823,0.000964999,0.005,-0.000257673,5740.56,0.000382,1,0.00100055,0.00100003,0.0002625,6501.82
0,4607356,2,phononTS,0.0026304,-1.51972e-06,0.00200319,0.000261621,23.1313,0.000764,1,-1.67229e-06,0.00200326,0.0002625,1629.83
0,4615916,5,phononTF,0.00183047,0.00262022,0.00137715,-0.0002625,421.692,0.000382,1,0.00300152,0.00099645,0.0002625,1795.66
0,4615916,6,phononTF,0.00116554,0.00300152,0.00099645,0.000262498,1795.66,0.000868123,1,0.00492037,0.00421072,-0.0002625,2957.55
0,4619921,6,phononTS,0.000535582,-0.000663697,0.00346252,-0.000262498,585.709,0.000382,1,-0.000996105,0.00300463,0.0002625,898.672
0,4619921,3,phononTS,0.000617348,0.00105568,0.00327953,0.000262498,15.6899,0.000617348,1,0.00391728,0.0019007,-0.0002625,1145.62
0,4619921,2,phononTS,0.00045177,0.00105568,0.00327953,0.000262498,15.6899,0.00045177,1,-0.000269935,0.00376335,-0.0002625,577.096
0,4630582,5,phononTF,0.000456229,0.0009758,0.00306066,-0.000262498,425.295,0.000382,1,-8.84122e-07,0.00200284,0.0002625,882.119
0,4657286,6,phononTS,0.000414071,0.00199714,0.00200131,0.000262498,1241.61,0.000414071,1,0.000738055,0.00301752,-0.0002625,1823.43
0,4669823,7,phononTF,0.000431408,1.55423e-06,1.45491e-06,0.0002625,1048.34,0.000431408,1,-0.000403372,-0.000413518,-0.0002625,1515.61
0,4712797,2,phononTF,0.00198768,2.27088e-07,0.00200026,0.0002625,4.80488,0.000877677,1,-0.000264548,0.00167173,-0.0002625,1003.67
0,4725570,9,phononL,0.000557351,0.00199583,0.00200296,0.000262498,1375.08,0.000557351,1,0.00203421,0.00284165,-0.0002625,1556.82
0,4758381,11,phononTS,0.000759127,-7.31135e-07,0.00200407,0.0002625,651.129,0.000759127,1,0.00141118,-0.000349971,-0.0002625,3706.98
0,4759827,6,phononTS,0.00123669,0.00194431,0.00200462,-0.0002625,825.503,0.000382,1,0.0019958,0.00200266,0.0002625,1485.28
0,4771693,5,phononTS,0.00115911,-0.00115721,0.00220961,-0.000262498,2174.8,0.000764,1,-0.00099917,0.00300375,0.0002625,2535.88
0,4777984,5,phononTS,0.00104556,-0.000778024,0.000872736,-0.0002625,374.784,0.000764,1,-0.00200346,-0.00200487,0.0002625,2599.84
0,4777984,4,phononTS,0.000884634,0.000447411,0.00375033,0.000262498,374.784,0.000836295,1,0.000500232,0.0034285,-0.0002625,601.624
0,4788543,2,phononTS,0.0041371,0.00235081,0.001957,-0.0002625,70.1697,0.000764,1,0.00199882,0.00199771,0.0002625,1917.44
0,4798218,4,phononTF,0.000446441,-0.0028957,-0.000877556,-0.0002625,1751.57,0.000382,1,-0.00299553,-0.00100439,0.0002625,3770.83
0,4807182,2,phononTF,0.00120472,0.000548551,0.00262714,-0.0002625,52.0259,0.000382,1,4.3256e-06,0.0020011,0.0002625,635.434
0,4808126,6,phononTF,0.00118631,-0.00245148,-0.00162294,-0.0002625,392.436,0.000382,1,-0.00200259,-0.00199575,0.0002625,4336.16
0,4808126,7,phononTS,0.000572443,-0.00200259,-0.00199575,0.000262498,4336.16,0.000572443,1,-0.00192792,-0.00234817,-0.0002625,4568.42
0,4820093,5,phononTF,0.00156917,-0.000271791,0.00223972,-0.0002625,6526.61,0.000382,1,-3.37403e-06,0.00200079,0.0002625,7057.41
0,4820093,6,phononTF,0.000898424,-3.37403e-06,0.00200079,0.000262498,7057.41,0.000796417,1,6.15249e-07,0.00202964,-0.0002625,7214.69
0,4820093,2,phononTS,0.000581414,0.00105975,0.00327756,0.000262498,52.6778,0.000581414,1,0.000836423,0.00321015,-0.0002625,255.868
0,4826718,6,phononTS,0.000560795,8.22745e-05,0.00200917,-0.000262498,1627.45,0.000382,1,-1.64554e-06,0.00200302,0.0002625,1790.87
0,4826718,3,phononTS,0.000766545,0.00106023,0.00331081,0.000262498,6.46881,0.000766545,1,0.00154353,0.00221897,-0.0002625,483.791
0,4841621,8,phononL,0.00123231,0.00133974,0.00264418,-0.0002625,865.883,0.000382,1,0.00199555,0.00199748,0.0002625,1627.62
0,4841621,9,phononTF,0.000676378,0.00199555,0.00199748,0.000262498,1627.62,0.000676378,1,0.00271653,0.00168083,-0.0002625,1947.92
0,4894469,9,phononTF,0.000691719,0.00176653,0.0021876,-0.0002625,691.732,0.000382,1,0.00199872,0.00200361,0.0002625,1229.25
0,4900090,4,phononTF,0.000783533,-0.000569345,0.00147206,-0.0002625,28.3807,0.000382,1,-0.0010021,0.00100437,0.0002625,1143.92
0,4906440,5,phononTS,0.00284702,0.00136853,0.00189525,-0.0002625,213.118,0.000764,1,0.0010024,0.00100035,0.0002625,1439.36
0,4924987,8,phononTS,0.000913983,-8.26587e-07,0.00200113,0.000262498,1675.36,0.000913983,1,9.06532e-05,0.00193225,-0.0002625,1829.98
0,4925568,6,phononTS,0.000470617,0.000713815,0.00117593,-0.000262498,990.847,0.000382,1,-3.32314e-06,0.00199902,0.0002625,1463.53
0,4925568,2,phononTF,0.000589811,0.00105278,0.00326135,0.000262498,31.7108,0.000331971,1,0.00098924,0.00308169,-0.0002625,205.089
0,4929410,5,phononTF,0.000403476,-0.000320764,0.000385164,-0.0002625,651.707,0.000382,1,-3.80756e-06,-2.56479e-06,0.0002625,2108.13
0,4929410,2,phononTS,0.000973507,0.00123758,0.00338423,0.000262498,177.069,0.000973507,1,0.00134066,0.0034211,-0.0002625,357.019
0,4967424,5,phononTF,0.000407216,-4.58449e-06,0.00199852,0.000262498,1613.49,0.000407216,1,0.000171988,0.00184632,-0.0002625,1784.86
0,4986255,6,phononTS,0.000723133,-0.000253925,0.00310535,-0.0002625,247.864,0.000382,1,-0.00100099,0.00299545,0.0002625,1249.14
0,4996364,11,phononTS,0.000423018,-0.00100339,0.00100337,0.000262498,1832.37,0.000423018,1,-0.000934387,0.00107303,-0.0002625,1987.39
0,5032414,3,phononTF,0.00273052,0.00150203,0.00263851,-0.0002625,135.609,0.000382,1,0.00199509,0.00200062,0.0002625,742.042
0,5032414,5,phononTS,0.000996044,0.00199509,0.00200062,0.000262498,742.042,0.000996044,1,0.00124403,0.000270198,-0.0002625,1447.89
0,5032414,4,phononTS,0.00132646,0.00199509,0.00200062,0.000262498,742.042,0.00110578,1,0.00127771,0.00219587,-0.0002625,1076.56
0,5032414,2,phononTS,0.00102613,0.00100897,0.00327639,0.000262498,135.609,0.00102613,1,0.000926205,0.00320663,-0.0002625,308.723
0,5058709,5,phononTF,0.00202002,0.00173244,-0.00221355,-7.089e-05,788.185,0.000382,1,0.00199637,-0.0019959,0.0002625,6553.45
0,5058709,7,phononTS,0.00055582,0.00199637,-0.0019959,0.000262498,6553.45,0.00055582,1,0.00220943,-0.000930879,-0.0002625,7006.32
0,5058709,6,phononTS,0.000771994,0.00199637,-0.0019959,0.000262498,6553.45,0.000771994,1,0.00397135,-0.000788109,-0.0002625,7385.69
0,5064511,2,phononTF,0.000540558,0.000963119,0.0032498,-0.0002625,38.4082,0.000382,1,0.00200107,0.00200356,0.0002625,717.713
0,5068556,3,phononTS,0.00130074,-0.000675318,0.00305279,-0.0002625,229.962,0.000382,1,-0.00099771,0.0030034,0.0002625,1584.14
0,5068821,9,phononTF,0.000630475,-0.00205644,0.005,-3.08345e-05,1435.56,0.000630475,1,-0.00119863,0.00429139,-0.0002625,7814.35
0,5068821,8,phononTS,0.000657731,-0.005,-0.00184756,-2.94546e-05,1435.56,0.000657731,1,-0.00406133,-0.000775652,-0.0002625,4081.98
0,5068821,2,phononTS,0.00483623,0.00104548,0.00329655,-0.000236066,64.6821,0.00295828,1,0.00105036,0.00326864,-0.0002625,419.971
0,5073351,7,phononTF,0.00184399,0.00156659,0.00238713,-0.0002625,534.06,0.000382,1,0.00199575,0.00200216,0.0002625,1098.75
0,5073351,8,phononTS,0.000495772,0.00199575,0.00200216,0.000262498,1098.75,0.000495772,1,0.0020388,0.00197324,-0.0002625,1266.31
0,5073352,3,phononTS,0.00546704,0.000964905,0.00245085,0.000164965,88.8698,0.0042373,1,0.000947059,0.00252009,-0.0002625,1720.88
0,5090747,8,phononTF,0.00151826,0.000822001,0.00120286,-0.000262498,931.615,0.000382,1,0.00100343,0.0010011,0.0002625,1108.01
0,5090747,9,phononTS,0.00065165,0.00100343,0.0010011,0.000262498,1108.01,0.00065165,1,0.000949892,0.000943373,-0.0002625,1264.47
0,5090747,2,phononTF,0.00200114,0.00113057,0.00343572,0.000262498,165.634,0.000796487,1,0.00103011,0.00331062,-0.0002625,331.494
0,5099729,10,phononTF,0.000827681,0.000981808,0.000965579,-0.000262498,1074.68,0.000382,1,0.00199881,0.00199897,0.0002625,1535.29
0,5119020,5,phononTS,0.00168107,2.01199e-06,0.00200154,0.0002625,4.54773,0.00135613,1,-0.000963464,0.00208398,-0.0002625,1539.59
0,5132590,4,phononTF,0.000401301,-3.09999e-06,2.57048e-06,0.0002625,1835.3,0.000401301,1,-0.000185626,-0.000204705,-0.0002625,2190.52
0,5132590,2,phononTS,0.00117172,0.00103907,0.00329588,0.000262498,22.4546,0.000603612,1,0.00106318,0.00334859,-0.0002625,190.848
0,5146188,5,phononTS,0.000620704,-0.00203665,0.00209364,-0.000262498,1122.29,0.000382,1,-0.00200498,0.00200349,0.0002625,1280.62
0,5146188,3,phononTF,0.000518181,0.00106514,0.00330134,0.000262498,15.4132,0.000518181,1,0.00124865,0.00344928,-0.0002625,186.828
0,5162945,5,phononTS,0.000546548,0.00204632,0.00203412,-0.000262498,1244.54,0.000382,1,0.00199949,0.00200381,0.0002625,1402.37
0,5162945,3,phononTF,0.00254864,0.00103889,0.00331342,0.000262498,25.8188,0.00107335,1,0.000762239,0.00305158,-0.0002625,221.552
0,5164678,6,phononTS,0.000392538,-0.00100286,0.00300379,0.000262498,1373.83,0.000392538,1,-0.000915036,0.00341863,-0.0002625,1620.87
0,5164678,8,phononTF,0.00245109,0.000868769,0.00342448,0.000178125,418.357,0.000955005,1,0.00157019,0.00203287,-0.0002625,1082.15
0,5171192,7,phononTS,0.000700811,1.95253e-05,0.00300658,-0.000262498,516.984,0.000382,1,1.10306e-06,0.00199724,0.0002625,932.067
0,5191885,7,phononL,0.000448571,0.00201433,0.00161489,-0.0002625,2871.21,0.000382,1,0.002001,0.00200194,0.0002625,3243.46
0,5191885,4,phononTS,0.00519588,0.00105416,0.00327074,-1.11231e-05,268.363,0.00229173,1,0.00103035,0.00331174,-0.0002625,349.633
0,5204278,3,phononTF,0.00108784,0.000265032,0.00232516,-0.0002625,10.7274,0.000382,1,1.83408e-06,0.00200326,0.0002625,806.197
0,5204396,7,phononTS,0.000542897,-0.000561131,0.000193247,-0.0002625,2132.4,0.000382,1,-1.68737e-06,3.5628e-06,0.0002625,3954.65
0,5215771,2,phononTF,0.00151762,-2.67265e-06,0.00199963,0.0002625,49.7452,0.0014687,1,-0.000176784,0.00177881,-0.0002625,1332.16
0,5261957,9,phononTS,0.000725993,0.00104422,0.00221694,-0.0002625,218.24,0.000382,1,2.89944e-06,0.0020007,0.0002625,9611.07
0,5287850,3,phononTS,0.00230806,-0.0019156,0.00207601,-0.0002625,2.21132,0.000764,1,-0.00200372,0.00200229,0.0002625,3065.19
0,5291634,8,phononTS,0.000835303,0.00199906,0.00200287,0.000262498,1494.31,0.000835303,1,0.00207518,0.00196033,-0.0002625,1671.73
0,5315105,6,phononTS,0.000521194,-0.00201925,-0.00192369,-0.000262498,2279.8,0.000382,1,-0.00200118,-0.00199691,0.0002625,2445.61
0,5315105,4,phononTF,0.00111931,0.00112435,0.00325967,0.000262498,168.838,0.000835411,1,0.00119891,0.00347855,-0.0002625,349.623
0,5321494,6,phononTS,0.000648493,0.000243335,0.00240598,-0.000262498,653.724,0.000382,1,-2.79338e-06,0.00199741,0.0002625,940.149
0,5324642,9,phononTS,0.000556004,7.64561e-05,-7.45805e-05,-0.000262498,3137.44,0.000382,1,1.63526e-06,1.45746e-06,0.0002625,3292.07
0,5327848,4,phononTF,0.00323782,0.000408027,0.00247409,-0.000231532,1368.48,0.000382,1,3.14622e-07,0.00199561,0.0002625,2681.92
0,5339253,4,phononTF,0.00202947,4.51851e-06,0.00199968,0.0002625,351.102,0.000903544,1,0.000407045,0.0016608,-0.0002625,2099.76
0,5371805,4,phononTF,0.00172934,0.00268137,-0.000617737,-0.0002625,7.43737,0.000764,1,0.00199698,-3.66184e-06,0.0002625,4881.09
0,5376572,4,phononTS,0.00100935,-0.000329773,0.00310355,-0.0002625,304.721,0.000382,1,-0.00100085,0.00300273,0.0002625,1252.36
0,5392544,2,phononTS,0.00196596,0.00199651,0.00199608,0.0002625,68.6617,0.00114934,1,0.00190499,0.00205108,-0.0002625,989.906
0,5411723,9,phononTS,0.000426906,0.000763173,0.00116654,-0.000262498,4163.3,0.000382,1,0.00100261,0.00100036,0.0002625,4400.13
0,5416855,6,phononL,0.000510065,0.00100107,0.000995481,0.000262498,2137.26,0.000510065,1,-8.33411e-05,0.00095512,-0.0002625,2359.76
0,5428941,6,phononTS,0.000600072,0.00300449,0.00100477,0.0002625,3608.04,0.000600072,1,0.00305002,0.00108944,-0.0002625,5886.06
0,5433536,2,phononTS,0.00198995,0.0010887,0.00168148,-0.0002625,82.743,0.000764,1,0.000999281,0.00100308,0.0002625,1237.63
0,5452154,4,phononTF,0.000443302,0.005,-0.00219992,2.89036e-05,444.709,0.000443302,1,0.00433163,-0.00171062,-0.0002625,9125.02
0,5452154,2,phononTS,0.00143769,0.00104758,0.00331149,0.000262498,12.0295,0.00143769,1,0.00144826,0.00440143,-0.0002625,490.809
0,5459177,5,phononL,0.000400487,-0.000616254,-0.00238799,-0.0002625,3467.86,0.000382,1,-0.00100114,-0.00100151,0.0002625,5116.25
0,5459177,2,phononTS,0.000573585,0.00107783,0.00329803,0.000262498,58.344,0.000573585,1,0.00121437,0.00329935,-0.0002625,244.72
0,5472339,5,phononL,0.000733479,0.0024667,0.00232552,-0.0002625,203.019,0.000382,1,0.00199763,0.00200098,0.0002625,878.371
0,5485614,3,phononTF,0.00268909,0.00287458,0.0011248,-0.000130768,85.6714,0.000764,1,0.00299912,0.00100203,0.0002625,1164.15
0,5496740,4,phononL,0.00125881,0.00204892,0.00323481,-0.0002625,4.74479,0.000382,1,0.00200033,0.00200082,0.0002625,1470.12
0,5496740,5,phononTS,0.000714665,-0.000334023,0.005,-0.000160628,1470.12,0.000714665,1,-1.47083e-05,0.00466563,-0.0002625,2932.12
0,5528961,7,phononTF,0.000716878,0.00172572,0.00177526,-0.0002625,5279.87,0.000382,1,0.00200145,0.0020029,0.0002625,6610.87
0,5528961,4,phononTF,0.00378096,0.000742677,0.00274435,-8.70331e-05,254.165,0.00168187,1,0.000676945,0.00266261,-0.0002625,1447.13
0,5562280,5,phononTF,0.000921986,0.00200403,8.89272e-07,0.0002625,4790.7,0.000921986,1,0.00155642,-0.00141271,-0.0002625,5840.65
0,5588849,4,phononTS,0.00142182,0.00302874,0.000936235,-0.0002625,102.898,0.000764,1,0.00300232,0.000999533,0.0002625,1953.41
0,5588849,2,phononTS,0.00528091,0.00226443,0.00428385,-0.00024116,93.2635,0.00342227,1,0.00229889,0.00428736,-0.0002625,1443.3
0,5642109,9,phononTF,0.00085008,0.00167509,0.0022797,-0.000262498,618.693,0.000382,1,0.00200156,0.00199668,0.0002625,821.866
0,5646359,4,phononTS,0.000737649,0.00163505,0.00374263,-0.0002625,5.48024,0.000382,1,-0.000999908,0.000997058,0.0002625,2598.11
0,5646359,3,phononTF,0.000448665,0.00106143,0.00330924,0.000262498,5.48024,0.000448665,1,-0.00190167,0.00465285,-0.0002625,1037.04
0,5650386,7,phononTF,0.000541664,0.00199717,0.0020038,0.000262498,5149.75,0.000541664,1,0.00196978,0.00196999,-0.0002625,5307.11
0,5656721,3,phononTS,0.0021069,0.00052326,0.0026527,-0.0002625,39.4011,0.001146,1,2.50365e-06,0.00200481,0.0002625,824.092
0,5706220,16,phononTF,0.000637556,0.000995693,0.00100362,0.0002625,1923.7,0.000637556,1,0.00116029,0.00097551,-0.0002625,2264.92
0,5717550,3,phononTS,0.00290014,-0.00136528,0.00203029,-0.0002625,11.9125,0.001146,1,-0.00199792,0.00199562,0.0002625,1656.74
0,5717550,4,phononTS,0.000710623,-0.00199792,0.00199562,0.000262498,1656.74,0.000710623,1,-0.00197324,0.00201112,-0.0002625,1813.41
0,5753479,3,phononTS,0.00170773,-0.00104993,-0.00169368,-0.0002625,4.74574,0.000382,1,-0.00100156,-0.00100204,0.0002625,6762.92
0,5753479,6,phononTS,0.00111371,-0.00100156,-0.00100204,0.000262498,6762.92,0.00111371,1,-0.000933697,-0.00108519,-0.0002625,6935.73
0,5765301,7,phononTS,0.000424639,3.3619e-07,0.00200059,0.000262498,1258.24,0.000424639,1,-0.000343531,0.00203531,-0.0002625,1498.79
0,5798996,8,phononTS,0.00195686,0.0009494,-0.000756518,6.71245e-05,13.0033,0.000382,1,0.00100351,-0.00100082,0.0002625,1385.47
0,5798996,9,phononTS,0.00107604,0.00100351,-0.00100082,0.000262498,1385.47,0.00107604,1,0.000718942,-0.00092056,-0.0002625,1601.86
0,5798996,7,phononTS,0.000860325,0.00107005,0.00330896,0.000262498,13.0033,0.000609817,1,0.00106447,0.00322528,-0.0002625,176.277
0,5843870,4,phononTF,0.000395541,0.0016735,0.00239562,-0.0002625,740.03,0.000382,1,0.00200398,0.00200016,0.0002625,1638.38
0,5846955,8,phononL,0.000507125,0.000127991,0.00140783,-0.0002625,912.168,0.000382,1,-1.51182e-06,0.0020048,0.0002625,1687.44
0,5859179,5,phononTF,0.00170097,-0.000996278,0.00300429,0.000262498,1108.5,0.00127399,1,-0.00122973,0.00281983,-0.0002625,1287.83
0,5868062,2,phononTS,0.00306217,0.000917842,0.00119216,-3.94713e-05,24.4094,0.000382,1,0.00100147,0.000997886,0.0002625,1448.9
0,5889531,2,phononTS,0.00170458,0.00314927,0.00283226,-0.0002625,54.8251,0.000382,1,0.00199891,0.00199531,0.0002625,1985.96
0,5895200,9,phononTS,0.000611293,-0.005,0.000194822,5.49891e-05,3030.33,0.000382,1,0.000998519,-0.000999123,0.0002625,6038.59
0,5928842,9,phononTS,0.000502072,3.52778e-05,0.00160654,-0.0002625,651.932,0.000382,1,-0.000995109,0.00100066,0.0002625,2225.9
0,5984228,6,phononTF,0.000551278,-0.000930622,0.0010135,-0.0002625,829.098,0.000382,1,-0.00199757,-4.57004e-06,0.0002625,2231
0,5986685,11,phononTF,0.00101625,2.92671e-06,0.00199525,0.000262498,1147.47,0.000486449,1,0.000590253,0.00255929,-0.0002625,1436.78
0,5996881,6,phononTF,0.00136705,0.000526476,0.00259722,-0.0002625,784.41,0.000382,1,-4.7438e-06,0.00199962,0.0002625,1354.64
0,6059763,8,phononTS,0.000546489,0.00232259,0.00170911,-0.000262498,2527.62,0.000382,1,0.00199902,0.00200153,0.0002625,2804.36
0,6061460,2,phononTS,0.000932849,0.00260488,9.95363e-05,-0.0002625,10.7316,0.000382,1,0.00199556,2.55111e-06,0.0002625,4531.99
0,6084068,6,phononTS,0.00203709,-0.000383381,0.00309886,-0.0002625,229.321,0.000764,1,-0.000999154,0.00299847,0.0002625,1119.81
0,6084068,7,phononTF,0.000439228,-0.000999154,0.00299847,0.000262498,1119.81,0.000439228,1,6.90423e-05,0.00199938,-0.0002625,1583.35
0,6084329,7,phononTS,0.000494476,0.00195639,0.00240763,-0.000262498,389.012,0.000382,1,0.00199627,0.00199641,0.0002625,646.188
0,6106217,2,phononTS,0.00285929,0.00142353,0.00318829,-0.0002625,234.598,0.001146,1,3.14296e-06,0.0019962,0.0002625,9741.18
0,6106217,5,phononTF,0.000549628,3.14296e-06,0.0019962,0.000262498,9741.18,0.000549628,1,-0.000479068,0.00253376,-0.0002625,10007.1
0,6110531,5,phononTF,0.00273341,0.000989999,-0.0030043,0.000251762,597.451,0.001146,1,0.000995242,-0.00299935,0.0002625,4628.95
0,6110531,7,phononTF,0.000485011,0.000995242,-0.00299935,0.000262498,4628.95,0.000485011,1,0.00106838,-0.00284914,-0.0002625,4797.75
0,6110531,6,phononTF,0.000414201,0.000995242,-0.00299935,0.000262498,4628.95,0.000414201,1,0.00125138,-0.00325238,-0.0002625,4821.83
0,6110531,4,phononTS,0.00378262,0.000919453,0.00270498,-0.000260355,597.451,0.00172121,1,0.000930026,0.00269959,-0.0002625,941.158
0,6159598,8,phononTF,0.000389668,-3.82995e-06,0.00199994,0.000262498,2594.18,0.000389668,1,0.00196317,0.00076205,-0.0002625,3334.44
0,6170030,9,phononTF,0.000408025,0.00393063,0.00190191,-0.000262498,4727.36,0.000382,1,-0.000999115,0.00100483,0.0002625,6316.77
0,6195074,7,phononL,0.000489656,0.000249291,0.00204017,-0.0002625,516.977,0.000382,1,4.80105e-06,0.00199892,0.0002625,1324.05
0,6213669,7,phononTF,0.000540539,-0.000599415,0.00136494,-0.0002625,1522.44,0.000382,1,-0.00100465,0.0010033,0.0002625,3953.59
0,6214989,5,phononTS,0.00063345,0.00100453,0.00100321,0.000262498,1226.92,0.00063345,1,0.0015691,0.00102626,-0.0002625,1504.81
0,6214989,2,phononTF,0.00252084,0.00105056,0.00331739,0.000262498,28.6583,0.00152023,1,0.00121767,0.00350484,-0.0002625,202.359
0,6249089,7,phononTS,0.00123117,0.000375447,0.00252101,-0.0002625,1148.65,0.000382,1,5.43095e-07,0.00200364,0.0002625,2485.76
0,6252534,4,phononTF,0.000437608,0.00124155,-0.000481501,-0.000262498,4732.51,0.000382,1,-0.00100425,0.00299589,0.0002625,6007.18
0,6252534,2,phononTF,0.00101279,0.00107022,0.00330436,0.000262498,6.66105,0.00101279,1,0.00102117,0.00334473,-0.0002625,164.611
0,6261366,5,phononTS,0.00132872,0.000931105,-0.00210873,-0.0002625,637.026,0.000764,1,0.00100098,-0.00300157,0.0002625,3305.39
0,6282493,7,phononTS,0.000528349,-0.00132999,0.00149159,-0.000262498,3332.56,0.000382,1,-2.1204e-06,0.00200176,0.0002625,3887.92
0,6282493,2,phononTS,0.00128749,0.00106404,0.00331182,0.000262498,1.75522,0.000953785,1,0.00108885,0.00324245,-0.0002625,157.254
0,6283047,4,phononTF,0.000650825,-7.11811e-05,0.00210804,-0.0002625,238.014,0.000382,1,4.28764e-06,0.00200292,0.0002625,1260.19
0,6283882,8,phononL,0.000399573,-0.000988347,0.00327362,-0.0002625,1104.95,0.000382,1,-0.000995334,0.00300014,0.0002625,1338.07
0,6297163,7,phononTF,0.000591166,1.09913e-06,-0.00200335,0.000262498,9567.56,0.000591166,1,2.75397e-05,-0.00198738,-0.0002625,9724.79
0,6297163,3,phononL,0.000534612,0.00107323,0.0033138,0.000262498,7.65707,0.000534612,1,0.00198785,0.00331712,-0.0002625,201.399
0,6329198,6,phononTS,0.000735056,0.00100357,-0.00099845,0.0002625,1774.42,0.000735056,1,0.00105892,-0.000923315,-0.0002625,2084.36
0,6336785,7,phononTF,0.000546839,-0.00186662,0.000105284,-0.0002625,3204.1,0.000382,1,-0.00199682,2.39056e-06,0.0002625,4209.06
0,6336785,4,phononTS,0.0027872,0.00102793,0.00324808,0.000262498,238.993,0.00108673,1,0.0010056,0.00326953,-0.0002625,410.358
0,6369350,4,phononL,0.00166274,0.00112577,0.00132666,-0.0002625,38.527,0.000764,1,0.000998379,0.000995465,0.0002625,1463.18
0,6386766,8,phononTS,0.00152881,-0.00199813,-2.0593e-07,0.0002625,2854.42,0.000682089,1,-0.00193242,-2.6368e-05,-0.0002625,3189.53
0,6395707,5,phononTF,0.00266579,-0.000109635,-8.80785e-05,0.000107713,233.942,0.000764,1,-8.46049e-07,3.80827e-06,0.0002625,4842.72
0,6422968,4,phononTS,0.00172762,0.00139075,0.00352583,-0.0002625,156.587,0.000382,1,0.00300112,0.000996812,0.0002625,1442.19
0,6434669,2,phononTS,0.000931784,0.00161718,0.000922358,-0.0002625,39.2566,0.000382,1,0.00199784,-1.81359e-06,0.0002625,1612.62
0,6438210,5,phononTS,0.000573426,0.00370945,0.000312072,-0.0002625,491.552,0.000382,1,0.00299633,0.0010026,0.0002625,3786.35
0,6466125,3,phononTF,0.000848527,-0.00211231,0.000111761,-0.0002625,4.4776,0.000764,1,-0.00200499,-3.76294e-06,0.0002625,1845.1
0,6480142,7,phononTS,0.000606878,-0.000997653,-0.00099986,0.0002625,609.081,0.000606878,1,-0.00169098,-0.00242131,-0.0002625,3087.84
0,6502114,6,phononTS,0.000475434,-0.00113629,-0.00292612,-0.0002625,1827.86,0.000382,1,0.00100131,-0.00100238,0.0002625,7677.78
0,6502114,2,phononTF,0.000431523,0.00105925,0.00330136,0.000262498,3.11183,0.000431523,1,0.00102553,0.00326515,-0.0002625,160.642
0,6511913,7,phononTS,0.000404899,-0.000923866,0.002935,-0.000262498,831.456,0.000382,1,-0.000997019,0.00300245,0.0002625,987.404
0,6533160,5,phononTF,0.00217399,0.000573238,0.00265553,-0.0002625,159.089,0.000382,1,-1.1589e-06,0.00200051,0.0002625,1082.27
0,6565103,2,phononTF,0.00166638,-0.000589924,0.00147916,-0.0002625,16.9125,0.000764,1,-0.000996819,0.00100127,0.0002625,1451.82
0,6566542,10,phononTF,0.00104291,-2.77152e-06,0.00199829,0.0002625,3207.4,0.000446726,1,-0.000296705,0.00216367,-0.0002625,3582.41
0,6573223,8,phononTF,0.000784889,-0.000194175,-0.00184201,-0.000262498,3652.26,0.000382,1,3.95581e-06,-0.00200209,0.0002625,3826.08
0,6581642,3,phononTS,0.00300659,-0.000392088,0.000572363,5.53934e-05,412.2,0.00246726,1,-0.000733557,0.00054301,-0.0002625,2596.32
0,6593841,4,phononTS,0.00191718,0.000998799,0.000997295,0.0002625,13.8126,0.000696564,1,0.000999891,0.000657806,-0.0002625,2055.68
0,6597927,7,phononTF,0.000384482,0.00199639,0.00199929,0.0002625,259.491,0.000384482,1,0.00231667,0.00192536,-0.0002625,3221.92
0,6613684,7,phononTS,0.000852051,-0.00139907,0.000451642,-0.0002625,5933.89,0.000382,1,-0.00200462,-1.7185e-06,0.0002625,9258.56
0,6620296,4,phononTF,0.00254398,-0.000131495,0.00010132,0.000101437,2.78526,0.000382,1,-3.84815e-06,-3.78682e-06,0.0002625,1974.07
0,6622050,5,phononTF,0.000668928,0.000266074,0.00299224,-0.000262498,1696.99,0.000382,1,0.00199908,0.00200213,0.0002625,2346.81
0,6647823,8,phononTS,0.000419352,0.0020714,-0.000114354,-0.0002625,2915.04,0.000382,1,0.00199771,-3.07383e-06,0.0002625,3433.64
0,6649686,6,phononL,0.000448311,-0.000232732,0.00144505,-0.000262498,1211.38,0.000382,1,-1.69414e-06,0.00200332,0.0002625,1360.82
0,6672209,6,phononTF,0.00175397,-4.41775e-06,0.00199631,0.0002625,438.475,0.0015359,1,-0.000168801,0.00178947,-0.0002625,1487.64
0,6691725,5,phononTS,0.000620222,5.39808e-05,0.00205558,-0.0002625,786.424,0.000382,1,-4.23636e-06,0.00199743,0.0002625,2378.01
0,6701847,8,phononTF,0.000672225,-4.24233e-06,-3.15313e-06,0.000262498,6263.83,0.000672225,1,-0.000464746,-0.000527712,-0.0002625,6524.11
0,6717263,6,phononTS,0.00112081,0.00100274,0.00188943,-0.0002625,1591.73,0.000382,1,0.000996105,0.00100006,0.0002625,2728.22
0,6723870,5,phononTF,0.00093016,0.0014081,0.00355044,-0.0002625,189.448,0.000382,1,-0.001005,0.00299752,0.0002625,1664.43
0,6737670,4,phononTS,0.000446861,0.00299655,0.00100281,0.000262498,2592.64,0.000446861,1,0.00299664,0.0014812,-0.0002625,2842.59
0,6741810,5,phononTF,0.000886121,-0.000108746,0.00201784,-0.0002625,854.647,0.000382,1,-3.02494e-06,0.00200378,0.0002625,1777.59
0,6803555,8,phononTS,0.00243837,0.000825336,0.00361736,-0.0002625,130.152,0.001146,1,-0.0010007,0.00299787,0.0002625,1069.43
0,6826016,3,phononTS,0.00247542,0.00100406,0.000999475,0.0002625,9.82629,0.000757531,1,0.000780203,-0.00071966,-0.0002625,2007
0,6833342,7,phononTS,0.000702367,0.000976919,0.001584,-0.0002625,1619.95,0.000382,1,0.00100072,0.00100461,0.0002625,2469.59
0,6844713,4,phononTF,0.00115456,-0.0009952,0.00100465,0.000262498,995.226,0.000386619,1,-0.00119952,0.00121945,-0.0002625,1176.85
0,6888324,4,phononTS,0.00134198,-0.000361962,0.00306874,-0.0002625,180.937,0.000382,1,-0.00100414,0.00300174,0.0002625,1080.41
0,6894975,6,phononTS,0.000472174,-0.000428614,-0.000874101,-0.0002625,486.66,0.000382,1,-0.00100118,0.00100025,0.0002625,3175.98
0,6906422,4,phononTS,0.000764202,0.00177265,0.00189381,-0.0002625,68.1248,0.000382,1,-4.41124e-06,4.72547e-06,0.0002625,9935.37
0,6924478,3,phononTS,0.00230508,0.00193325,0.00268266,-0.000147041,39.4453,0.000382,1,0.00199651,0.00200301,0.0002625,1130.3
0,7002154,6,phononTS,0.000892319,4.11175e-06,0.00199648,0.000262498,1185.08,0.000582778,1,0.00130017,0.00221882,-0.0002625,1706.1
0,7026102,8,phononTS,0.00045996,-0.000998407,0.00299943,0.000262498,3601.93,0.00045996,1,-0.00072792,0.0028198,-0.0002625,3847.29
0,7036347,7,phononTS,0.000452476,-4.68759e-06,0.00200358,0.000262498,1414.82,0.000452476,1,-8.00281e-05,0.0020634,-0.0002625,1569.71
0,7085110,3,phononTF,0.00254527,-0.0020005,0.00200188,0.0002625,60.7752,0.000577541,1,-0.00258528,0.00255427,-0.0002625,2479.08
0,7085110,7,phononTS,0.00056526,0.005,-0.00287507,8.13302e-05,2479.08,0.00056526,1,0.00402868,-0.000724402,-0.0002625,7346.32
0,7088257,6,phononTS,0.00173282,-0.00114718,0.00108652,-0.0002625,1491.71,0.000764,1,-0.00100247,0.000996356,0.0002625,1904.62
0,7089787,9,phononTS,0.000548001,-0.000431773,0.00289736,-0.0002625,744.014,0.000382,1,-0.00100354,0.00300319,0.0002625,1317.31
0,7116105,4,phononTF,0.0030312,0.00326757,0.00127259,8.3644e-05,124.719,0.000382,1,0.00300407,0.000997115,0.0002625,1242.95
0,7116105,7,phononTF,0.00155109,0.00300407,0.000997115,0.000262498,1242.95,0.000707592,1,0.00307881,0.000922127,-0.0002625,1402.94
0,7135696,5,phononTF,0.00232524,0.00131448,0.00261283,-0.0002625,195.887,0.000382,1,0.0020034,0.00199839,0.0002625,794.198
0,7135696,10,phononTS,0.000688456,0.0020034,0.00199839,0.000262499,794.198,0.000688456,1,0.00250223,0.00209697,-0.0002625,1062.07
0,7168424,5,phononTS,0.000629395,0.0039606,0.000296233,-0.000262498,1667.1,0.000382,1,0.00200352,-0.00199767,0.0002625,2753.03
0,7168424,2,phononTS,0.00152901,-0.005,-0.00268689,-0.000169322,5.91996,0.0011941,1,-0.00417306,-0.00176176,-0.0002625,5223
0,7174203,5,phononTF,0.000382105,0.000998646,-0.000998589,0.0002625,407.301,0.000382105,1,0.00108775,-0.00106773,-0.0002625,2759.88
0,7187617,2,phononTF,0.00259823,-0.00130648,-0.00124895,-0.000117529,78.9552,0.000764,1,-0.00100336,-0.000996715,0.0002625,3532.96
0,7192935,2,phononTF,0.00228478,-0.00042462,0.00161512,-0.0002625,32.0635,0.000764,1,-1.95325e-06,0.00200099,0.0002625,6298.13
0,7192935,5,phononTS,0.00110931,-1.95325e-06,0.00200099,0.000262498,6298.13,0.000612873,1,0.000324644,0.00180332,-0.0002625,6558.29
0,7219357,9,phononTS,0.000565061,-0.00100346,0.00300054,0.000262498,462.785,0.000565061,1,-0.00109347,0.00306649,-0.0002625,617.721
0,7238056,6,phononTS,0.000407906,-0.00300489,-0.00100155,0.000262498,3113.42,0.000407906,1,-0.00347456,-0.000909591,-0.0002625,3374.05
0,7238056,2,phononTS,0.000518865,0.00107449,0.00329521,0.000262498,16.1394,0.000518865,1,0.00257705,0.00373396,-0.0002625,622.174
0,7341664,5,phononTS,0.000406241,-0.000998073,0.002999,0.000262498,1275.21,0.000406241,1,-0.00166551,0.00304214,-0.0002625,1586.65
0,7348089,2,phononTS,0.00114224,0.000958125,0.00109813,-0.0002625,177.227,0.000764,1,0.00100363,0.00100115,0.0002625,1429.4
0,7350342,5,phononTF,0.000406809,-0.00117701,0.0031497,-0.0002625,2343.3,0.000382,1,-0.000995612,0.00300138,0.0002625,2895.18
0,7362970,7,phononL,0.000385054,-0.00200272,-2.84178e-06,0.0002625,1343.33,0.000385054,1,-0.00331869,-0.000178563,-0.0002625,1876.96
0,7371713,5,phononTS,0.000548531,0.00168411,0.00191821,-0.000262498,627.564,0.000382,1,0.00199834,0.00200384,0.0002625,850.5
0,7378980,4,phononTF,0.00161136,0.00200147,-0.00199548,0.000262498,3384.64,0.00113994,1,0.00228522,-0.00230115,-0.0002625,3584.78
0,7389523,3,phononTF,0.000949701,0.000595335,0.00267168,-0.0002625,183.806,0.000382,1,2.36162e-06,0.00200351,0.0002625,822.145
0,7389523,2,phononTF,0.000477879,0.00118831,0.00333984,0.000262498,183.806,0.000477879,1,0.00118871,0.00309281,-0.0002625,370.091
0,7398309,4,phononTS,0.00108297,0.000952265,0.000176529,-0.0002625,6.62825,0.000382,1,1.19908e-06,-1.91233e-06,0.0002625,2595.36
0,7399843,7,phononTS,0.000659505,-0.000998887,0.00300349,0.000262498,871.671,0.000659505,1,-0.00100946,0.00296902,-0.0002625,1039.99
0,7399878,6,phononTS,0.000536693,-0.000967953,0.00268743,-0.000262498,781.093,0.000382,1,-0.00100004,0.00300405,0.0002625,1008.44
0,7413598,8,phononTS,0.000436162,0.00100409,-0.0010043,0.000262498,3406.71,0.000436162,1,0.000990059,-0.000225642,-0.0002625,3750.8
0,7414883,4,phononTS,0.0019984,-0.000949616,0.00113958,-0.0002625,21.3799,0.000382,1,-0.00299562,-0.00100136,0.0002625,1957.74
0,7414883,6,phononTS,0.000486611,-0.00299562,-0.00100136,0.000262498,1957.74,0.000486611,1,-0.00324132,-0.000975051,-0.0002625,2169.66
0,7435111,4,phononTS,0.00237526,-0.00045025,0.00299829,-0.0002625,11.8414,0.000382,1,-0.000997472,0.00300254,0.0002625,1072.41
0,7435111,5,phononTS,0.00122477,-0.000997472,0.00300254,0.000262498,1072.41,0.000691396,1,-0.000911789,0.00268289,-0.0002625,1296.62
0,7435111,3,phononTS,0.000800595,0.00108521,0.00328029,0.000262498,11.8414,0.000145615,1,0.00109477,0.00301367,-0.0002625,225.204
0,7459335,4,phononTF,0.00277205,0.000237997,0.00374533,0.000166884,1285.96,0.000764,1,4.27538e-06,0.00199842,0.0002625,1811.59
0,7461271,3,phononTF,0.00139098,9.95724e-05,0.00211721,-0.0002625,32.4416,0.000382,1,7.47613e-08,0.00200019,0.0002625,711.499
0,7479951,6,phononTF,0.000445587,0.00187432,0.00217675,-0.0002625,174.19,0.000382,1,0.00200449,0.00199577,0.0002625,1397.36
0,7502059,5,phononL,0.00279508,-0.00100188,0.00339748,-0.0002625,2004.59,0.000382,1,-0.000999006,0.00300233,0.0002625,2561.32
0,7535257,3,phononTF,0.00256505,0.00237684,0.000416167,-0.0002625,102.671,0.001146,1,0.00200071,3.85068e-06,0.0002625,4013.32
0,7535257,4,phononTF,0.000785839,0.00200071,3.85068e-06,0.000262498,4013.32,0.000785839,1,0.00224377,-0.000223961,-0.0002625,4200.58
0,7558221,5,phononTS,0.00100652,0.0019549,0.000571235,-0.0002625,329.62,0.000382,1,0.00199682,-2.04869e-06,0.0002625,2418.83
0,7560020,6,phononTF,0.000492466,3.91087e-06,0.00200168,0.000262498,824.974,0.000492466,1,-0.000309004,0.0019262,-0.0002625,1027.28
0,7570072,2,phononTF,0.00286385,0.00113733,0.000972675,3.12558e-05,13.0607,0.000382,1,0.00100402,0.00100339,0.0002625,1328.32
0,7570072,5,phononTS,0.00083642,0.00100402,0.00100339,0.000262498,1328.32,0.00083642,1,0.00104289,0.00109428,-0.0002625,1485.82
0,7570072,4,phononTS,0.00108444,0.00100402,0.00100339,0.000262498,1328.32,0.000546636,1,0.0010745,0.0010571,-0.0002625,1483.54
0,7602117,3,phononL,0.00293105,-0.000584542,0.00270335,-0.0002625,24.1307,0.000382,1,-0.00100285,0.00299584,0.0002625,964.907
0,7602117,6,phononTS,0.000438016,-0.00100285,0.00299584,0.000262499,964.907,0.000438016,1,-0.000723733,0.00291296,-0.0002625,1179.9
0,7602117,5,phononTF,0.000794064,-0.00100285,0.00299584,0.000262499,964.907,0.000794064,1,-0.000737385,0.00331418,-0.0002625,1164
0,7698548,4,phononTS,0.000521944,0.00318505,0.00103882,-0.000262498,1160.68,0.000382,1,0.00300167,0.000996578,0.0002625,1358.02
0,7698548,2,phononTF,0.000957184,0.00107267,0.00327331,0.000262498,20.6396,0.000530529,1,0.00181126,0.0025447,-0.0002625,371.098
0,7725701,4,phononTS,0.00182646,0.000862431,0.000930827,-0.0002625,17.1284,0.000764,1,0.00100181,0.000997,0.0002625,1577.88
0,7725701,5,phononTS,0.000812847,0.00100181,0.000997,0.000262498,1577.88,0.000812847,1,0.00076749,0.00104792,-0.0002625,1785.15
0,7735809,6,phononTF,0.000466747,0.00199832,0.00200336,0.000262498,2625.5,0.000466747,1,0.00153847,0.00159729,-0.0002625,2865.91
0,7806522,8,phononTS,0.000408054,-0.0020795,0.00173862,-0.0002625,1211.24,0.000382,1,-0.00200023,0.00199553,0.0002625,2833.9
0,7808262,2,phononTS,0.00108974,-0.000458691,0.00164166,-0.0002625,67.2183,0.000382,1,-0.00199575,2.69973e-06,0.0002625,1745.37
0,7838453,8,phononTS,0.000461767,-0.00105598,0.00111997,-0.0002625,466.994,0.000382,1,-0.00199784,1.36165e-06,0.0002625,2542.96
0,7843933,10,phononTS,0.000487425,-0.00200457,0.00199837,0.000262498,4005.02,0.000487425,1,-0.00182304,0.00206383,-0.0002625,4214.67
0,7851647,6,phononTF,0.000433051,-0.0001217,0.00215493,-0.0002625,3578.31,0.000382,1,4.82554e-06,0.0020023,0.0002625,5151.99
0,7857956,2,phononTF,0.00123428,0.00132998,-0.00264246,-0.0002625,26.0186,0.000382,1,0.00199509,-0.0020026,0.0002625,5946.79
0,7884613,5,phononTS,0.000420797,-2.13566e-06,-0.00199716,0.0002625,2176.17,0.000420797,1,-0.0010316,-0.00197982,-0.0002625,3022.93
0,7910349,4,phononTS,0.00280418,0.00205555,0.00266069,-0.0002625,400.911,0.001146,1,0.00200248,0.00199814,0.0002625,1173.07
0,7948318,8,phononTS,0.000670905,-0.00105278,0.0030185,-0.0002625,913.4,0.000382,1,-0.00100435,0.00299807,0.0002625,2820.26
0,7952223,9,phononTF,0.000432427,1.4892e-07,-3.51039e-06,0.000262498,2952.11,0.000432427,1,-2.31038e-05,2.0468e-05,-0.0002625,3109.27
0,7952223,5,phononTS,0.000879524,0.000633646,0.00351363,0.000262498,900.885,0.000236799,1,0.00323434,0.00465653,-0.0002625,1919.41
0,7958354,4,phononL,0.00300073,-0.000587955,0.00153729,-0.000247117,12.1494,0.000382,1,-4.76976e-06,0.00200146,0.0002625,1625.41
0,7977988,5,phononTF,0.000568405,-0.00144167,0.000577133,-0.0002625,577.832,0.000382,1,-0.00200089,-4.26885e-06,0.0002625,2014.92
0,8004669,5,phononTS,0.000469037,0.00217689,0.00330075,-0.000262498,1657.17,0.000382,1,0.00199722,0.00199711,0.0002625,2176.36
0,8020633,2,phononTS,0.00131415,0.00140346,0.00363051,-0.0002625,3.03835,0.000764,1,0.000996751,-0.00100307,0.0002625,3365.02
0,8027315,6,phononTS,0.000743132,0.00200096,0.00199695,0.000262498,3239.75,0.000520193,1,0.00216671,0.00206793,-0.0002625,3430.94
0,8027315,2,phononL,0.00158496,0.00106087,0.00330674,0.000262498,1.95996,0.00158496,1,-0.000667698,0.00345851,-0.0002625,341.595
0,8032223,8,phononTF,0.000426517,0.00242369,0.00231018,-0.000262498,3063.99,0.000382,1,0.00199803,0.00199969,0.0002625,3300.75
0,8054223,5,phononTF,0.00273453,-0.00057478,0.0014261,-0.0002625,56.719,0.000764,1,-0.00100465,0.00100313,0.0002625,1428.46
0,8054223,6,phononTS,0.000665205,-0.00100465,0.00100313,0.000262498,1428.46,0.000665205,1,-0.000927473,0.0011868,-0.0002625,1623.18
0,8078093,5,phononTS,0.000500477,-0.000607532,0.00197991,-0.0002625,5197.08,0.000382,1,-7.66006e-07,0.00200346,0.0002625,9665.8
0,8080114,6,phononTS,0.000731367,-0.00013143,0.00336557,-0.0002625,224.468,0.000382,1,-0.00100436,0.0029984,0.0002625,1517.97
0,8086076,8,phononTS,0.000487337,-0.00100089,0.000996911,0.0002625,1817.17,0.000487337,1,-0.0010926,0.000913896,-0.0002625,2170.92
0,8128703,6,phononTF,0.00124514,0.00199664,0.00199723,0.000262498,2179.15,0.00124514,1,0.000574821,0.00277938,-0.0002625,2723.09
0,8134473,6,phononTS,0.000469442,0.00200179,0.00200249,0.000262498,1827.16,0.000469442,1,0.00290664,0.00152261,-0.0002625,2242.45
0,8158702,6,phononTF,0.000604957,-0.00293175,0.00108878,-0.000262498,5899.93,0.000382,1,-0.00200325,0.00200103,0.0002625,6319.17
0,8167438,7,phononTS,0.00041963,-0.000446777,0.00145279,-0.0002625,1037.92,0.000382,1,-0.00199988,3.40119e-06,0.0002625,3986.93
0,8191135,12,phononTF,0.000488697,-0.00200387,0.0019983,0.000262498,2257.77,0.000488697,1,-0.00207583,0.00193411,-0.0002625,2417.33
0,8203529,2,phononTS,0.00113045,-2.93139e-07,-4.38705e-06,0.0002625,12.3445,0.00113045,1,-0.000533956,-0.00165292,-0.0002625,1993.59
0,8221163,6,phononTS,0.000474597,0.00363803,0.00126562,-0.0002625,1017.12,0.000382,1,0.00299537,0.000996047,0.0002625,2582.2
0,8230818,6,phononTS,0.000689607,0.00200273,0.00211605,-0.0002625,2274.19,0.000382,1,0.0019995,0.00200066,0.0002625,3497.15
0,8237762,7,phononTS,0.00056134,-0.0019974,2.19322e-06,0.0002625,5386.49,0.00056134,1,-0.00177599,0.00106495,-0.0002625,7599.99
0,8253547,10,phononTF,0.000544826,-0.00200159,0.0019986,0.000262498,5769.23,0.000544826,1,-0.00305002,0.00345418,-0.0002625,6348.31
0,8261121,7,phononTS,0.000505325,0.00299919,0.000996744,0.0002625,2783.25,0.000505325,1,0.00396131,0.00118317,-0.0002625,3609.46
0,8261121,3,phononL,0.000532731,0.00106163,0.00331119,0.000262498,30.5774,0.000532731,1,-0.000767001,0.00390295,-0.0002625,418.074
0,8261121,2,phononTF,0.000394668,0.00106163,0.00331119,0.000262498,30.5774,0.000394668,1,0.00181513,0.00381955,-0.0002625,366.625
0,8264651,2,phononTS,0.000788042,0.005,0.00443433,2.3594e-05,14.9616,0.000382,1,0.00100004,0.00099514,0.0002625,6205.17
0,8274496,2,phononTF,0.000812913,-0.005,0.000143871,-4.07238e-05,123.814,0.000382,1,0.00199718,-0.0020035,0.0002625,4368.34
0,8294232,6,phononTS,0.000491968,0.000889599,0.00167143,-0.0002625,934.823,0.000382,1,0.00100073,0.00100417,0.0002625,1879.08
0,8301268,10,phononTS,0.000505648,-0.0017486,-0.00194591,-0.000262498,4717.44,0.000382,1,-0.00199574,-0.00199861,0.0002625,4926.09
0,8303671,2,phononTS,0.00268178,0.00106513,0.00332972,0.00021676,40.4607,0.000382,1,7.79312e-07,0.00200037,0.0002625,547.806
0,8303671,9,phononTS,0.000616086,7.79312e-07,0.00200037,0.000262498,547.806,0.000616086,1,8.67916e-05,0.0019436,-0.0002625,725.602
0,8304579,4,phononTS,0.00297121,0.00382538,0.00479496,-0.000100954,17.9551,0.000382,1,0.00100032,0.000997609,0.0002625,4333.34
0,8308509,8,phononTS,0.000630405,-1.52532e-06,-0.00200122,0.000262498,4947.35,0.000630405,1,3.61694e-05,-0.00194608,-0.0002625,5107.71
0,8312450,6,phononTS,0.000498124,-0.00111494,0.00214301,-0.0002625,1558.98,0.000382,1,-0.00199644,0.00200263,0.0002625,3855.88
0,8312450,4,phononTF,0.00200358,0.00107409,0.00317026,0.000262498,219.107,0.0018323,1,0.00128508,0.00341039,-0.0002625,403.144
0,8316386,4,phononTF,0.000458965,0.000571891,0.00263926,-0.0002625,75.8125,0.000382,1,4.69224e-06,0.00200126,0.0002625,672.91
0,8323594,8,phononTS,0.000919203,0.00208962,0.00373835,-0.000262498,1097.73,0.000382,1,-2.51586e-06,0.00199868,0.0002625,2042.38
0,8327179,8,phononTS,0.000942822,-0.000997571,0.0030007,0.000262498,975.384,0.000864678,1,-0.00181449,0.00426408,-0.0002625,1538.95
0,8327566,6,phononTS,0.000636576,0.00200152,0.00200298,0.0002625,491.633,0.000636576,1,0.00294773,0.000780322,-0.0002625,1720.7
0,8327566,4,phononTS,0.000549311,0.000986177,0.00327509,0.000262498,333.716,0.000549311,1,0.00109175,0.00421064,-0.0002625,722.13
0,8347208,8,phononTF,0.000599895,1.0542e-06,0.00199925,0.0002625,1135.37,0.000599895,1,-3.47087e-05,0.00224994,-0.0002625,1481.15
0,8350927,6,phononTF,0.00164167,-0.00153318,0.00296361,-0.000229618,1319.69,0.0012548,1,-0.00227089,0.00351549,-0.0002625,2136.18
0,8353700,10,phononL,0.000502997,-0.000419081,0.000597065,-0.0002625,2608.88,0.000382,1,-2.2881e-07,2.34726e-06,0.0002625,3122.28
0,8353700,2,phononTF,0.00335285,0.00107324,0.00327446,0.000250251,6.92705,0.00301796,1,0.0010085,0.00332501,-0.0002625,161.968
0,8361540,7,phononTS,0.000435186,4.09853e-07,0.00199709,0.000262498,1027.6,0.000435186,1,-6.08161e-05,0.00194754,-0.0002625,1184.76
0,8402486,2,phononTF,0.00223119,0.000511221,0.00262079,-0.0002625,55.4038,0.000382,1,4.98537e-06,0.00200456,0.0002625,656.508
0,8402486,9,phononTS,0.000729515,4.98537e-06,0.00200456,0.000262498,656.508,0.000729515,1,-0.000576669,0.00206833,-0.0002625,941.001
0,8402486,8,phononTS,0.000679603,4.98537e-06,0.00200456,0.000262498,656.508,0.000633668,1,7.85336e-05,0.00233332,-0.0002625,898.38
0,8402487,3,phononL,0.00591837,0.000747334,0.00323493,-0.00021176,45.5515,0.0034516,1,0.000754853,0.00321167,-0.0002625,561.296
0,8405386,3,phononTS,0.000811623,-0.000954192,0.00308974,-0.0002625,39.113,0.000382,1,-0.00100122,0.00299773,0.0002625,1958.86
0,8405470,5,phononTS,0.000457236,-0.00150592,0.00300671,-0.0002625,2070.27,0.000382,1,-0.000996465,0.00299995,0.0002625,3217.05
0,8459206,9,phononTS,0.000418108,0.00100009,-0.00100061,0.000262498,4124.63,0.000418108,1,0.00109067,-0.000932831,-0.0002625,4279.38
0,8459206,3,phononTS,0.00229635,0.00111085,0.00332263,0.000262498,208.244,0.0013584,1,0.00122594,0.00324965,-0.0002625,406.856
0,8498712,6,phononTF,0.000404173,0.00199945,2.05396e-06,0.000262498,3123.89,0.000404173,1,0.00208359,2.1641e-05,-0.0002625,3284.46
0,8505099,6,phononTS,0.0012426,3.94509e-06,-1.1269e-06,0.0002625,888.188,0.0012426,1,4.62434e-06,-0.000653426,-0.0002625,4768.62
0,8531226,7,phononTF,0.000419922,-2.13985e-06,0.00199901,0.000262498,1288.57,0.000419922,1,-0.000341443,0.00165755,-0.0002625,1501.36
0,8531226,2,phononTF,0.00077135,0.00104264,0.00334635,0.000262498,49.3553,0.000293786,1,0.00355069,0.00376563,-0.0002625,899.046
0,8578243,5,phononTF,0.000636817,0.000218923,0.00203475,-0.000262498,3009.02,0.000382,1,-3.51871e-06,0.00199984,0.0002625,3190.19
0,8594164,10,phononTS,0.00040195,-0.00044799,0.000939139,-0.000262498,3700.63,0.000382,1,-3.50182e-06,3.84938e-06,0.0002625,4123.52
0,8611212,6,phononTF,0.000724861,-0.00131624,-0.00136183,1.32372e-05,190.177,0.000382,1,-0.000996806,-0.00100131,0.0002625,7104.68
0,8612125,10,phononTF,0.000404698,0.00100188,0.00100073,0.000262498,2376.96,0.000404698,1,0.00132258,0.000674152,-0.0002625,2589.34
0,8626957,6,phononTS,0.000818574,0.00194222,0.00199335,-0.000262498,1057.69,0.000382,1,0.00200339,0.00199971,0.0002625,1213.56
0,8626957,4,phononTS,0.00167773,0.0013339,0.00324573,0.000262498,507.918,0.00113793,1,0.00129901,0.00332689,-0.0002625,675.525
0,8628417,5,phononTF,0.000588518,0.00199822,0.00200248,0.0002625,233.212,0.000588518,1,0.00347579,0.000501036,-0.0002625,1733.73
0,8652722,6,phononTS,0.000532246,0.000995274,-0.00299989,0.000262498,4529.85,0.000532246,1,0.000963086,-0.00196275,-0.0002625,4956.49
0,8652722,2,phononTS,0.00115668,0.00111545,0.00328123,0.000262498,25.0678,0.000484086,1,0.00125078,0.00325455,-0.0002625,211.098
0,8661913,10,phononTS,0.000615269,4.80951e-06,-0.00200478,0.000262498,7508.44,0.000615269,1,8.01079e-05,-0.00204005,-0.0002625,7663.61
0,8670015,5,phononTS,0.000633566,0.00132202,0.00121037,-0.000262498,2220.24,0.000382,1,0.00200391,0.00200087,0.0002625,2678.09
0,8731937,6,phononTF,0.000409773,0.000234984,0.00221502,-0.000262498,763.296,0.000382,1,3.60837e-07,0.00200008,0.0002625,947.76
0,8755048,5,phononTS,0.00131169,0.00209521,0.00259518,-0.0002625,653.207,0.000382,1,0.00200277,0.00199979,0.0002625,1832
0,8834278,12,phononTF,0.000470489,0.00124233,0.00325779,-0.000262499,207.451,0.000382,1,-1.66894e-06,0.00199766,0.0002625,761.044
0,8863267,5,phononL,0.00250774,0.00103239,0.00213239,-0.0002625,32.1331,0.000382,1,0.0010018,0.00099892,0.0002625,493.824
0,8863267,7,phononTS,0.00160775,0.0010018,0.00099892,0.000262498,493.824,0.00143468,1,0.00106627,0.000786901,-0.0002625,695.284
0,8863267,6,phononTF,0.000454207,0.0010018,0.00099892,0.000262498,493.824,0.000454207,1,0.000588769,0.000658779,-0.0002625,716.073
0,8868596,8,phononTS,0.0003996,0.005,0.00434166,0.000195842,1947.74,0.0003996,1,0.00498031,0.00427464,-0.0002625,4513.24
0,8940631,5,phononTF,0.000561643,0.000725524,0.000704766,-0.0002625,895.45,0.000382,1,4.00506e-06,4.11904e-07,0.0002625,5798.18
0,8967079,4,phononTF,0.00247267,-0.00238488,-0.000316517,-0.0002625,10.1702,0.000764,1,-0.00199567,4.15028e-06,0.0002625,4520.25
0,8996563,8,phononTF,0.000500059,1.78937e-07,0.00199884,0.0002625,180.863,0.000500059,1,-0.00031696,0.00157435,-0.0002625,1127.69
0,9009313,6,phononTS,0.000452866,0.00100382,0.00100492,0.0002625,316.738,0.000452866,1,0.000972573,7.01402e-05,-0.0002625,1644.45
0,9009313,2,phononTS,0.00146637,0.00112508,0.005,3.98457e-05,40.8053,0.00110933,1,0.000658281,0.0039881,-0.0002625,1158.17
0,9018603,6,phononTS,0.000817857,0.00207291,-1.27816e-05,-0.000262499,5231.42,0.000382,1,0.00200093,3.55035e-07,0.0002625,5411.26
0,9028823,6,phononTS,0.00092001,0.000182726,0.00213009,-0.0002625,1208.54,0.000382,1,6.25793e-07,0.00200162,0.0002625,2614.27
0,9082554,4,phononTS,0.000496696,-0.00200003,0.00199953,0.000262498,1849.22,0.000496696,1,-0.00108581,0.0016709,-0.0002625,2275.17
0,9103944,3,phononTS,0.000748445,0.00121692,0.00121263,-0.0002625,4.34536,0.000382,1,0.00200336,-6.89081e-07,0.0002625,3100.32
0,9103944,2,phononL,0.00170013,0.00105282,0.00331246,0.000262498,4.34536,0.00170013,1,0.00149645,0.00305812,-0.0002625,142.116
0,9120478,8,phononTS,0.00047021,0.00375062,-0.00445171,-0.0002625,6238.62,0.000382,1,-3.23098e-06,2.82766e-06,0.0002625,17583.2
0,9120478,4,phononL,0.000669825,0.00170647,0.00288958,0.000262498,789.11,0.000669825,1,0.00271921,0.00274668,-0.0002625,1002.29
0,9136128,3,phononTS,0.00250395,2.67483e-05,0.00196739,4.25151e-05,27.3705,0.000764,1,9.85674e-07,0.0019968,0.0002625,2284.71
0,9170136,2,phononTF,0.00378363,0.000637538,0.00254627,-2.67545e-05,96.7954,0.000764,1,-2.11354e-06,0.00199695,0.0002625,1443.68
0,9170136,8,phononTS,0.00038892,-2.11354e-06,0.00199695,0.000262498,1443.68,0.00038892,1,0.000824016,0.00205146,-0.0002625,1803.51
0,9174289,7,phononTS,0.0004133,-0.00100038,0.0030035,0.000262498,3848.72,0.0004133,1,-0.00107267,0.00299995,-0.0002625,4004.25
0,9201440,5,phononTF,0.00225478,0.00286013,0.00111791,0.000136274,37.1829,0.000382,1,0.0030012,0.000996971,0.0002625,1087.61
0,9201440,6,phononTS,0.000678192,0.0030012,0.000996971,0.000262498,1087.61,0.000678192,1,0.00308054,0.000796037,-0.0002625,1285.72
0,9260244,8,phononTF,0.00113245,0.00228792,0.00231604,-0.000262498,3108.76,0.000382,1,0.00199734,0.00200117,0.0002625,3311.01
0,9266585,6,phononTS,0.00073623,0.00145612,0.00251781,-0.0002625,95.717,0.000382,1,0.00199694,0.00199564,0.0002625,833.505
0,9299822,2,phononTF,0.00110896,0.000550924,0.00263131,-0.0002625,17.3103,0.000382,1,2.9174e-06,0.00200202,0.0002625,603.294
0,9309678,2,phononTS,0.00620907,-3.1496e-06,0.00200419,0.000239605,193.387,0.000764,1,7.18288e-07,0.00200144,0.0002625,1300.36
0,9309730,9,phononTF,0.00227131,0.000996855,-0.00100056,0.000262498,1963.88,0.00191583,1,0.00129277,-0.000676131,-0.0002625,2169.62
0,9309966,8,phononTS,0.00053245,-5.2208e-07,-0.00200086,0.000262498,6720.71,0.00053245,1,5.7444e-05,-0.00205434,-0.0002625,6876.39
0,9325850,6,phononTS,0.000766768,0.00108389,-0.000907387,-0.000262498,3202.8,0.000382,1,0.00100456,-0.000996309,0.0002625,3356.79
0,9357888,4,phononL,0.000577498,0.00102712,0.00138083,-0.0002625,409.55,0.000382,1,0.000999335,0.0009964,0.0002625,1157.16
0,9357888,2,phononTS,0.00302105,0.00109066,0.00329044,0.000137395,153.281,0.00228502,1,2.12019e-05,0.0039054,-0.0002625,624.292
0,9361023,6,phononTS,0.000428584,-0.00299569,-0.000997855,0.0002625,7047.39,0.000428584,1,-0.00290671,-0.000462781,-0.0002625,8251.53
0,9361023,3,phononTS,0.000939107,0.0010913,0.00319666,0.000262498,84.2179,0.000557483,1,0.00096652,0.00322829,-0.0002625,271.23
0,9367632,8,phononTS,0.000500918,-0.00207131,-4.24494e-05,-0.0002625,991.185,0.000382,1,-0.00200125,-3.80039e-06,0.0002625,2926.05
0,9386131,5,phononTS,0.000735201,0.000190443,0.00295651,-0.000262498,975.332,0.000382,1,1.22101e-07,0.00200463,0.0002625,1393.56
0,9391251,7,phononTF,0.00241623,0.000557618,0.00261067,-0.0002625,1177.87,0.000382,1,1.17011e-06,0.0019959,0.0002625,2007.53
0,9418278,5,phononTS,0.00119456,0.00199668,0.00199965,0.000262498,1232.67,0.00119456,1,0.00216878,0.00167527,-0.0002625,1488.11
0,9421307,5,phononL,0.000459444,0.0010003,-0.000995567,0.000262498,1415.13,0.000459444,1,0.0012125,-0.00122418,-0.0002625,1534.14
0,9424713,10,phononTS,0.000394349,-1.75189e-07,0.00200377,0.000262498,1833.87,0.000394349,1,-0.000260438,0.00219799,-0.0002625,2079.69
0,9424713,2,phononTS,0.0015636,0.00105954,0.00330347,0.000262498,5.57258,0.00121764,1,0.00105605,0.00322191,-0.0002625,167.695
0,9426418,2,phononTS,0.00125787,0.00014586,0.00432197,-0.0002625,7.13135,0.000382,1,-0.0020042,0.00200119,0.0002625,2027.89
0,9426418,5,phononTF,0.000493013,-0.0020042,0.00200119,0.000262498,2027.89,0.000493013,1,-0.00200918,0.00205248,-0.0002625,2186.11
0,9436618,5,phononL,0.00044425,-0.000625195,0.00275,-0.0002625,571.991,0.000382,1,-0.000998549,0.00300181,0.0002625,1736.68
0,9463770,4,phononTF,0.00047341,-2.24385e-06,0.00200031,0.0002625,125.151,0.00047341,1,-0.00116497,0.000750459,-0.0002625,1349.35
0,9483179,3,phononTF,0.00144363,0.000265847,0.00232507,-0.0002625,4.26817,0.000382,1,2.54012e-07,0.00199784,0.0002625,803.423
0,9508436,10,phononTS,0.00127689,0.00200467,0.00199546,0.000262498,1609.77,0.00127689,1,0.00273061,0.0019124,-0.0002625,1953.43
0,9528064,2,phononTF,0.00364268,3.27015e-05,0.00197163,0.00013311,20.3587,0.000764,1,3.10624e-06,0.0020028,0.0002625,2033.2
0,9528064,8,phononTS,0.000508667,3.10624e-06,0.0020028,0.000262498,2033.2,0.000508667,1,-0.00018781,0.00225969,-0.0002625,2277.77
0,9528064,7,phononTS,0.000474386,3.10624e-06,0.0020028,0.000262498,2033.2,0.000474386,1,7.9858e-06,0.00194811,-0.0002625,2197.1
0,9528064,6,phononTS,0.000474948,3.10624e-06,0.0020028,0.000262498,2033.2,0.000474948,1,-0.000551859,0.00159862,-0.0002625,2381.58
0,9554492,5,phononTF,0.000937559,0.00200666,0.00208414,-0.0002625,297.852,0.000382,1,0.00199924,0.00200068,0.0002625,3674.97
0,9565935,3,phononTF,0.000436245,0.00169428,0.00173942,-0.0002625,6.64441,0.000382,1,0.00199793,0.00199842,0.0002625,1253.57
0,9584410,4,phononTF,0.00144123,0.000401626,0.00237888,-0.0002625,1.88641,0.000764,1,-2.58398e-06,0.00199538,0.0002625,877.922
0,9597981,7,phononTS,0.000428437,-0.00100391,0.000997005,0.0002625,1847.7,0.000428437,1,-0.000755766,9.45541e-07,-0.0002625,4618.6
0,9598250,6,phononTF,0.000855707,-0.000503908,0.00149058,-0.0002625,737.584,0.000382,1,-0.000997922,0.000996055,0.0002625,1799.85
0,9614435,2,phononTF,0.000499024,-0.005,0.0020966,0.000169382,120.168,0.000382,1,-0.00300237,-0.000998208,0.0002625,3578.5
0,9621069,15,phononTF,0.000418507,-0.00300102,-0.000995628,0.000262498,9995.94,0.000418507,1,-0.00319706,-0.00118013,-0.0002625,10173.4
0,9626733,7,phononL,0.000568468,0.00112268,0.0015772,-0.0002625,245.294,0.000382,1,0.00100094,0.00100283,0.0002625,946.407
0,9638086,7,phononTS,0.000815578,0.000684422,0.00209243,-0.000262498,2401.5,0.000382,1,-4.32033e-06,0.00199811,0.0002625,2721.87
0,9638086,8,phononTS,0.000388608,-4.32033e-06,0.00199811,0.000262498,2721.87,0.000388608,1,7.2123e-05,0.00202603,-0.0002625,2877.01
0,9642324,6,phononTS,0.000476333,5.67907e-05,0.00223264,-0.000262498,586.949,0.000382,1,1.44068e-06,0.00199801,0.0002625,805.891
0,9658514,3,phononTS,0.00162229,-0.00287181,-0.000895691,-0.0002625,34.9195,0.000382,1,-0.00299671,-0.000999296,0.0002625,3980.64
0,9681752,6,phononTS,0.000517013,-0.000179157,-0.00246343,-0.0002625,367.276,0.000382,1,0.00100034,-0.0030007,0.0002625,5805.69
0,9689832,3,phononTS,0.00205562,0.00102587,0.00214806,-0.0002625,7.16651,0.000764,1,0.00100351,0.000997986,0.0002625,901.817
0,9689832,5,phononTF,0.000423024,0.00100351,0.000997986,0.000262498,901.817,0.000423024,1,0.000735783,0.0012786,-0.0002625,1096.75
0,9689832,2,phononTS,0.000630974,0.00104823,0.00329814,0.000262498,7.16651,0.000630974,1,0.00099205,0.00332884,-0.0002625,182.556
0,9698010,6,phononTS,0.00239666,0.00126167,0.00272664,-7.83503e-05,638.992,0.000382,1,0.00300039,0.00099697,0.0002625,1621.22
0,9735741,10,phononTS,0.000742171,-0.000998771,-0.000996216,0.000262498,4039.51,0.000742171,1,-0.00107021,-0.000947398,-0.0002625,4197.3
0,9759810,7,phononTF,0.000479014,-0.000603797,-0.000530927,-0.0002625,3299.59,0.000382,1,0.00100203,0.00100365,0.0002625,6197.8
0,9774619,6,phononTS,0.00105164,0.00200221,0.00199946,0.000262498,2146.37,0.000437184,1,0.0019759,0.00194162,-0.0002625,2314.61
0,9776791,8,phononTF,0.000430516,0.000876145,0.0030309,-0.0002625,217.875,0.000382,1,0.00200167,0.00199587,0.0002625,1046.52
0,9799748,6,phononTF,0.0013555,-0.00100206,0.00299826,0.0002625,1297.16,0.000610225,1,-0.000405344,0.00351621,-0.0002625,2452.62
0,9801026,9,phononTF,0.00216915,-0.000808841,0.000961276,-0.0002625,383.41,0.000382,1,-0.00100276,0.000998337,0.0002625,1539.6
0,9801026,10,phononTS,0.00138998,-0.00100276,0.000998337,0.000262498,1539.6,0.000559834,1,-0.000704151,0.000970284,-0.0002625,1760.07
0,9844075,7,phononTS,0.000737204,2.14142e-06,0.00199968,0.000262498,1331.13,0.000317992,1,-3.86677e-05,0.00195344,-0.0002625,1492.03
0,9851516,8,phononL,0.00265856,-0.000540949,0.00328511,-0.0002625,566.141,0.000764,1,-0.00100135,0.00300491,0.0002625,2717.29
0,9855632,9,phononTS,0.000384669,-1.91682e-06,-0.00200378,0.000262499,4576.76,0.000384669,1,-0.00082326,-0.00183589,-0.0002625,4947.95
0,9903316,7,phononTS,0.000398663,-1.19896e-06,0.00199845,0.000262498,1822.97,0.000398663,1,-0.000198752,0.00192276,-0.0002625,2020.64
0,9904124,5,phononTF,0.000537439,-0.00132573,-0.00126095,-0.000262498,2096.7,0.000382,1,-0.00100397,-0.000996214,0.0002625,2295.92
0,9914447,3,phononTS,0.00142224,0.0020773,0.00312039,-0.0002625,40.834,0.000382,1,0.00200294,0.00200309,0.0002625,2064.02
0,9930755,5,phononTS,0.000391857,-0.000180145,0.00199098,-0.0002625,2303.27,0.000382,1,3.35785e-06,0.00199988,0.0002625,3288.41
0,9946449,9,phononTF,0.000470011,0.00299623,0.000997742,0.000262498,6404.62,0.000470011,1,0.00319343,0.00080283,-0.0002625,6583.85
0,9946449,2,phononTS,0.00114765,0.00100599,0.00335831,0.000262498,47.1122,0.000954248,1,0.00117052,0.00249954,-0.0002625,431.957
0,9961754,5,phononTF,0.000566457,-0.00200406,-0.00200396,0.0002625,1842.21,0.000566457,1,-0.00240875,-0.00152235,-0.0002625,16494.5
0,9967946,2,phononTS,0.00175836,8.61375e-06,0.0031406,-0.0002625,66.8048,0.000382,1,-0.00099993,0.00299663,0.0002625,925.264
0,9967946,4,phononTS,0.000769947,-0.00099993,0.00299663,0.000262498,925.264,0.000769947,1,-0.000938173,0.00293511,-0.0002625,1082.68
0,9975799,5,phononTS,0.00103017,-0.0029967,-0.000998449,0.0002625,1381.6,0.00103017,1,-0.0029297,-0.00248139,-0.0002625,5464.79
0,9975799,3,phononTF,0.00098088,0.000671406,0.005,-0.000193775,232.859,0.000332887,1,0.00192664,0.00266425,-0.0002625,3657.25
0,9998627,3,phononTF,0.00103428,-8.22013e-05,0.00202615,-0.0002625,24.195,0.000382,1,-0.000998507,0.0029982,0.0002625,1150.74
