Run ID,Event ID,Track ID,Particle Name,Start Energy [eV],Start X [m],Start Y [m],Start Z [m],Start Time [ns],Energy Deposited [eV],Track Weight,End X [m],End Y [m],End Z [m],Final Time [ns]
0,3502,7,phononTF,0.000447522,-0.00100249,0.00300068,0.000262498,1153.23,0.000447522,1,-0.000336532,0.00241889,-0.0002625,1458.85
0,3502,4,phononTF,0.00110824,-0.00200319,0.00383826,0.000262498,189.563,0.00106256,1,-0.00172708,0.0040789,-0.0002625,380.357
0,87226,6,phononTF,0.00045761,0.00200334,0.00200358,0.0002625,5127.16,0.00045761,1,0.00134779,0.00142147,-0.0002625,6343.4
0,117378,3,phononTS,0.00287504,-0.0018689,0.00194224,-0.000170038,78.2303,0.001146,1,-0.00200183,0.00200145,0.0002625,2903.2
0,117378,6,phononTS,0.000609006,-0.00200183,0.00200145,0.000262498,2903.2,0.000609006,1,-0.00192802,0.00192177,-0.0002625,3058.16
0,117378,2,phononTF,0.0010524,-0.00214867,0.00388736,0.000262498,78.2303,0.000579566,1,-0.00204796,0.00401618,-0.0002625,242.162
0,129917,6,phononTS,0.000913895,-0.00103483,0.00299763,-0.000262499,621.717,0.000382,1,-0.000997056,0.00300086,0.0002625,788.706
0,147159,6,phononTF,0.000411458,0.005,-0.0012699,0.000140517,8448.96,0.000382,1,0.0020045,-2.25086e-07,0.0002625,9576.5
0,228212,6,phononTS,0.000720922,0.00099871,0.00100228,0.0002625,2725.33,0.000720922,1,0.000928058,0.00107742,-0.0002625,3034.77
0,254187,5,phononTF,0.000473766,0.005,-0.00194175,-7.56561e-05,2256.62,0.000382,1,-0.00100454,-0.000996067,0.0002625,7546.82
0,257336,7,phononTS,0.000906015,-0.0020037,0.00200191,0.000262498,1231.14,0.000522547,1,-0.00194769,0.002032,-0.0002625,1387.1
0,282463,7,phononL,0.00108955,-1.1932e-06,-0.00200191,0.000262498,3917.36,0.00108955,1,5.92742e-05,-0.00275765,-0.0002625,4086.6
0,287717,7,phononTS,0.000484046,-0.0020613,0.00037609,-0.0002625,405.056,0.000382,1,-0.00200224,2.67236e-06,0.0002625,2908.76
0,287718,3,phononTS,0.00519003,-0.00155064,0.00363291,-0.000258874,118.213,0.00359201,1,-0.0015845,0.00372107,-0.0002625,738.469
0,302352,7,phononTF,0.000538805,-0.00020329,0.00215504,-0.0002625,1788.42,0.000382,1,-1.45751e-06,0.00199639,0.0002625,3682.24
0,366110,5,phononL,0.00172279,-0.00100421,0.00300227,0.000262498,2322.61,0.00155592,1,-0.000694806,0.00333648,-0.0002625,2454.23
0,379599,5,phononTS,0.000574229,-0.00199985,0.00199672,0.000262498,807.013,0.000574229,1,-0.00165952,0.00192632,-0.0002625,1036.51
0,396381,8,phononTF,0.0006675,-0.00100087,0.00300205,0.000262498,990.353,0.0006675,1,-0.00155002,0.00375902,-0.0002625,1330
0,396381,2,phononTS,0.00217393,-0.00221685,0.00389392,0.000262498,236.47,0.00143758,1,-0.00221539,0.0042694,-0.0002625,480.612
0,420741,11,phononTF,0.00109056,-0.00200073,-2.99402e-06,0.000262498,4136.3,0.000368214,1,-0.00190438,-7.78267e-05,-0.0002625,4297.11
0,454544,7,phononTS,0.000790856,-0.000995089,0.00300371,0.000262498,7543.82,0.000557757,1,-0.000946392,0.0029663,-0.0002625,7701.38
0,540703,2,phononTF,0.000921415,-0.00165681,-0.00240699,-0.0002625,3.84617,0.000382,1,-0.00200148,-0.00200093,0.0002625,4605.91
0,548357,7,phononTS,0.000906021,-0.00195101,0.00205054,-0.000262498,1900,0.000382,1,-0.00200313,0.00200177,0.0002625,2072.13
0,550685,6,phononTF,0.00207638,-0.0018802,0.00210705,-0.0002625,62.0236,0.000764,1,-0.00199918,0.00200422,0.0002625,2059.52
0,550758,2,phononTS,0.00239052,0.00262286,0.00260547,-0.000168448,3.32392,0.000382,1,0.00100385,0.00100067,0.0002625,3430.27
0,550758,8,phononTF,0.0015954,0.00100385,0.00100067,0.000262498,3430.27,0.000756266,1,0.00116191,0.00108027,-0.0002625,3600.34
0,563366,8,phononTS,0.000588442,-0.001022,0.00308619,-0.000262498,2590.51,0.000382,1,-0.000996162,0.0030001,0.0002625,2756.57
0,633382,5,phononTF,0.000415552,-0.005,-0.000687637,0.000146536,771.036,0.000382,1,-0.00199954,1.85184e-06,0.0002625,5426.25
0,652154,3,phononTF,0.00190348,-0.00160701,0.00345363,-0.0002625,28.4498,0.000382,1,-0.00100108,0.00300116,0.0002625,612.471
0,664688,8,phononTS,0.000606479,-1.75895e-07,-1.49209e-06,0.000262498,4637.26,0.000606479,1,1.47512e-05,-0.000524295,-0.0002625,4901.58
0,697592,3,phononTS,0.0028181,-0.000798452,0.00268853,-0.0002625,312.256,0.000764,1,0.00100062,0.00100482,0.0002625,2232.96
0,705779,6,phononTF,0.000807281,-0.00214284,0.00211256,-0.0002625,1330.41,0.000382,1,-0.00199891,0.00199887,0.0002625,1827.67
0,757267,9,phononTS,0.000512146,-0.00210872,-0.00206249,-0.0002625,7729.21,0.000382,1,-0.00199645,-0.0019955,0.0002625,8272.41
0,776861,6,phononTS,0.000463663,0.00300062,0.000995835,0.0002625,3989,0.000463663,1,0.00172761,0.00116454,-0.0002625,4953.22
0,797237,4,phononTS,0.00054168,-0.000915799,0.0030811,-0.0002625,1350.65,0.000382,1,-0.000998551,0.00299659,0.0002625,1812.62
0,819207,6,phononTS,0.000464082,-1.77302e-06,0.00200251,0.0002625,1257.76,0.000464082,1,1.72669e-05,0.00206073,-0.0002625,1569.64
0,820013,7,phononTS,0.000395254,0.00199986,-4.65654e-06,0.000262498,6137.89,0.000395254,1,0.00194004,-2.19835e-05,-0.0002625,6319.56
0,820013,2,phononTS,0.000382057,-0.005,0.00477329,2.85398e-05,33.0245,0.000382057,1,-0.00468152,0.00481507,-0.0002625,1310.05
0,920559,3,phononTS,0.00180287,-0.00211305,0.00291165,-0.0002625,27.3113,0.000382,1,-0.00199782,0.00199583,0.0002625,791.007
0,920559,4,phononTF,0.00134088,-0.00199782,0.00199583,0.000262498,791.007,0.00106013,1,-0.00171767,0.00173376,-0.0002625,989.912
0,949043,3,phononTF,0.000694706,0.000936479,0.00093005,-0.0002625,16.8743,0.000382,1,0.000996788,0.00100128,0.0002625,2648.84
0,949043,2,phononTF,0.000392133,-0.00218748,0.00389251,0.000262498,16.8743,0.000392133,1,-0.00205039,0.00406564,-0.0002625,186.506
0,951655,6,phononL,0.000441402,-0.00204783,-0.00114059,-0.0002625,662.939,0.000382,1,-0.00200346,-0.00200228,0.0002625,2211.89
0,1004599,6,phononTF,0.000433894,-0.00100375,0.00300105,0.0002625,1636.8,0.000433894,1,-0.00183021,0.00342762,-0.0002625,2342.79
0,1021983,2,phononTS,0.00152524,0.00192985,-0.00156144,-0.0002625,2.28012,0.000382,1,0.00300482,0.00100069,0.0002625,3357.96
0,1021983,10,phononTS,0.000671229,0.00300482,0.00100069,0.000262498,3357.96,0.000621618,1,0.00266903,0.000696168,-0.0002625,3639.54
0,1030868,4,phononTF,0.000693957,-0.00147122,0.0035258,-0.0002625,182.944,0.000382,1,-0.000996516,0.00300152,0.0002625,707.969
0,1041242,5,phononTS,0.00261671,-0.00263491,0.00231831,-0.0002625,492.115,0.000764,1,-0.000997279,-0.000996928,0.0002625,2565.43
0,1045434,7,phononTS,0.000398876,1.00564e-07,0.00199572,0.0002625,1157.89,0.000398876,1,8.16529e-05,0.0020784,-0.0002625,1466.13
0,1045434,2,phononTS,0.00128426,-0.00220405,0.00388883,0.00023892,5.58024,0.00100538,1,-0.00322785,0.00396579,-0.0002625,427.297
0,1053955,5,phononTF,0.000477023,-0.00348,-0.000580748,-0.0002625,2034.25,0.000382,1,-0.00300437,-0.00100071,0.0002625,4156.29
0,1059003,8,phononTF,0.000578964,-0.00204346,-0.005,-0.000209663,4648.52,0.000578964,1,-0.001949,-0.00490246,-0.0002625,7317.32
0,1059003,2,phononTS,0.00267917,-0.0025212,0.005,-0.000194522,212.758,0.00156331,1,-0.00253356,0.00498094,-0.0002625,700.771
0,1074846,8,phononTS,0.00048831,-0.000999396,0.00300104,0.000262498,6402.03,0.00048831,1,0.00095129,0.000929328,-0.0002625,7329.48
0,1078208,5,phononTF,0.000663849,-0.0017414,0.005,3.23707e-06,3547.63,0.000382,1,-0.000996413,0.000998799,0.0002625,6134.32
0,1089546,11,phononTF,0.000567292,0.00100497,0.00100297,0.000262498,3414.08,0.000567292,1,0.000985417,0.00097778,-0.0002625,3571.2
0,1089546,4,phononTS,0.000849506,-0.00213742,0.00393481,0.000129368,30.1605,0.000849506,1,-0.00215229,0.00371475,-0.0002625,196.951
0,1089546,2,phononTF,0.00301503,-0.00133698,0.00175341,0.000188256,0.432251,0.00240081,1,-0.00141034,0.00165899,-0.0002625,1430.89
0,1170756,6,phononTF,0.000410673,0.00209234,0.000118919,-0.0002625,781.382,0.000382,1,0.0019973,-3.08271e-06,0.0002625,2985.15
0,1201952,8,phononTF,0.000679501,0.00090352,-0.00098562,-0.000262498,3374.24,0.000382,1,0.000998783,-0.000998981,0.0002625,3535.81
0,1205024,5,phononL,0.00165362,-0.00146701,0.0025791,-0.0002625,40.2946,0.000382,1,-0.000999998,0.00299537,0.0002625,742.271
0,1206694,4,phononTS,0.00117582,0.00100239,-0.00300109,0.0002625,1073.55,0.000739426,1,-0.000207052,-0.00280292,-0.0002625,7111.33
0,1231517,6,phononTS,0.000404481,-0.00210769,0.00267225,-0.0002625,351.956,0.000382,1,-0.002001,0.00200138,0.0002625,1274.74
0,1267168,6,phononTS,0.000592761,-0.00340394,0.005,-6.38887e-05,1028.2,0.000382,1,-0.00100301,0.00299813,0.0002625,2575.83
0,1298499,3,phononTS,0.00163445,-0.00286878,-0.000183169,-0.0002625,9.98939,0.000382,1,-0.00299592,-0.000998724,0.0002625,2124.07
0,1298499,6,phononTS,0.000391279,-0.00299592,-0.000998724,0.000262498,2124.07,0.000391279,1,-0.00447904,-5.22893e-05,-0.0002625,2781.17
0,1313640,6,phononL,0.000980554,-0.000333364,-0.000372307,-0.0002625,909.485,0.000382,1,-1.80743e-06,-3.66125e-06,0.0002625,2383.39
0,1313640,7,phononTS,0.000591484,-1.80743e-06,-3.66125e-06,0.000262498,2383.39,0.000591484,1,-0.000495578,1.16895e-05,-0.0002625,2636.91
0,1314146,5,phononTF,0.000544452,-0.00200043,0.00200298,0.0002625,1191.61,0.000544452,1,-0.00226079,0.00178396,-0.0002625,1585.13
0,1314146,3,phononTF,0.000395397,-0.00220813,0.00387059,0.000262498,6.36321,0.000395397,1,-0.00150524,0.00318846,-0.0002625,338.26
0,1314146,2,phononTF,0.000501121,-0.00220813,0.00387059,0.000262498,6.36321,0.000501121,1,-0.00223542,0.0040086,-0.0002625,173.018
0,1314147,3,phononTS,0.00635086,-0.00248061,0.00393382,-0.000250058,166.725,0.0044557,1,-0.0025242,0.00397733,-0.0002625,534.475
0,1324918,7,phononTS,0.000587767,-0.00100237,0.00299691,0.000262498,782.233,0.000587767,1,-0.000481495,0.00294025,-0.0002625,1068.68
0,1324918,3,phononTS,0.000920833,-0.00224626,0.00399023,0.000262498,120.723,0.000920833,1,-0.00244684,0.00318132,-0.0002625,485.543
0,1335206,2,phononTF,0.00262422,-0.00169883,0.00235425,-0.000231108,54.6036,0.000382,1,-0.00200499,0.00200122,0.0002625,867.003
0,1355351,7,phononTS,0.000601419,-0.00299727,-0.00099568,0.000262498,6202.74,0.000601419,1,-0.00308739,-0.000971568,-0.0002625,6361.95
0,1360400,7,phononTS,0.000623124,-2.78557e-06,0.00199751,0.0002625,783.503,0.000623124,1,0.000846721,0.000174049,-0.0002625,6067.41
0,1405486,8,phononTF,0.000394118,0.00100147,0.00100109,0.000262498,4284.59,0.000394118,1,0.0012243,0.00124689,-0.0002625,4471.06
0,1454470,8,phononTS,0.00049919,-0.00208564,0.00194815,-0.000262498,1268.86,0.000382,1,-0.00199769,0.00200408,0.0002625,1424.8
0,1457926,4,phononTS,0.00172618,-0.00195962,0.005,-5.64364e-05,422.832,0.000764,1,-0.00100333,0.0029996,0.0002625,2132.05
0,1457926,5,phononTF,0.000803392,0.000369601,0.005,0.000228319,2132.05,0.000803392,1,0.000831608,0.00454949,-0.0002625,3105.03
0,1472775,7,phononTS,0.000422262,0.00100455,-0.000995735,0.000262498,4370.48,0.000422262,1,5.55979e-05,-0.000242392,-0.0002625,4880.01
0,1507089,7,phononTS,0.000582066,-0.00108264,0.00305998,-0.000262498,1406.08,0.000382,1,-0.00100142,0.00299851,0.0002625,1561.95
0,1529992,2,phononTF,0.00160106,-0.00153551,0.00343138,-0.0002625,11.2103,0.000382,1,-0.000995685,0.00299953,0.0002625,1065.86
0,1542678,4,phononTS,0.00119737,-0.0015971,0.00343869,-0.0002625,32.1301,0.000382,1,-0.00099723,0.00300402,0.0002625,761.148
0,1547823,5,phononTS,0.00097652,0.005,-0.0026242,-0.000212968,201.659,0.000382,1,0.000996509,0.0010034,0.0002625,5078.08
0,1557991,5,phononTS,0.0013876,0.0048545,-0.005,7.85794e-05,273.062,0.0013876,1,0.005,-0.0048456,0.000120639,4942.79
0,1575115,5,phononTF,0.000545391,-0.001001,0.000998896,0.0002625,5887.09,0.000545391,1,-0.0010787,0.0012126,-0.0002625,6246.69
0,1580788,4,phononTF,0.00206916,0.000772007,0.000792067,0.00014975,40.5343,0.000764,1,0.00100329,0.00100408,0.0002625,2146.97
0,1600083,3,phononTS,0.00253462,0.00200167,0.00200215,0.0002625,171.891,0.0014474,1,0.00203345,0.00195562,-0.0002625,3094.75
0,1634484,7,phononTF,0.00130383,-0.00100303,0.00299988,0.000262498,2035.07,0.00085096,1,-0.00142764,0.00249786,-0.0002625,2284.77
0,1634484,3,phononTS,0.000463239,-0.00219129,0.00388353,0.000262498,25.1381,0.000463239,1,-0.00201808,0.00476085,-0.0002625,410.344
0,1705571,5,phononTS,0.00070468,-0.00183893,0.00291263,-0.000262498,3017.21,0.000382,1,-0.00200406,0.00199695,0.0002625,3397.15
0,1709258,12,phononTS,0.000455088,4.2065e-07,-0.00200039,0.0002625,5545.25,0.000455088,1,-0.000295065,-0.00299908,-0.0002625,6434.07
0,1709258,9,phononTS,0.000937106,-0.00280632,0.005,-0.000242964,193.762,0.000937106,1,-0.00280476,0.00499673,-0.0002625,619.436
0,1728260,4,phononTF,0.00198309,0.000290974,-0.00200044,-0.000136775,19.3143,0.000821532,1,0.000250807,-0.00193013,-0.0002625,4449.9
0,1786453,7,phononTS,0.00051553,5.37595e-05,0.00195307,-0.0002625,1196.62,0.000382,1,2.54694e-06,0.00200431,0.0002625,1886.94
0,1787448,3,phononTF,0.00238895,5.58135e-05,0.00217598,0.000204512,10.9812,0.000382,1,2.1065e-07,0.00200159,0.0002625,2463.09
0,1787448,5,phononTF,0.00152222,2.1065e-07,0.00200159,0.000262498,2463.09,0.00152222,1,-0.000316239,0.00170379,-0.0002625,2666.57
0,1820746,5,phononTS,0.000786856,-0.000479791,0.00171079,-0.000262498,2109.43,0.000382,1,0.00100102,0.00100063,0.0002625,2732.41
0,1820746,2,phononTS,0.00102003,-0.00221471,0.00394885,0.000262498,84.8956,0.000925725,1,-0.002086,0.00399471,-0.0002625,271.283
0,1853043,6,phononTF,0.000746027,-0.000131935,-0.00216241,-0.0002625,517.572,0.000382,1,-4.43409e-06,-0.0020009,0.0002625,3731.67
0,1855544,8,phononTS,0.000384131,-0.00343882,0.005,-7.03194e-05,915.76,0.000382,1,0.00299856,0.000995137,0.0002625,4118.45
0,1907238,4,phononTS,0.00174161,-0.00220047,0.005,-0.000209048,3.01346,0.000764,1,-0.00100206,0.00299979,0.0002625,1327.56
0,1907238,3,phononTS,0.00153604,-0.00220901,0.00388673,0.000262498,3.01346,0.00143968,1,-0.00218884,0.00428993,-0.0002625,248.247
0,1907238,2,phononTS,0.00108723,-0.00220901,0.00388673,0.000262498,3.01346,0.00108723,1,-0.00145037,0.00400275,-0.0002625,340.224
0,1924742,5,phononTF,0.000832365,0.00200062,0.00199992,0.000262498,2220.35,0.000459736,1,0.00179265,0.00174687,-0.0002625,2404.46
0,1937892,3,phononTS,0.00142035,-0.00211192,0.00293567,-0.0002625,21.1595,0.000382,1,-0.00199698,0.00199588,0.0002625,799.521
0,1938252,8,phononTS,0.00219297,-0.00171705,0.00364266,-0.0002625,1781.55,0.000382,1,-1.60951e-06,0.00200331,0.0002625,5491.62
0,1938252,9,phononTS,0.00102675,-1.60951e-06,0.00200331,0.000262498,5491.62,0.000538849,1,-0.000346675,0.00201767,-0.0002625,5727.25
0,1953874,8,phononTS,0.000567634,2.05964e-06,0.0020009,0.000262498,10466.3,0.000567634,1,0.000901534,0.00201188,-0.0002625,10850.2
0,1953874,3,phononTF,0.00292895,-0.0020683,0.00434718,8.9312e-05,4.88667,0.00194814,1,-0.00221121,0.00447581,-0.0002625,615.934
0,1988945,2,phononTF,0.00183849,0.000802317,0.000890802,-0.0002625,140.083,0.000382,1,-4.17507e-06,4.66314e-06,0.0002625,2381.29
0,2027199,4,phononTS,0.00248546,-0.00186791,0.00208249,-0.0002625,73.9947,0.000382,1,-0.00200047,0.00199991,0.0002625,1207.48
0,2027199,6,phononL,0.00109339,-0.00200047,0.00199991,0.000262498,1207.48,0.000984789,1,-0.00243413,0.00178169,-0.0002625,1341.92
0,2034148,4,phononL,0.00179424,-0.0019567,0.00261515,-0.0002625,1567.72,0.000382,1,-0.00200098,0.00199808,0.0002625,1866.12
0,2034148,5,phononTS,0.000840787,-0.00200098,0.00199808,0.000262498,1866.12,0.000726568,1,-0.00193612,0.00206316,-0.0002625,2021.39
0,2059465,2,phononTF,0.00308326,-0.00149682,0.00336881,-0.0002625,90.4756,0.000382,1,-0.000998929,0.00299565,0.0002625,907.926
0,2059465,3,phononTS,0.00253427,-0.000998929,0.00299565,0.000262498,907.926,0.000720846,1,-0.000935617,0.00290689,-0.0002625,1084.88
0,2076045,5,phononTS,0.00130502,-0.000996191,0.00299556,0.000262498,800.144,0.000893585,1,-0.000978264,0.00307397,-0.0002625,965.561
0,2079493,12,phononTS,0.000427418,0.000997385,-0.00300016,0.000262498,4342.36,0.000427418,1,0.0014922,-0.00308622,-0.0002625,4609.81
0,2094459,3,phononTS,0.00306746,0.000463532,-0.00230134,0.000241352,12.3845,0.000764,1,3.06235e-06,-0.00199679,0.0002625,9307.68
0,2094459,8,phononTS,0.00150129,0.00447846,-0.005,-8.01956e-06,9307.68,0.000815876,1,0.00443708,-0.00470474,-0.0002625,12342.8
0,2094459,9,phononTF,0.000563003,-0.000879609,0.005,4.24404e-05,12342.8,0.000563003,1,0.00207614,-0.0015889,-0.0002625,17836.4
0,2115937,2,phononTS,0.00149519,-0.00214485,0.00381768,-0.0002625,3.86847,0.000382,1,-0.00100263,0.00299786,0.0002625,683.141
0,2115937,7,phononTF,0.000711641,-0.00100263,0.00299786,0.000262498,683.141,0.000202768,1,-0.00126643,0.0032952,-0.0002625,880.479
0,2165727,8,phononTS,0.000433422,-0.00299813,-0.00100481,0.0002625,2011.48,0.000433422,1,-0.00290029,-0.000400825,-0.0002625,2629.23
0,2173060,13,phononTS,0.000901925,-0.00099792,0.00300397,0.000262498,1352.88,0.000901925,1,-0.00078474,0.00256416,-0.0002625,1640.92
0,2178299,8,phononTS,0.00051881,0.0027859,0.00181464,-0.0002625,1238.48,0.000382,1,0.00299972,0.00100082,0.0002625,10661.8
0,2181498,8,phononTF,0.000490236,-0.00100396,0.00299601,0.0002625,2303.06,0.000490236,1,-0.00126949,0.00278417,-0.0002625,3417.34
0,2185825,2,phononTS,0.000952762,0.00227385,0.00223703,-0.0002625,50.8189,0.000382,1,-0.000999769,0.00300124,0.0002625,8421.53
0,2254782,4,phononTS,0.000733517,-0.00100186,0.00300277,0.0002625,1669.23,0.000563441,1,-0.00265731,0.00141716,-0.0002625,3376.57
0,2255578,8,phononTS,0.000509325,-0.00200077,-3.33109e-06,0.000262498,5210,0.000509325,1,-0.00208488,-7.6422e-05,-0.0002625,5364.56
0,2268619,4,phononTS,0.00243609,-0.00167766,0.00213187,-0.0002625,6.91827,0.000382,1,-0.00200348,0.0019964,0.0002625,2338.25
0,2268619,7,phononTF,0.000408433,-0.00200348,0.0019964,0.000262498,2338.25,0.000408433,1,-0.00159897,0.00227664,-0.0002625,2568.39
0,2284613,7,phononTS,0.000667433,-0.00201553,0.000929292,-0.000262498,3958.37,0.000382,1,-0.00199909,4.25759e-06,0.0002625,4351.8
0,2284613,4,phononL,0.000963808,-0.00203683,0.00384952,0.000262498,115.176,0.000963808,1,-0.00224199,0.00448025,-0.0002625,272.47
0,2284613,2,phononTS,0.00330662,-0.00216065,0.00385674,0.000237787,10.8013,0.00191635,1,-0.0020857,0.00377226,-0.0002625,157.595
0,2304712,5,phononTS,0.00159314,-0.00200285,0.00200608,0.000222399,765.888,0.000382,1,-0.00199804,0.00200097,0.0002625,1526.29
0,2305260,6,phononTS,0.000502818,0.00299706,0.000997774,0.000262498,3696.6,0.000502818,1,0.00333199,0.00100978,-0.0002625,3930.08
0,2306400,6,phononL,0.000395799,-0.000999833,0.00299708,0.0002625,644.652,0.000395799,1,-0.000843675,0.00240446,-0.0002625,1196.96
0,2373049,5,phononTS,0.00129861,-0.00155244,0.00372678,-0.000262498,616.144,0.000382,1,-0.0010026,0.00300374,0.0002625,1031.64
0,2373049,6,phononTS,0.000431972,-0.0010026,0.00300374,0.000262498,1031.64,0.000431972,1,-0.00178323,0.00307256,-0.0002625,1388.89
0,2373049,3,phononTF,0.000929692,-0.00225178,0.00394998,0.000262498,65.0389,0.000929692,1,-0.002059,0.00419334,-0.0002625,246.252
0,2400141,4,phononTS,0.000767224,-0.00162691,0.00249264,-0.0002625,300.413,0.000382,1,-0.000999284,0.00100305,0.0002625,1556.86
0,2400985,6,phononTS,0.000723729,-0.005,6.03628e-05,-0.000183015,522.982,0.000382,1,-0.00200074,-2.36502e-06,0.0002625,4579.25
0,2462736,6,phononTF,0.000747741,-0.00199679,0.00199548,0.0002625,729.357,0.000576738,1,-0.000588642,0.000675592,-0.0002625,1483.59
0,2491909,7,phononTS,0.000387257,-0.00200197,0.00200442,0.000262498,3627.47,0.000387257,1,-0.00194578,0.00223712,-0.0002625,3832.92
0,2491909,4,phononTF,0.00170738,-0.00219581,0.00388798,0.000262498,9.90707,0.00170738,1,-0.00255823,0.00356663,-0.0002625,222.772
0,2503636,8,phononTS,0.000488046,-0.000996581,0.000995856,0.000262498,2616.99,0.000488046,1,-0.000910653,0.00208453,-0.0002625,3087.29
0,2554047,6,phononTF,0.00125804,-0.00100234,0.00299668,0.0002625,999.735,0.000762824,1,-0.00128381,0.0027513,-0.0002625,1710.22
0,2555027,4,phononTS,0.00136854,-0.00211865,0.00295802,-0.0002625,14.3626,0.000382,1,-0.00200079,0.0020018,0.0002625,802.103
0,2555027,5,phononTS,0.000419631,-0.000855628,0.005,-0.000156506,802.103,0.000419631,1,-0.0015189,0.00446912,-0.0002625,2311.33
0,2555027,3,phononTS,0.000720885,-0.0022365,0.00391424,0.000262498,14.3626,0.000720885,1,-0.00245467,0.00296435,-0.0002625,434.359
0,2555027,2,phononTS,0.00138831,-0.0022365,0.00391424,0.000262498,14.3626,0.000588053,1,-0.00326879,0.00252996,-0.0002625,641.909
0,2559353,2,phononTF,0.00301704,-0.000786059,-0.00117716,-2.989e-05,30.2938,0.000382,1,-0.00100175,-0.000995204,0.0002625,1989.65
0,2559353,3,phononTF,0.00194874,-0.00100175,-0.000995204,0.000262498,1989.65,0.00123225,1,-6.79376e-05,-8.13058e-05,-0.0002625,2412.45
0,2568793,5,phononTS,0.00174194,0.00199776,3.96203e-08,0.0002625,93.1307,0.00132818,1,0.00199553,6.17583e-05,-0.0002625,3210.9
0,2568793,4,phononTS,0.000928431,-0.00229213,0.00387812,0.000262498,93.1307,0.000763696,1,-0.00202648,0.00296761,-0.0002625,469
0,2575190,7,phononTS,0.000487451,-0.00100366,0.00323795,-0.000262498,2495.86,0.000382,1,-0.000996201,0.00299693,0.0002625,2708.64
0,2579981,7,phononL,0.000398811,-0.00198477,0.00190295,-0.000262498,1277.4,0.000382,1,-0.00199678,0.00200149,0.0002625,1387.98
0,2612239,7,phononTF,0.000399887,-0.0014399,0.00260623,-0.0002625,1731.92,0.000382,1,-0.00100358,0.00300025,0.0002625,2440.62
0,2627836,4,phononTS,0.00142871,-0.00110123,0.00293784,-0.0002625,3.75426,0.000764,1,4.90784e-06,0.001998,0.0002625,1174.26
0,2632897,6,phononTS,0.000540884,0.000495788,0.00061192,-0.0002625,2461.05,0.000382,1,-0.00099708,0.00100143,0.0002625,5347.23
0,2632897,2,phononTS,0.000681121,-0.00220199,0.00385008,0.000262498,22.6621,0.000681121,1,-0.00207782,0.00380468,-0.0002625,218.854
0,2638454,8,phononTS,0.000480137,-0.00200397,-0.00200494,0.000262499,5743.45,0.000480137,1,-0.0019282,-0.00179823,-0.0002625,5943.02
0,2642364,6,phononTS,0.000499857,-0.00324793,-0.00142352,-0.000262498,3989.87,0.000382,1,-0.00199959,3.84574e-06,0.0002625,4716.47
0,2658438,4,phononTS,0.000752673,-0.00280971,0.000567354,-0.0002625,190.023,0.000382,1,-0.00300045,-0.000997443,0.0002625,2160.83
0,2658867,9,phononTS,0.000446283,-0.00200246,0.00200364,0.000262498,1045.37,0.000446283,1,-0.00202575,0.0029335,-0.0002625,1437.17
0,2658867,2,phononTS,0.00167585,-0.0022118,0.00388172,0.000262498,5.24964,0.00167585,1,-0.0019902,0.0049366,-0.0002625,423.945
0,2662074,6,phononTF,0.000729118,0.0025478,0.001473,-0.000262498,2229.4,0.000382,1,0.00200034,0.0020013,0.0002625,2505.45
0,2662074,4,phononTS,0.000868066,-0.00222358,0.00386951,0.000262498,32.3226,0.000389024,1,-0.00230269,0.00395381,-0.0002625,186.586
0,2662074,7,phononTS,0.000479041,0.005,0.00107155,-0.000198534,186.586,0.000479041,1,0.00496557,0.00108149,-0.0002625,3182.72
0,2681872,5,phononTF,0.00065362,0.00226482,-0.00168391,-0.000262499,6973.1,0.000382,1,0.0020045,-0.00199584,0.0002625,7170.5
0,2681872,2,phononTF,0.0038491,0.00451055,0.00345827,0.000225509,338.92,0.00291574,1,0.0048119,0.00382617,-0.0002625,4079.81
0,2687121,4,phononTS,0.00136791,-0.005,0.000474826,7.31407e-05,175.021,0.000382,1,-0.00299996,-0.000995513,0.0002625,2513.8
0,2696099,6,phononL,0.00182385,-0.000593981,0.00235869,-0.0002625,127.74,0.000764,1,-2.622e-06,0.00200355,0.0002625,1229.02
0,2751340,5,phononTF,0.000778601,-0.00206225,0.00375739,-0.000262498,183.677,0.000382,1,0.00100164,-0.00299627,0.0002625,2459.65
0,2755640,14,phononTS,0.000439691,-0.0010008,0.00100442,0.000262498,10771.8,0.000439691,1,-0.000990114,0.00106424,-0.0002625,10928.4
0,2768468,4,phononTS,0.000650157,1.10507e-07,0.00200163,0.0002625,1410.79,0.000405291,1,0.0030082,-0.00159422,-0.0002625,4518.05
0,2779660,6,phononTS,0.000855931,0.000249842,0.0025845,-0.0002625,332.868,0.000382,1,0.00199731,0.00199727,0.0002625,1891.42
0,2781057,4,phononTS,0.00165093,0.00163175,-0.00475667,-0.0002625,3.59978,0.000382,1,8.21898e-07,-0.00200409,0.0002625,9909.32
0,2784686,3,phononTS,0.00323652,-0.00122739,0.00362284,0.000234966,6.63361,0.00310694,1,-0.00130357,0.00365813,-0.0002625,1492.89
0,2790093,2,phononTF,0.000667574,-0.00321633,0.005,5.59563e-06,18.341,0.000382,1,-0.000997249,-0.000996361,0.0002625,2521.06
0,2803062,4,phononTF,0.000890367,-0.00176499,0.00369599,-0.000262498,583.904,0.000382,1,-0.000997062,0.00300026,0.0002625,930.201
0,2822593,6,phononTF,0.00122364,-0.00278172,0.00428862,-0.000262498,1487.64,0.000382,1,-0.00100436,-0.000997486,0.0002625,3228.14
0,2822593,7,phononTS,0.000532452,-0.00100436,-0.000997486,0.000262498,3228.14,0.000532452,1,-0.00165285,0.000293033,-0.0002625,3805.19
0,2822593,4,phononTF,0.000886015,-0.005,0.0027405,-0.000173843,146.166,0.000387771,1,-0.00497601,0.00268374,-0.0002625,1475.95
0,2823051,6,phononTF,0.000503992,-0.00146644,0.00304097,-0.000262498,426.108,0.000382,1,-0.00200369,0.00199925,0.0002625,845.558
0,2854669,5,phononL,0.000738819,-0.00130907,0.00323802,-0.000262499,804.181,0.000382,1,-0.000996704,0.00299514,0.0002625,929.691
0,2854669,3,phononTF,0.00244069,-0.0022165,0.00387802,0.000262498,5.88603,0.000972344,1,-0.00182642,0.00353091,-0.0002625,226.535
0,2877618,10,phononTS,0.00108051,-8.44319e-07,0.00199875,0.000262498,4330.52,0.00100104,1,-0.00475217,-0.0024072,-0.0002625,6539.91
0,2928918,5,phononTF,0.000981614,-0.00130997,0.00325112,-0.000262498,631.901,0.000382,1,-0.00100275,0.00300241,0.0002625,826.995
0,2936441,5,phononTF,0.000440692,0.00199633,0.00199873,0.000262498,8010.19,0.000440692,1,0.00232647,0.00227842,-0.0002625,8212.58
0,3032245,8,phononTF,0.00040406,0.00299896,0.00100003,0.0002625,6779.04,0.00040406,1,0.00340563,0.00133407,-0.0002625,7219.79
0,3056003,2,phononTS,0.000649184,-0.00385132,0.00356401,-0.0002625,16.8723,0.000382,1,0.00100389,0.001,0.0002625,2912.24
0,3092810,7,phononTS,0.000424994,-0.00199691,-2.41944e-06,0.000262498,5484.86,0.000424994,1,0.005,0.00489735,-0.000146803,8001.48
0,3103920,6,phononTS,0.00178814,-0.00217242,0.00320797,-0.0002625,105.086,0.000382,1,-0.00199935,0.00200024,0.0002625,1545.84
0,3103981,7,phononTF,0.0004208,2.37836e-06,0.0019963,0.000262498,1741.82,0.0004208,1,0.000289803,0.00225943,-0.0002625,1936.94
0,3124615,5,phononTF,0.000515575,-0.00254163,0.0013757,-0.0002625,3192.66,0.000382,1,-0.00200272,0.00199527,0.0002625,5471.75
0,3128690,8,phononTS,0.000388853,4.96365e-06,0.00200176,0.000262498,6429.58,0.000388853,1,-0.000182164,0.00196884,-0.0002625,6625.8
0,3205256,5,phononL,0.0026801,-0.00196888,0.0018933,9.51308e-05,12.0403,0.000382,1,-0.00199996,0.00200431,0.0002625,939.842
0,3233417,4,phononTS,0.000482866,-0.000919524,0.00291492,-0.000262498,990.194,0.000382,1,-0.000997432,0.00300434,0.0002625,1185.29
0,3249297,4,phononTF,0.000630108,-0.000116926,0.00210995,-0.0002625,1086.68,0.000382,1,2.15269e-06,0.00200017,0.0002625,1909.34
0,3313413,4,phononTS,0.00142553,-0.000997312,0.00300348,0.0002625,29.6877,0.000529077,1,-0.00103508,0.00276584,-0.0002625,1792.72
0,3322293,7,phononTS,0.0009158,-0.0010015,0.00299527,0.0002625,2969.28,0.0009158,1,-0.00106773,0.00296503,-0.0002625,3591.68
0,3322769,4,phononTS,0.00189655,-0.00200237,0.00200393,0.0002625,3.52646,0.000938366,1,-0.00169022,0.00197886,-0.0002625,1643.71
0,3345769,5,phononTS,0.00071435,0.000483799,0.000364,-0.0002625,3964.07,0.000382,1,2.26264e-06,-2.6543e-06,0.0002625,4938.13
0,3354215,6,phononTF,0.000874891,-0.00227914,0.0017776,-0.0002625,4855.69,0.000382,1,-0.0019987,0.00200165,0.0002625,6736.31
0,3361858,7,phononTS,0.00212613,-0.00100212,0.0030038,0.000262498,1946.55,0.00125084,1,-0.00131038,0.00305046,-0.0002625,2170.72
0,3363894,5,phononL,0.00118978,-0.000329778,0.00238429,-0.0002625,58.1904,0.000764,1,-1.01936e-06,0.00199945,0.0002625,1110.96
0,3363894,4,phononTS,0.00180514,-0.00215108,0.003943,0.000262498,58.1904,0.00159531,1,-0.00207525,0.00401702,-0.0002625,212.857
0,3367921,3,phononTS,0.0013133,-0.00365629,-0.000368694,-0.0002625,31.3728,0.000382,1,-0.00200034,-0.00200296,0.0002625,3478.13
0,3399600,6,phononTS,0.000774105,-0.000950111,0.0011243,-0.0002625,1853.33,0.000382,1,-0.00100408,0.000996199,0.0002625,3041.59
0,3410387,6,phononTS,0.000631046,-0.00152292,0.00405822,-0.000262498,1509.72,0.000382,1,0.00100106,0.000998468,0.0002625,2746.17
0,3410387,4,phononTS,0.00384302,-0.00208117,0.00393089,-0.000131211,1277.58,0.00202229,1,-0.00215158,0.00396207,-0.0002625,1337.29
0,3414738,9,phononTF,0.000407907,0.00199763,0.0019985,0.000262498,5564.02,0.000407907,1,0.0023191,0.00233983,-0.0002625,5774.17
0,3417756,9,phononTS,0.000419354,-0.00100429,0.00100308,0.000262498,1107.26,0.000419354,1,-0.00102189,0.00177631,-0.0002625,1457.68
0,3461281,4,phononTF,0.0030621,-0.00123018,0.00322917,-0.000124629,193.712,0.001146,1,-0.000998591,0.00299592,0.0002625,876.822
0,3461281,7,phononTS,0.000386021,-0.000998591,0.00299592,0.000262499,876.822,0.000386021,1,-0.000989294,0.00249225,-0.0002625,1152.22
0,3461281,6,phononTS,0.000491703,-0.000998591,0.00299592,0.000262499,876.822,0.000491703,1,-0.000940256,0.00305922,-0.0002625,1032.26
0,3523347,4,phononTS,0.00156502,-0.00214106,0.0029096,-0.0002625,300.059,0.000382,1,-0.00199804,0.00199703,0.0002625,947.374
0,3539531,4,phononTS,0.000652477,-0.000222221,0.000972877,-0.0002625,539.061,0.000382,1,9.89152e-07,-3.81836e-07,0.0002625,2947.26
0,3539531,2,phononTS,0.00168745,-0.005,0.00382866,-0.000167659,11.6315,0.000792028,1,-0.00498736,0.00390823,-0.0002625,2616.19
0,3560956,5,phononL,0.000695562,-0.000133934,0.000885647,-0.0002625,2320.97,0.000382,1,-4.37287e-06,3.69889e-06,0.0002625,3630.62
0,3560956,2,phononTS,0.000950399,-0.00215977,0.00393113,0.000262498,81.5775,0.000950399,1,-0.00209951,0.00383094,-0.0002625,261.545
0,3577097,7,phononL,0.000388249,-0.00202891,0.00269493,-0.000262498,5655.14,0.000382,1,-0.00200178,0.00200237,0.0002625,5814.58
0,3577691,5,phononTS,0.000559051,-0.00101308,0.00250784,-0.000262498,841.62,0.000382,1,-0.00200152,-2.71893e-06,0.0002625,1896.81
0,3603718,5,phononTS,0.000573771,-0.00100463,0.00299991,0.0002625,1432.76,0.000573771,1,-0.000767632,0.00359089,-0.0002625,2089.22
0,3627779,5,phononTS,0.000872929,0.00388478,0.00268871,-0.0002625,753.762,0.000382,1,0.000997199,0.000999642,0.0002625,6561.8
0,3644069,6,phononTS,0.000595689,-0.000223241,0.000262454,-0.000262498,2471.87,0.000382,1,3.54838e-06,2.4045e-06,0.0002625,2723.53
0,3649267,6,phononTF,0.00182291,-0.00136538,0.00331354,-0.0002625,1525.83,0.000764,1,-0.00100285,0.00299929,0.0002625,2375.29
0,3649267,7,phononTS,0.000716352,-0.00100285,0.00299929,0.000262498,2375.29,0.000716352,1,-0.000915765,0.00292241,-0.0002625,2529.5
0,3649267,5,phononTS,0.00111473,-0.00245294,0.00425628,0.000262498,1525.83,0.00111473,1,-0.00247489,0.00434195,-0.0002625,1691.35
0,3656849,3,phononTS,0.00285996,0.000926698,0.00235436,-0.0002625,34.3067,0.000382,1,0.00199957,0.00200265,0.0002625,2102.93
0,3656849,6,phononTS,0.00138731,0.00199957,0.00200265,0.000262498,2102.93,0.000968784,1,0.00232196,0.00191782,-0.0002625,2327.82
0,3656849,5,phononTS,0.000967,0.00199957,0.00200265,0.000262498,2102.93,0.000967,1,0.00182464,0.00207035,-0.0002625,2296.5
0,3670135,6,phononTF,0.000545649,-0.000921452,0.00318304,-0.0002625,1147.7,0.000382,1,-0.000998848,0.0029982,0.0002625,1671.01
0,3672449,12,phononTS,0.000573362,-0.00100477,0.000996619,0.000262498,1408.66,0.000573362,1,-0.00129341,0.000349736,-0.0002625,1758.91
0,3672449,3,phononTS,0.000621519,-0.00224822,0.00382772,0.000262498,89.3059,0.000621519,1,-0.00167958,0.0046903,-0.0002625,541.927
0,3678834,7,phononTS,0.000934694,-1.56628e-06,-2.47515e-06,0.0002625,8335.29,0.000831228,1,8.59776e-05,-8.22634e-05,-0.0002625,8643.33
0,3684447,2,phononTF,0.00127169,0.0014748,0.00253637,-0.0002625,7.45997,0.000382,1,0.00200023,0.00199694,0.0002625,2200.25
0,3703668,2,phononTS,0.00216413,-0.00210999,0.00293274,-0.0002625,6.33667,0.000382,1,-0.00200063,0.00199673,0.0002625,816.296
0,3703668,5,phononTS,0.000547663,-0.00200063,0.00199673,0.000262498,816.296,0.000547663,1,-0.00193275,0.00207268,-0.0002625,971.994
0,3703668,4,phononTF,0.00104823,-0.00200063,0.00199673,0.000262498,816.296,0.00104823,1,-0.00227158,0.00222643,-0.0002625,1005.46
0,3712137,4,phononTS,0.00142405,-0.00210728,0.00301849,-0.0002625,21.2851,0.000764,1,-0.00199598,0.00199756,0.0002625,1512.98
0,3739804,5,phononTF,0.00130691,-0.000355137,0.00211005,-0.0002625,7.36406,0.000382,1,4.53709e-07,0.00200466,0.0002625,1171.91
0,3739804,4,phononTF,0.00126166,-0.00220652,0.00388672,0.000262498,7.36406,0.00104434,1,-0.00229705,0.00399897,-0.0002625,169.813
0,3762280,7,phononTS,0.000411097,-0.00292705,-0.00155227,-0.0002625,2473.57,0.000382,1,-0.00200147,-0.00200429,0.0002625,5789.58
0,3763111,2,phononTF,0.0017229,0.000471871,0.00146085,-0.0002625,58.3445,0.000382,1,0.000998375,0.000995539,0.0002625,1627.97
0,3763111,8,phononTF,0.000423569,0.005,0.00410924,-0.000209416,1627.97,0.000423569,1,0.00492442,0.00417983,-0.0002625,3205.36
0,3763111,7,phononTS,0.000588803,0.000998375,0.000995539,0.000262498,1627.97,0.000588803,1,0.000941061,0.00102665,-0.0002625,1800.13
0,3773854,4,phononTF,0.000484559,-0.000373078,0.00233109,-0.0002625,105.021,0.000382,1,7.13941e-07,0.00200312,0.0002625,1402.19
0,3795277,5,phononL,0.00218941,-0.00112187,0.00165387,-6.49482e-05,3171.94,0.000382,1,-0.000996011,0.00100054,0.0002625,3310.39
0,3795277,8,phononTF,0.000765164,-0.000996011,0.00100054,0.000262499,3310.39,0.000765164,1,-0.000905953,0.00107167,-0.0002625,3470.78
0,3835066,8,phononTS,0.000420244,-4.47199e-06,-2.34794e-06,0.0002625,61.6978,0.000420244,1,-9.09404e-05,0.00073408,-0.0002625,3230.23
0,3858537,4,phononTF,0.000722332,0.000121489,0.00182425,-0.0002625,118.192,0.000382,1,0.00100464,0.00100131,0.0002625,3128.76
0,3865716,8,phononL,0.000722739,0.000179128,0.00037949,-0.0002625,426.246,0.000382,1,4.20172e-06,4.20565e-06,0.0002625,2416.45
0,3865716,2,phononTF,0.00667336,-0.00200746,0.00391502,-0.000206227,160.337,0.00428134,1,-0.00202179,0.00392658,-0.0002625,448.409
0,3919117,9,phononTF,0.000822843,-0.000998503,0.00300194,0.0002625,1118.24,0.000750147,1,-0.000941176,0.00294554,-0.0002625,1435.95
0,3924035,5,phononTS,0.000596711,-2.93231e-07,-0.00199591,0.0002625,112.243,0.000596711,1,0.000535093,-0.00347006,-0.0002625,3131.93
0,3954113,4,phononTS,0.00062713,-0.00181957,0.00270237,-0.000262498,1116.01,0.000382,1,-0.00200012,0.00200387,0.0002625,1443.54
0,3990335,8,phononTF,0.000542737,-0.00199522,0.00200362,0.0002625,302.7,0.000542737,1,-0.00225018,0.00354566,-0.0002625,7646.07
0,3990335,6,phononTS,0.00169963,-0.00223074,0.00395715,0.000262498,109.515,0.00122646,1,-0.0023089,0.00402859,-0.0002625,264.34
0,3991807,6,phononTS,0.000501383,0.00199798,0.00199595,0.000262498,4354.65,0.000501383,1,0.00101467,0.00201727,-0.0002625,4762.17
0,3991807,4,phononL,0.00093601,-0.00223753,0.00391632,0.000262498,21.9237,0.00093601,1,-0.00258346,0.00367521,-0.0002625,149.849
0,4024911,5,phononTS,0.00092797,-0.000996213,0.00299594,0.0002625,170.232,0.00092797,1,0.000306055,0.00223371,-0.0002625,1311.99
0,4024911,2,phononTS,0.00281158,-0.002144,0.00420962,-5.06696e-05,4.6236,0.00263144,1,-0.00225648,0.00421147,-0.0002625,261.701
0,4026922,2,phononTS,0.00170434,-0.00287352,1.21356e-07,-0.0002625,8.03009,0.000764,1,-0.00299691,-0.00099651,0.0002625,3232.59
0,4026922,9,phononTS,0.000386772,-0.00299691,-0.00099651,0.000262498,3232.59,0.000386772,1,-0.00306712,-0.00103229,-0.0002625,3388.14
0,4045236,6,phononTF,0.000472982,-0.00193896,0.0036404,-0.0002625,218.634,0.000382,1,-0.000995989,0.00299777,0.0002625,916.182
0,4067431,4,phononTF,0.00120662,0.000637185,0.00137041,-0.0002625,3.16874,0.000382,1,0.00200289,-3.01604e-06,0.0002625,2896.72
0,4117442,3,phononTF,0.00227559,0.00313365,0.000837906,-0.0002625,26.309,0.000382,1,0.00300179,0.00100172,0.0002625,2229.95
0,4117442,5,phononTS,0.00119946,0.00300179,0.00100172,0.000262498,2229.95,0.00084831,1,0.00295063,0.00092601,-0.0002625,2400.27
0,4117695,7,phononTF,0.001198,-0.0014859,0.0033965,-0.0002625,203.815,0.000382,1,-0.00100152,0.00299876,0.0002625,972.547
0,4117695,8,phononTS,0.000793402,-0.00100152,0.00299876,0.000262498,972.547,0.000793402,1,-0.00102823,0.00305058,-0.0002625,1134.44
0,4156964,6,phononTF,0.000768919,-0.00405964,0.00410986,-0.0002625,830.844,0.000382,1,-0.00099537,0.00100192,0.0002625,4044.64
0,4156964,2,phononTS,0.00451807,-0.00234144,0.00378807,0.00019446,86.7969,0.00312462,1,-0.00240702,0.00372038,-0.0002625,252.795
0,4168924,5,phononTF,0.00102008,-0.00164225,0.00252521,-0.0002625,1278.22,0.000382,1,-0.00200204,0.00200242,0.0002625,2933.57
0,4168924,3,phononTF,0.000439309,-0.0021895,0.00393918,0.000262498,83.1099,0.000439309,1,-0.00184517,0.00365502,-0.0002625,287.868
0,4176302,3,phononTS,0.00116979,-0.00210964,0.00294197,-0.0002625,32.3862,0.000382,1,-0.0020011,0.00199657,0.0002625,847.545
0,4181627,6,phononTF,0.000872474,-0.00186785,0.00381099,-0.000259663,945.602,0.000382,1,-0.00100361,0.00300259,0.0002625,2163.59
0,4200760,2,phononTF,0.000879162,0.000127186,-0.000221113,-0.0002625,4.18034,0.000382,1,0.000995801,-0.00100024,0.0002625,2809.65
0,4249797,8,phononTS,0.000463085,-0.00193662,0.0020534,-0.000262498,2745.85,0.000382,1,-0.00199528,0.00199721,0.0002625,2902.19
0,4249797,3,phononTS,0.000546284,-0.00217361,0.00388577,0.000262498,37.8311,0.000546284,1,-0.00224758,0.0038195,-0.0002625,192.694
0,4249797,2,phononTF,0.000954043,-0.00217361,0.00388577,0.000262498,37.8311,0.000337181,1,-0.00304188,0.00308682,-0.0002625,423.173
0,4258427,5,phononTS,0.000731109,-0.00194795,0.00263768,-0.0002625,437.987,0.000382,1,-0.0020033,0.00200281,0.0002625,1345.51
0,4274037,9,phononTF,0.000889573,-0.00133662,0.00335812,-0.0002625,519.06,0.000382,1,-0.00100451,0.00300335,0.0002625,946.174
0,4274038,3,phononTS,0.00429117,-0.00328948,0.00347998,-0.000212866,36.2155,0.00238286,1,-0.00329659,0.00347383,-0.0002625,544.693
0,4312553,2,phononTF,0.000622233,0.000605704,0.00138,-0.0002625,11.0376,0.000382,1,0.00100021,0.000997145,0.0002625,1818.18
0,4321409,3,phononTF,0.00296069,-0.00189844,0.00384634,-0.0002625,46.3424,0.000382,1,-0.000996803,0.0030027,0.0002625,1314.41
0,4325733,6,phononL,0.000535458,1.40045e-06,0.0019964,0.000262498,2726.06,0.000535458,1,-0.000472582,0.00200773,-0.0002625,2858.08
0,4331546,5,phononTS,0.000402846,-0.00215552,0.00384404,-0.000262498,2105.66,0.000382,1,-0.000997612,0.00299814,0.0002625,2637.16
0,4334967,4,phononTS,0.000777007,-0.00126349,0.00336074,-0.0002625,734.552,0.000382,1,-0.000999704,0.00299999,0.0002625,1571.88
0,4339765,5,phononTF,0.000775108,-0.000859997,0.00117473,-0.0002625,2705.66,0.000382,1,-0.00100017,0.000996931,0.0002625,3216.33
0,4357873,6,phononTF,0.00043575,-0.00112827,0.00289937,-0.0002625,256.689,0.000382,1,-0.00100185,0.00299788,0.0002625,1250.75
0,4386484,6,phononTS,0.000883261,-7.99685e-05,0.00261696,-0.0002625,508.224,0.000382,1,0.00200148,0.00199816,0.0002625,2062.8
0,4386484,5,phononTS,0.00127651,-0.00171125,0.00310193,0.000148954,508.224,0.000802488,1,-0.00199743,0.00290508,-0.0002625,725.925
0,4397679,4,phononTF,0.000801138,-0.00102403,0.00288196,-0.0002625,19.9113,0.000382,1,-0.00100037,0.00300294,0.0002625,1493.5
0,4469451,5,phononL,0.000437403,-0.00100493,0.0010043,0.0002625,263.467,0.000437403,1,-0.00100068,0.00128931,-0.0002625,3428.44
0,4479168,11,phononTS,0.000498671,0.00199767,-0.00200283,0.000262498,11284.9,0.000498671,1,0.00100793,-0.0044074,-0.0002625,12226.6
0,4479757,5,phononTS,0.00105605,-0.00192092,0.00207209,-0.000262498,1335.68,0.000382,1,-0.00199598,0.00199581,0.0002625,1490.29
0,4479757,2,phononL,0.00461739,-0.00312936,0.00441088,0.000235829,78.344,0.0027615,1,-0.00321846,0.00380107,-0.0002625,585.896
0,4492495,7,phononTS,0.000479795,-0.00199785,0.00199893,0.000262498,2606.66,0.000479795,1,-0.00192805,0.00220023,-0.0002625,2820.8
0,4496888,6,phononL,0.000669772,-0.00299988,-0.00100346,0.0002625,3537.66,0.000669772,1,-0.00269707,-0.00131608,-0.0002625,3796.55
0,4556034,5,phononTF,0.000638462,0.00210646,8.57618e-05,-0.0002625,2007.08,0.000382,1,0.00200265,-6.21548e-07,0.0002625,2492.53
0,4569415,6,phononTF,0.00292512,-0.000766239,0.0032473,-5.68633e-05,642.689,0.00151816,1,-0.000718066,0.00329489,-0.0002625,951.034
0,4584199,6,phononTS,0.000546433,-0.00194819,0.00199217,-0.000262498,921.134,0.000382,1,-0.00200194,0.0020021,0.0002625,1087.44
0,4585486,5,phononTS,0.000461887,0.00100004,0.000999071,0.0002625,3634.72,0.000461887,1,0.000927893,0.00106126,-0.0002625,4675.14
0,4585486,2,phononTS,0.000572319,-0.00222215,0.00388409,0.000262498,9.78267,0.000572319,1,-0.00201544,0.00400485,-0.0002625,232.671
0,4587261,5,phononTF,0.00237762,0.00316907,0.000854848,0.000103551,242.119,0.000382,1,0.00300473,0.00099989,0.0002625,5666.12
0,4597078,6,phononTF,0.000582352,-0.00200448,0.00200126,0.0002625,854.444,0.000568339,1,-0.00192324,0.00190504,-0.0002625,1294.08
0,4607072,5,phononTS,0.000719854,-0.00312684,-0.000347928,-0.0002625,424.024,0.000382,1,-0.00299904,-0.000995833,0.0002625,4930.64
0,4607072,3,phononTF,0.00262207,-0.00226982,0.0038842,0.000262498,55.4201,0.00188497,1,-0.00215422,0.00397546,-0.0002625,218.06
0,4615709,7,phononTF,0.00127473,-0.00110665,0.00308992,-0.0002625,1083.71,0.000382,1,-0.00100261,0.00300399,0.0002625,1410.07
0,4615709,8,phononTS,0.000585109,-0.00100261,0.00300399,0.000262498,1410.07,0.000585109,1,-0.000931569,0.00293158,-0.0002625,1583.74
0,4651589,6,phononTS,0.00264517,-0.000998881,0.00300496,0.0002625,967.513,0.0018821,1,-0.000459296,0.00249732,-0.0002625,2202.81
0,4661694,3,phononTF,0.00269369,-0.0022274,0.00222143,0.000126861,37.5631,0.001146,1,-0.0019956,0.00199777,0.0002625,4334.6
0,4674541,3,phononTF,0.00256339,-0.00141588,0.00253196,-0.0002625,11.7306,0.000764,1,-0.000998097,0.00300048,0.0002625,924.361
0,4682102,5,phononTS,0.00052614,0.00384589,0.000852747,-0.0002625,106.441,0.000382,1,0.00200191,0.0020003,0.0002625,4625.69
0,4682102,4,phononTS,0.00142971,-0.00220855,0.00389,0.000262498,106.441,0.000416972,1,-0.003754,0.00455186,-0.0002625,755.396
0,4695214,8,phononL,0.000535259,-0.00199513,0.00250547,-0.000262498,1051.73,0.000382,1,-0.00199936,0.00200325,0.0002625,1186.71
0,4717949,4,phononTS,0.00312766,-0.00111257,0.0029211,0.000205795,2198.39,0.000764,1,-0.00100378,0.00299894,0.0002625,2833.11
0,4726644,4,phononTS,0.0014424,-0.00280775,0.00380579,-0.000114503,588.059,0.000764,1,4.38037e-07,-4.10542e-06,0.0002625,2380.74
0,4729134,7,phononTF,0.0018567,0.000991833,-0.00031183,-0.0002625,253.856,0.000382,1,0.00300313,0.000995554,0.0002625,3541.22
0,4729134,8,phononTF,0.000424019,0.00300313,0.000995554,0.000262498,3541.22,0.000424019,1,0.0035859,9.30866e-05,-0.0002625,3923.69
0,4735554,4,phononTF,0.000395458,4.28137e-06,0.00199873,0.0002625,581.34,0.000395458,1,-0.000252735,0.00177679,-0.0002625,3297.19
0,4788943,5,phononL,0.00109853,-0.00039876,0.00301669,-0.0002625,1915.94,0.000382,1,-0.00100103,0.00299927,0.0002625,2356.94
0,4810881,7,phononTF,0.000656627,-0.00107473,0.00293412,-0.000262498,1190.26,0.000382,1,-0.00100149,0.00300483,0.0002625,1350.02
0,4821998,9,phononL,0.00055219,-4.45556e-06,-0.00200088,0.0002625,5865.36,0.00055219,1,-0.000565332,-0.00221588,-0.0002625,6162.79
0,4821999,3,phononTS,0.00374509,-0.00209986,0.00346942,-0.000136732,690.984,0.00295876,1,-0.00208379,0.00349009,-0.0002625,1008.74
0,4826879,4,phononL,0.00157878,-0.00299512,-0.000998847,0.000262498,4870.94,0.00157878,1,-0.00493055,-5.43869e-05,-0.0002625,5314.35
0,4826978,5,phononTS,0.000412131,-0.00199607,-1.16095e-06,0.0002625,4220.37,0.000412131,1,-0.00202109,0.000251796,-0.0002625,4658.37
0,4862388,5,phononTF,0.000721242,-0.00146827,0.00106264,-0.0002625,290.56,0.000382,1,-0.00299667,-0.00100028,0.0002625,9367.1
0,4862388,3,phononTF,0.00118179,-0.00218935,0.00387552,0.000262498,8.35978,0.000636381,1,-0.00265045,0.00441322,-0.0002625,270.265
0,4881204,7,phononTS,0.000562616,0.00199582,0.00200191,0.000262498,2315.93,0.000204799,1,0.00227383,0.00192686,-0.0002625,2531.14
0,4926617,12,phononTS,0.000979994,0.00199951,-4.19836e-06,0.000262498,3604.32,0.000851454,1,0.00204006,5.48771e-05,-0.0002625,3764.01
0,4974195,7,phononTF,0.000708034,-0.00119117,0.00303585,-0.0002625,279.162,0.000382,1,-0.00100056,0.00299601,0.0002625,826.653
0,4974195,2,phononTS,0.00107428,-0.002199,0.00388433,0.000262498,5.57293,0.000399131,1,-0.00307752,0.00344166,-0.0002625,409.265
0,4989409,5,phononTF,0.000433035,-0.00200494,0.00200197,0.0002625,1649.73,0.000433035,1,-0.00192963,0.00209586,-0.0002625,2292.86
0,5015767,3,phononTS,0.00228851,-0.00210143,0.00295386,-0.0002625,38.3161,0.000764,1,-0.00200133,0.00199571,0.0002625,828.848
0,5015767,6,phononTS,0.000444879,-0.00200133,0.00199571,0.000262498,828.848,0.000444879,1,-0.00208667,0.00207803,-0.0002625,982.821
0,5027091,5,phononTF,0.00187994,-0.00279117,0.00289586,-0.0002625,529.391,0.000382,1,-0.00199904,0.00200461,0.0002625,1870.13
0,5049216,5,phononTS,0.000596511,-0.00151083,0.00187482,-0.0002625,881.137,0.000382,1,-0.000999028,0.000998736,0.0002625,2938.49
0,5049216,2,phononTS,0.000631341,-0.00218469,0.0039477,0.000262498,74.1446,0.000631341,1,-0.00244478,0.00395311,-0.0002625,291.288
0,5055641,8,phononTF,0.000730285,-0.00199841,0.00200246,0.0002625,2194.51,9.28209e-05,1,-0.00468502,-0.00251676,-0.0002625,10834.5
0,5063020,7,phononTS,0.000928438,-0.00246226,0.00290835,-0.0002625,253.936,0.000382,1,-0.00199586,0.00200297,0.0002625,4338.81
0,5075262,5,phononTS,0.00244912,-0.00158633,0.00356007,-0.0002625,5.95423,0.000382,1,-0.00100029,0.00300472,0.0002625,2319.34
0,5097150,5,phononTS,0.00111172,-0.00199564,0.00199845,0.0002625,747.963,0.00111172,1,-0.00208225,0.00207805,-0.0002625,1647.55
0,5136376,2,phononTS,0.00279319,0.00202094,0.00205083,0.000201568,1.7089,0.000382,1,0.00200413,0.00199896,0.0002625,2177.51
0,5160154,6,phononTS,0.000729908,0.00131826,0.00196183,-0.000262498,1288.36,0.000382,1,0.00200229,0.00200356,0.0002625,1607.99
0,5160154,2,phononTF,0.000703576,-0.00222639,0.00391635,0.000262498,31.3438,0.000703576,1,-0.0021619,0.00407456,-0.0002625,201.239
0,5191704,6,phononL,0.000443874,-0.00124756,0.00314889,-0.0002625,1358.51,0.000382,1,-0.00100351,0.00300222,0.0002625,2610.64
0,5237954,5,phononTF,0.000818208,-0.00160196,0.00210697,-0.0002625,904.853,0.000382,1,-0.00200013,0.00199844,0.0002625,2927.92
0,5245443,6,phononTF,0.000386553,0.000809654,0.000766319,-0.0002625,1617.69,0.000382,1,0.000999386,0.000999707,0.0002625,2176.28
0,5245443,2,phononTS,0.00191359,-0.00224683,0.00387335,0.000262498,25.0813,0.0018131,1,-0.00233181,0.00379055,-0.0002625,179.046
0,5262515,2,phononTS,0.00217146,-0.00194248,0.00301547,-0.0002625,87.7055,0.000764,1,-0.00100371,0.00299548,0.0002625,4046.03
0,5262515,9,phononTF,0.000667123,-0.00100371,0.00299548,0.000262498,4046.03,0.000667123,1,-0.000682067,0.00254404,-0.0002625,4290.09
0,5266732,6,phononTF,0.000448992,-0.00245827,0.00239247,-0.0002625,1269.72,0.000382,1,-0.00200322,0.0020016,0.0002625,2454.52
0,5267595,12,phononTS,0.00047906,0.00100287,-0.00100493,0.000262498,12526.5,0.00047906,1,0.00105297,-0.000928573,-0.0002625,12696.8
0,5268264,4,phononTS,0.00283735,0.00189714,-0.000226727,0.000190881,62.1464,0.001528,1,0.00199757,-2.93122e-07,0.0002625,2560.75
0,5291989,5,phononTF,0.000528259,-0.005,0.0037491,1.26468e-05,319.606,0.000382,1,-0.000996114,0.00299561,0.0002625,3131.25
0,5294196,4,phononL,0.00252238,-0.00111165,0.00360667,-0.0002625,109.261,0.000764,1,-0.000996396,0.00300459,0.0002625,806.871
0,5321433,3,phononTF,0.000971316,-1.65687e-06,0.00199796,0.0002625,58.2917,0.000706461,1,-0.000561252,0.00258244,-0.0002625,1753.6
0,5321433,2,phononTF,0.00214131,-0.00218193,0.00358553,-0.000223217,58.2917,0.000555856,1,-0.00222215,0.00353945,-0.0002625,307.447
0,5328858,9,phononTS,0.00111521,-0.000995182,0.00300449,0.000262498,3388.78,0.00108209,1,-0.000984911,0.00351792,-0.0002625,3650.02
0,5328859,3,phononL,0.00439407,-0.00233082,0.00302663,-4.34064e-05,262.208,0.00400611,1,-0.00195328,0.00304148,-0.0002625,813.27
0,5343725,5,phononTS,0.00041458,4.00134e-06,0.00200157,0.0002625,440.113,0.00041458,1,0.00196255,4.96729e-05,-0.0002625,2275.61
0,5346561,6,phononTS,0.00136734,-0.00153884,0.00359765,-0.000262498,1641.34,0.000382,1,4.59206e-06,0.0019967,0.0002625,2393
0,5346561,8,phononTS,0.000828363,4.59206e-06,0.0019967,0.000262498,2393,0.000828363,1,-7.07004e-05,0.00194619,-0.0002625,2549.76
0,5363091,4,phononL,0.00269185,-0.00186844,0.00344866,-0.0002625,194.832,0.001146,1,-0.00100465,0.00299501,0.0002625,629.585
0,5363091,5,phononTS,0.000904814,-0.00100465,0.00299501,0.000262498,629.585,0.000904814,1,-0.000993996,0.00232892,-0.0002625,949.859
0,5404425,4,phononTF,0.00166726,-0.00124932,0.0033111,-0.0002625,2296.93,0.000764,1,-0.00100259,0.00300495,0.0002625,2593.48
0,5404425,6,phononTF,0.000528631,-0.00100259,0.00300495,0.000262498,2593.48,0.000528631,1,-0.00147237,0.0035545,-0.0002625,2858.71
0,5410141,2,phononL,0.000758766,-0.00227599,0.00236142,-0.0002625,21.7195,0.000382,1,-0.00200287,0.00200114,0.0002625,580.577
0,5427096,5,phononTS,0.0005439,-0.00296206,0.00364364,-0.0002625,2352.67,0.000382,1,-0.00100408,0.00300298,0.0002625,5046.34
0,5427784,2,phononTF,0.00166757,-0.00160161,0.00346824,-0.0002625,218.352,0.000382,1,-0.000998096,0.0029955,0.0002625,803.499
0,5429270,4,phononL,0.00101903,-0.00160464,0.00343296,-0.0002625,11.1119,0.000382,1,-0.001001,0.002998,0.0002625,359.325
0,5430237,4,phononTS,0.000631629,-0.00100362,-0.000996214,0.0002625,3707.63,0.000631629,1,-0.000980858,-0.00100033,-0.0002625,4043
0,5430237,2,phononL,0.00151312,-0.0021526,0.00392943,0.000262498,67.6582,0.00140153,1,-0.00244954,0.00426897,-0.0002625,198.78
0,5446869,6,phononTF,0.000629351,-0.00100043,0.00299772,0.000262498,1634.58,0.000618045,1,-0.00104853,0.00283475,-0.0002625,1805.06
0,5465167,6,phononTF,0.000413225,0.00263978,0.00127543,-0.0002625,1465.74,0.000382,1,0.0020022,0.00199842,0.0002625,6530.35
0,5486473,4,phononTF,0.000575926,-0.000542711,0.000622595,-0.0002625,3205.47,0.000382,1,3.50372e-07,2.43236e-06,0.0002625,4462.41
0,5504283,4,phononTS,0.00296937,-0.000611961,0.00352064,0.00020232,235.566,0.000382,1,-0.000998489,0.00300003,0.0002625,1250.15
0,5504283,10,phononTF,0.000903665,-0.000998489,0.00300003,0.000262498,1250.15,0.000230659,1,-0.000928465,0.00309005,-0.0002625,1410.47
0,5551959,7,phononTS,0.000386591,-0.00100297,0.00100242,0.000262498,1756.45,0.000386591,1,-0.00108932,0.000929922,-0.0002625,1911.07
0,5554743,4,phononTS,0.00137356,0.0027037,-0.005,-0.000236504,6.66106,0.00134508,1,0.00333161,-0.00425587,-0.0002625,6035.08
0,5554743,3,phononTS,0.00123532,-0.00280808,0.005,0.000146054,6.66106,0.000674422,1,-0.00320625,0.00440408,-0.0002625,769.015
0,5555972,6,phononL,0.000568951,-0.000996277,0.00300444,0.0002625,3949.72,0.000568951,1,-0.00154703,0.00306927,-0.0002625,4232.05
0,5558767,2,phononTF,0.00137837,-0.00146872,0.00338407,-0.0002625,23.0917,0.000382,1,-0.00100353,0.00299518,0.0002625,925.978
0,5558767,8,phononTS,0.000736284,-0.00100353,0.00299518,0.000262498,925.978,0.000736284,1,-0.000997798,0.00344884,-0.0002625,1183.71
0,5583144,7,phononTS,0.000424834,0.000437366,-0.000525122,-0.000262498,2251.8,0.000382,1,0.00100271,-0.000996857,0.0002625,2615.71
0,5583577,9,phononTF,0.000501386,-4.09674e-06,2.14906e-06,0.000262498,8339.65,0.000501386,1,9.0004e-05,-7.09816e-05,-0.0002625,8500.28
0,5583577,5,phononTF,0.000482973,-0.00191338,0.005,-8.08859e-05,178.411,0.000482973,1,-0.0018321,0.00492173,-0.0002625,632.558
0,5621886,6,phononTS,0.0025198,-0.00212398,0.00289791,-0.0002625,187.697,0.000382,1,-0.00200071,0.00199862,0.0002625,941.618
0,5621886,7,phononTF,0.0016241,-0.00200071,0.00199862,0.000262498,941.618,0.000751955,1,-0.00204614,0.00201671,-0.0002625,1099.57
0,5631502,10,phononTS,0.000392093,-0.00318988,0.00289438,-0.0002625,2417.21,0.000382,1,-0.00199964,0.00199935,0.0002625,4132.34
0,5640498,9,phononTS,0.00043618,-0.000998592,0.00300497,0.000262498,2029.88,0.00043618,1,0.00044683,0.00117357,-0.0002625,2854.04
0,5670765,4,phononTS,0.000425418,-0.00214261,0.00411607,-0.0002625,158.508,0.000382,1,-0.00200055,0.00199587,0.0002625,1510.04
0,5684321,11,phononTS,0.0003928,0.005,0.00198656,-4.6919e-05,8143.31,0.0003928,1,0.00484551,0.00147599,-0.0002625,9200.9
0,5696142,7,phononTF,0.000978269,-0.000845171,0.00319628,-0.0002625,1009.42,0.000382,1,-0.000997797,0.00300464,0.0002625,1354.4
0,5696142,6,phononTS,0.00115499,-0.000692545,0.00338792,0.000262498,1009.42,0.00075335,1,0.000419914,0.00203639,-0.0002625,1632.3
0,5706366,6,phononTF,0.000880567,0.00233948,0.00234641,-0.000262498,1661.77,0.000382,1,0.00199516,0.00200017,0.0002625,1880.11
0,5706366,9,phononL,0.00043166,0.00199516,0.00200017,0.000262498,1880.11,0.00043166,1,0.00175101,0.00248024,-0.0002625,2021.12
0,5706366,4,phononTF,0.00379957,-0.00217826,0.00383669,0.000161831,159.589,0.00314556,1,-0.00253793,0.00341703,-0.0002625,366.63
0,5706366,2,phononTS,0.00226821,-0.00207487,0.00390349,0.000186083,93.9155,0.00174,1,-0.00378682,0.00209194,-0.0002625,837.185
0,5712755,6,phononTS,0.000389982,-0.000909682,0.00293804,-0.000262499,2850.99,0.000382,1,-0.000999067,0.00300343,0.0002625,3005.98
0,5728925,4,phononTF,0.00120808,-0.000324408,0.00224278,-0.0002625,68.5147,0.000382,1,0.000996951,0.00100414,0.0002625,1602.73
0,5774096,4,phononTF,0.00241715,-0.00149103,0.00352145,-0.0002625,480.378,0.001146,1,-0.000995395,0.00299797,0.0002625,1012.82
0,5801909,12,phononTS,0.000428911,1.40559e-06,-0.00199929,0.000262498,4848.29,0.000428911,1,-6.83314e-05,-0.00191471,-0.0002625,5021.33
0,5813821,9,phononTS,0.000425244,6.59962e-05,0.00198022,-0.000262498,1914.42,0.000382,1,4.95591e-06,0.00199741,0.0002625,2079.94
0,5820336,6,phononTS,0.000418187,-0.00168898,-0.000953287,-0.000262498,3659.54,0.000382,1,-0.00199547,-2.11018e-07,0.0002625,4078.07
0,5825522,6,phononTF,0.000648693,-0.00216796,0.00409831,-0.000262498,216.308,0.000382,1,-0.00100281,0.0030008,0.0002625,719.317
0,5825559,6,phononTS,0.000691723,-0.00199986,-4.32362e-06,0.000262498,2264.38,0.000499218,1,-0.00197831,0.000520147,-0.0002625,2544.1
0,5825559,3,phononTS,0.000738543,-0.00219616,0.00388632,0.000262498,43.8762,0.000738543,1,-0.00174754,0.00391678,-0.0002625,309.223
0,5836035,5,phononTF,0.00101035,3.59117e-06,-0.00200357,0.000262498,2583.15,0.000891387,1,-0.000206779,-0.00179286,-0.0002625,2763.45
0,5836731,4,phononTF,0.000847933,-0.00100471,0.00300216,0.0002625,188.511,0.000581396,1,-0.000500722,0.00252365,-0.0002625,975.98
0,5841938,6,phononTS,0.00051054,-0.000915672,0.000840471,-0.000262498,3199.36,0.000382,1,-0.000996959,0.000999365,0.0002625,3388.85
0,5866308,9,phononTS,0.000740857,-0.00199751,-0.0019988,0.0002625,11348.4,0.000262557,1,-0.00229726,-0.00277511,-0.0002625,13901.4
0,5906475,6,phononTS,0.000392863,-0.00279564,0.005,-0.000117487,1183.5,0.000382,1,-0.0010048,0.00300172,0.0002625,2272.07
0,5911456,5,phononTS,0.00253323,-0.00159414,0.00344609,-0.0002625,18.4801,0.000764,1,-0.00100082,0.00300314,0.0002625,747.659
0,5911456,7,phononTS,0.000565955,-0.00100082,0.00300314,0.000262498,747.659,0.000565955,1,-0.000909566,0.00305133,-0.0002625,904.171
0,5918669,7,phononTF,0.000575646,0.000997244,-0.000996001,0.0002625,2240.66,0.000386341,1,0.00133701,-0.000578486,-0.0002625,4895.31
0,5918669,4,phononTF,0.000547488,-0.00234302,0.00450516,0.000262498,1507.04,0.000547488,1,-0.00306389,0.00323988,-0.0002625,2001.83
0,5927917,8,phononTS,0.000555385,-0.00111749,0.000914705,-0.0002625,1823.72,0.000382,1,-0.000999491,0.000997806,0.0002625,4604.84
0,5940633,4,phononTS,0.00208838,-0.000577317,0.00202651,-0.000111752,123.248,0.000382,1,-3.49338e-06,0.00199601,0.0002625,1520.37
0,5960335,4,phononTF,0.00137571,-0.00112606,0.00311954,-0.0002625,102.476,0.000382,1,-0.000998919,0.00300015,0.0002625,1768.51
0,5960335,7,phononTF,0.000959021,-0.000998919,0.00300015,0.000262498,1768.51,0.000959021,1,-0.001285,0.00301977,-0.0002625,1963.85
0,5965207,15,phononTS,0.00049294,9.26204e-05,-0.00207911,-0.000262498,3858.61,0.000382,1,4.52479e-06,-0.00199938,0.0002625,4012.61
0,5990980,4,phononTF,0.000469193,-0.000265115,0.000393667,-0.0002625,1912.22,0.000382,1,4.08385e-07,-1.49683e-06,0.0002625,2593.86
0,6043115,6,phononTF,0.00118014,-0.00238921,0.0015679,-0.0002625,1542.88,0.000382,1,-0.001997,0.00200086,0.0002625,3489.08
0,6043115,8,phononTS,0.000516982,-0.001997,0.00200086,0.000262498,3489.08,0.000516982,1,-0.00257965,0.000907382,-0.0002625,3975.41
0,6043115,2,phononTS,0.00354979,-0.00230291,0.00394088,0.000166842,256.847,0.00203337,1,-0.00224463,0.00398814,-0.0002625,383.708
0,6048160,7,phononTS,0.000392059,0.000124173,-0.00412407,-0.0002625,6734.71,0.000382,1,-0.00199547,-0.00200439,0.0002625,13142.9
0,6166576,4,phononTF,0.00120256,-0.0011249,0.00285666,-0.0002625,28.7024,0.000382,1,-0.00100259,0.00299932,0.0002625,1097.39
0,6166576,3,phononL,0.000959362,-0.0021991,0.00384449,0.000262498,28.7024,0.000881749,1,-0.00197247,0.00395212,-0.0002625,144.188
0,6188163,2,phononTF,0.000682479,-0.00131876,0.005,-8.88538e-05,3.76778,0.000382,1,-0.0030013,-0.0010037,0.0002625,2700.91
0,6188164,3,phononTF,0.00524896,-0.00246517,0.00385253,0.000201452,234.209,0.004992,1,-0.00224802,0.00408067,-0.0002625,581.591
0,6193210,3,phononTS,0.000713826,-0.00210453,0.00294284,-0.0002625,6.08958,0.000382,1,-0.00200195,0.00199694,0.0002625,789.243
0,6226386,7,phononTS,0.000415322,2.40904e-06,0.00200214,0.0002625,2489.19,0.000415322,1,7.77019e-05,0.00201517,-0.0002625,2819.09
0,6262855,4,phononTF,0.00179287,-0.000535824,0.00246677,-0.0002625,248.2,0.000382,1,-3.08079e-06,0.0019983,0.0002625,1298.56
0,6277450,13,phononTF,0.000399062,-0.00099902,0.00300204,0.000262498,1537.2,0.000399062,1,-0.00116437,0.00284942,-0.0002625,1710.01
0,6278532,4,phononTF,0.002974,0.0017821,0.00224693,-0.0002625,7.34166,0.001146,1,0.00199774,0.00200346,0.0002625,2461.65
0,6278532,5,phononTF,0.00102507,0.00199774,0.00200346,0.000262498,2461.65,0.00102507,1,0.0021873,0.00184175,-0.0002625,2634.96
0,6296654,3,phononTS,0.000509803,-0.00203717,0.00262662,-0.0002625,20.3244,0.000382,1,-0.00200273,0.00199705,0.0002625,1089.21
0,6330135,5,phononTS,0.00124716,-0.00100208,0.00300446,0.000262498,1173.15,0.00109779,1,-0.00159264,0.00294689,-0.0002625,1465.65
0,6390940,7,phononTS,0.000461894,-0.00223206,0.005,-7.65039e-05,391.678,0.000382,1,-1.54294e-06,0.00199959,0.0002625,2195.15
0,6412131,4,phononTS,0.000452154,-0.00130744,0.00322263,-0.0002625,2114.55,0.000382,1,0.00200425,-3.44506e-06,0.0002625,4169.36
0,6425731,4,phononTS,0.00281062,-0.00201758,0.00202017,0.000101163,60.8009,0.000382,1,-0.0019958,0.00199812,0.0002625,978.536
0,6495342,9,phononTF,0.000841353,-0.000305501,0.00224617,-0.0002625,778.305,0.000382,1,-6.87646e-07,0.00200176,0.0002625,1569.79
0,6523609,5,phononTS,0.000733852,-0.00200434,0.00199706,0.0002625,947.556,0.000733852,1,-0.00201782,0.00208477,-0.0002625,1275.98
0,6538107,2,phononTF,0.00180764,0.00112997,-0.00111208,-0.0002625,5.53517,0.000382,1,0.000997175,-0.000996396,0.0002625,3155.75
0,6538107,8,phononTF,0.000664072,0.000997175,-0.000996396,0.000262498,3155.75,0.000664072,1,0.000772503,-0.000745468,-0.0002625,3341.85
0,6538107,7,phononTS,0.000511924,0.000997175,-0.000996396,0.000262498,3155.75,0.000511924,1,0.000954435,-0.00108704,-0.0002625,3312.85
0,6563360,3,phononTS,0.00287104,-0.00213953,0.00330997,0.000164782,2.64936,0.000382,1,-6.03938e-08,0.00200281,0.0002625,1188.71
0,6566273,6,phononTF,0.00166858,0.000998082,0.00100292,0.000262498,2897.27,0.00166858,1,0.000929422,0.00106573,-0.0002625,3056.54
0,6607634,8,phononTS,0.000714897,-0.00150613,0.005,0.000227788,3034.97,0.000382,1,0.00100059,0.000998844,0.0002625,4990.3
0,6658525,6,phononTS,0.00072252,-0.00200285,0.0020007,0.000262498,1871.76,0.00072252,1,-0.00198942,0.00205151,-0.0002625,2027.94
0,6658526,3,phononTS,0.00477968,-0.00173673,0.00340532,0.000159894,591.026,0.00446406,1,-0.00166471,0.00347288,-0.0002625,923.229
0,6658526,2,phononTF,0.00522032,-0.00266499,0.00326988,-0.000209035,591.026,0.0038685,1,-0.00273895,0.00319812,-0.0002625,956.701
0,6687997,4,phononTS,0.00263776,-0.00203502,0.002016,7.79904e-05,31.5605,0.000764,1,-0.00200299,0.00199976,0.0002625,925.568
0,6715658,3,phononTS,0.00456917,-0.00121493,0.00302123,6.11346e-05,86.5432,0.001146,1,-0.000997469,0.00299896,0.0002625,617.418
0,6715658,6,phononTF,0.000475877,-0.000997469,0.00299896,0.000262499,617.418,0.000475877,1,-0.00102104,0.00297997,-0.0002625,774.507
0,6715658,5,phononTF,0.00162442,-0.000997469,0.00299896,0.000262499,617.418,0.000300797,1,0.000972579,0.00491708,-0.0002625,1453.45
0,6762818,6,phononTS,0.000862963,-0.00132774,0.00353938,-0.000262498,542.717,0.000382,1,-0.00100307,0.00300098,0.0002625,872.662
0,6762818,8,phononTF,0.000383262,-0.00100307,0.00300098,0.000262498,872.662,0.000383262,1,-0.00151251,0.00343075,-0.0002625,1124.35
0,6770594,4,phononTS,0.00305717,-0.00115797,0.00283983,0.000219171,23.3401,0.000382,1,-0.000995697,0.00300461,0.0002625,849.053
0,6770631,9,phononTS,0.000457877,-0.000998617,0.00299909,0.000262498,945.051,0.000457877,1,-0.00205922,0.00394161,-0.0002625,1520.22
0,6784319,6,phononTF,0.000467928,0.001087,0.000823232,-0.0002625,1433.44,0.000382,1,0.00199707,1.50696e-06,0.0002625,2624.76
0,6856972,3,phononL,0.00595948,-0.000971055,0.00305096,0.000200712,59.5945,0.001146,1,-0.00100426,0.00299886,0.0002625,2435
0,6926873,8,phononTF,0.000590015,-0.00100342,0.00300049,0.000262498,2103.5,0.000590015,1,-0.000740696,0.00322012,-0.0002625,2290.08
0,6926873,4,phononTS,0.00251948,-0.00201655,0.00383536,-0.00016844,437.209,0.00126348,1,-0.00184653,0.0037804,-0.0002625,732.178
0,6935304,7,phononTS,0.00043468,0.00199894,0.00199977,0.000262498,3501.19,0.00043468,1,-0.00467424,-0.00457599,-0.0002625,6649.98
0,6950105,8,phononTF,0.00256171,-3.2584e-05,0.00215986,0.000244251,247.56,0.000382,1,9.49209e-07,0.00200441,0.0002625,4237.07
0,6950105,9,phononTS,0.00169886,9.49209e-07,0.00200441,0.000262498,4237.07,0.000594345,1,-0.00120614,0.00183799,-0.0002625,4700.12
0,6972916,8,phononTS,0.00069492,-0.00100103,0.00299763,0.0002625,1264.06,0.00055356,1,-0.000678985,0.00216086,-0.0002625,1876.56
0,6999358,4,phononTF,0.00190011,-0.00124683,0.00128018,-7.23267e-05,122.8,0.000764,1,-0.000997322,0.000999682,0.0002625,3771.68
0,7015794,2,phononTS,0.00206636,-0.00210673,0.00293855,-0.0002625,4.02744,0.000764,1,-0.00199985,0.00200441,0.0002625,812.428
0,7028622,2,phononTF,0.000629041,-0.000554361,0.00247882,-0.0002625,11.8438,0.000382,1,2.44827e-06,0.00200437,0.0002625,1080.63
0,7036845,6,phononTS,0.000469505,-0.000987751,0.001618,-0.0002625,895.464,0.000382,1,-0.00100387,0.000995733,0.0002625,5187.51
0,7093565,6,phononTS,0.000861712,-0.00102692,0.00307684,-0.000262498,769.405,0.000382,1,-0.00100238,0.00299783,0.0002625,928.949
0,7093565,5,phononTS,0.000516549,-0.00238988,0.005,0.000234697,769.405,0.000516549,1,-0.00181469,0.00376239,-0.0002625,2127.44
0,7113802,4,phononTS,0.00191109,-0.00212015,0.00291814,-0.0002625,18.2097,0.000764,1,-0.00200012,0.00199833,0.0002625,783.901
0,7113802,3,phononTS,0.00103582,-0.00224019,0.00383794,0.000262498,18.2097,0.000268413,1,-0.00215171,0.00377634,-0.0002625,195.151
0,7120105,4,phononL,0.00252728,-0.00159526,0.00350247,-0.0002625,1.57265,0.000764,1,-0.000997338,0.00299932,0.0002625,466.897
0,7120105,3,phononTS,0.00248144,-0.00220246,0.00388386,0.000262498,1.57265,0.00138101,1,-0.00226023,0.00379226,-0.0002625,157.145
0,7126656,5,phononTF,0.000605784,-0.00199732,0.00199602,0.000262498,1433.01,0.000605784,1,-0.00119816,0.000947192,-0.0002625,1874.47
0,7126657,3,phononTF,0.00532906,-0.00165188,0.00424423,-0.000148499,280.966,0.00327303,1,-0.00168841,0.00428239,-0.0002625,2139.6
0,7133494,8,phononTF,0.00224922,-0.000998158,0.00300165,0.000262498,670.327,0.00167949,1,-0.00109176,0.00306387,-0.0002625,832.1
0,7135812,3,phononTS,0.00109495,-0.00211193,0.0029032,-0.0002625,78.8816,0.000382,1,-0.00200266,0.00199864,0.0002625,837.22
0,7144861,2,phononTF,0.00281182,-0.00194593,0.00208349,-3.88861e-05,13.0911,0.000764,1,-0.00200029,0.00200388,0.0002625,950.437
0,7263862,3,phononTS,0.00272343,-0.00112758,0.00274158,5.54682e-05,32.4858,0.000764,1,-0.001003,0.00299971,0.0002625,793.407
0,7264194,8,phononTS,0.000596254,-2.12022e-06,-1.93106e-06,0.0002625,1491.04,0.000596254,1,7.32476e-05,-7.91399e-05,-0.0002625,2109.32
0,7274972,7,phononTF,0.00135629,-0.000998069,0.00299584,0.000262498,1637.99,0.00113397,1,-0.00123031,0.00268047,-0.0002625,1843.88
0,7291036,7,phononTF,0.00048278,-0.00100105,0.0029954,0.000262498,971.672,0.00048278,1,-0.00159025,0.00256249,-0.0002625,1258.05
0,7293534,2,phononTS,0.00278756,-0.00103205,0.00306328,-0.0002625,728.831,0.000764,1,-0.000999595,0.00300094,0.0002625,1834.31
0,7300875,3,phononTS,0.00275223,-0.00147937,0.00193022,-7.33482e-05,53.6539,0.000764,1,-0.0020004,0.0020021,0.0002625,2230.11
0,7300875,5,phononL,0.000643303,-0.0020004,0.0020021,0.000262498,2230.11,0.000643303,1,-0.00142038,0.00193636,-0.0002625,2374.9
0,7312065,2,phononTS,0.00404672,-0.000935064,0.00313564,0.000245397,5.27227,0.001528,1,-0.0010039,0.00300187,0.0002625,707.91
0,7348099,8,phononTF,0.00268794,-0.00113167,0.00210757,0.000214669,1133.49,0.000382,1,-0.000999882,0.0029969,0.0002625,4931.38
0,7348099,9,phononTS,0.00197404,-0.000999882,0.0029969,0.000262498,4931.38,0.000733222,1,-0.000321413,0.00316673,-0.0002625,5251.75
0,7382179,7,phononTF,0.000532116,-0.000355833,0.00188912,-0.0002625,480.682,0.000382,1,-0.00100151,-0.000997321,0.0002625,10356.1
0,7396442,11,phononTS,0.00106359,-0.00212601,0.00282622,-0.0002625,358.001,0.000382,1,-0.00199595,0.00199519,0.0002625,1072.05
0,7401511,7,phononTS,0.000753573,-0.00199552,0.00199545,0.0002625,815.179,0.000753573,1,-0.002237,0.00191993,-0.0002625,1228.95
0,7410731,3,phononTS,0.00133782,-0.00168707,0.00371522,-0.0002625,19.4996,0.000382,1,-0.00100002,0.00300211,0.0002625,1143.91
0,7410731,6,phononTS,0.000855083,-0.00100002,0.00300211,0.000262498,1143.91,0.000855083,1,-0.000925984,0.00297918,-0.0002625,1303.78
0,7410731,2,phononL,0.00041364,-0.00223101,0.00387722,0.000262498,19.4996,0.00041364,1,-0.00227196,0.0043062,-0.0002625,147.37
0,7411594,8,phononL,0.000519315,0.00356435,0.00114182,-0.0002625,5407.69,0.000382,1,0.00300053,0.000999373,0.0002625,6357.14
0,7426019,3,phononTS,0.0020671,-0.005,0.00142997,-0.000254632,7.72643,0.000382,1,-0.00200082,-4.0354e-06,0.0002625,2361.17
0,7455312,2,phononTS,0.00104311,-0.00212779,0.00292894,-0.0002625,163.442,0.000382,1,-0.00199736,0.00200231,0.0002625,932.584
0,7465700,6,phononTS,0.000603841,-0.0029295,0.00304631,-0.000262498,779.945,0.000382,1,-0.00200061,0.00199515,0.0002625,1350.01
0,7470131,4,phononTF,0.0017353,-0.005,-0.00219214,9.86625e-06,109.323,0.000382,1,-0.00100383,-0.00100244,0.0002625,6854.34
0,7483623,7,phononTS,0.000441126,-0.00100364,0.00300248,0.000262498,1123.45,0.000441126,1,-0.000784292,0.00202567,-0.0002625,1552.1
0,7483816,6,phononTS,0.000424313,0.000996825,-0.000995099,0.0002625,7187.17,0.000424313,1,0.00106919,-0.00103,-0.0002625,8530.22
0,7490629,2,phononTS,0.00185597,-0.00160377,0.00343939,-0.0002625,2.28998,0.000764,1,-0.00100317,0.00299573,0.0002625,735.101
0,7502004,3,phononL,0.000958053,-0.00100481,0.0029996,0.0002625,1.67994,0.000958053,1,-0.000406777,0.00255854,-0.0002625,523.794
0,7504291,5,phononTS,0.000462642,0.00100101,0.00100292,0.0002625,1149.49,0.000462642,1,0.00251014,-0.000210266,-0.0002625,2524.85
0,7504292,5,phononTS,0.00459761,-0.00189948,0.00357701,-0.000153493,581.317,0.00326417,1,-0.00207951,0.00331844,-0.0002625,1063.52
0,7512563,6,phononL,0.000574224,-0.00114961,0.00160013,-0.0002625,649.821,0.000382,1,-0.000998825,0.00100016,0.0002625,1400.81
0,7580788,7,phononTF,0.000644613,-0.00100286,0.00300159,0.000262498,822.632,0.000644613,1,-0.000795108,0.00318384,-0.0002625,1000.22
0,7580788,4,phononTS,0.00128031,-0.00214002,0.00386921,0.000262498,99.2945,0.00128031,1,-0.00167054,0.00379816,-0.0002625,361.125
0,7584810,4,phononTF,0.000409894,0.000139602,0.00183045,-0.0002625,713.527,0.000382,1,0.00100064,0.0010029,0.0002625,2640.95
0,7601909,11,phononTS,0.000456856,-0.000935924,0.00205835,-0.000262498,1296.82,0.000382,1,-0.00200279,0.00199764,0.0002625,1735.16
0,7620358,3,phononTS,0.00130813,-0.00159029,0.00342327,-0.0002625,48.9421,0.000382,1,-0.000996368,0.00300434,0.0002625,769.207
0,7620358,6,phononTS,0.00062978,-0.000996368,0.00300434,0.000262498,769.207,0.000484584,1,-0.00108221,0.00305004,-0.0002625,938.3
0,7620358,2,phononTS,0.00255681,-0.0021842,0.00384219,0.000262498,48.9421,0.0018231,1,-0.00215839,0.00391793,-0.0002625,215.362
0,7629541,7,phononTS,0.000445049,-5.44864e-05,3.85344e-05,-0.0002625,1796.14,0.000382,1,-1.33433e-06,4.44245e-06,0.0002625,7443.6
0,7636934,7,phononTS,0.000440845,0.00299751,0.00100462,0.000262498,5113.59,0.000440845,1,0.00290914,0.000328466,-0.0002625,5431.02
0,7636934,4,phononL,0.00456074,-0.00178864,0.00395659,-0.000224105,44.5362,0.00357639,1,-0.00176165,0.00400034,-0.0002625,212.68
0,7651415,9,phononTF,0.000513161,-0.00163595,-0.00159644,-0.0002625,12323.3,0.000382,1,-0.00199848,-0.00200008,0.0002625,13141.1
0,7673161,3,phononTF,0.000962978,-0.00137503,0.00333557,-0.0002625,9.66339,0.000382,1,-0.00100258,0.00300103,0.0002625,846.394
0,7676098,6,phononTS,0.00138309,-0.00100158,0.00300232,0.000262499,1197.08,0.000675352,1,-0.00168692,0.00296017,-0.0002625,1514.9
0,7676434,4,phononTS,0.00101199,1.28016e-05,-0.000157375,-0.000262498,6612.16,0.000382,1,-4.14803e-06,-2.63998e-06,0.0002625,6802.01
0,7707188,3,phononL,0.00140357,-0.000370858,0.00231882,-0.0002625,11.0013,0.000382,1,7.06119e-07,0.00200374,0.0002625,822.695
0,7731499,5,phononTF,0.00218973,-0.000545352,0.00246181,-0.0002625,55.9584,0.000764,1,3.04837e-06,0.00199998,0.0002625,1164.23
0,7733259,7,phononTS,0.00100875,-0.00100039,0.000996632,0.000262498,2162.36,0.000679618,1,-0.00118031,0.000936318,-0.0002625,2357.49
0,7774635,4,phononTF,0.00342426,-0.000631092,0.00271826,1.81325e-05,329.937,0.000382,1,-0.00100058,0.00300174,0.0002625,929.635
0,7781313,8,phononTS,0.000556726,-0.000995493,0.00299779,0.0002625,581.4,0.000556726,1,-0.00119927,0.00241538,-0.0002625,1223.62
0,7790188,2,phononTS,0.000548401,0.00185658,-0.00266785,-0.0002625,7.37717,0.000382,1,-0.000996935,0.00100056,0.0002625,5955
0,7792462,7,phononL,0.000607713,-0.000760586,0.00255815,-0.000262498,1094.68,0.000382,1,-0.00100103,0.00300127,0.0002625,1231.46
0,7801437,5,phononTF,0.000692186,-0.000766844,0.00284441,-0.000262498,1666.98,0.000382,1,-0.000997805,0.00299916,0.0002625,1851.67
0,7810077,2,phononTS,0.00106658,-0.00212294,0.00293331,-0.0002625,23.029,0.000382,1,-0.00200299,0.00199945,0.0002625,794.078
0,7844110,8,phononTF,0.000683753,-0.0012074,0.00318283,-0.000262498,1009.67,0.000382,1,-0.000997458,0.00299961,0.0002625,1187.52
0,7867491,2,phononTS,0.00302034,-0.00209592,0.00296132,-0.0002625,55.845,0.001146,1,-0.00200446,0.0019965,0.0002625,826.658
0,7889278,3,phononL,0.00212345,-0.00113049,0.00146511,-0.0002625,75.7463,0.000382,1,-0.00100368,0.00100173,0.0002625,1456.16
0,7906987,9,phononTS,0.00172732,-0.00141524,0.00306445,-0.0002625,362.639,0.000382,1,-0.00100381,0.00300131,0.0002625,1182.14
0,7906987,11,phononTS,0.00101421,-0.00100381,0.00300131,0.000262498,1182.14,0.00101421,1,0.000487844,0.0021911,-0.0002625,1840.22
0,7926105,4,phononTS,0.00061909,-0.00204243,0.00205693,-0.0002625,2404.51,0.000382,1,-0.00200031,0.00200227,0.0002625,3338.79
0,7930921,4,phononTS,0.00281222,-0.000998986,0.00300165,0.0002625,72.0961,0.00113419,1,-0.000949226,0.00292238,-0.0002625,1565.56
0,7933399,7,phononTS,0.000558907,-0.000143859,0.00200254,-0.0002625,280.47,0.000382,1,0.00100023,0.00100264,0.0002625,2101.04
0,7939507,9,phononTF,0.000392333,-0.000998085,0.000999119,0.000262498,1507.8,0.000392333,1,-0.00109444,0.00090414,-0.0002625,1669.76
0,7945117,5,phononTS,0.00050751,-0.00208158,0.00260138,-0.0002625,169.179,0.000382,1,-0.00200265,0.00199962,0.0002625,1043.87
0,7945117,3,phononTF,0.000463995,-0.00220542,0.00388514,0.000262498,1.54117,0.000463995,1,-0.00221963,0.00379527,-0.0002625,162.605
0,7984729,4,phononTS,0.000553039,0.000890408,-0.00100246,-0.0002625,1022.43,0.000382,1,-0.000997337,0.000998949,0.0002625,9897.52
0,7990782,2,phononTS,0.00307361,-0.000128885,0.00424995,-0.0002625,18.7391,0.001146,1,-0.00100079,0.00299765,0.0002625,3222.44
0,8011480,3,phononTS,0.0015583,-0.00211471,0.00293239,-0.0002625,60.4013,0.000382,1,-0.00200302,0.00200353,0.0002625,832.676
0,8024434,4,phononTF,0.000472905,-0.000997821,0.00299964,0.0002625,1141.29,0.000472905,1,-0.00133209,0.00272116,-0.0002625,1545.15
0,8025768,5,phononTF,0.000611141,-0.00199996,0.00199667,0.000262498,2017.11,0.000611141,1,-0.00141106,0.0025025,-0.0002625,2295.34
0,8034395,7,phononTF,0.0011067,-0.00176555,0.00373804,-0.000262498,533.051,0.000382,1,-0.000998281,0.00299526,0.0002625,888.428
0,8057453,5,phononL,0.00254579,-0.00200147,0.00199754,0.0002625,73.0136,0.00192382,1,-0.00243373,0.00229354,-0.0002625,2754.47
0,8057453,4,phononL,0.00117652,-0.00220005,0.00386847,0.000262498,73.0136,0.000746959,1,-0.00198286,0.00440014,-0.0002625,218.258
0,8088635,10,phononTF,0.000599794,-0.000374488,0.00234081,-0.0002625,4550.66,0.000382,1,-7.14029e-07,0.00200219,0.0002625,7347.93
0,8091159,5,phononTS,0.000499732,0.0010785,-0.000243655,-0.000262498,3187.19,0.000382,1,0.000995827,-0.000996965,0.0002625,3538.3
0,8091159,2,phononTS,0.000427565,-0.00223176,0.00389554,0.000262498,31.9505,0.000427565,1,-0.00255315,0.00399308,-0.0002625,275.414
0,8097308,4,phononTF,0.000384738,-0.00179342,0.000242694,-0.000262498,4655.89,0.000382,1,-0.00199713,-1.15743e-06,0.0002625,4838.62
0,8104160,8,phononTS,0.000506008,-0.00135902,0.00330556,-0.0002625,524.607,0.000382,1,-0.000997874,0.00300214,0.0002625,1384.38
0,8104914,4,phononL,0.00246506,-0.00221468,0.00258241,-0.000200575,10.0213,0.001146,1,-0.00199947,0.00200019,0.0002625,1457.96
0,8113241,10,phononTF,0.000426294,-0.00199833,-1.88298e-06,0.000262498,4961.58,0.000426294,1,-0.00175646,0.000300148,-0.0002625,5155.09
0,8116673,5,phononTS,0.00042364,0.00197816,0.00202016,-0.000262498,2128.19,0.000382,1,0.00199715,0.00199971,0.0002625,2284.89
0,8116673,3,phononTF,0.000690299,-0.00222243,0.00387596,0.000262498,10.8305,0.000690299,1,-0.00245061,0.00415466,-0.0002625,200.106
0,8144631,8,phononTF,0.00095491,0.00100226,0.000996047,0.000262498,2451.99,0.000642679,1,0.00129779,0.00124837,-0.0002625,2646.47
0,8148148,9,phononTS,0.000405944,-0.000931894,0.00204724,-0.0002625,3226.8,0.000382,1,-0.00100492,0.00299833,0.0002625,4626.15
0,8157485,6,phononTF,0.000392737,-0.000908093,0.00287729,-0.0002625,1495.88,0.000382,1,-0.0010004,0.00299584,0.0002625,2350.72
0,8168383,9,phononTS,0.000488876,-0.00162986,0.00292208,-0.0002625,2286.11,0.000382,1,-0.000996487,0.00300212,0.0002625,2958.13
0,8192425,8,phononTS,0.000412537,0.00100316,0.000999476,0.000262498,3778.02,0.000412537,1,-0.000283671,-0.00198039,-0.0002625,4928.99
0,8226633,4,phononTF,0.000418043,-0.000812171,0.00289903,-0.0002625,664.784,0.000382,1,-3.49771e-06,0.00200308,0.0002625,1689.4
0,8260780,5,phononTS,0.000583798,0.00278551,0.005,-0.00022595,315.298,0.000382,1,1.62037e-06,0.00199877,0.0002625,6411.84
0,8293433,8,phononTS,0.000671157,2.97374e-07,0.00200056,0.0002625,2178.44,0.000671157,1,0.000574453,0.0019533,-0.0002625,2760.03
0,8306996,7,phononTS,0.000411122,-0.00200286,0.00200485,0.000262498,647.621,0.000411122,1,-0.00151557,0.00301148,-0.0002625,1097.44
0,8311174,3,phononTS,0.00126832,0.0010005,-0.0010018,0.0002625,3.07016,0.00126832,1,0.001068,-0.00107712,-0.0002625,2979.05
0,8317530,8,phononTS,0.000883775,-0.002001,0.00199726,0.000262498,673.877,0.000883775,1,-0.00195458,0.00204551,-0.0002625,829.906
0,8320765,3,phononTS,0.000750385,0.00199745,3.88058e-07,0.0002625,48.4594,0.000750385,1,0.00408099,-0.00196284,-0.0002625,2849.43
0,8342222,5,phononTS,0.000532689,0.00159405,-0.005,-0.000185244,324.673,0.000382,1,-0.00100093,0.00300024,0.0002625,8098.05
0,8378282,4,phononTS,0.000977519,-0.0015713,0.00130299,-0.0002625,407.531,0.000382,1,-0.000995475,0.000997424,0.0002625,1414.22
0,8379970,3,phononTS,0.00115903,-0.0021237,0.00296444,-0.0002625,52.3489,0.000382,1,-0.0020012,0.00200114,0.0002625,839.952
0,8379970,2,phononTS,0.00146537,0.005,-0.000151377,-0.000252795,52.3489,0.00127855,1,0.00499203,-0.000152904,-0.0002625,2857.24
0,8383465,6,phononTF,0.00285539,-0.00116752,0.00314275,-0.0002625,180.385,0.000382,1,-0.00100103,0.00299774,0.0002625,1715.5
0,8383465,8,phononTF,0.000959146,-0.00100103,0.00299774,0.000262498,1715.5,0.000959146,1,-0.000427093,0.00246002,-0.0002625,1997.68
0,8395277,5,phononTS,0.000578414,-0.00191046,0.00243412,-0.000262498,2813.74,0.000382,1,-0.00199646,0.00200008,0.0002625,3065.59
0,8403048,9,phononTF,0.000657069,0.00195129,-0.00206406,-0.000262498,4643.57,0.000382,1,0.00199978,-0.00200142,0.0002625,4802.1
0,8408912,8,phononTF,0.000854476,-0.0019969,3.05456e-06,0.0002625,1915.14,0.000854476,1,-0.0013475,0.000487774,-0.0002625,3928.31
0,8408912,6,phononTS,0.000701621,-0.00232766,0.00389163,0.000262498,114.453,0.000701621,1,-0.00234427,0.00398121,-0.0002625,274.599
0,8410597,2,phononTS,0.000812031,-0.0021084,0.00293542,-0.0002625,6.25546,0.000382,1,-0.00200218,0.00199831,0.0002625,783.9
0,8410597,5,phononTF,0.00042429,-0.00200218,0.00199831,0.000262498,783.9,0.00042429,1,-0.00195824,0.00203405,-0.0002625,941.618
0,8415699,3,phononTF,0.00208922,-0.002353,0.00237198,-0.0002625,6.16174,0.000382,1,-0.00200478,0.00199892,0.0002625,3215.86
0,8481145,2,phononTF,0.00400498,-0.00109437,0.00311589,-0.0002625,63.0253,0.000764,1,-0.00099775,0.00299802,0.0002625,1204.42
0,8492543,4,phononTS,0.00215365,-0.00300119,-0.00100474,0.0002625,78.0478,0.00179803,1,-0.00207342,-0.00102457,-0.0002625,2586.87
0,8492543,3,phononTS,0.00127076,-0.00222995,0.0039061,0.000262498,78.0478,0.000730713,1,-0.00215869,0.00399486,-0.0002625,232.588
0,8497148,5,phononTF,0.00117919,-0.00107783,0.0031029,-0.0002625,2921.83,0.000382,1,-0.00099608,0.00300213,0.0002625,5710.62
0,8529007,4,phononL,0.00253616,0.00100252,0.00100167,0.000262498,1850.04,0.0019849,1,0.00133029,0.000724009,-0.0002625,1978.87
0,8554208,6,phononTF,0.00052181,0.00199505,-0.00200381,0.000262499,5426.77,0.00052181,1,0.00174568,-0.00172701,-0.0002625,5618.83
0,8562728,7,phononL,0.00052485,-0.00199987,0.00248788,-0.000262498,2965.56,0.000382,1,-0.0020045,0.00200264,0.0002625,3098.72
0,8583976,6,phononTF,0.000766395,-0.00261394,0.0025358,-0.0002625,763.831,0.000382,1,-0.00199798,0.00199955,0.0002625,1570.58
0,8675051,6,phononTS,0.00106641,0.00112515,0.00121206,-0.0002625,310.259,0.000382,1,0.00199911,-1.55261e-06,0.0002625,3014.44
0,8700490,5,phononTS,0.000513894,-0.00199642,-0.001995,0.0002625,4014.76,0.000513894,1,-0.00205714,-0.0020684,-0.0002625,4914.98
0,8700490,2,phononTS,0.000429155,-0.00222657,0.00386602,0.000262498,10.1682,0.000429155,1,-0.00220109,0.00383728,-0.0002625,174.606
0,8744449,4,phononTS,0.00289782,-0.00148894,0.00371879,-2.99237e-05,33.7357,0.000382,1,-0.000998758,0.00300053,0.0002625,809.331
0,8744552,8,phononTF,0.00042453,-0.00200137,0.00199728,0.000262498,1791.66,0.00042453,1,-0.00206602,0.00194523,-0.0002625,1950.37
0,8756624,3,phononTS,0.00075287,-0.00203567,0.00244789,-0.0002625,75.3156,0.000382,1,-0.00200177,0.00199736,0.0002625,2153.19
0,8756624,2,phononTS,0.00260579,-0.00200817,0.00443357,9.73845e-06,75.3156,0.00260579,1,-0.00192819,0.00480642,-0.0002625,1061.34
0,8760058,2,phononTS,0.000692574,-0.00210571,0.00293943,-0.0002625,6.13196,0.000382,1,-0.00200441,0.00200498,0.0002625,777.904
0,8764394,3,phononTF,0.00163918,0.00323427,0.000878675,-0.0002625,84.3624,0.000382,1,0.00299685,0.00100486,0.0002625,6444.42
0,8786424,7,phononTS,0.000440725,-0.00107489,0.00288676,-0.0002625,931.992,0.000382,1,-0.00100279,0.00300463,0.0002625,1478.77
0,8802140,9,phononTS,0.000420548,0.00168786,-0.005,-0.000200093,2989.17,0.000420548,1,0.00169604,-0.00496186,-0.0002625,8706.16
0,8802140,2,phononTF,0.00435878,-0.00221969,0.00382522,9.86182e-05,149.861,0.00168652,1,-0.00271448,0.00426621,-0.0002625,393.585
0,8814713,7,phononTS,0.00146102,-0.00200303,0.00199694,0.000262498,1054.97,0.000807549,1,-0.00208711,0.00315774,-0.0002625,1523.04
0,8817984,7,phononTF,0.000517249,-0.00183808,0.00379528,-0.000262498,339.211,0.000382,1,-0.00100225,0.00300031,0.0002625,718.922
0,8845479,3,phononTS,0.00261543,-0.00111101,0.00291325,-0.0002625,77.6364,0.001146,1,-0.00100222,0.00299667,0.0002625,959.371
0,8845479,6,phononTS,0.000625843,-0.00100222,0.00299667,0.000262498,959.371,0.000625843,1,-0.000931081,0.00293348,-0.0002625,1114.42
0,8893139,5,phononTS,0.00218346,-0.00194566,0.00198996,-0.0002625,59.0563,0.000382,1,-0.00200353,0.00200206,0.0002625,3243.1
0,8940762,8,phononTF,0.000601335,-0.005,-0.00168904,-0.000169393,415.488,0.000601335,1,-0.00456372,-0.00198177,-0.0002625,4098.14
0,8974080,3,phononTS,0.0016412,0.00126413,0.00234994,-5.16554e-06,81.7312,0.001146,1,0.00199634,0.00200373,0.0002625,2216.34
0,8974080,2,phononTS,0.00167359,-0.00218428,0.00389082,0.000262498,81.7312,0.00167359,1,-0.00406443,0.00449624,-0.0002625,819.119
0,8996628,2,phononTS,0.00281199,-0.00186014,0.00265005,-0.0002625,4.16693,0.001146,1,-0.00199861,0.00199576,0.0002625,1036.72
0,9010940,6,phononL,0.000450294,-0.00100004,0.00299581,0.000262498,2852.09,0.000450294,1,-0.0010532,0.00382941,-0.0002625,3033.24
0,9013176,9,phononTS,0.000959361,-0.00289938,-0.000294966,-0.0002625,1295.82,0.000382,1,-0.00299871,-0.00100482,0.0002625,3683.19
0,9013176,10,phononTS,0.000552603,-0.00299871,-0.00100482,0.000262498,3683.19,0.000552603,1,-0.00298209,-0.00102234,-0.0002625,3839.93
0,9030967,3,phononTF,0.00195654,-0.00100449,0.00299689,0.0002625,4.51774,0.00135937,1,-0.000402,0.00255287,-0.0002625,876.369
0,9037436,8,phononTS,0.000422339,-0.00093991,0.00302548,-0.000262498,4887.28,0.000382,1,-0.000995001,0.002995,0.0002625,5062.53
0,9037437,3,phononTS,0.00477318,-0.00207127,0.00407469,5.49238e-05,132.264,0.00313913,1,-0.00208598,0.00384108,-0.0002625,1893.01
0,9043080,4,phononTF,0.000578986,-0.00118559,0.0026786,-0.000262498,1772.64,0.000382,1,-4.83854e-06,0.00200473,0.0002625,2240.03
0,9056933,6,phononTS,0.000622526,0.00108146,-0.000915934,-0.000262498,3829.4,0.000382,1,0.000997351,-0.00100124,0.0002625,3983.28
0,9057211,7,phononL,0.00250908,-0.00100271,0.00300006,0.000262498,862.958,0.00231721,1,-0.00125208,0.00333388,-0.0002625,990.432
0,9063819,5,phononTS,0.000529756,-0.00207514,0.00197824,-0.0002625,1129.45,0.000382,1,-0.0019985,0.00200104,0.0002625,2929
0,9070510,5,phononL,0.000459216,-0.00140444,0.00330572,-0.0002625,1155.64,0.000382,1,-0.000999687,0.00299778,0.0002625,1569.2
0,9081984,5,phononL,0.000883637,-0.00217389,0.00235154,-0.0002625,1448.82,0.000382,1,-0.0020027,0.00200045,0.0002625,1823.26
0,9113564,7,phononTF,0.000561399,-0.00100058,0.00299825,0.0002625,570.44,0.000561399,1,-0.000817788,0.00276782,-0.0002625,928.209
0,9122972,5,phononTF,0.000415434,0.00136057,0.00151586,-0.0002625,3938.43,0.000382,1,0.000995989,0.000999394,0.0002625,4914.62
0,9122972,3,phononTS,0.000938838,-0.00290595,0.00415166,-1.9304e-05,53.4537,0.000308054,1,-0.00304293,0.0041752,-0.0002625,460.059
0,9139758,6,phononTS,0.000550033,-0.0019954,0.00200033,0.0002625,832.722,0.000550033,1,-0.00200085,0.00265853,-0.0002625,2603.02
0,9143123,4,phononTS,0.000718512,0.005,-0.00276256,-3.9747e-05,3.99817,0.000718512,1,0.00494665,-0.00272892,-0.0002625,3262.28
0,9143123,3,phononTS,0.00233315,-0.00168311,0.00335178,-0.000227785,3.99817,0.0015195,1,-0.00107269,0.00241705,-0.0002625,612.464
0,9143179,4,phononTS,0.000642358,-0.00197233,0.00403633,-0.000262498,233.646,0.000382,1,1.79592e-06,0.00199795,0.0002625,1164.48
0,9166371,2,phononTF,0.00117763,-0.000896543,0.00296119,-0.0002625,7.21997,0.000382,1,-0.000995145,0.00299677,0.0002625,1265.13
0,9166372,5,phononTS,0.0026887,-0.00215488,0.00354055,3.94634e-05,498.758,0.00132781,1,-0.00172561,0.00450053,-0.0002625,910.376
0,9202647,6,phononTF,0.000402191,-0.00413249,0.00191986,-0.0002625,1429.62,0.000382,1,-0.00199587,4.3141e-06,0.0002625,3777.12
0,9207009,5,phononTF,0.000975568,0.00100195,-0.00300286,0.0002625,331.123,0.000975568,1,0.000432434,-0.00250531,-0.0002625,7183.91
0,9222536,7,phononTS,0.000469045,-0.00108305,0.00105947,-0.000262498,2321.9,0.000382,1,-0.000995447,0.00100142,0.0002625,2477.67
0,9222536,4,phononTF,0.0041668,-0.00237816,0.00407545,0.000120095,1133.31,0.00263056,1,-0.00230519,0.00416148,-0.0002625,1636.61
0,9228429,8,phononTS,0.000437079,-0.00100338,0.00300063,0.000262498,947.069,0.000437079,1,-0.000929616,0.00307573,-0.0002625,1101.79
0,9297778,2,phononTF,0.00083288,-0.00224497,0.00230826,-0.0002625,36.3272,0.000382,1,-0.00200035,0.00200295,0.0002625,2686.98
0,9307888,4,phononTS,0.000794885,-0.00100005,0.00299752,0.0002625,133.11,8.42915e-05,1,-0.000559306,0.00204834,-0.0002625,1610.98
0,9320327,9,phononTF,0.00123561,-0.000902709,0.00291869,-0.0002625,3604.99,0.000382,1,-0.00100301,0.00300213,0.0002625,4089.46
0,9351241,3,phononTS,0.00132673,-0.0014365,0.00299378,-0.0002625,1.55311,0.000382,1,-0.000998397,0.00299912,0.0002625,1486.33
0,9363648,3,phononTF,0.00216431,-0.00212583,0.00210862,-0.0002625,44.0263,0.001146,1,-0.00200173,0.00199679,0.0002625,1804.98
0,9430151,3,phononTS,0.00420031,-0.0019976,0.00192312,8.17041e-05,20.5912,0.000382,1,-0.00200101,0.00200309,0.0002625,1379.73
0,9450644,7,phononTS,0.000554992,0.00200315,-4.43276e-06,0.000262498,4973.56,0.000554992,1,0.00198224,0.000228499,-0.0002625,5187.81
0,9451750,9,phononTF,0.000500181,-0.000995696,0.0030011,0.000262498,1201,0.000500181,1,0.000197003,0.00391564,-0.0002625,1693.78
0,9470010,7,phononTS,0.000510226,-0.00300248,-0.00100125,0.000262498,4090.83,0.000510226,1,-0.00304974,-0.000346444,-0.0002625,4400.43
0,9481125,6,phononTS,0.000513012,-0.00099994,0.00299544,0.000262498,984.681,0.000513012,1,-0.000970467,0.00322866,-0.0002625,1190.62
0,9511553,4,phononTS,0.00258532,-0.00318456,0.00308325,-8.18329e-06,40.215,0.000764,1,-0.00200446,0.00199916,0.0002625,1873.78
0,9536785,5,phononTF,0.000453206,-0.000144175,0.00207369,-0.0002625,532.52,0.000382,1,0.00100349,0.000995594,0.0002625,2018.1
0,9545521,6,phononTF,0.000446285,-0.00235477,0.00233929,-0.0002625,524.553,0.000382,1,-0.00199644,0.00200345,0.0002625,1230.82
0,9545521,3,phononTS,0.000736432,-0.00223782,0.00382539,0.000262498,34.5422,0.000736432,1,-0.00216768,0.00375018,-0.0002625,189.27
0,9545521,2,phononTS,0.0012951,-0.00223782,0.00382539,0.000262498,34.5422,0.0012951,1,-0.00215881,0.00377714,-0.0002625,191.818
0,9550706,2,phononTS,0.00233456,-0.00154479,0.000943502,-0.0002625,30.4635,0.000764,1,-0.00200139,-4.67933e-06,0.0002625,5296.9
0,9624146,5,phononTF,0.000577933,-0.00199546,-0.00199723,0.0002625,4154.67,0.000577933,1,-0.00258268,-0.00132972,-0.0002625,4791.62
0,9632473,7,phononTS,0.000407032,-0.00189417,0.000407926,-0.0002625,928.471,0.000382,1,-0.00100348,-0.0010008,0.0002625,2344.58
0,9648274,6,phononTS,0.000555846,-0.00100443,0.002997,0.000262498,933.694,0.000555846,1,-0.0010097,0.0030712,-0.0002625,1089.02
0,9654252,4,phononTS,0.00120146,0.005,-0.00078761,-0.000240776,45.7063,0.000382,1,0.00299807,0.00100362,0.0002625,4187.66
0,9658311,7,phononTS,0.000395308,-0.00100083,0.00300187,0.0002625,1096.58,0.000395308,1,-0.00104824,0.00293243,-0.0002625,1412.78
0,9681906,6,phononTS,0.000465205,-0.000998701,0.00300133,0.0002625,939.446,0.000465205,1,-0.00102122,0.00302367,-0.0002625,1252.77
0,9689981,8,phononTS,0.000798182,-0.000997853,0.00300304,0.000262498,3717.36,0.000798182,1,-0.00107194,0.00293924,-0.0002625,3872.27
0,9724514,4,phononTF,0.000787701,-0.000334103,0.000393812,-0.0002625,706.952,0.000382,1,-4.8458e-06,7.30051e-07,0.0002625,1796.67
0,9726918,9,phononTF,0.000566572,-0.0015553,0.00347877,-0.0002625,591.314,0.000382,1,-0.00100491,0.00300182,0.0002625,1392.22
0,9726918,7,phononTF,0.00075007,-0.00245434,0.00425919,0.000262498,415.787,0.00075007,1,-0.00194342,0.00394773,-0.0002625,675.845
0,9754053,5,phononL,0.001129,-0.0018777,0.00226862,-0.0002625,1264.25,0.000382,1,-0.00199843,0.00200221,0.0002625,2205.91
0,9754053,6,phononTS,0.000433708,-0.00199843,0.00200221,0.000262498,2205.91,0.000433708,1,-0.00198874,0.00196975,-0.0002625,2370.79
0,9759246,5,phononTS,0.000494694,4.43957e-06,0.002003,0.000262498,2987.19,0.000494694,1,0.000163294,0.00201036,-0.0002625,3184.88
0,9759246,2,phononTS,0.00206423,-0.005,0.00348203,0.000127813,111.897,0.00112084,1,-0.00472086,0.00407953,-0.0002625,1644.93
0,9768769,4,phononL,0.00187205,-0.00135548,0.00201049,-0.0002625,603.808,0.000382,1,-0.00200381,0.00200498,0.0002625,2341.03
0,9768769,6,phononTS,0.000716467,-0.00200381,0.00200498,0.000262498,2341.03,0.000716467,1,-0.00330932,0.00426,-0.0002625,3290.23
0,9768769,5,phononTF,0.000601212,-0.00200381,0.00200498,0.000262498,2341.03,0.000484356,1,-0.00217381,0.00204801,-0.0002625,2512.6
0,9785882,9,phononTF,0.000514955,0.000999629,0.000998192,0.000262498,2316.46,0.000514955,1,0.000822702,0.00122101,-0.0002625,2494.02
0,9787288,8,phononTF,0.000384578,-0.0020009,0.0020018,0.0002625,2095.74,0.000384578,1,-0.00148748,-0.000401556,-0.0002625,3736.47
0,9787288,2,phononTS,0.00186043,-0.00204846,0.00421589,-1.84087e-05,577.543,0.000736457,1,-0.00190193,0.00368429,-0.0002625,800.76
0,9829482,3,phononTS,0.0023576,-0.00215169,0.0029421,-0.0002625,80.7915,0.001146,1,-0.00199716,0.00199637,0.0002625,857.645
0,9837295,6,phononTF,0.000538955,0.00339217,0.000652785,-0.0002625,12438.2,0.000382,1,0.00300152,0.000999167,0.0002625,15779.9
0,9837295,3,phononTS,0.00111194,-0.00224596,0.00388459,0.000262498,41.6724,0.00109555,1,-0.00178655,0.00425924,-0.0002625,363.02
0,9837295,2,phononTF,0.000476698,-0.00224596,0.00388459,0.000262498,41.6724,0.000476698,1,-0.00242425,0.00403011,-0.0002625,216.347
0,9842772,5,phononTS,0.000830147,-0.00209019,0.00237063,-0.0002625,939.93,0.000382,1,-0.00200235,0.00200357,0.0002625,1494.61
0,9842772,7,phononTS,0.000397322,-0.00200235,0.00200357,0.000262498,1494.61,0.000397322,1,-0.00205092,0.00203881,-0.0002625,1655.87
0,9893533,5,phononTS,0.00108897,-0.000504483,0.00238757,-0.0002625,895.515,0.000382,1,4.77147e-07,0.00199735,0.0002625,1898.76
0,9901401,5,phononTS,0.00146458,-9.38842e-06,0.00200062,0.000217951,161.181,0.000382,1,-3.1705e-06,0.00199757,0.0002625,7437.27
0,9924720,8,phononTS,0.000487367,0.00100385,-0.000997057,0.000262498,8929.7,0.000487367,1,0.000913938,-0.000952055,-0.0002625,9086.6
0,9980942,3,phononTS,0.00262842,-8.0127e-05,8.47454e-05,-0.0002625,2.87906,0.000764,1,1.59522e-07,-7.17521e-07,0.0002625,4689.3
0,9980942,6,phononTS,0.000527723,1.59522e-07,-7.17521e-07,0.000262498,4689.3,0.000527723,1,-0.00146857,-0.0023398,-0.0002625,5665.61
0,9990072,7,phononTS,0.000559746,0.00200126,0.00200454,0.000262498,5435.98,0.000559746,1,0.00207588,0.00209211,-0.0002625,5590.37
