Run ID,Event ID,Track ID,Particle Name,Start Energy [eV],Start X [m],Start Y [m],Start Z [m],Start Time [ns],Energy Deposited [eV],Track Weight,End X [m],End Y [m],End Z [m],Final Time [ns]
0,30552,7,phononTF,0.0010577,0.000230691,0.00174284,-0.0002625,6.43781,0.000382,1,-3.5433e-07,0.00199687,0.0002625,1022.68
0,35967,8,phononTF,0.000694368,0.000187404,-0.000175404,-0.000262498,596.918,0.000382,1,2.83742e-06,-4.26243e-07,0.0002625,761.296
0,37317,8,phononTS,0.000758224,-0.00186644,-0.00236134,-0.0002625,1837.54,0.000382,1,-0.00199823,-0.00200257,0.0002625,2978.94
0,72899,7,phononTS,0.000614253,-0.000547657,-0.000198486,-0.000262498,553.508,0.000382,1,4.91375e-06,-4.91688e-06,0.0002625,831.089
0,90687,6,phononTF,0.000494353,-0.00357279,-0.00256447,-0.000262498,1828.98,0.000382,1,-0.00199833,-0.00199993,0.0002625,2359.94
0,111279,7,phononTS,0.000525572,4.72551e-05,-0.00204331,-0.000262499,3501.09,0.000382,1,8.22368e-07,-0.00199507,0.0002625,3648
0,111279,3,phononTS,0.00127405,0.00018544,0.00056642,-3.89736e-05,1.99892,0.000613399,1,-0.00166005,-0.00140487,-0.0002625,969.267
0,120987,4,phononTS,0.000668711,-4.45993e-07,0.00200053,0.0002625,1175.15,0.000668711,1,-4.54948e-05,0.00208745,-0.0002625,1898.28
0,124054,5,phononTS,0.000586414,1.03669e-05,0.00144644,-0.0002625,1.00681,0.000382,1,-1.01547e-06,0.00200182,0.0002625,1770.68
