Run ID,Event ID,Track ID,Particle Name,Start Energy [eV],Start X [m],Start Y [m],Start Z [m],Start Time [ns],Energy Deposited [eV],Track Weight,End X [m],End Y [m],End Z [m],Final Time [ns]
0,587,6,phononTF,0.00109936,-0.00128278,-0.000670459,-0.000262498,1238.76,0.000382,1,-0.00100417,-0.00099718,0.0002625,1433.93
0,587,7,phononTF,0.000692327,-0.00100417,-0.00099718,0.000262498,1433.93,0.000692327,1,-0.00203374,-0.00202816,-0.0002625,1871.3
0,3064,2,phononTS,0.0035624,0.0020517,0.00183043,-0.00021804,42.5529,0.000764,1,0.00200311,0.00200082,0.0002625,1311.26
0,4522,6,phononTS,0.000856728,-0.00270981,0.005,-0.000174148,356.442,0.000382,1,0.00200393,0.00200454,0.0002625,3149.23
0,4522,4,phononTS,0.00414145,-0.000217173,0.00224881,-0.000255247,337.587,0.00224505,1,-0.000224842,0.00224946,-0.0002625,816.668
0,8930,10,phononTS,0.000760996,-0.000971916,0.00297396,-0.000262498,1549.4,0.000382,1,-0.000995734,0.00300293,0.0002625,1704.69
0,8930,2,phononTS,0.0044352,-0.000304514,0.00239829,0.000235807,40.9686,0.00381007,1,-0.000253786,0.00244415,-0.0002625,180.252
0,9517,6,phononL,0.000784872,0.000616864,0.00114735,-0.0002625,2.87436,0.000382,1,0.00099963,0.000996177,0.0002625,585.605
0,17449,6,phononTS,0.000678753,2.78157e-06,0.0019975,0.0002625,447.923,0.000678753,1,-0.000277514,0.00204851,-0.0002625,839.408
0,36402,7,phononL,0.000608597,-0.0010009,0.00299665,0.0002625,1.65587,0.000608597,1,-0.00134516,0.00328235,-0.0002625,390.086
0,36402,6,phononTS,0.000899088,-0.000312381,0.00242525,0.000262498,1.65587,0.000899088,1,-0.000235016,0.00167553,-0.0002625,305.135
0,37395,3,phononTS,0.00152831,0.00202056,0.00216118,0.00021036,5.41593,0.000382,1,0.00200003,0.0019988,0.0002625,735.094
0,40125,4,phononL,0.00108647,-0.00018912,0.00249828,-0.000138849,32.342,0.000764,1,1.31902e-06,0.00200403,0.0002625,342.134
0,49058,7,phononTF,0.00108464,-3.46992e-06,0.00199591,0.000262498,458.171,0.000814869,1,0.00290159,0.00301569,-0.0002625,1377.63
0,54958,10,phononTS,0.000631228,-0.000866392,0.00122547,-0.0002625,937.847,0.000382,1,-0.000998408,0.00100481,0.0002625,1908.33
0,57637,4,phononTS,0.00134243,-0.00132201,0.00119985,0.000135803,9.86744,0.000382,1,-0.00100159,0.00099774,0.0002625,636.218
0,57637,3,phononTF,0.000833295,-0.000331288,0.00242381,0.000262498,9.86744,0.000714309,1,-0.000240986,0.00234625,-0.0002625,162.043
0,57637,2,phononTS,0.00176296,-0.000331288,0.00242381,0.000262498,9.86744,0.00157319,1,-0.00028864,0.00259916,-0.0002625,186.103
0,61540,7,phononTS,0.0008996,3.66535e-05,0.00202639,-0.0002625,5245.04,0.000382,1,-3.96264e-06,0.00200219,0.0002625,6646.59
0,63856,8,phononTS,0.000473272,-0.000724828,0.00209224,-0.000262498,692.358,0.000382,1,-0.00100257,0.00300055,0.0002625,1056.19
0,63856,5,phononTF,0.000661719,-0.000324237,0.00241765,0.000262498,18.3741,0.000661719,1,-0.00123014,0.00069173,-0.0002625,613.763
0,63856,4,phononTF,0.000757927,-0.000324237,0.00241765,0.000262498,18.3741,0.000757927,1,-9.64078e-06,0.00271004,-0.0002625,209.318
0,63856,3,phononTS,0.00131956,-0.000133229,0.00360522,-0.000138401,18.3741,0.00114883,1,-0.000262118,0.00365576,-0.0002625,721.194
0,63856,2,phononTF,0.000513634,-0.000324237,0.00241765,0.000262498,18.3741,0.000513634,1,0.000213065,0.0019395,-0.0002625,274.13
0,70546,7,phononTF,0.000648746,0.00100355,0.00099973,0.000262498,5461.57,0.000580532,1,0.000941915,0.000958588,-0.0002625,5611.39
0,85585,7,phononL,0.00120249,0.00120827,0.00206069,-0.000156125,798.728,0.000545918,1,0.00099908,0.00209437,-0.0002625,1270.41
0,92080,10,phononTF,0.000660124,-0.000203301,0.00219875,-0.000262498,594.747,0.000382,1,-1.18552e-06,0.00200279,0.0002625,763.56
0,94084,2,phononTS,0.00138151,-0.00100416,0.00299574,0.0002625,1.90305,0.00107205,1,-0.000421815,0.0029291,-0.0002625,582.361
0,98850,4,phononL,0.00103615,-0.000180722,0.00231078,-0.0002625,174.053,0.000382,1,3.52861e-06,0.0020002,0.0002625,416.254
0,98850,5,phononL,0.000458611,3.52861e-06,0.0020002,0.000262498,416.254,0.000458611,1,0.000498067,0.00170965,-0.0002625,561.137
0,99923,9,phononTS,0.00102546,0.00100083,-0.001002,0.000262498,1283.54,0.00102546,1,0.0012132,-0.0010388,-0.0002625,1466.99
0,99923,7,phononTF,0.000628314,-0.000288601,0.00240934,0.000262498,38.3179,0.000628314,1,-0.000512122,0.0026517,-0.0002625,212.864
0,106190,5,phononTS,0.00114748,-0.00300377,-0.00100061,0.0002625,56.5302,0.00114748,1,-0.00177445,-0.0015739,-0.0002625,5289.91
0,106190,4,phononTS,0.000592572,-0.000289611,0.00245882,0.000262498,56.5302,0.000592572,1,0.000273272,0.00253322,-0.0002625,323.758
0,106190,3,phononTS,0.000433632,-0.000289611,0.00245882,0.000262498,56.5302,0.000433632,1,-0.000272292,0.00247619,-0.0002625,204.376
0,106190,2,phononTF,0.00301825,-0.00073011,0.00250409,5.18758e-05,56.5302,0.00189321,1,-0.000919646,0.0026833,-0.0002625,625.025
0,119102,6,phononTS,0.00045504,-0.00102052,0.00302074,-0.000262498,1437.15,0.000382,1,-0.000999361,0.00300011,0.0002625,1592.72
