Run ID,Event ID,Track ID,Particle Name,Start Energy [eV],Start X [m],Start Y [m],Start Z [m],Start Time [ns],Energy Deposited [eV],Track Weight,End X [m],End Y [m],End Z [m],Final Time [ns]
0,695,7,phononTS,0.000632639,-0.00199899,-0.0020011,0.0002625,728.699,0.000632639,1,-0.00193433,-0.00277758,-0.0002625,1144.42
0,1064,1,phononTS,0.01,-0.00193803,8.05504e-05,0.000131954,0,0.001528,1,-0.00199887,4.46123e-06,0.0002625,82.2614
0,1064,5,phononTF,0.000450634,-0.00199887,4.46123e-06,0.000262498,82.2614,0.000450634,1,-0.00255026,-0.000315619,-0.0002625,232.404
0,1064,4,phononTF,0.000619421,-0.00199887,4.46123e-06,0.000262498,82.2614,0.000619421,1,-0.00257016,-0.000549915,-0.0002625,245.417
0,2612,1,phononTF,0.01,-0.00196979,3.30727e-05,0.000210521,0,0.001528,1,-0.00200031,3.52547e-06,0.0002625,72.5033
0,2612,3,phononTS,0.00585868,-0.00200031,3.52547e-06,0.000262498,72.5033,0.00300113,1,-0.00201501,0.000265209,-0.0002625,187.647
0,3738,1,phononL,0.01,-0.00202883,-1.95232e-05,0.000241883,0,0.00191,1,-0.00199977,2.34005e-07,0.0002625,75.5494
0,6190,4,phononTS,0.00102905,-0.00194725,-7.36551e-06,-0.0002625,24.5363,0.000382,1,-0.00200299,-4.18114e-06,0.0002625,205.51
0,6190,6,phononTF,0.000490744,-0.00200299,-4.18114e-06,0.000262498,205.51,0.000490744,1,-0.00225163,0.000248657,-0.0002625,313.963
0,9161,3,phononTF,0.000456434,-0.0021017,-9.59563e-05,-0.0002625,41.6203,0.000382,1,-0.00200319,3.05524e-06,0.0002625,636.927
0,13496,1,phononTS,0.01,-0.00194741,-1.30589e-05,0.000153859,0,0.000382,1,-0.00199699,-2.86401e-06,0.0002625,73.4777
0,13496,5,phononTS,0.000516955,-0.00199699,-2.86401e-06,0.000262498,73.4777,0.000516955,1,-0.00194493,5.27753e-05,-0.0002625,167.886
0,13824,1,phononTF,0.01,-0.00191598,-3.96447e-05,0.000187054,0,0.001146,1,-0.00200236,4.47382e-06,0.0002625,127.217
0,15512,1,phononTS,0.01,-0.00189388,-2.74892e-05,0.000204457,0,0.001528,1,-0.00199566,2.28673e-06,0.0002625,34.2305
0,16055,3,phononTS,0.00219466,-0.00230796,-2.73892e-05,-0.000262498,420.57,0.001146,1,-0.00199823,3.57844e-06,0.0002625,541.556
0,16627,1,phononL,0.01,-0.00195661,6.36093e-06,0.000220234,0,0.002674,1,-0.00200475,-1.74722e-06,0.0002625,27.743
0,16627,8,phononTS,0.00138274,-0.00200475,-1.74722e-06,0.000262498,27.743,0.000698877,1,-0.0020055,0.000191174,-0.0002625,135.245
0,16871,5,phononTS,0.000617411,-0.00202048,0.000230026,-0.000262498,523.253,0.000382,1,-0.00199529,3.95898e-06,0.0002625,634.666
0,16884,5,phononTS,0.000686294,-0.00100148,-0.00100329,0.0002625,631.384,0.000302549,1,-0.00120441,-0.000992279,-0.0002625,848.501
0,18861,1,phononTS,0.01,-0.00193069,-3.63449e-05,0.000220091,0,0.001146,1,-0.00199713,3.56691e-06,0.0002625,33.7895
0,18861,6,phononTS,0.000686121,-0.00199713,3.56691e-06,0.000262498,33.7895,0.000686121,1,-0.00219893,-8.00044e-06,-0.0002625,144.195
0,19024,6,phononTS,0.000609093,-0.00221589,3.64504e-05,-0.000262498,154.711,0.000382,1,-0.00199689,-8.63444e-07,0.0002625,264.94
0,20464,1,phononTS,0.01,-0.00198233,-6.64255e-06,0.00025914,0,0.001146,1,-0.00199533,3.98347e-06,0.0002625,20.4768
0,20464,5,phononTS,0.00166795,-0.00199533,3.98347e-06,0.000262498,20.4768,0.00117181,1,-0.0012455,0.00140164,-0.0002625,352.585
0,25190,3,phononTF,0.0021301,-0.005,0.000386078,-0.000238243,1.93869,0.000382,1,-0.00099674,0.00300037,0.0002625,1958.57
0,26055,3,phononTF,0.00149372,-0.0014495,-0.000508983,-0.0002625,10.4495,0.000764,1,-0.00100444,-0.000996542,0.0002625,302.518
0,26382,1,phononTS,0.01,-0.00197042,2.27405e-06,0.000255376,0,0.002674,1,-0.00199553,1.503e-06,0.0002625,44.8635
0,26382,4,phononTS,0.00053354,-0.00199553,1.503e-06,0.000262498,44.8635,0.00053354,1,-0.00195062,-3.82592e-05,-0.0002625,138.639
0,27496,3,phononTF,0.000441812,-0.0019661,-1.67788e-05,-0.0002625,97.2492,0.000382,1,-0.00199857,3.91891e-06,0.0002625,277.602
0,27496,2,phononTF,0.00111751,-0.00193363,-3.74764e-05,0.000262498,97.2492,0.000856949,1,-0.00200791,-0.000280911,-0.0002625,201.429
0,28410,3,phononTF,0.000818552,-0.00184461,6.09681e-05,-0.000262498,190.32,0.000382,1,-0.00200167,2.38377e-06,0.0002625,286.486
0,31405,5,phononL,0.00115215,9.00485e-07,-0.00200065,0.000262498,625.207,0.000911749,1,0.000155337,-0.000933518,-0.0002625,754.781
0,33858,2,phononTS,0.002252,-0.00198713,3.93307e-05,-0.0002625,74.4438,0.000382,1,-0.00200413,4.75908e-06,0.0002625,451.419
0,33858,7,phononTS,0.000447477,-0.00200413,4.75908e-06,0.000262498,451.419,0.000447477,1,-0.00199386,-4.67957e-05,-0.0002625,541.602
0,33858,6,phononTS,0.000846563,-0.00200413,4.75908e-06,0.000262498,451.419,0.000526152,1,-0.00194759,5.54755e-05,-0.0002625,545.928
0,33996,1,phononL,0.01,-0.00200612,-1.03787e-05,0.000255013,0,0.002674,1,-0.00199754,-2.91515e-06,0.0002625,141.293
0,34004,5,phononTS,0.0010315,-0.00199899,-3.99606e-06,0.0002625,117.613,0.000512032,1,-0.00199992,5.14346e-05,-0.0002625,299.05
0,35685,1,phononL,0.01,-0.00203139,2.35193e-05,0.000213478,0,0.001528,1,-0.00200453,3.41521e-06,0.0002625,123.761
0,43893,2,phononTS,0.00302747,-0.000722054,0.00166133,-0.0002625,2100.34,0.000764,1,-4.09603e-06,-1.67649e-06,0.0002625,5530.45
0,43942,1,phononL,0.01,-0.00195219,1.06435e-05,0.000234102,0,0.002292,1,-0.00199734,1.28656e-06,0.0002625,65.3444
0,45641,3,phononTS,0.00148582,-0.0019423,-1.50857e-05,-0.0002625,2.47056,0.000764,1,-0.0019979,-1.92881e-06,0.0002625,365.346
0,45641,4,phononTS,0.000480075,-0.0019979,-1.92881e-06,0.000262498,365.346,0.000480075,1,-0.00197634,-0.000307369,-0.0002625,485.666
0,45641,2,phononTS,0.00219979,-0.0018781,-7.19224e-06,0.000262498,2.47056,0.00123297,1,-0.00173292,-1.55413e-06,-0.0002625,106.349
0,45757,2,phononTF,0.000850553,-0.00151161,0.000370999,-0.0002625,52.6659,0.000382,1,-0.000999278,0.000995291,0.0002625,349.153
0,52186,5,phononTF,0.00045761,-0.00300121,-0.000996371,0.0002625,671.337,0.00045761,1,-0.00340083,-0.000582,-0.0002625,1837.36
0,52543,6,phononTS,0.000397921,-0.005,-0.00407228,-0.000242565,1175.6,0.000397921,1,-0.00467118,-0.00430916,-0.0002625,3069.04
0,54424,7,phononTF,0.000575934,0.000637445,0.000630535,-0.0002625,1170.39,0.000382,1,0.00100198,0.00100449,0.0002625,2494.9
0,54424,2,phononL,0.0013418,-0.00137554,-7.76487e-05,0.000262498,310.263,0.000875877,1,-0.00105163,-0.000251032,-0.0002625,381.22
0,55200,1,phononTF,0.01,-0.00199448,5.8191e-06,0.000253065,0,0.001146,1,-0.0020045,-3.88113e-06,0.0002625,54.8604
0,55200,5,phononTF,0.000425346,-0.0020045,-3.88113e-06,0.000262498,54.8604,0.000425346,1,-0.00171614,-0.00027961,-0.0002625,167.672
0,58769,1,phononTS,0.01,-0.00200598,-8.5898e-06,0.000202744,0,0.003438,1,-0.0020048,-4.37641e-06,0.0002625,123.369
0,58769,5,phononTS,0.000916162,-0.0020048,-4.37641e-06,0.000262498,123.369,0.000563017,1,-0.00133606,0.000597562,-0.0002625,341.633
0,59477,10,phononTS,0.000471627,-0.00200118,2.01355e-06,0.000262498,250.938,0.000471627,1,-0.00208794,0.000781818,-0.0002625,440.964
0,59759,4,phononTF,0.000502451,-0.000395643,-0.00159602,-0.0002625,658.35,0.000382,1,9.73005e-07,-0.00199599,0.0002625,1264.89
0,59855,5,phononL,0.000969063,-0.00178827,0.000126794,-0.0002625,1419.94,0.000382,1,-0.00199589,4.61615e-06,0.0002625,2082.78
0,60255,1,phononTF,0.01,-0.00196009,5.44911e-05,0.000249656,0,0.001528,1,-0.00200182,2.4734e-06,0.0002625,30.7011
0,62650,1,phononTS,0.01,-0.00199892,1.38108e-05,0.000176814,0,0.000382,1,-0.00199566,8.89114e-08,0.0002625,95.7773
0,63982,5,phononTF,0.000571329,-0.00214992,-0.000154986,-0.0002625,889.6,0.000382,1,-0.00199561,1.99298e-06,0.0002625,1182.45
0,64217,3,phononTS,0.00279232,-0.00188159,2.34685e-05,-0.0002625,5.7671,0.000382,1,-0.00199824,-4.33923e-06,0.0002625,201.354
0,66656,1,phononTF,0.01,-0.00192439,1.82919e-05,0.000113905,0,0.001528,1,-0.00200019,2.14562e-06,0.0002625,172.839
0,66656,4,phononTF,0.000770488,-0.00200019,2.14562e-06,0.000262498,172.839,0.000770488,1,-0.00132036,-0.000714866,-0.0002625,365.612
0,66656,3,phononTS,0.00418307,-0.00272655,0.000201133,3.70944e-05,172.839,0.00344969,1,-0.00277067,0.000230455,-0.0002625,927.071
0,67584,1,phononTS,0.01,-0.00190505,-1.98203e-05,0.000196874,0,0.003056,1,-0.00200496,-4.20656e-06,0.0002625,57.7361
0,69054,1,phononTS,0.01,-0.0020104,3.69584e-06,0.000245463,0,0.002674,1,-0.00199804,4.8573e-06,0.0002625,28.0119
0,69942,8,phononTS,0.0011354,-0.0019992,-3.04296e-06,0.000262498,201.264,0.000647608,1,-0.00198141,-0.000418259,-0.0002625,335.575
0,71112,1,phononTF,0.01,-0.00198203,2.02952e-05,0.000239752,0,0.003438,1,-0.00199812,4.81989e-06,0.0002625,63.7382
0,71112,5,phononTS,0.000878683,-0.00199812,4.81989e-06,0.000262498,63.7382,0.000567472,1,-0.00141121,0.000474933,-0.0002625,257.912
0,71112,4,phononTS,0.00151866,-0.00199812,4.81989e-06,0.000262498,63.7382,0.000701795,1,-0.00195531,9.01609e-05,-0.0002625,165.125
0,72853,1,phononTS,0.01,-0.00187602,-2.47587e-06,0.000242626,0,0.000764,1,-0.00200276,1.55656e-06,0.0002625,32.3084
0,74158,5,phononL,0.000771542,-0.00100434,-0.000999213,0.0002625,300.738,0.000771542,1,-0.000798327,-0.00174359,-0.0002625,502.685
0,74287,1,phononTF,0.01,-0.00200504,-1.02213e-05,0.00018006,0,0.00191,1,-0.00200358,-1.06499e-07,0.0002625,121.135
0,75175,1,phononTF,0.01,-0.0019998,2.85759e-06,0.000260201,0,0.002674,1,-0.00199896,2.62569e-06,0.0002625,20.8649
0,76731,1,phononL,0.01,-0.00192998,-3.2324e-05,0.000203305,0,0.001528,1,-0.00200134,4.08904e-06,0.0002625,31.5352
0,78164,6,phononTF,0.000553067,-0.00133201,-0.00135715,-0.0002625,277.721,0.000382,1,-0.00199814,-0.00200482,0.0002625,1488.78
0,78897,4,phononTS,0.00137886,-0.00194402,9.94899e-06,-0.0002625,14.6886,0.000382,1,-0.00199963,2.01166e-06,0.0002625,196.917
0,80335,6,phononTF,0.000535003,-0.00200313,2.70661e-06,0.000262498,217.513,0.000535003,1,-0.00170491,0.00029728,-0.0002625,332.672
0,81117,3,phononTF,0.00303372,-0.00186451,4.09136e-05,-0.0002625,60.0332,0.000764,1,-0.00200355,2.1305e-06,0.0002625,249.575
0,82064,2,phononTS,0.000901405,-0.00195146,-3.15342e-05,-0.0002625,30.0445,0.000382,1,-0.00200034,1.92918e-06,0.0002625,208.551
0,82064,8,phononTS,0.000421622,-0.00200034,1.92918e-06,0.000262498,208.551,0.000421622,1,0.000752331,-0.00156384,-0.0002625,816.261
0,82632,7,phononTF,0.000660532,-0.00200165,-2.37219e-06,0.000262498,823.355,0.000660532,1,-0.00178034,-2.69381e-05,-0.0002625,924.988
0,85385,3,phononTF,0.000442943,-0.00184988,-0.000152407,-0.000262498,271.529,0.000382,1,-0.00199536,-2.35132e-06,0.0002625,368.255
0,86733,6,phononTF,0.000523762,-0.000998271,-0.000996392,0.000262498,344.516,0.000523762,1,-0.00115412,-0.000825617,-0.0002625,443.162
0,86810,1,phononL,0.01,-0.00196609,2.93031e-05,0.000222204,0,0.002674,1,-0.00199818,2.73596e-06,0.0002625,35.1962
0,89630,2,phononTF,0.00225411,-0.000996684,0.00100159,0.0002625,11.5113,0.0017415,1,-0.000777295,0.00125119,-0.0002625,548.62
0,89935,1,phononTS,0.01,-0.00201332,6.64577e-06,0.000248319,0,0.003056,1,-0.00200237,3.89841e-07,0.0002625,38.522
0,89935,7,phononL,0.00064121,-0.00200237,3.89841e-07,0.000262498,38.522,0.000277138,1,-0.000828293,-0.00106339,-0.0002625,231.873
0,93234,3,phononTS,0.00268377,-0.00188355,-5.19367e-05,-0.0002625,148.236,0.000764,1,-0.00200441,-3.00896e-06,0.0002625,348.15
0,94561,1,phononL,0.01,-0.00190407,3.59171e-05,0.000122555,0,0.000764,1,-0.00199875,2.0657e-06,0.0002625,170.473
0,96431,1,phononTF,0.01,-0.00199041,-1.79248e-05,0.000223292,0,0.001146,1,-0.00200479,-4.26743e-06,0.0002625,44.3259
0,98757,5,phononTF,0.000548183,-0.00199921,-7.51399e-07,0.0002625,864.004,0.000548183,1,-0.00218367,-0.000176363,-0.0002625,1063.72
0,101599,1,phononTS,0.01,-0.00199772,-4.06865e-06,0.0002612,0,0.001528,1,-0.00199567,-4.14694e-06,0.0002625,31.5095
0,102711,5,phononTS,0.00191679,-0.005,0.00219412,0.000187167,205.103,0.000523988,1,-0.00196472,-0.00115348,-0.0002625,1728.96
0,103144,3,phononTF,0.00268224,-0.000108038,9.47943e-05,-0.0002625,201.967,0.000764,1,-1.14668e-06,-1.19258e-06,0.0002625,850.344
0,103144,7,phononTS,0.000425599,-1.14668e-06,-1.19258e-06,0.000262498,850.344,0.000425599,1,-5.73435e-06,-0.000279931,-0.0002625,967.515
0,104155,4,phononTF,0.000540146,-0.00199728,-5.94619e-07,0.0002625,175.639,0.000540146,1,-0.00206157,6.0204e-05,-0.0002625,540.195
0,104155,2,phononTF,0.00134676,-0.00170333,-0.000215915,0.000262498,83.1239,0.00134676,1,-0.00175579,-0.000328751,-0.0002625,176.367
0,108930,1,phononTS,0.01,-0.00199697,-1.31548e-07,0.000246192,0,0.00191,1,-0.00199794,-6.1597e-08,0.0002625,28.5555
0,109338,1,phononTS,0.01,-0.00201098,-1.17323e-05,0.000239274,0,0.001528,1,-0.00199629,4.05436e-07,0.0002625,39.9716
0,110217,3,phononTS,0.00233394,-0.00210159,-0.000871544,-0.0002625,1865.73,0.000382,1,-0.00300336,-0.000996181,0.0002625,2274.98
0,110217,4,phononTS,0.00133751,-0.00300336,-0.000996181,0.000262498,2274.98,0.00133751,1,-0.00293444,-0.00144819,-0.0002625,2418.69
0,117614,2,phononTS,0.00180683,-0.00195546,-6.76904e-07,-0.0002625,6.99303,0.000382,1,-0.00200119,-4.22154e-06,0.0002625,189.285
0,117614,6,phononTS,0.0010759,-0.00200119,-4.22154e-06,0.000262498,189.285,0.000797906,1,-0.00156346,-1.5617e-05,-0.0002625,328.305
0,118098,8,phononTS,0.000623284,-0.00199921,2.18037e-06,0.000262498,559.936,0.000607618,1,-0.00197493,5.45934e-05,-0.0002625,649.486
0,119702,1,phononTS,0.01,-0.001997,2.37167e-06,0.000261464,0,0.004202,1,-0.0019975,2.93351e-06,0.0002625,20.176
0,119702,6,phononL,0.000801823,-0.0019975,2.93351e-06,0.000262498,20.176,0.000801823,1,-0.00245495,0.000238063,-0.0002625,100.273
0,119702,5,phononTF,0.000458055,-0.0019975,2.93351e-06,0.000262498,20.176,0.000458055,1,-0.00224633,-0.000244111,-0.0002625,128.256
0,119775,3,phononL,0.00283705,-0.00133487,0.000398328,-0.0002625,169.762,0.000382,1,-0.00100236,0.00100285,0.0002625,359.535
0,123054,1,phononTF,0.01,-0.0019677,3.62404e-05,0.000228566,0,0.003056,1,-0.00199864,1.53096e-06,0.0002625,39.7666
0,123054,6,phononL,0.000722085,-0.00199864,1.53096e-06,0.000262498,39.7666,0.000298372,1,-0.00227083,0.000279349,-0.0002625,111.982
0,124308,1,phononTF,0.01,-0.00199775,1.07528e-05,8.6949e-05,0,0.000764,1,-0.00199959,2.41627e-06,0.0002625,89.5999
0,124308,4,phononL,0.00199725,-0.00199959,2.41627e-06,0.000262498,89.5999,0.000750569,1,-0.00254446,0.000477416,-0.0002625,188.399
0,124795,5,phononTS,0.000415328,-0.00198518,0.00042879,-0.000262498,1081.03,0.000382,1,-0.00200375,-3.60432e-06,0.0002625,1218.19
