Run ID,Event ID,Track ID,Particle Name,Start Energy [eV],Start X [m],Start Y [m],Start Z [m],Start Time [ns],Energy Deposited [eV],Track Weight,End X [m],End Y [m],End Z [m],Final Time [ns]
0,68386,10,phononTS,0.000532008,-0.00135648,0.00305486,-0.0002625,344.568,0.000382,1,-0.000995313,0.00299737,0.0002625,2543.22
0,89224,16,phononTF,0.000630255,0.00182294,3.71364e-05,-0.0002625,6650.78,0.000382,1,0.00200405,-2.28493e-06,0.0002625,7517.87
0,91008,10,phononTS,0.000505212,0.00200202,3.40965e-06,0.000262498,6571.86,0.000505212,1,0.00197331,-5.31101e-05,-0.0002625,6733.08
0,94343,8,phononTS,0.000431518,0.00299889,0.000997557,0.0002625,2168.27,0.000431518,1,0.00319836,0.000942915,-0.0002625,2522.54
0,155155,8,phononL,0.00110469,0.00299943,0.00100435,0.0002625,576.849,0.000637186,1,0.00280225,0.00105245,-0.0002625,6309.82
0,164146,7,phononTS,0.00127642,0.00300149,0.000999525,0.000262498,785.941,0.000898811,1,0.00327066,0.00130009,-0.0002625,1053.58
0,164146,5,phononL,0.00082707,0.00349951,0.00277685,0.000262498,98.0911,0.000235867,1,0.00374279,0.00307963,-0.0002625,222.96
0,178860,7,phononTS,0.000397924,0.00399207,0.00223738,-0.000262498,564.083,0.000382,1,0.00299896,0.000997459,0.0002625,1137.21
0,185344,8,phononTF,0.000678021,0.0010002,-0.000998153,0.0002625,661.054,0.000678021,1,0.000747411,-0.00128396,-0.0002625,3402.29
0,227650,15,phononTS,0.000646646,0.00206736,-0.0018523,-0.0002625,2277.36,0.000382,1,0.002002,-0.00200305,0.0002625,2888.86
0,227650,7,phononTS,0.00134462,0.00343174,0.00269047,0.000262498,50.1013,0.00134462,1,0.00359706,0.00270192,-0.0002625,246.909
0,265182,6,phononTS,0.00351951,0.00316797,0.00192874,-9.31146e-05,541.873,0.000764,1,0.00300101,0.000996996,0.0002625,1427.68
0,265182,10,phononTS,0.000497275,0.00300101,0.000996996,0.000262498,1427.68,0.000497275,1,0.00308632,0.00108124,-0.0002625,1581.55
0,269406,3,phononL,0.00137197,0.00272621,0.00238041,-0.0002625,1.77154,0.000382,1,0.00199838,0.00200211,0.0002625,372.922
0,276158,7,phononTF,0.000970481,0.00199578,-0.00200351,0.000262498,2351.43,0.000970481,1,0.00166353,-0.00170568,-0.0002625,2558.1
0,285575,11,phononTS,0.000423118,0.00200106,-3.2551e-06,0.000262498,3143.85,0.000423118,1,0.00208437,-4.14253e-05,-0.0002625,3311.92
0,285575,8,phononTS,0.00105756,0.00225352,0.00222579,0.000262498,1178.36,0.00105756,1,0.00326686,0.00173754,-0.0002625,1630.46
0,285807,6,phononL,0.00105825,0.00237164,0.000448138,-0.0002625,18.4974,0.000382,1,0.00199736,6.60464e-07,0.0002625,925.89
0,289053,6,phononTS,0.000721985,-0.00100307,0.000995472,0.000262498,1862.3,0.000721985,1,-0.000952387,0.00127846,-0.0002625,2080.36
0,297258,8,phononTS,0.000492326,0.00251393,0.0023704,-0.0002625,2672.53,0.000382,1,0.000996905,0.00100275,0.0002625,6136.65
0,326330,5,phononTS,0.000409471,-0.000910001,-0.00134778,-0.000262498,1858.14,0.000382,1,-0.00100206,-0.00100303,0.0002625,2106.12
0,349775,11,phononTS,0.000383437,0.000309608,-0.00194729,-0.000262498,4832.43,0.000382,1,0.00100208,-0.00299784,0.0002625,5354.9
0,377015,9,phononTS,0.000580522,-0.000106305,0.00313604,-0.0002625,243.383,0.000382,1,-0.00199569,2.04705e-06,0.0002625,3403.97
0,390959,4,phononL,0.00113955,0.000199937,0.000772125,-0.0002625,2.9824,0.000382,1,-0.00200327,-4.64582e-06,0.0002625,2781.94
0,390959,8,phononTF,0.000423246,-0.00200327,-4.64582e-06,0.000262498,2781.94,0.000423246,1,-0.00242697,-0.000446367,-0.0002625,3025.67
0,390959,3,phononTS,0.000952962,0.00345331,0.00276491,0.000262498,2.9824,0.000952962,1,0.00346562,0.0025391,-0.0002625,207.438
0,428674,8,phononTS,0.000485211,0.00221816,0.00162714,-0.0002625,955.865,0.000382,1,0.000996426,0.00100489,0.0002625,3211.74
0,428674,6,phononTS,0.000501965,0.00342431,0.0027978,0.000262498,54.7563,0.000501965,1,0.00233174,0.00329564,-0.0002625,554.344
0,462756,8,phononTS,0.000594424,0.00135528,-0.00179322,-0.0002625,1978.68,0.000382,1,0.00100333,-0.00299658,0.0002625,4578.61
0,474382,9,phononTS,0.00117884,0.000783644,0.0021452,-0.0002625,191.358,0.000382,1,-1.7337e-06,0.00200056,0.0002625,1607.49
0,474382,11,phononTS,0.000683169,-1.7337e-06,0.00200056,0.000262499,1607.49,0.000683169,1,-0.0003442,0.00102277,-0.0002625,2042.06
0,481707,2,phononTF,0.000641561,-0.000195133,0.000381268,-0.0002625,1.93256,0.000382,1,-0.0030025,-0.00100218,0.0002625,4296.3
0,503954,5,phononTF,0.0013143,0.000703284,0.00279291,-0.0002625,586.598,0.000382,1,-3.70397e-06,0.00200011,0.0002625,2791.18
0,503954,6,phononTF,0.000922605,-3.70397e-06,0.00200011,0.000262498,2791.18,0.000922605,1,-0.000301688,0.0017008,-0.0002625,2995.88
0,514151,9,phononTF,0.000430796,-0.00100279,0.000999812,0.000262498,6179.65,0.000430796,1,-0.00115475,0.000979174,-0.0002625,6348.28
0,519064,11,phononTS,0.000753004,-2.73522e-08,1.2886e-06,0.000262498,2442.4,0.000307376,1,7.80207e-05,-7.31313e-05,-0.0002625,2597.43
0,586954,7,phononTF,0.000707335,0.00200148,-3.13121e-06,0.000262498,3306.22,0.000707335,1,0.00222712,0.000345193,-0.0002625,3520.12
0,598829,4,phononTS,0.00167308,0.00327692,0.00249057,-0.000201838,265.549,0.000764,1,0.0019952,0.00200461,0.0002625,1260.87
0,624114,7,phononL,0.000400988,0.00100108,0.000996242,0.000262498,3779.52,0.000400988,1,-0.000247522,0.000669872,-0.0002625,4044.09
0,627223,8,phononTS,0.000796959,-5.29327e-07,0.00200202,0.0002625,3089.23,0.000165918,1,0.000412855,0.00192135,-0.0002625,3583.43
0,653648,8,phononTS,0.00040785,0.00199628,0.00199595,0.0002625,1456.73,0.00040785,1,0.00178238,0.00207868,-0.0002625,2660.92
0,656821,6,phononTS,0.000694716,0.00200291,0.00247709,-0.000262498,1026.53,0.000382,1,0.00200173,0.00199921,0.0002625,1276.31
0,670638,2,phononTS,0.000843362,1.07127e-05,0.00437667,-0.0002625,1.44723,0.000382,1,0.00299784,0.000997423,0.0002625,3154.27
0,731312,4,phononTS,0.0017351,0.00371612,0.00222114,-0.000262498,3390.8,0.000382,1,0.0010009,0.000999977,0.0002625,4455.35
0,731312,8,phononTF,0.00100832,0.0010009,0.000999977,0.000262498,4455.35,0.000281903,1,0.00130086,0.00124745,-0.0002625,4649.7
0,735933,5,phononTS,0.00159252,0.00199812,6.9597e-06,0.00026182,2773.61,0.000382,1,0.00200076,4.47289e-06,0.0002625,4976.37
0,735933,6,phononTF,0.000547171,0.00200076,4.47289e-06,0.000262498,4976.37,0.000547171,1,0.00168043,-0.000274437,-0.0002625,5177.54
0,735933,4,phononTF,0.00345192,0.00358734,0.00367697,-0.000235694,2773.61,0.00204255,1,0.00355927,0.00370707,-0.0002625,2908.71
0,739837,12,phononTS,0.000383675,-0.00274512,-8.28641e-05,-0.0002625,525.332,0.000382,1,-0.00199722,-1.05779e-07,0.0002625,2673.11
0,789388,8,phononTF,0.000409411,0.00280704,0.000783905,-0.000262498,3196.76,0.000382,1,0.00299876,0.00100295,0.0002625,3375.81
0,803350,9,phononTS,0.000419804,0.00199931,0.00200488,0.000262498,1146.17,0.000419804,1,0.00198955,0.00201015,-0.0002625,1316.6
0,803350,2,phononTS,0.000834043,0.00346737,0.00276532,0.000262498,32.9502,0.000600811,1,0.00306315,0.00376528,-0.0002625,474.012
0,835995,8,phononTS,0.00139366,0.00202927,0.00206957,-0.0002625,2192.19,0.000764,1,0.00199571,0.00199958,0.0002625,2511.22
0,856688,7,phononTS,0.000725941,0.00200488,0.00200361,0.000262498,1182.32,0.000725941,1,0.00372404,0.00097468,-0.0002625,1933.4
0,860880,7,phononTF,0.00101329,0.00325605,0.00247341,-0.000262498,466.945,0.000382,1,0.00200233,0.0020012,0.0002625,945.548
0,888676,9,phononTS,0.000440763,0.00099934,0.00100013,0.000262498,2527.18,0.000440763,1,0.00104002,0.00105998,-0.0002625,2686.79
0,906937,9,phononTS,0.000753978,2.2444e-05,0.00205944,-0.0002625,2816.59,0.000382,1,1.40768e-06,0.00199518,0.0002625,3300.88
0,937469,9,phononTS,0.000665532,-0.005,-0.00199458,-5.68993e-05,1493.85,0.000665532,1,-0.00253313,-0.002025,-0.0002625,6965.49
0,937469,3,phononTS,0.000483314,0.00346972,0.00278137,0.000262498,11.3845,0.000483314,1,0.00405238,0.00276904,-0.0002625,294.78
0,937469,2,phononTF,0.000727973,0.00346972,0.00278137,0.000262498,11.3845,0.000544609,1,0.00354154,0.00284858,-0.0002625,170.943
0,972002,3,phononTF,0.00352464,0.00187028,0.00210597,-9.87645e-05,252.467,0.001146,1,0.00199694,0.00200317,0.0002625,1797.85
0,972002,5,phononTF,0.000980551,0.00199694,0.00200317,0.000262499,1797.85,0.000762156,1,0.000995546,0.00296475,-0.0002625,2246.41
0,1023504,10,phononL,0.000396956,0.00300027,0.00100328,0.000262498,2161.76,0.000396956,1,0.00217279,0.000913907,-0.0002625,2342.78
0,1023504,3,phononTS,0.00165379,0.00346345,0.00277519,0.000262498,133.892,0.00165379,1,0.00355816,0.00231115,-0.0002625,393.016
0,1029680,2,phononL,0.00428465,0.00300486,0.000999895,0.0002625,106.756,0.00343614,1,0.00298455,0.000757555,-0.0002625,1351.97
0,1048453,11,phononTS,0.00129579,0.00313957,0.00104663,-0.0002625,174.921,0.000764,1,0.00300073,0.00100371,0.0002625,1231.91
0,1065769,4,phononTS,0.00203137,0.00322927,0.00187728,-0.0002625,33.6179,0.000382,1,0.00300492,0.000999139,0.0002625,767.701
0,1065769,6,phononTS,0.00128329,0.00300492,0.000999139,0.000262498,767.701,0.00128329,1,0.00292942,0.00104586,-0.0002625,922.745
0,1082103,11,phononTS,0.000472244,-4.26881e-06,-3.83951e-06,0.000262498,4649.52,0.000472244,1,9.46476e-06,-7.08162e-05,-0.0002625,4811.61
0,1082103,6,phononTF,0.00243715,0.0034283,0.00208809,8.0291e-05,843.536,0.00169597,1,0.00353947,0.0019737,-0.0002625,956.48
0,1110387,7,phononTF,0.000464018,0.00215819,0.000134313,-0.0002625,1525.14,0.000382,1,0.002004,3.12221e-06,0.0002625,2364.39
0,1122449,3,phononTS,0.000886513,0.00273543,0.00237316,-0.0002625,13.0038,0.000382,1,0.0019986,0.00199661,0.0002625,787.393
0,1139184,9,phononTS,0.000625138,0.000939159,0.000969813,-0.0002625,620.724,0.000382,1,0.00100121,0.0010026,0.0002625,1537.33
0,1156854,10,phononL,0.000940659,0.00390814,0.000308947,-6.26645e-05,318.781,0.000382,1,-4.30609e-06,-2.04374e-06,0.0002625,9270.87
0,1163683,5,phononTS,0.000974062,-0.0031166,-0.000891938,-0.0002625,93.1111,0.000382,1,-0.000995475,0.0010034,0.0002625,7790.7
0,1163683,6,phononTF,0.000412334,-0.000995475,0.0010034,0.000262499,7790.7,0.000412334,1,-0.000917787,0.00108545,-0.0002625,7951.4
0,1163683,4,phononTS,0.00171886,0.00344598,0.00276227,0.000262498,93.1111,0.00148645,1,0.00342089,0.00224475,-0.0002625,375.348
0,1163683,3,phononTS,0.000851758,0.00344598,0.00276227,0.000262498,93.1111,0.000851758,1,0.00350489,0.00271186,-0.0002625,249.505
0,1184484,9,phononTS,0.000395819,0.00299971,0.000998585,0.000262498,4736.87,0.000395819,1,0.00297143,0.00115811,-0.0002625,4937.28
0,1212700,9,phononTS,0.000775974,0.00372113,0.000774551,-0.000262498,571.104,0.000382,1,0.0030016,0.000998878,0.0002625,907.788
0,1216758,11,phononTS,0.000454402,0.00200298,0.00199602,0.0002625,2156.04,0.000454402,1,0.00198787,0.00197338,-0.0002625,2507.91
0,1236604,6,phononTF,0.00125991,0.00132067,0.00138332,-0.0002625,1216.48,0.000382,1,0.00100445,0.00100053,0.0002625,2503.04
0,1243625,6,phononL,0.00137068,0.00227446,0.00245537,-0.0002625,401.074,0.000764,1,0.00199646,0.00200127,0.0002625,724.649
0,1243625,8,phononTS,0.000556865,0.00199646,0.00200127,0.000262498,724.649,0.000556865,1,0.00191723,0.00298946,-0.0002625,1130
0,1257724,5,phononTF,0.000849612,0.00218246,0.00217985,-0.0002625,807.186,0.000382,1,0.00199635,0.00200005,0.0002625,1331.71
0,1314769,9,phononTF,0.000397609,-4.24561e-06,-0.00199789,0.000262498,3316.73,0.000397609,1,0.000216142,-0.00220106,-0.0002625,3500.84
0,1314769,4,phononTS,0.000382065,0.00347642,0.00272216,0.000262498,33.556,0.000382065,1,0.0034434,0.00271902,-0.0002625,190.125
0,1314769,3,phononTF,0.00046488,0.00347642,0.00272216,0.000262498,33.556,0.00046488,1,0.00332227,0.00257251,-0.0002625,203.01
0,1324935,12,phononTS,0.000564066,0.00100064,0.0010017,0.0002625,5311.88,0.000564066,1,0.000676707,0.000943062,-0.0002625,5765.68
0,1325086,4,phononTF,0.000607921,0.00236023,0.0015734,-0.0002625,13.4339,0.000382,1,0.00200338,0.00200231,0.0002625,919.856
0,1341389,8,phononTS,0.00101417,-0.000996341,-0.000998302,0.000262498,8475.95,0.00051534,1,-0.00126434,-0.000934355,-0.0002625,8689.64
0,1351676,4,phononTS,0.00141848,0.00299837,0.00100045,0.0002625,1.31027,0.000579815,1,0.00304102,0.00105899,-0.0002625,981.164
0,1355181,2,phononTF,0.00107744,0.00273035,0.00238112,-0.0002625,2.1365,0.000382,1,0.00200489,0.00199931,0.0002625,647.544
0,1363154,11,phononTS,0.000855803,0.00200158,0.0019985,0.000262498,1460.43,0.000855803,1,0.00197878,0.00195662,-0.0002625,1616.79
0,1368293,7,phononTS,0.000632983,0.00208157,0.00266605,-0.000262498,2219.2,0.000382,1,0.00200316,0.00199797,0.0002625,2532.25
0,1381366,8,phononTF,0.000463457,-0.00137012,-0.000648866,-0.0002625,430.089,0.000382,1,-0.000996171,-0.00100203,0.0002625,5954.21
0,1392739,6,phononTS,0.00084276,0.00325299,0.00246937,-0.000262498,822.297,0.000382,1,0.00200092,0.00199905,0.0002625,1361.25
0,1427128,8,phononTF,0.000635811,0.00100142,-0.00300037,0.000262498,4147.93,0.000110573,1,0.00105397,-0.00292489,-0.0002625,4308.02
0,1431505,5,phononTS,0.00136973,0.00171789,0.00137708,-0.0002625,42.647,0.000382,1,-1.8313e-06,-7.49143e-08,0.0002625,1598.05
0,1464879,8,phononTS,0.000671713,0.00199922,0.00200078,0.000262498,1626.66,0.000671713,1,0.00192351,0.00192636,-0.0002625,1781.31
0,1464879,2,phononTF,0.00137578,0.00341181,0.00279296,0.000262498,45.0421,0.000495054,1,0.00319283,0.00274339,-0.0002625,225.609
0,1472627,5,phononTF,0.000689229,0.00235391,0.00243521,-0.0002625,652.11,0.000382,1,0.00199616,0.00200273,0.0002625,1563.54
0,1472627,4,phononTS,0.00193718,0.00342717,0.00373267,0.000262498,652.11,0.00191842,1,0.00250203,0.00350299,-0.0002625,1056.29
0,1562187,3,phononL,0.00386759,0.0020772,0.00169829,-0.0002625,140.728,0.000382,1,0.00200217,0.00200199,0.0002625,1040.06
0,1562187,6,phononTS,0.00154523,0.00200217,0.00200199,0.000262498,1040.06,0.000643157,1,0.00143395,0.0020366,-0.0002625,1319.42
0,1583387,11,phononTF,0.00114087,0.000996991,-0.0030031,0.000262498,2252.11,0.000726845,1,0.00224874,-0.00392529,-0.0002625,2761.71
0,1604793,8,phononTS,0.000500212,-0.00146252,-0.00111928,-0.0002625,9350.25,0.000382,1,-0.00100033,-0.00100199,0.0002625,10746.1
0,1604793,6,phononTF,0.000546555,0.00341557,0.00285683,0.000262498,59.7206,0.000546555,1,0.00354018,0.00295172,-0.0002625,225.408
0,1615431,4,phononTS,0.000394333,-0.00106102,0.00020725,-0.000262498,3016.23,0.000382,1,-0.000995948,0.000997333,0.0002625,3362.32
0,1654427,9,phononTS,0.00115619,-0.000402738,-0.000376273,-0.0002625,913.972,0.000382,1,-0.00100001,-0.00100082,0.0002625,3331.35
0,1662159,10,phononTS,0.000568507,0.00350574,0.000314146,-0.000262498,1829.19,0.000382,1,0.00200301,-5.84558e-07,0.0002625,2464.12
0,1662159,4,phononTS,0.000531067,-0.0021362,-0.005,0.000208797,102.655,0.000531067,1,-0.00257936,-0.0041688,-0.0002625,3589.09
0,1676751,13,phononL,0.000490567,0.00100339,0.00100039,0.000262498,2428.93,0.000490567,1,0.000937244,0.00175978,-0.0002625,2598.84
0,1691475,6,phononTF,0.00128731,0.00122844,0.00286265,-0.0002625,28.7331,0.000382,1,-0.000996161,0.00299531,0.0002625,1553.74
0,1691475,8,phononTF,0.000740953,-0.000996161,0.00299531,0.000262498,1553.74,0.000740953,1,-0.000213505,0.00230115,-0.0002625,1901.82
0,1696347,9,phononTS,0.0025643,0.00280925,0.00209938,-0.0002625,861.57,0.000382,1,0.00199997,-3.93997e-06,0.0002625,1918.05
0,1716527,8,phononTS,0.000521763,0.00325072,0.00116319,-0.000262498,781.626,0.000382,1,0.00299734,0.000996428,0.0002625,1021.32
0,1716903,5,phononTS,0.00430568,0.00301415,0.000962522,7.7786e-05,1317.86,0.001146,1,0.00300178,0.00099872,0.0002625,1817.76
0,1726286,8,phononTS,0.000398253,-0.00118946,-0.00091553,-0.000262498,7493.42,0.000382,1,-0.00100077,-0.000997654,0.0002625,7688.89
0,1726286,2,phononTS,0.00207666,0.00352571,0.00272662,0.000262498,33.3517,0.00140822,1,0.00355634,0.00295043,-0.0002625,237.261
0,1727144,6,phononTS,0.000623229,-0.00267209,-0.000764355,-0.000262498,12770.2,0.000382,1,-0.00300204,-0.00100084,0.0002625,13037.9
0,1748009,5,phononL,0.000396851,0.00326153,0.000634241,-0.0002625,23.3052,0.000382,1,0.00299745,0.00100299,0.0002625,817.637
0,1771035,12,phononTS,0.000799611,0.00212587,0.00206273,-0.0002625,1581.71,0.000382,1,0.00199855,0.00199894,0.0002625,3058.67
0,1771035,11,phononTS,0.000970615,0.00301715,0.00250923,0.000262498,1581.71,0.000770284,1,0.00356728,0.00151918,-0.0002625,2063.08
0,1784174,8,phononTS,0.000662147,-0.00237644,-0.00020003,-0.0002625,1680.6,0.000382,1,-0.00200245,4.33043e-06,0.0002625,3151.96
0,1793732,7,phononTS,0.000599011,0.0016384,0.00362802,-0.0002625,2448.04,0.000382,1,4.04726e-06,0.00200226,0.0002625,4794.5
0,1810267,5,phononTS,0.00113861,0.00248451,0.000954636,-0.0002625,3.99586,0.000382,1,0.00199634,-2.33319e-06,0.0002625,1486.1
0,1810472,10,phononTF,0.000509288,0.00100283,-0.00099749,0.000262498,4217.62,0.000509288,1,0.000659297,-0.000580457,-0.0002625,4440.97
0,1810472,3,phononTS,0.000703519,0.0034553,0.00275432,0.000262498,6.43588,0.000703519,1,0.0039262,0.00156027,-0.0002625,529.429
0,1834698,8,phononTS,0.000539058,0.005,-0.000972487,-2.93095e-05,3323.44,0.000382,1,0.0030045,0.00100459,0.0002625,13410.4
0,1844878,10,phononTF,0.00156741,0.00115733,-0.00286622,-0.000164424,352.817,0.000382,1,0.000998893,-0.00300398,0.0002625,2751.49
0,1883900,4,phononTS,0.00383058,0.00194386,0.00201356,0.00020818,521.569,0.000382,1,0.00200252,0.0020048,0.0002625,908.271
0,1891929,9,phononTS,0.000521103,-0.0020049,-4.43023e-06,0.000262498,2907.89,0.000521103,1,-0.00226472,-4.57476e-05,-0.0002625,3121.54
0,1949737,8,phononTS,0.000403295,-0.00100486,-0.00100473,0.0002625,212.787,0.000403295,1,-0.00105697,-0.00092958,-0.0002625,5207.53
0,1961510,8,phononTF,0.000594204,-0.00300133,-0.00100455,0.000262498,4145.89,0.000594204,1,-0.00295733,-0.00118931,-0.0002625,4319.97
0,1961510,5,phononTF,0.000864421,0.00309926,0.00141457,0.000262498,1201.34,0.000864421,1,0.00330339,0.00116127,-0.0002625,1384.99
0,1969779,10,phononTS,0.000578865,0.00445644,0.00266214,-0.000262499,1731.24,0.000382,1,0.00200052,-4.41685e-06,0.0002625,2950.11
0,1981761,13,phononTS,0.000483781,0.00341266,0.00321419,-0.000262498,1962.8,0.000382,1,-0.0019968,-2.83888e-06,0.0002625,4098.12
0,1996154,13,phononTS,0.000484338,0.0020048,-4.27933e-06,0.000262498,2501.01,0.000484338,1,0.00131178,0.00165551,-0.0002625,3186.65
0,2055040,9,phononTF,0.000458494,0.00300328,0.000995587,0.000262498,5193.3,0.000458494,1,0.002285,0.0015856,-0.0002625,5525.55
0,2089550,11,phononTS,0.00064032,0.00116577,0.00156555,-0.000262498,2951.46,0.000382,1,0.00200067,0.00200373,0.0002625,3373.86
0,2105529,5,phononTF,0.000436263,0.00251934,0.00141889,-0.000262498,652.776,0.000382,1,0.00199748,0.001996,0.0002625,932.449
0,2119895,2,phononTS,0.000737073,0.00275631,0.00237975,-0.0002625,97.9716,0.000382,1,0.00199686,0.00199736,0.0002625,885.74
0,2157059,4,phononTF,0.00135427,0.00238894,0.000679579,-0.0002625,71.6988,0.000382,1,0.00199955,3.32327e-06,0.0002625,1307.19
0,2157873,9,phononTF,0.000522834,0.0014969,0.000419888,-0.000262498,3683.53,0.000382,1,0.00199522,1.06232e-06,0.0002625,3931.55
0,2157873,4,phononTS,0.000409059,0.00397063,0.00274866,0.000262498,466.429,0.000409059,1,0.00472767,0.00300156,-0.0002625,817.395
0,2194790,8,phononTS,0.00039747,0.00312117,0.00214142,-0.0002625,467.663,0.000382,1,0.00300158,0.00100147,0.0002625,3358.15
0,2194790,4,phononTS,0.0012755,0.00344039,0.00274848,0.000262498,8.17055,0.000928325,1,0.00352769,0.00267005,-0.0002625,162.303
0,2194790,3,phononTS,0.00141159,0.00344039,0.00274848,0.000262498,8.17055,0.000911089,1,0.00350166,0.00280482,-0.0002625,181.897
0,2226099,7,phononTS,0.000412372,0.00107482,-0.0011045,-0.0002625,2528.13,0.000382,1,0.00100144,-0.00100438,0.0002625,3116.59
0,2280312,8,phononL,0.000693113,0.00196985,0.00239121,-0.0002625,977.091,0.000382,1,0.00200106,0.00200474,0.0002625,1361.01
0,2348760,12,phononTF,0.000902598,0.00199607,0.00199593,0.000262498,649.781,0.000542793,1,0.00216939,0.00220916,-0.0002625,826.185
0,2368738,5,phononL,0.000633199,0.00237496,0.00223341,-0.0002625,260.061,0.000382,1,0.00200218,0.00200434,0.0002625,777.777
0,2368738,4,phononTF,0.00206253,0.00349331,0.00292063,0.000262498,260.061,0.000978082,1,0.00368231,0.00315963,-0.0002625,440.42
0,2399518,6,phononTS,0.000529956,0.000999328,-0.000995742,0.0002625,223.436,0.000529956,1,-0.00118749,-0.00479404,-0.0002625,3269.89
0,2474781,7,phononTS,0.000489688,0.00404127,0.00126193,-0.000262498,971.214,0.000382,1,0.00300427,0.00100058,0.0002625,1421.89
0,2493183,11,phononTS,0.000511547,0.00300237,0.00100402,0.000262498,1643.3,0.000511547,1,0.0020071,0.000176898,-0.0002625,2178.93
0,2513917,5,phononTS,0.00101606,0.00412353,0.00104868,-0.0002625,250.3,0.000382,1,0.00300433,0.00100415,0.0002625,1974.62
0,2517301,7,phononTS,0.00283434,0.00324172,0.00186624,-0.0002625,158.771,0.001146,1,0.00199745,0.00200295,0.0002625,933.512
0,2517301,9,phononTS,0.000502768,0.00199745,0.00200295,0.000262498,933.512,0.000502768,1,0.00190853,0.00245048,-0.0002625,1188.65
0,2517302,3,phononTS,0.004674,0.00384201,0.00277277,0.000255213,448.194,0.0020724,1,0.0039241,0.00343961,-0.0002625,1001.77
0,2540161,12,phononTF,0.000404006,-0.005,0.00163296,-4.61702e-05,10558.1,0.000382,1,-4.62392e-06,0.00200382,0.0002625,13557.5
0,2574077,2,phononL,0.00322436,0.00271585,0.00238219,-0.0002625,110.234,0.001146,1,0.00199981,0.00199613,0.0002625,479.512
0,2614130,3,phononTF,0.00330985,0.00231335,0.00235708,-0.000219141,22.2405,0.000764,1,0.00200055,0.00200149,0.0002625,2701.08
0,2614130,5,phononTS,0.000470936,0.00200055,0.00200149,0.000262498,2701.08,0.000470936,1,0.00159348,0.0013294,-0.0002625,3077.58
0,2660280,8,phononTS,0.000935842,0.000999831,0.000996373,0.000262498,801.818,0.000397523,1,0.00105057,0.000274429,-0.0002625,1126.84
0,2689243,7,phononL,0.000702539,0.00253316,0.00251789,-0.000262498,1011.81,0.000382,1,0.00199596,0.00199561,0.0002625,1187.55
0,2728427,2,phononTS,0.00404853,0.00240164,0.00201409,-7.06246e-05,197.644,0.000764,1,0.00199563,0.00199897,0.0002625,898.417
0,2758686,7,phononTF,0.000552347,-4.16912e-05,-9.94265e-05,-0.0002625,406.669,0.000382,1,-0.000997474,-0.0010038,0.0002625,2525.19
0,2772494,4,phononTF,0.00132272,-8.22306e-05,-0.000519193,-0.000201677,42.1752,0.000382,1,-0.000995401,-0.000995601,0.0002625,2702.06
0,2772494,10,phononTS,0.000719637,-0.000995401,-0.000995601,0.000262498,2702.06,0.000664474,1,-0.00131437,-0.00094755,-0.0002625,2938.47
0,2772494,3,phononTS,0.00187624,0.00346738,0.00279653,0.000262498,42.1752,0.00187624,1,0.00394208,0.00226699,-0.0002625,398.789
0,2772494,2,phononTS,0.000460901,0.00346738,0.00279653,0.000262498,42.1752,0.000460901,1,0.0029493,0.00276388,-0.0002625,316.081
0,2793607,8,phononTS,0.000602776,-0.00192639,-0.00209232,-0.000262498,5155.83,0.000382,1,-0.00200035,-0.00199596,0.0002625,5334.09
0,2793607,6,phononTS,0.00125379,0.00345222,0.00275989,0.000262498,1.72906,0.000436037,1,0.00349354,0.00266956,-0.0002625,159
0,2793760,7,phononTF,0.000894128,0.005,0.000162107,-0.000101118,478.649,0.000382,1,-0.00300485,-0.000998338,0.0002625,3900.05
0,2794851,9,phononTF,0.0010921,0.0020049,0.00199801,0.000262498,2231.4,0.000951528,1,0.00251063,0.00140923,-0.0002625,2509.59
0,2796347,3,phononL,0.00136978,0.00322531,0.00186646,-0.0002625,24.338,0.000382,1,0.00299814,0.00100176,0.0002625,411.667
0,2796347,4,phononTF,0.000571687,0.00299814,0.00100176,0.000262498,411.667,0.000571687,1,0.00274238,0.00122346,-0.0002625,598.473
0,2796347,2,phononL,0.00215943,0.00345248,0.00273115,0.000262498,24.338,0.000765467,1,0.00351298,0.00226521,-0.0002625,156.025
0,2803825,7,phononTS,0.000450678,0.00321147,0.00245523,-0.000262498,197.679,0.000382,1,0.00200025,0.00200361,0.0002625,710.711
0,2804037,11,phononTF,0.000395079,-0.000387426,0.000318109,-0.0002625,6199.77,0.000382,1,-3.54525e-06,4.04894e-06,0.0002625,6842.23
0,2809970,7,phononTS,0.000465269,0.00300309,0.00100328,0.000262498,2687.68,0.000465269,1,0.0030744,0.00122269,-0.0002625,2889.92
0,2812151,10,phononTF,0.000467214,-0.00189444,-0.000103714,-0.0002625,2392.03,0.000382,1,-0.00199548,3.73761e-06,0.0002625,8154.05
0,2812151,3,phononTS,0.000594339,0.00346469,0.00275049,0.000262498,6.02925,0.000594339,1,0.0034777,0.00274433,-0.0002625,170.539
0,2834704,6,phononTF,0.000614907,0.00272954,0.000684225,-0.000262498,888.729,0.000382,1,0.00299535,0.00100122,0.0002625,1087.79
0,2834704,2,phononTS,0.00134305,0.00350156,0.00270187,0.000262498,36.4077,0.000904173,1,0.00375782,0.002783,-0.0002625,246.355
0,2837911,7,phononTF,0.000447234,0.0020016,0.00200382,0.000262498,988.891,0.000447234,1,0.00219457,0.00178267,-0.0002625,1168.87
0,2874023,11,phononTF,0.000533852,0.00239007,0.00231929,-0.0002625,428.137,0.000382,1,0.00199789,0.00199816,0.0002625,1077.21
0,2902314,6,phononL,0.000505727,0.00218758,0.0019957,-0.000262498,1617.2,0.000382,1,0.00200479,0.00199946,0.0002625,1729.88
0,2905878,7,phononTF,0.000701091,-0.000670162,-0.000680155,-0.000262498,7004.13,0.000382,1,-0.000999595,-0.000999978,0.0002625,7215.46
0,2923803,11,phononTS,0.000441027,-0.000215609,0.00189875,-0.0002625,3480.63,0.000382,1,-0.00200183,2.3648e-06,0.0002625,7114.74
0,2957110,6,phononTF,0.000554413,0.00300295,0.000999923,0.000262498,1409.15,0.000554413,1,0.00327878,0.00143471,-0.0002625,1647.29
0,2975495,6,phononTF,0.000738623,0.00258431,0.0026685,-0.000262498,1306.15,0.000382,1,0.0019963,0.002001,0.0002625,1613.4
0,2975495,4,phononTF,0.00298374,0.0029453,0.00348684,0.000262498,900.651,0.00205041,1,0.00321722,0.00373461,-0.0002625,1097.13
0,2976927,6,phononTS,0.00138681,0.00200103,0.00200362,0.0002625,2109.9,0.00138681,1,0.00105561,0.00231058,-0.0002625,3358.14
0,3003652,7,phononTS,0.00053217,0.00300241,0.000995851,0.000262498,2835.84,0.00053217,1,0.00294322,0.00107807,-0.0002625,3007.28
0,3003652,4,phononTS,0.00182729,0.00443398,0.00424857,0.000262498,1072.42,0.00182729,1,0.005,0.00432594,-0.00017834,1336.27
0,3049844,6,phononTS,0.000701962,0.005,-0.00209432,7.17668e-05,883.545,0.000701962,1,0.00428128,-0.00206369,-0.0002625,3128.87
0,3089192,7,phononTS,0.00254128,0.00311902,0.00160291,-0.0002625,780.755,0.000382,1,0.00299651,0.00100296,0.0002625,1352.01
0,3102798,9,phononTF,0.00119623,-0.000300277,0.00107803,-0.0002625,112.305,0.000382,1,-0.00200213,2.62513e-06,0.0002625,2334.11
0,3116332,3,phononTS,0.000938548,-0.005,-0.000568536,0.000154905,4.47533,0.000938548,1,-0.00101203,-0.000681684,-0.0002625,4944.26
0,3132831,6,phononTF,0.000448388,-0.0037929,-0.00021236,-0.0002625,1999.41,0.000382,1,-0.00299632,-0.00100236,0.0002625,7595.3
0,3132831,5,phononTS,0.000733934,-0.00198566,-0.005,0.00020319,1999.41,0.000733934,1,-0.00191571,-0.00497876,-0.0002625,5585.39
0,3135167,10,phononTF,0.000383849,0.00253172,0.00246526,-0.000262498,630.633,0.000382,1,0.00199543,0.00199649,0.0002625,894.113
0,3146343,7,phononTS,0.00177512,0.00274456,0.00275537,-0.0002625,1237.93,0.000764,1,0.00100412,0.00099779,0.0002625,1992.85
0,3183769,5,phononTF,0.000432017,-0.000573728,0.00254572,-0.0002625,82.8841,0.000382,1,-4.6673e-06,0.00200447,0.0002625,3251.75
0,3183899,8,phononL,0.000536287,0.00200233,2.50182e-06,0.000262498,2464.83,0.000536287,1,0.00249253,9.7355e-05,-0.0002625,2599.8
0,3209564,6,phononTS,0.000859491,0.00210277,0.00291623,-0.0002625,512.043,0.000382,1,0.00199876,0.00199701,0.0002625,2198.43
0,3225422,6,phononTS,0.000901756,0.00300379,0.000996667,0.0002625,249.396,0.000388082,1,0.00273288,0.00016544,-0.0002625,1435.76
0,3225423,3,phononL,0.00774065,0.00373906,0.00241535,-0.000235458,1598.36,0.00420748,1,0.00371796,0.00242451,-0.0002625,2765.91
0,3241111,11,phononTS,0.000839754,0.00100246,-0.00100308,0.0002625,1658.63,0.000839754,1,-0.0012757,-0.00370598,-0.0002625,3882.11
0,3279484,4,phononL,0.00133972,0.00324002,0.0018672,-0.0002625,13.8976,0.000382,1,0.00299731,0.000997738,0.0002625,404.885
0,3284842,7,phononTS,0.000698199,0.00106422,0.00137434,-0.0002625,1239.96,0.000382,1,0.00100203,0.00100298,0.0002625,8012.53
0,3289917,8,phononTS,0.000532212,0.000995862,0.00100313,0.0002625,2596.13,0.000532212,1,0.000970063,0.00102715,-0.0002625,3222.6
0,3303784,9,phononL,0.000568944,0.0020049,0.00199509,0.000262498,1351.04,0.000568944,1,0.00181808,0.00233211,-0.0002625,1475.47
0,3307224,4,phononL,0.00306366,0.00181182,-0.000626323,-0.000122038,68.494,0.00278481,1,0.00200474,-0.000573168,-0.0002625,3252.98
0,3331602,7,phononTS,0.000509691,0.00200215,0.00199607,0.000262498,1169.5,0.000509691,1,0.00198698,0.00208431,-0.0002625,1329.88
0,3336758,8,phononTS,0.00106205,-0.00200087,-0.00199632,0.000262498,2497.89,0.00106205,1,-0.00192241,-0.00190834,-0.0002625,2651.99
0,3341649,5,phononTS,0.0004032,0.00300461,0.00100417,0.000262498,789.809,0.0004032,1,0.00296371,0.00101866,-0.0002625,959.462
0,3370590,8,phononTF,0.000492089,0.00318586,0.00121149,-0.0002625,986.389,0.000382,1,0.00300421,0.000996081,0.0002625,1341.53
0,3380834,4,phononTS,0.000853519,-0.000995028,0.00300384,0.0002625,4044.7,0.000771471,1,-0.000959393,0.00279887,-0.0002625,5258.94
0,3380834,2,phononTF,0.0062034,0.00406557,0.00417494,-0.000250726,477.719,0.00449097,1,0.00406263,0.00417388,-0.0002625,4968.79
0,3410152,3,phononTS,0.000733273,0.00300102,0.00100144,0.0002625,495.075,0.000733273,1,0.00275539,6.11142e-05,-0.0002625,1760.36
0,3421965,8,phononL,0.000482535,-0.00103926,0.0019585,-0.0002625,3298.19,0.000382,1,-0.00200464,0.00199713,0.0002625,4446.74
0,3422298,7,phononTS,0.00111061,0.00314137,0.000939314,-0.0002625,52.3735,0.000382,1,0.00300448,0.00100345,0.0002625,1213.92
0,3433585,6,phononTF,0.00064296,-0.00200261,0.00199592,0.0002625,1017.79,0.00064296,1,-0.005,0.00225818,-5.98682e-05,7505.59
0,3440277,7,phononTF,0.000748534,0.00299774,0.000998484,0.000262498,809.293,0.000205786,1,0.00280211,0.0011859,-0.0002625,987.195
0,3442486,2,phononTS,0.000683638,0.00318758,0.0025186,-0.0002625,240.805,0.000382,1,0.00200076,0.00200114,0.0002625,1323.2
0,3442487,3,phononTS,0.00513444,0.00303469,0.00294412,-0.000148478,518.161,0.00359484,1,0.00301859,0.00291366,-0.0002625,658.298
0,3477905,6,phononL,0.00054583,0.002398,0.00242361,-0.0002625,3080.43,0.000382,1,0.00200192,0.00199873,0.0002625,3524.56
0,3520824,3,phononTS,0.00122127,-4.28201e-05,-4.50968e-06,-0.0002625,46.0887,0.000382,1,-0.00199609,-0.002001,0.0002625,5547.65
0,3524384,7,phononTF,0.00114993,0.00199964,0.00199888,0.0002625,349.244,0.000297719,1,0.00216046,0.0022211,-0.0002625,1432.69
0,3535131,4,phononTS,0.0015988,0.00218938,0.00194741,-0.000262498,1528.86,0.000764,1,0.00199702,0.00200164,0.0002625,1727.01
0,3551085,2,phononTS,0.000449265,-0.000636239,-0.000811059,-0.0002625,16.9057,0.000382,1,-0.00200479,-0.00199771,0.0002625,2560.07
0,3574038,5,phononTS,0.000502055,0.00199581,0.0019246,-0.0002625,688.116,0.000382,1,0.00199781,0.00200139,0.0002625,1178.13
0,3574038,3,phononTF,0.000893486,0.00345417,0.00275839,0.000262498,2.72868,0.000893486,1,0.005,0.00425107,-7.11232e-05,652.071
0,3574038,2,phononTF,0.000969022,0.00345417,0.00275839,0.000262498,2.72868,0.000969022,1,0.00371653,0.00244434,-0.0002625,200.909
0,3626489,8,phononL,0.00063544,0.00137776,0.00123055,-0.0002625,2163.03,0.000382,1,0.000995657,0.00100121,0.0002625,3320.06
0,3683630,7,phononTF,0.000542932,0.00299938,0.00100314,0.000262498,1709.35,0.000542932,1,0.00328724,0.00133216,-0.0002625,1912.89
0,3697312,2,phononTF,0.00139346,-0.00210017,0.000124379,-0.0002625,25.3934,0.000382,1,-0.0020009,6.44067e-07,0.0002625,9277.98
0,3697312,9,phononTS,0.000428896,-0.0020009,6.44067e-07,0.000262498,9277.98,0.000428896,1,-0.00196052,4.996e-05,-0.0002625,9438.62
0,3697312,8,phononTF,0.000535898,-0.0020009,6.44067e-07,0.000262498,9277.98,0.000535898,1,0.00152676,0.000595075,-0.0002625,10437.2
0,3707504,4,phononTS,0.00113549,0.000996611,-0.00100226,0.0002625,14.7137,0.000883532,1,0.000914955,-0.00108417,-0.0002625,2467.85
0,3710233,5,phononTS,0.000656262,0.000971224,0.000914795,-0.0002625,262.965,0.000382,1,-0.00199698,-0.00200102,0.0002625,4394.19
0,3747932,6,phononTF,0.0011692,0.00200311,0.00200416,0.000262498,985.125,0.0011692,1,0.00273332,0.00270694,-0.0002625,1325.95
0,3754047,9,phononTS,0.000454715,0.00200326,0.00200188,0.0002625,335.833,0.000454715,1,5.34801e-05,0.000754052,-0.0002625,2050.67
0,3758586,8,phononTF,0.000427637,0.00100225,0.000998332,0.000262498,2278.39,0.000427637,1,0.000210012,0.000466522,-0.0002625,2626.68
0,3760921,5,phononL,0.000413257,6.58564e-06,-0.000233498,-0.0002625,1212.67,0.000382,1,-1.68334e-06,-2.57881e-06,0.0002625,1677.29
0,3791028,7,phononTS,0.000541756,-1.87307e-06,0.00199721,0.000262499,2655.8,0.000541756,1,0.000763193,0.00142272,-0.0002625,3086.04
0,3791663,6,phononTS,0.000438979,0.00208272,0.00206998,-0.0002625,975.223,0.000382,1,0.00200455,0.00199655,0.0002625,1473.76
0,3791663,3,phononTF,0.000525329,0.00356305,0.00269167,0.000262498,164.619,0.000525329,1,0.00321797,0.00232368,-0.0002625,388.222
0,3820842,6,phononTF,0.000689931,0.00299937,0.00100234,0.0002625,641.587,0.000689931,1,0.00275554,0.000796801,-0.0002625,1739.38
0,3827798,3,phononTF,0.00116765,0.00071981,0.00135679,-0.0002625,26.9422,0.000382,1,-0.00199708,-1.34919e-06,0.0002625,1952.08
0,3827798,4,phononTS,0.000390749,-0.00199708,-1.34919e-06,0.000262498,1952.08,0.000390749,1,-0.00206968,-0.000701705,-0.0002625,2275.44
0,3827798,2,phononTS,0.00094081,0.00343669,0.00271493,0.000262498,26.9422,0.00094081,1,0.00302244,0.0019659,-0.0002625,423.627
0,3866526,6,phononTS,0.00112859,0.00200242,-0.00199846,0.0002625,2199.09,0.00112859,1,0.00280479,-0.00200314,-0.0002625,2912.56
0,3907517,4,phononTS,0.000387545,0.005,0.00325894,-0.000188924,790.326,0.000382,1,0.00100002,-0.00100187,0.0002625,3466.58
0,3907517,2,phononTS,0.00432221,0.00302059,0.00276845,0.000109122,523.124,0.00423337,1,0.00307517,0.00277066,-0.0002625,967.18
0,3938170,12,phononTS,0.000417318,0.00292035,0.00101069,-0.0002625,2469.81,0.000382,1,0.0029978,0.000996786,0.0002625,2964.56
0,3952962,7,phononTS,0.00135312,0.00235063,0.00202757,-0.0002625,761.882,0.000382,1,0.00199934,0.00200499,0.0002625,1645.16
0,3952962,8,phononTF,0.000578354,0.00199934,0.00200499,0.000262499,1645.16,0.000578354,1,0.00224842,0.00229928,-0.0002625,1846.69
0,3967097,4,phononTS,0.00186199,0.000995329,0.000996242,0.0002625,1139.95,0.000962493,1,-0.00295733,-0.00124198,-0.0002625,4035.06
0,3974529,4,phononTS,0.000733987,0.00218686,3.90294e-05,-0.0002625,762.731,0.000382,1,0.00200411,-4.23212e-06,0.0002625,4097.81
0,3974529,2,phononTF,0.0051686,0.00350054,0.00285591,0.000109135,281.624,0.00353493,1,0.00333944,0.00271561,-0.0002625,457.903
0,3974670,6,phononTS,0.00153426,0.00279461,0.000970373,8.0547e-05,692.429,0.000919026,1,0.00282109,0.000992838,-0.0002625,1358.32
0,3976341,9,phononTF,0.000489037,0.00199763,4.96869e-06,0.000262498,2221.02,0.000489037,1,0.00231686,0.000307718,-0.0002625,2430.73
0,3979186,8,phononTF,0.000915967,0.0019954,0.00199659,0.0002625,603.606,0.000804742,1,0.00217708,0.00182733,-0.0002625,952.469
0,3995242,10,phononTS,0.000555046,-0.000114606,-0.0026579,-0.0002625,1610.29,0.000382,1,3.75442e-06,-0.00199641,0.0002625,4951.66
0,4047155,2,phononTS,0.00404493,0.00200231,0.00200299,0.000234111,49.0187,0.000764,1,0.00200477,0.00200268,0.0002625,667.062
0,4050585,6,phononTS,0.000576379,0.00295779,0.00149072,-0.000262498,1743.68,0.000382,1,0.00300416,0.00100166,0.0002625,2010.06
0,4050585,4,phononTF,0.00126822,0.00345685,0.0027599,0.000262498,33.7205,0.000684785,1,0.00358191,0.00266149,-0.0002625,197.303
0,4059218,5,phononTF,0.00091931,0.00186719,0.00182861,-0.0002625,64.0598,0.000382,1,0.0020043,0.00200352,0.0002625,2413.62
0,4059218,4,phononTS,0.00173212,0.00334161,0.00282788,0.000262498,64.0598,0.000637045,1,0.00340942,0.00282836,-0.0002625,219.96
0,4086605,11,phononTS,0.000417579,-0.00199969,-0.00199988,0.000262498,5921.15,0.000417579,1,-0.00206188,-0.00207844,-0.0002625,6096.36
0,4100465,5,phononTS,0.00041187,0.00364761,0.005,-0.000177502,265.169,0.000382,1,7.11497e-07,1.7848e-06,0.0002625,3147.98
0,4101548,2,phononTS,0.000793186,-0.00066828,0.00220543,-0.0002625,134.389,0.000382,1,-0.00200168,0.00200313,0.0002625,2255.24
0,4122009,6,phononTS,0.00100736,0.00206964,7.28823e-05,-0.0002625,214.019,0.000382,1,0.00199646,3.84693e-06,0.0002625,1539.36
0,4122009,7,phononTF,0.000399339,0.00199646,3.84693e-06,0.000262498,1539.36,0.000399339,1,0.00130818,0.000756968,-0.0002625,1881.83
0,4122009,5,phononTS,0.000660864,0.00326579,0.00261519,0.000262498,214.019,0.000660864,1,0.00317942,0.00265685,-0.0002625,371.482
0,4122009,4,phononTS,0.0010067,0.00326579,0.00261519,0.000262498,214.019,0.0010067,1,0.00319046,0.00254903,-0.0002625,368.811
0,4124023,6,phononTS,0.000621514,0.00200344,2.44723e-06,0.000262498,2949.63,0.000621514,1,0.00175614,-7.8887e-05,-0.0002625,3157.62
0,4171267,6,phononTF,0.000774947,0.00302996,0.00117912,-0.0002625,139.819,0.000382,1,0.00299611,0.00100442,0.0002625,1862.69
0,4182681,12,phononTS,0.00153301,0.00305241,0.00103883,-0.000262498,858.969,0.000382,1,0.00299528,0.00100386,0.0002625,1019.44
0,4222936,10,phononTS,0.000478171,0.00176667,-0.002732,-0.000262498,2825.54,0.000382,1,0.0010004,-0.00300103,0.0002625,3180.44
0,4222936,8,phononTF,0.00054851,0.00396313,0.00154071,0.000262498,1166.93,0.00054851,1,0.00383699,0.00179784,-0.0002625,1356.57
0,4236129,6,phononTS,0.000397782,0.0019963,-0.00200368,0.0002625,200.139,0.000397782,1,0.00226745,-0.00208168,-0.0002625,6046.21
0,4250529,3,phononTF,0.00376403,0.00220051,0.00224124,-7.27403e-05,27.0142,0.000764,1,0.00200086,0.0019981,0.0002625,1730.56
0,4286788,5,phononTS,0.0012403,0.00299754,0.00100235,0.0002625,14.6917,0.0012403,1,0.00216114,0.000848151,-0.0002625,2265
0,4302092,8,phononTF,0.0010021,0.00290432,0.00106162,-0.0002625,1059.76,0.000382,1,0.00300204,0.00099747,0.0002625,1870.76
0,4311328,9,phononTS,0.000435088,0.00194136,0.00226189,-0.0002625,814.753,0.000382,1,0.00299736,0.000995901,0.0002625,2824.73
0,4326676,7,phononTF,0.000399421,-0.00200475,0.00199743,0.000262498,6267.72,0.000399421,1,-0.00240322,0.00166407,-0.0002625,6487.03
0,4329927,10,phononTF,0.000513068,0.000995327,0.00100016,0.0002625,2427.03,0.000513068,1,0.00041058,0.000338272,-0.0002625,8912.51
0,4339677,7,phononTF,0.000451716,0.000639968,0.000535702,-0.0002625,325.931,0.000382,1,3.45264e-06,2.69481e-06,0.0002625,1854.43
0,4348886,12,phononTS,0.000836836,0.00308826,0.0023006,-0.000262498,715.739,0.000382,1,0.00200102,0.00200159,0.0002625,1176.74
0,4349109,4,phononTS,0.000575196,0.00224705,0.00213088,-0.0002625,4.51587,0.000382,1,0.00200428,0.00200394,0.0002625,1390.83
0,4355161,13,phononTF,0.000571337,-0.005,0.0032749,2.16455e-05,1635.15,0.000382,1,0.000996145,0.000996395,0.0002625,8018.54
0,4363312,5,phononTS,0.00044303,0.005,0.00155989,0.000150377,1511.56,0.00044303,1,0.00477544,0.00166846,-0.0002625,5306.62
0,4363312,3,phononTS,0.000751379,0.00335316,0.00279577,0.000262498,136.036,0.000751379,1,0.00328985,0.00272966,-0.0002625,291.29
0,4396452,7,phononTS,0.000824079,0.00293733,0.00106417,-0.000262498,1875.07,0.000382,1,0.00299769,0.00100008,0.0002625,2032.38
0,4442489,8,phononL,0.000552485,0.00200259,0.00200204,0.000262498,550.161,0.000552485,1,0.00231611,0.00129544,-0.0002625,726.484
0,4446132,9,phononTS,0.000397813,0.000908427,-0.00107607,-0.000262498,5764.38,0.000382,1,0.000998135,-0.00099922,0.0002625,5918.5
0,4453982,8,phononTS,0.000488755,0.000788027,-0.00210648,-0.0002625,4121.81,0.000382,1,0.000999597,-0.00100465,0.0002625,5623.34
0,4473112,5,phononTS,0.00102201,0.00322871,0.00187742,-0.0002625,2.58984,0.000382,1,0.00299706,0.000996148,0.0002625,810.035
0,4473112,4,phononTS,0.00120221,0.00346037,0.00275869,0.000262498,2.58984,0.00067285,1,0.00323615,0.00275545,-0.0002625,212.256
0,4484239,7,phononTF,0.000429314,-0.000995298,-0.000999983,0.000262498,9865.46,0.000429314,1,-0.00131075,-0.000674482,-0.0002625,10077.3
0,4484239,2,phononTF,0.00350867,0.00348194,0.00273774,0.000262498,94.5185,0.00303299,1,0.00321885,0.00251471,-0.0002625,281.6
0,4484959,5,phononTF,0.00116991,0.00146581,-0.000513621,-0.0002625,1238.27,0.000382,1,0.000997029,-0.0010002,0.0002625,5454.25
0,4526340,7,phononTS,0.00103731,-0.00200167,-7.19311e-07,0.000262498,2510.58,0.000627585,1,-0.00191754,6.03538e-05,-0.0002625,2666.29
0,4533506,8,phononTF,0.000421676,0.00250709,0.00174055,-0.000262498,803.978,0.000382,1,0.00299834,0.00100058,0.0002625,1135.27
0,4656321,11,phononTS,0.000677918,0.00293802,0.002159,-0.000262498,739.698,0.000382,1,0.0020027,0.00200259,0.0002625,1125.72
0,4656321,2,phononTS,0.000947014,0.0034454,0.00279102,0.000262498,24.3868,0.000947014,1,0.00484777,0.00229604,-0.0002625,601.918
0,4660241,8,phononTS,0.000555799,0.00200019,0.00199766,0.0002625,331.916,0.000270262,1,0.000506874,0.000923091,-0.0002625,1660.99
0,4687952,7,phononTS,0.000420434,0.000932961,0.00109238,-0.0002625,1334.97,0.000382,1,0.000995274,0.00100059,0.0002625,1800.45
0,4687952,3,phononTS,0.00112048,0.00346276,0.00280073,0.000262498,28.2571,0.00112048,1,0.00372181,0.002286,-0.0002625,341.393
0,4687952,2,phononTF,0.0014941,0.00346276,0.00280073,0.000262498,28.2571,0.000945617,1,0.00367559,0.00278993,-0.0002625,207.423
0,4707133,6,phononTF,0.0007737,0.00299656,0.00100455,0.000262498,1806.93,0.000680464,1,0.0032227,0.00119023,-0.0002625,1985.86
0,4708103,8,phononTS,0.000540493,0.00100023,0.00100444,0.0002625,829.253,0.000540493,1,0.000957928,0.00071415,-0.0002625,2495.65
0,4743928,2,phononTS,0.000802851,0.00307122,0.000930995,-0.0002625,51.8917,0.000382,1,0.00299701,0.00100277,0.0002625,1728.33
0,4747009,5,phononTS,0.000520178,0.0030039,0.000998417,0.0002625,732.948,0.000520178,1,0.00282951,0.000312003,-0.0002625,1702.59
0,4772817,10,phononTS,0.000403384,4.84259e-06,1.47585e-07,0.000262498,5109.04,0.000403384,1,5.36178e-05,6.64985e-05,-0.0002625,5264.49
0,4787411,7,phononTS,0.000447438,0.000995445,0.000996471,0.0002625,1098.16,0.000447438,1,0.00040744,3.01406e-06,-0.0002625,2176.63
0,4800266,8,phononTS,0.000427104,-8.46244e-07,0.00199955,0.000262498,6851.47,0.000427104,1,-0.000985507,0.00207997,-0.0002625,7255.68
0,4804213,9,phononTS,0.000566,0.00193255,-0.00178992,-0.000262498,2056.57,0.000382,1,0.00199584,-0.00199909,0.0002625,2256.86
0,4811657,8,phononTF,0.000749132,0.00273033,0.00133192,-0.000262498,1097.5,0.000382,1,0.00300294,0.000996561,0.0002625,1299.27
0,4834008,5,phononTS,0.000512173,2.76732e-06,0.00199702,0.000262498,1623.96,0.000512173,1,5.10952e-05,0.00207297,-0.0002625,1778.95
0,4835931,4,phononTS,0.000768332,-0.00200495,3.38284e-06,0.0002625,2053.54,0.000660554,1,-0.00196284,0.000427236,-0.0002625,2553.8
0,4977740,5,phononL,0.00043664,0.00100153,0.0010033,0.0002625,1250.93,0.00043664,1,0.00117027,0.000340007,-0.0002625,1570.36
0,4998739,7,phononTS,0.000894749,-0.00100117,-0.00100479,0.000262498,6700.16,0.000512004,1,-0.000930367,-0.000933921,-0.0002625,6855.08
0,5025501,4,phononTS,0.00123985,0.00100018,0.00100311,0.0002625,0.890682,0.000745274,1,0.0015146,0.00194991,-0.0002625,6709.24
0,5026575,2,phononTS,0.000778306,8.79262e-05,0.00164471,-0.0002625,171.566,0.000382,1,3.52013e-06,0.00199781,0.0002625,2677.45
0,5036632,7,phononTS,0.00109614,0.000872134,0.00219617,-0.0002625,94.8857,0.000382,1,-2.11683e-06,0.00200265,0.0002625,1561.47
0,5045688,5,phononTS,0.000769244,-0.0019989,0.00200248,0.0002625,3129.37,0.000769244,1,-0.00291058,0.00203095,-0.0002625,3901.7
0,5045688,2,phononTS,0.00111486,0.00344205,0.00276178,0.000262498,7.39401,0.000701756,1,0.00329904,0.00369217,-0.0002625,392.467
0,5048031,4,phononL,0.00110353,0.00273392,0.00239099,-0.0002625,10.9103,0.000382,1,0.00200463,0.00200215,0.0002625,384.625
0,5048031,3,phononTS,0.000547755,0.0034632,0.00277982,0.000262498,10.9103,0.000547755,1,0.00352937,0.00283523,-0.0002625,167.388
0,5056708,9,phononTF,0.00102634,0.00200045,3.21473e-06,0.000262498,3626.68,0.00102634,1,0.00176982,-0.000218321,-0.0002625,3813.5
0,5091376,5,phononTS,0.00109002,0.0013538,0.005,-9.54108e-05,15.4113,0.000382,1,-0.00100296,0.00299777,0.0002625,3296.73
0,5091376,4,phononL,0.000636923,0.00348075,0.00276369,0.000262498,15.4113,0.000475353,1,0.00379651,0.00295145,-0.0002625,138.381
0,5091376,3,phononL,0.000536965,0.00348075,0.00276369,0.000262498,15.4113,0.000536965,1,0.00354574,0.00369547,-0.0002625,212.645
0,5091376,2,phononTS,0.000418017,0.00348075,0.00276369,0.000262498,15.4113,0.000418017,1,0.00356704,0.00274126,-0.0002625,175.038
0,5117437,5,phononTF,0.000646215,0.00264155,0.000617079,-0.0002625,941.005,0.000382,1,0.00299757,0.000995211,0.0002625,3195.48
0,5117437,4,phononTS,0.00103762,0.00401543,0.00297749,0.000262498,941.005,0.000565753,1,0.00475356,0.00307035,-0.0002625,1272.58
0,5172706,4,phononTF,0.00113666,0.0027476,0.00236525,-0.0002625,107.816,0.000382,1,0.00199799,0.00200237,0.0002625,766.256
0,5172706,3,phononTF,0.00131885,0.0034972,0.00272813,0.000262498,107.816,0.000675921,1,0.00329925,0.00290636,-0.0002625,284.324
0,5194344,7,phononTS,0.000756391,0.00211972,0.00332208,-0.0002625,1332.69,0.000382,1,-0.00299503,-0.00100169,0.0002625,4886.3
0,5194344,5,phononTF,0.000955843,0.00372093,0.00271055,0.000262498,308.423,0.000955843,1,0.0039754,0.0024954,-0.0002625,499.863
0,5197227,7,phononTS,0.000669712,0.00200224,0.00200096,0.000262498,4828.97,0.000669712,1,0.00206268,0.00192864,-0.0002625,5018.67
0,5247430,9,phononTS,0.00041991,0.00241405,0.00253689,-0.0002625,1493.67,0.000382,1,-0.000998996,-0.00100179,0.0002625,4945.25
0,5252742,6,phononTF,0.000516958,0.00214239,0.0022226,-0.0002625,149.934,0.000382,1,0.00100365,0.00100329,0.0002625,1381.69
0,5276646,8,phononTF,0.000644801,0.00300073,0.00100075,0.000262498,1473.7,0.000566445,1,0.00349914,0.0014625,-0.0002625,1729.86
0,5292360,2,phononTF,0.00348898,0.00298332,0.000881771,-0.0002625,330.918,0.000382,1,0.00300141,0.000995943,0.0002625,1492.37
0,5307705,6,phononTS,0.000928597,-0.000299243,0.00110358,-0.0002625,667.394,0.000382,1,-0.000999368,0.00100368,0.0002625,4411.72
0,5310625,6,phononTS,0.000549783,0.000999438,0.00100011,0.000262498,1740.56,0.000549783,1,0.00250595,0.000984443,-0.0002625,2373.24
0,5322241,4,phononTF,0.00229265,0.00264484,0.00220232,5.40486e-05,794.983,0.000764,1,0.00200077,0.00199885,0.0002625,1339.77
0,5322241,12,phononTS,0.000430828,0.00200077,0.00199885,0.000262498,1339.77,0.000430828,1,0.00202923,0.00194497,-0.0002625,1501.27
0,5322241,2,phononTS,0.00228294,0.00350007,0.00283506,0.000201407,514.902,0.00195902,1,0.00193943,0.00129996,-0.0002625,1158.87
0,5346863,3,phononTF,0.000680933,0.00264477,0.000691105,-0.0002625,48.6149,0.000382,1,0.00199818,-2.34934e-06,0.0002625,5486.24
0,5400331,7,phononTF,0.000444291,0.00300458,0.000996407,0.000262498,1464.3,0.000444291,1,0.00342036,0.00149116,-0.0002625,1711.26
0,5420668,4,phononTF,0.00106976,-0.00248847,-0.00154635,-0.0002625,678.372,0.000382,1,-0.0030042,-0.00100253,0.0002625,4485.26
0,5441861,8,phononTS,0.000605542,1.61161e-06,-3.51981e-06,0.000262498,5049.47,0.000605542,1,-0.00180478,-0.0019187,-0.0002625,5911.36
0,5447703,9,phononTS,0.000503071,0.00300306,0.00100393,0.000262498,3645.9,0.000503071,1,0.00303744,0.0010912,-0.0002625,3804.04
0,5450655,12,phononL,0.000451846,-0.00099969,-0.00100459,0.000262498,9399.67,0.000451846,1,-0.00168703,-0.00127781,-0.0002625,9569.8
0,5480327,4,phononTF,0.000453254,0.00268539,0.00137845,-0.0002625,1015.26,0.000382,1,0.0030021,0.000995024,0.0002625,2088.69
0,5492331,6,phononTS,0.000549967,0.00307378,0.00129249,-0.0002625,27.8698,0.000382,1,0.00299517,0.000999125,0.0002625,1338.79
0,5493717,8,phononL,0.000618386,0.00316755,0.000880136,-0.0002625,3153.16,0.000382,1,0.00300258,0.000995036,0.0002625,3716.01
0,5496997,3,phononTF,0.00181163,0.00221716,0.00188776,-0.0002625,159.245,0.000382,1,0.00100431,0.000998013,0.0002625,1150.25
0,5496997,9,phononTS,0.00110146,0.00100431,0.000998013,0.000262498,1150.25,0.00110146,1,0.00151016,0.00105084,-0.0002625,1432.43
0,5497482,9,phononTF,0.000493149,0.0030009,0.0010021,0.000262498,917.273,0.000493149,1,0.00267673,0.00134677,-0.0002625,1128.28
0,5505327,7,phononTS,0.000457859,-0.000795714,0.00361093,-0.0002625,7583.04,0.000382,1,-0.00100395,0.00299721,0.0002625,8282.77
0,5551721,3,phononTS,0.00046483,0.00237246,0.000687279,-0.0002625,32.3206,0.000382,1,0.00199738,9.90341e-07,0.0002625,1529.79
0,5551721,2,phononTS,0.000529782,0.005,0.00330641,-0.000185832,32.3206,0.000529782,1,0.00474647,0.0035557,-0.0002625,774.32
0,5562244,10,phononTF,0.00041929,0.00300281,0.00100384,0.000262498,3803.08,0.00041929,1,0.00319906,0.00117077,-0.0002625,3981.48
0,5562244,3,phononTS,0.0012235,0.00243595,0.00412618,0.000102004,1.29576,0.0012235,1,0.000548558,0.00174171,-0.0002625,1522.05
0,5572092,8,phononTS,0.000550129,0.000940874,-0.0010601,-0.000262498,2889.75,0.000382,1,0.000997963,-0.000998956,0.0002625,3045.84
0,5572092,4,phononL,0.00368151,0.00361938,0.00351185,0.000103437,394.747,0.00249827,1,0.00382498,0.00329245,-0.0002625,554.951
0,5572473,5,phononTF,0.000840016,0.00199725,0.00200496,0.000262498,871.215,0.000262349,1,0.00180528,0.0019356,-0.0002625,1046.82
0,5579433,6,phononL,0.000496155,-0.00269001,-0.0029584,-0.0002625,4521.44,0.000382,1,-0.00200215,-0.00199517,0.0002625,5926.71
0,5597522,6,phononTF,0.000510786,0.00199586,0.00199963,0.0002625,1.0241,0.000510786,1,0.00195554,0.002231,-0.0002625,832
0,5597522,5,phononTF,0.000787599,0.00345588,0.00275941,0.000262498,1.0241,0.000787599,1,0.00323849,0.00256138,-0.0002625,180.653
0,5598598,6,phononTF,0.000588421,0.00100406,-0.0030042,0.000262498,4151.47,0.000588421,1,0.000759078,-0.00281034,-0.0002625,4332.96
0,5603345,14,phononTF,0.000441383,-0.000997365,-0.0010036,0.000262498,6606.97,0.000441383,1,-0.000453104,-0.00156631,-0.0002625,6891.39
0,5603345,7,phononTF,0.000540023,0.00324513,0.00334324,0.000262498,1513.17,0.000540023,1,0.00301866,0.0034357,-0.0002625,1695.73
0,5603345,6,phononTF,0.00111229,0.00324513,0.00334324,0.000262498,1513.17,0.000831917,1,0.00248485,0.00401576,-0.0002625,1852.97
0,5625217,6,phononTS,0.000418428,-0.00299934,-0.0010022,0.0002625,31.0134,0.000418428,1,-0.00296384,-0.00107956,-0.0002625,6758.06
0,5625217,5,phononTF,0.00122501,0.00344648,0.00273026,0.000262498,31.0134,0.000367207,1,0.00379088,0.00306994,-0.0002625,244.267
0,5639887,7,phononTS,0.00102263,0.00199963,0.00199875,0.0002625,481.792,0.000597474,1,0.000777793,0.00104273,-0.0002625,1608.65
0,5639887,8,phononTS,0.00042516,0.00315,0.005,-5.62579e-05,1608.65,0.00042516,1,0.00419893,0.00391974,-0.0002625,3600.27
0,5646315,3,phononTF,0.000746582,0.00240206,0.00164285,-0.0002625,3.75527,0.000382,1,0.00300097,0.00100132,0.0002625,982.157
0,5661637,5,phononTS,0.000815143,0.0030838,0.00130261,-0.000262498,3276.81,0.000382,1,0.00299876,0.0009996,0.0002625,3497.18
0,5661637,6,phononTF,0.000427918,0.00299876,0.0009996,0.000262498,3497.18,0.000427918,1,0.0024263,0.00133097,-0.0002625,3775.02
0,5663392,8,phononTS,0.00303195,0.00199584,0.0020094,0.00018731,57.7344,0.000764,1,0.00199996,0.00199865,0.0002625,573.056
0,5663392,10,phononTS,0.00133704,0.00199996,0.00199865,0.000262498,573.056,0.00124163,1,0.00192405,0.00208512,-0.0002625,727.344
0,5663392,9,phononTS,0.000517652,0.00199996,0.00199865,0.000262498,573.056,0.000517652,1,0.00198675,0.00208791,-0.0002625,750.742
0,5663392,7,phononTF,0.00182763,0.00326176,0.0027109,0.000172305,57.7344,0.00147984,1,0.00325179,0.00269825,-0.0002625,187.713
0,5663392,2,phononL,0.00149751,0.00344905,0.00276897,0.000262498,5.50194,0.000880559,1,0.00368804,0.00334394,-0.0002625,157.628
0,5713280,5,phononL,0.000548385,0.00141509,0.00137358,-0.0002625,1359.44,0.000382,1,0.00100125,0.00100074,0.0002625,2226.78
0,5716146,14,phononL,0.000481152,0.00300371,0.000999081,0.0002625,6571.68,0.000481152,1,0.00321321,4.01781e-05,-0.0002625,6987.14
0,5749207,6,phononTS,0.000653448,0.00230152,-0.000852824,-0.0002625,470.607,0.000382,1,0.00200398,-0.00199739,0.0002625,2898.34
0,5759991,7,phononTF,0.000872568,0.00200476,0.00200002,0.000262498,1234.72,0.000327841,1,0.00223106,0.00206117,-0.0002625,1416.88
0,5788774,5,phononL,0.00288137,4.69128e-06,-1.97821e-06,0.0002625,1230.69,0.000806719,1,0.000292989,-3.61566e-05,-0.0002625,4303.78
0,5804712,10,phononTF,0.000403164,0.00200072,0.00199806,0.0002625,6792.13,0.000403164,1,0.00151942,0.00298134,-0.0002625,7449.35
0,5808328,6,phononTS,0.000448832,0.000135107,0.00295095,-0.0002625,62.5473,0.000382,1,-0.000995032,0.00299952,0.0002625,1887.26
0,5808328,5,phononTS,0.00063174,0.00352552,0.00280522,0.000262498,62.5473,0.00063174,1,0.00429603,0.00268002,-0.0002625,414.339
0,5859467,7,phononTS,0.00141694,0.00169947,0.00247485,-0.0002625,1119.29,0.000382,1,3.14586e-06,0.00199747,0.0002625,3073.86
0,5859467,8,phononTS,0.00076405,3.14586e-06,0.00199747,0.000262498,3073.86,0.00076405,1,-2.55351e-05,0.00168067,-0.0002625,3298.5
0,5866626,6,phononTS,0.000742207,-0.00200412,4.6898e-06,0.0002625,12.9386,0.00068084,1,-0.00193671,5.60875e-05,-0.0002625,3226.34
0,5871675,12,phononTS,0.000818574,0.00100247,0.00100158,0.000262498,10164.2,0.000446664,1,0.00115356,0.00193957,-0.0002625,10551.2
0,5873749,13,phononTS,0.00039819,0.00299897,0.000995484,0.000262499,1424.16,0.00039819,1,0.00291812,0.00107293,-0.0002625,1578.53
0,5880357,6,phononTF,0.00113652,-0.00100427,0.00300158,0.000262498,10204.5,0.000592599,1,-0.00117022,0.00323952,-0.0002625,10390.9
0,5896726,3,phononTS,0.00081236,0.00200417,0.00200217,0.0002625,120.819,0.000577471,1,0.00195603,0.0019111,-0.0002625,1305.89
0,5938054,6,phononTS,0.000545273,0.00316251,0.00169289,-0.0002625,1563.46,0.000382,1,0.0030038,0.000996485,0.0002625,2542.14
0,5948882,8,phononTS,0.00135812,-0.00200417,0.0020035,0.000262498,2513.64,0.00135812,1,-0.00191414,0.00159217,-0.0002625,2759.74
0,5959656,7,phononTF,0.000575526,0.00300203,0.000998484,0.0002625,803.976,0.000575526,1,0.00357879,0.000338299,-0.0002625,3225.99
0,5959656,2,phononTS,0.00042613,0.00344516,0.00273446,0.000262498,86.0498,0.00042613,1,0.00340789,0.00280561,-0.0002625,254.822
0,5984225,12,phononTS,0.000390984,0.00198871,0.00063951,-0.0002625,4454.24,0.000382,1,0.000999108,0.00100462,0.0002625,5758.3
0,5992663,5,phononTS,0.000848057,-0.00267081,-0.00209278,-0.0002625,3323.58,0.000382,1,-0.0019984,-0.00199969,0.0002625,8854.67
0,5992663,4,phononTF,0.00394697,0.00330489,0.00300124,0.000209351,3323.58,0.00221117,1,0.00366291,0.00258632,-0.0002625,4442.8
0,6012328,7,phononTF,0.000491212,0.0012099,0.00116849,-0.0002625,218.906,0.000382,1,0.000997439,0.000997751,0.0002625,1763.79
0,6015000,5,phononTF,0.000465355,0.00199968,-9.15221e-07,0.0002625,5.82882,0.000465355,1,0.00120996,-0.000841864,-0.0002625,2347.27
0,6046051,2,phononL,0.00247731,0.00351276,0.00197586,-0.0002625,9.18869,0.000764,1,0.00299664,0.00100046,0.0002625,586.648
0,6046051,7,phononL,0.000498783,0.00299664,0.00100046,0.000262498,586.648,0.000498783,1,0.00233691,0.00127471,-0.0002625,752.929
0,6046051,6,phononTS,0.000931911,0.00299664,0.00100046,0.000262498,586.648,0.000548089,1,0.00308281,0.00107841,-0.0002625,740.821
0,6049552,9,phononTS,0.000668264,5.78419e-05,0.00193269,-0.0002625,717.098,0.000382,1,1.1865e-06,0.00199805,0.0002625,3318.68
0,6063775,9,phononTF,0.000517226,0.00320522,0.0011727,-0.000262499,2071.69,0.000382,1,0.00300207,0.00100005,0.0002625,2247.57
0,6063775,7,phononTF,0.00126797,0.00190627,0.000997702,0.000262498,1554.31,0.000882538,1,0.00228293,0.00080403,-0.0002625,1774.91
0,6082836,11,phononTF,0.000457044,0.0020032,0.00200145,0.0002625,829.931,0.000457044,1,0.00168755,0.00228403,-0.0002625,1232.28
0,6109963,3,phononTF,0.000764964,0.00225164,0.00211919,-0.0002625,36.7349,0.000382,1,0.00200175,0.00199603,0.0002625,1164.73
0,6109963,2,phononTS,0.00107703,0.00350106,0.00273499,0.000262498,36.7349,0.00107703,1,0.00346467,0.00283936,-0.0002625,228.24
0,6128590,7,phononL,0.000443931,0.00171374,0.00187727,-0.0002625,942.282,0.000382,1,0.0019988,0.00199757,0.0002625,1445.14
0,6135084,4,phononTF,0.00511191,0.00214222,0.00210704,0.000149702,406.253,0.000382,1,0.00199931,0.00199725,0.0002625,2253.82
0,6170869,8,phononTF,0.000391779,0.00200001,0.00200445,0.0002625,2842.74,0.000391779,1,0.00157521,0.00150022,-0.0002625,3342.73
0,6200463,4,phononTS,0.000673417,0.00172558,0.00127062,-0.000262498,1064.72,0.000382,1,0.00199825,-1.16982e-07,0.0002625,1583.64
0,6200463,2,phononTS,0.00300114,0.00338312,0.0029014,0.000262498,225.784,0.00246413,1,0.00345963,0.00282592,-0.0002625,380.375
0,6201769,2,phononTS,0.00139997,-8.79369e-07,-2.24248e-06,0.0002625,104.306,0.00132011,1,-0.00026466,-2.20761e-05,-0.0002625,4474.63
0,6202230,2,phononTS,0.00137712,-0.00011741,0.00381718,-0.0002625,6.99633,0.001146,1,-0.00200024,0.00199654,0.0002625,3597.6
0,6203245,4,phononTF,0.000633495,3.72312e-07,0.00199768,0.0002625,127.131,0.000633495,1,0.000311689,0.00174298,-0.0002625,3493.43
0,6302736,8,phononTS,0.000515657,1.6252e-07,-0.00199816,0.000262498,6782.64,0.000515657,1,-9.28851e-05,-0.00194041,-0.0002625,6960.46
0,6302736,5,phononTF,0.000599993,0.00344869,0.00279041,0.000262498,60.6913,0.000599993,1,0.00356799,0.00266671,-0.0002625,225.71
0,6302736,4,phononTS,0.000988439,0.00344869,0.00279041,0.000262498,60.6913,0.000498691,1,0.00359136,0.00351452,-0.0002625,396.224
0,6308803,5,phononTS,0.00102816,0.00100469,-0.00300471,0.000262498,4812.3,0.00102816,1,0.005,0.00133835,-1.81909e-05,6691.82
0,6314184,10,phononTS,0.000517571,0.005,0.00303522,-5.82786e-05,1461.12,0.000382,1,0.00200251,-4.60038e-06,0.0002625,3143.29
0,6421267,8,phononTS,0.00108451,0.00300006,0.00100451,0.000262498,1442.37,0.000657674,1,0.0026954,0.00109116,-0.0002625,1680.6
0,6421267,3,phononTS,0.00238795,0.00247331,0.00139444,2.43277e-05,55.2955,0.0018351,1,0.00247997,0.00142925,-0.0002625,751.481
0,6421267,2,phononTF,0.000887209,0.00348681,0.00276943,0.000262498,55.2955,0.000887209,1,0.00358352,0.00265684,-0.0002625,218.177
0,6439756,8,phononTS,0.000604054,-0.000999741,-0.00099895,0.000262498,2976.83,0.000604054,1,-0.00100617,-0.00108539,-0.0002625,3140.12
0,6439756,3,phononTS,0.000509233,0.00346062,0.00275937,0.000262498,4.99717,0.000509233,1,0.00352485,0.00284771,-0.0002625,160.118
0,6457106,7,phononTF,0.000424329,-0.00300331,-0.00100043,0.0002625,1178.75,0.000424329,1,-0.00158192,0.000336479,-0.0002625,8120.63
0,6457106,6,phononTS,0.00112192,0.00409646,0.00376927,0.000262498,1178.75,0.000317311,1,0.00382084,0.00369914,-0.0002625,1408.38
0,6488412,12,phononTF,0.000385831,0.00299694,0.000995405,0.000262498,989.191,0.000385831,1,0.00306915,0.000925269,-0.0002625,1148.88
0,6501398,13,phononTS,0.000498263,0.00108107,0.00127687,-0.0002625,1825.34,0.000382,1,0.00100353,0.000996031,0.0002625,2963.44
0,6503090,5,phononTS,0.000762154,0.000119409,-0.00277003,-0.0002625,1163.67,0.000382,1,6.35314e-07,-0.00200075,0.0002625,5433.15
0,6523691,5,phononTF,0.000444093,0.00281437,0.00111061,-0.0002625,270.424,0.000382,1,0.00299856,0.00100146,0.0002625,2886.13
0,6541816,7,phononTF,0.00134946,0.00210205,0.00212108,-0.0002625,724.18,0.000382,1,0.00100276,0.00099743,0.0002625,2040.63
0,6550496,13,phononTS,0.00112012,0.00194086,-6.05856e-05,-0.0002625,142.468,0.000382,1,0.0020015,7.64407e-08,0.0002625,2542.2
0,6550496,12,phononTS,0.00118614,0.00339644,0.00268006,0.000262498,142.468,0.000995212,1,0.00348174,0.00357981,-0.0002625,521.552
0,6559679,4,phononL,0.00137294,0.00162192,0.00131739,-0.0002625,200.422,0.000382,1,0.00100473,0.000997457,0.0002625,857.557
0,6590219,5,phononL,0.0011786,0.00318149,0.00186521,-0.0002625,134.648,0.000382,1,0.00299678,0.0010007,0.0002625,516.655
0,6590219,7,phononTF,0.00043182,0.00299678,0.0010007,0.000262498,516.655,0.00043182,1,0.00297603,0.00105325,-0.0002625,674.986
0,6590219,4,phononL,0.00068696,0.00336619,0.00272973,0.000262498,134.648,0.000636773,1,0.00281739,0.00259991,-0.0002625,277.481
0,6596026,2,phononTS,0.00109672,1.07322e-06,-0.00200282,0.0002625,131.831,0.000274633,1,0.000528947,-0.00198387,-0.0002625,3087.45
0,6598191,9,phononTF,0.000460623,-0.00200403,-0.00199543,0.000262498,4663.78,0.000460623,1,-0.00230097,-0.00229116,-0.0002625,4867.86
0,6654973,3,phononTS,0.00038793,0.00222912,0.00187702,-0.0002625,0.990209,0.000382,1,0.00100392,0.000996301,0.0002625,1205.26
0,6654973,2,phononTS,0.00372501,0.00228115,0.00201338,0.00025765,0.990209,0.00273901,1,0.00234318,0.0027857,-0.0002625,770.46
0,6720717,7,phononTS,0.00045015,0.00299287,0.00198805,-0.000262498,1540.36,0.000382,1,0.00300069,0.00100389,0.0002625,1950.27
0,6720717,2,phononTS,0.00394579,0.00238205,0.00224417,0.000186525,91.087,0.00317156,1,0.00231308,0.00234481,-0.0002625,727.806
0,6733738,8,phononTS,0.000436256,0.00200021,0.00200172,0.000262498,4612.3,0.000436256,1,0.00141156,0.0020139,-0.0002625,4898.6
0,6817296,3,phononTS,0.0017183,0.00320285,0.00190937,-0.0002625,97.5329,0.000764,1,0.00299594,0.00100443,0.0002625,911.749
0,6817296,4,phononTS,0.0005886,0.00299594,0.00100443,0.000262498,911.749,0.0005886,1,0.00241155,0.00118255,-0.0002625,1229.69
0,6831420,5,phononTF,0.000507758,0.005,0.00138576,-0.000192961,193.403,0.000382,1,-0.00200151,0.00199819,0.0002625,2969.11
0,6841637,10,phononTF,0.000405418,-4.37082e-07,-5.06929e-07,0.000262498,2408.95,0.000405418,1,0.000236727,-0.00033777,-0.0002625,2620.37
0,6843184,7,phononTS,0.00055697,0.00204453,0.00206655,-0.0002625,944.885,0.000382,1,0.00199962,0.00200138,0.0002625,1722.54
0,6843184,5,phononTS,0.000462386,0.00348486,0.00278082,0.000262498,122.24,0.000462386,1,0.00351508,0.00281993,-0.0002625,292.831
0,6843184,4,phononTS,0.00149657,0.00348486,0.00278082,0.000262498,122.24,0.000395263,1,0.00293582,0.000939781,-0.0002625,841.298
0,6846347,4,phononTS,0.00114401,0.00186741,0.00158155,-0.0002625,34.331,0.000382,1,0.00199506,0.00199762,0.0002625,1724.81
0,6846347,5,phononTF,0.000520375,0.00199506,0.00199762,0.000262498,1724.81,0.000520375,1,0.00155116,0.00244535,-0.0002625,1969.9
0,6859966,11,phononTS,0.000695306,-0.00108582,0.00261699,-0.0002625,4171.08,0.000382,1,-0.000996761,0.00299975,0.0002625,5522.7
0,6859966,2,phononTS,0.00036019,0.00335569,0.00267793,0.000155947,1038.45,0.00036019,1,0.00477631,0.00131633,-0.0002625,1618.16
0,6872869,3,phononTS,0.00576594,0.00297946,0.00100897,0.000251294,290.827,0.001146,1,0.00300026,0.00100156,0.0002625,2130.51
0,6878184,8,phononTF,0.000633388,0.00216063,-0.00217064,-0.000262498,3808.91,0.000382,1,0.00200154,-0.00199518,0.0002625,3983.53
0,6881228,11,phononTS,0.000455369,-0.000995067,0.00100057,0.000262498,1059.29,0.000455369,1,-0.00123427,0.00201513,-0.0002625,1466.03
0,6881228,9,phononTF,0.000728877,0.00348311,0.00273542,0.000262498,49.3842,0.000590948,1,0.00328912,0.00258145,-0.0002625,222.169
0,6903988,6,phononTS,0.00345077,0.00189228,0.00211035,-0.000143972,344.196,0.001146,1,0.00200281,0.00200324,0.0002625,1912.49
0,6908037,6,phononTS,0.000565939,0.000832049,0.00214136,-0.0002625,414.51,0.000382,1,1.48879e-06,0.00200149,0.0002625,1483.96
0,6908037,2,phononTS,0.00479461,0.00325317,0.00160931,-1.09215e-05,4.2877,0.00380996,1,0.00328072,0.00167585,-0.0002625,1028.43
0,6966913,9,phononTS,0.000400491,-0.00298859,-0.000758948,-0.000262498,4297.54,0.000382,1,-0.00299792,-0.000995391,0.0002625,4504.28
0,7004633,4,phononTS,0.00101148,0.00300119,0.00100088,0.0002625,490.903,0.00052372,1,0.00177808,6.28604e-05,-0.0002625,7080.71
0,7034353,5,phononTF,0.000408997,0.00234926,0.00221267,-0.0002625,569.296,0.000382,1,0.00199567,0.00200217,0.0002625,1643.64
0,7039374,10,phononTF,0.000518599,0.00144939,-0.000573863,-0.0002625,3239.17,0.000382,1,0.000998365,-0.00100052,0.0002625,5096.8
0,7044199,11,phononTS,0.00047777,-0.00199855,-0.00199624,0.0002625,9521.33,0.00047777,1,-0.000969209,-0.00327883,-0.0002625,10703.3
0,7075353,9,phononTF,0.000481887,0.000996633,0.000999211,0.000262498,4209.3,0.000481887,1,0.000704361,0.000705158,-0.0002625,4412.45
0,7102311,8,phononTS,0.000459776,0.00199995,0.00199529,0.000262498,6885.03,0.000459776,1,0.00179623,-0.000837752,-0.0002625,8049.15
0,7177646,3,phononTS,0.000789733,0.00262481,0.00300791,-0.0002625,12.7445,0.000382,1,0.00200162,0.00200491,0.0002625,1528.67
0,7182751,4,phononTF,0.000525495,0.00284169,0.00283498,-0.000262498,1304.91,0.000382,1,0.00200211,0.00199882,0.0002625,1695.73
0,7224124,4,phononL,0.000544714,0.00238942,0.00197888,-0.0002625,23.141,0.000382,1,0.00199748,0.0019997,0.0002625,1391.77
0,7289034,2,phononTS,0.000778195,0.000118921,0.0029108,-0.0002625,192.56,0.000382,1,-0.00100119,0.00300302,0.0002625,2122
0,7302053,12,phononTS,0.000390691,0.00100367,-0.0029976,0.000262498,8709.96,0.000390691,1,0.000930993,-0.00393545,-0.0002625,9100.87
0,7302053,5,phononTS,0.000812047,0.00343573,0.0028449,0.000262498,195.822,0.000812047,1,0.00324355,0.00178274,-0.0002625,645.558
0,7302053,4,phononTS,0.000547619,0.00343573,0.0028449,0.000262498,195.822,0.000547619,1,0.00348073,0.00290832,-0.0002625,351.417
0,7305518,10,phononTF,0.000540079,0.0033029,0.000704003,-0.0002625,1318.69,0.000382,1,0.00300107,0.000999846,0.0002625,2810.24
0,7329126,4,phononTS,0.00119895,0.00276183,0.00243512,-0.0002625,628.015,0.000382,1,0.00199682,0.00200294,0.0002625,1435.55
0,7354348,6,phononTS,0.000562322,0.00100138,-0.00300269,0.0002625,319.326,0.000562322,1,0.00105149,-0.0027703,-0.0002625,4431.27
0,7357681,7,phononTS,0.000668408,0.00299549,0.000997433,0.000262498,3314.99,0.000668408,1,0.00282034,0.000974958,-0.0002625,3517.67
0,7395492,8,phononTS,0.000455293,0.000566093,-0.00121156,-0.000262498,1983.4,0.000382,1,0.00100216,-0.00100173,0.0002625,2270.03
0,7395492,6,phononTF,0.000483345,0.00338319,0.00270464,0.000262498,45.4275,0.000483345,1,0.0030821,0.00318489,-0.0002625,296.703
0,7410452,5,phononTF,0.0013535,0.00212284,0.00187405,-0.0002625,23.8535,0.000382,1,0.00199608,0.00199626,0.0002625,1628.51
0,7410452,7,phononTS,0.000408919,0.00199608,0.00199626,0.000262498,1628.51,0.000408919,1,0.00182648,0.00198797,-0.0002625,1826.5
0,7427406,5,phononTS,0.00106648,0.00210613,-0.00180418,-0.0002625,73.1009,0.000382,1,0.00199702,-0.0020001,0.0002625,5694.15
0,7427406,7,phononTF,0.000650426,0.00199702,-0.0020001,0.000262498,5694.15,0.000109671,1,0.00320661,-0.000729079,-0.0002625,6240.81
0,7431974,7,phononTF,0.000709939,0.00163455,0.000339903,-0.0002625,1789.29,0.000382,1,0.000998471,0.0010013,0.0002625,2743.45
0,7431974,5,phononTS,0.000655116,0.0047184,0.005,-0.00016149,57.7665,0.000655116,1,0.00477154,0.00491058,-0.0002625,1028.04
0,7506329,7,phononL,0.000629867,0.00200444,0.00199664,0.000262498,1363.41,0.000629867,1,0.00172392,0.00140158,-0.0002625,1521.33
0,7509011,7,phononTS,0.000491491,-3.72775e-05,-0.0020507,-0.000262498,3419.98,0.000382,1,1.30458e-06,-0.00199556,0.0002625,3580.25
0,7510035,8,phononTF,0.000510458,0.00214438,0.00177019,-0.0002625,643.667,0.000382,1,0.00199815,0.00200449,0.0002625,1194.96
0,7514651,9,phononTS,0.00211119,-0.00203409,-0.00201871,0.000242955,531.287,0.000764,1,-0.00200155,-0.00200245,0.0002625,3927.78
0,7537581,10,phononTS,0.000782442,0.00201144,-0.00295485,-0.0002625,3041.2,0.000382,1,0.00200075,-0.00200326,0.0002625,6429.67
0,7624904,8,phononTS,0.000448755,0.00102889,0.000906247,-0.0002625,1107.18,0.000382,1,-0.00100228,-0.00100167,0.0002625,3116.28
0,7651615,14,phononTF,0.00042397,0.00299894,0.000998032,0.000262498,2364.04,0.00042397,1,0.00342996,0.000491333,-0.0002625,2615.67
0,7651615,9,phononTF,0.00216024,0.00390231,0.00304153,-0.000167706,1368.19,0.0016013,1,0.00206409,0.00254498,-0.0002625,1935.58
0,7671258,11,phononTS,0.000547542,0.00107724,0.000687214,-0.000262498,2909.04,0.000382,1,0.000998142,0.00099537,0.0002625,3130.9
0,7692790,7,phononTS,0.00055728,0.00225023,0.00192045,-0.0002625,1136.93,0.000382,1,0.00200223,0.00199741,0.0002625,1762.11
0,7699237,8,phononTF,0.000654439,0.00199791,0.00200235,0.000262498,1119.06,0.00065102,1,0.00165721,0.00233025,-0.0002625,1330.08
0,7737391,4,phononTF,0.00457638,0.00298692,0.00101245,0.000226021,358.767,0.000382,1,0.00299812,0.00099838,0.0002625,1580.68
0,7737391,7,phononTF,0.000819611,0.00299812,0.00099838,0.000262498,1580.68,0.000280355,1,0.00318189,0.000778008,-0.0002625,1759.15
0,7739431,4,phononTS,0.00141703,0.0030163,0.0011802,-0.0002625,57.5206,0.000382,1,0.00299963,0.00100135,0.0002625,859.735
0,7742395,9,phononL,0.000574026,3.79907e-06,0.00199749,0.000262498,8105.47,0.000574026,1,-0.000453999,0.00176688,-0.0002625,8243.15
0,7746676,6,phononTS,0.000540511,-0.000944427,0.00241556,-0.000262498,3403.99,0.000382,1,-0.000995378,0.00299701,0.0002625,3705.53
0,7755568,5,phononTS,0.00332013,0.00200139,0.00194797,0.00021721,1870.71,0.001146,1,0.00199823,0.00199941,0.0002625,1896.94
0,7775748,7,phononTS,0.00159484,0.00303395,0.00176971,-0.0002625,1173.52,0.000764,1,0.00300102,0.000996971,0.0002625,2198.14
0,7775748,9,phononTS,0.00048629,0.005,-0.00116491,-8.92928e-05,2375,0.00048629,1,-0.000802083,0.00426274,-0.0002625,5710.63
0,7790176,10,phononTS,0.000427749,0.000272819,0.00192264,-0.000262498,6556.42,0.000382,1,3.36356e-06,0.00200181,0.0002625,6769.45
0,7808028,5,phononTF,0.000744084,-0.000837704,0.00287669,-0.0002625,85.3812,0.000382,1,-0.000999618,0.00300364,0.0002625,5086.58
0,7808028,4,phononTF,0.00063158,0.00343472,0.00275145,0.000262498,85.3812,0.00063158,1,0.00407424,0.00344759,-0.0002625,408.556
0,7829382,6,phononTS,0.000383955,0.00419156,0.000820385,-0.000262498,1161.99,0.000382,1,0.00300187,0.00100173,0.0002625,1619.95
0,7829382,3,phononTS,0.000791266,0.00342899,0.00275445,0.000262498,42.355,0.000499185,1,0.00349525,0.00274004,-0.0002625,208.195
0,7880985,5,phononL,0.0010917,0.00321844,0.0018716,-0.0002625,17.6465,0.000382,1,0.00299675,0.0010044,0.0002625,405.03
0,7910450,6,phononTS,0.000541332,0.00222286,0.000378384,-0.0002625,1201.67,0.000382,1,0.0020048,4.4263e-06,0.0002625,3293.24
0,7910450,5,phononTS,0.0011498,0.00246393,0.00387449,3.96591e-05,1201.67,0.0011498,1,0.00136437,0.005,0.00025977,2185.22
0,7913980,9,phononL,0.000411563,0.00307533,0.000407901,-0.000262498,1335.9,0.000382,1,0.0029984,0.00100024,0.0002625,1482.5
0,7933016,4,phononTS,0.000486411,0.00321849,0.00186446,-0.0002625,14.9272,0.000382,1,0.00299812,0.000995588,0.0002625,812.657
0,7953347,7,phononTS,0.00112111,3.2266e-06,-5.19318e-07,0.000262498,3156.19,0.000845894,1,-7.29351e-05,-8.77967e-05,-0.0002625,3310.44
0,7953347,5,phononTF,0.00038444,0.00342698,0.00275417,0.000262498,11.6157,0.00038444,1,0.0045368,0.00402555,-0.0002625,549.628
0,7953347,4,phononTS,0.0010866,0.00342698,0.00275417,0.000262498,11.6157,0.000987098,1,0.0037943,0.00319509,-0.0002625,327.513
0,7953347,2,phononTF,0.00429907,0.00343229,0.00275552,0.000253663,7.85464,0.00195441,1,0.00327595,0.00291556,-0.0002625,177.142
0,7976349,11,phononTS,0.00177629,0.00312337,0.00175149,-0.0002625,183.746,0.000382,1,0.00299751,0.00100316,0.0002625,851.302
0,7976349,12,phononTS,0.000687575,0.00299751,0.00100316,0.000262498,851.302,0.000687575,1,0.00307277,0.00092904,-0.0002625,1005.95
0,8008799,8,phononTS,0.000651175,0.00199711,-2.97309e-06,0.000262498,1917,0.000651175,1,0.00191582,0.000203502,-0.0002625,2116.21
0,8008799,2,phononTF,0.00118929,0.00348947,0.00264186,0.000262498,230.207,0.000458953,1,0.00384172,0.0022576,-0.0002625,450.92
0,8018366,7,phononTS,0.000605974,0.000200394,-6.26527e-05,-0.000262498,1999.56,0.000382,1,3.43419e-06,3.92937e-06,0.0002625,2197.71
0,8040648,2,phononL,0.0017847,0.00276637,0.00235595,-0.0002625,154.213,0.000382,1,0.00200266,0.00199915,0.0002625,531.759
0,8058500,7,phononTF,0.000580065,0.00100487,0.0010003,0.000262498,1296.45,0.000580065,1,0.00146863,0.000476519,-0.0002625,1556.82
0,8058500,4,phononTS,0.00128315,0.00349318,0.00280514,0.000262498,111.007,0.00112237,1,0.00357107,0.00278562,-0.0002625,271.54
0,8058500,3,phononL,0.000596693,0.00349318,0.00280514,0.000262498,111.007,0.000280172,1,0.00347195,0.00326609,-0.0002625,241.756
0,8062306,5,phononTS,0.0017625,0.000685803,0.0046231,-0.0002625,5.2814,0.000382,1,-0.00100326,0.00299526,0.0002625,9759.97
0,8080947,12,phononTS,0.000446079,-3.1795e-06,-4.83444e-06,0.000262498,2012.22,0.000446079,1,7.17774e-05,-5.2391e-05,-0.0002625,2167.29
0,8086941,8,phononTS,0.000804056,-0.00199711,0.00200124,0.0002625,264.648,0.000797079,1,0.00125189,0.00395585,-0.0002625,14070.3
0,8115255,7,phononL,0.000830668,0.00199891,0.00199875,0.000262498,1469.58,0.000534597,1,0.0027524,0.00182378,-0.0002625,1642.8
0,8138390,3,phononTS,0.00099429,0.000746518,0.00308976,-0.0002625,13.6376,0.000382,1,4.40452e-06,0.00200147,0.0002625,2477.47
0,8138390,2,phononTS,0.000941187,0.00348159,0.0027319,0.000262498,13.6376,0.000571545,1,0.00277481,0.00265434,-0.0002625,338.469
0,8171151,7,phononTS,0.000451489,0.00299629,0.00099948,0.0002625,1340.25,0.000451489,1,0.00293155,0.000976892,-0.0002625,1672.71
0,8174857,10,phononTF,0.000460364,0.00190356,0.00217495,-0.000262498,1317.57,0.000382,1,0.00200444,0.00199591,0.0002625,1491.37
0,8175081,7,phononTF,0.00124956,1.02643e-06,0.00200293,0.000262498,2553.45,0.0010725,1,-6.30274e-06,0.00181544,-0.0002625,2727.87
0,8175426,7,phononTS,0.000712646,0.00187243,-0.00271683,-0.0002625,32.6324,0.000382,1,0.00199728,-0.00199601,0.0002625,3530.97
0,8175426,6,phononTS,0.000609401,0.00349751,0.00275712,0.000262498,32.6324,0.00010592,1,0.00343846,0.00283022,-0.0002625,187.652
0,8184852,3,phononTF,0.00099762,0.000879693,0.0009155,-0.0002625,102.218,0.000382,1,-1.21308e-06,-2.19523e-06,0.0002625,1913.27
0,8184852,7,phononTF,0.000423198,-1.21308e-06,-2.19523e-06,0.000262498,1913.27,0.000423198,1,0.000552627,0.00052984,-0.0002625,2191.06
0,8192597,7,phononTS,0.000498411,0.00199724,0.00200129,0.0002625,531.865,0.000498411,1,0.00142874,0.00199407,-0.0002625,1707.09
0,8192597,5,phononTS,0.00108207,0.00210574,0.005,0.000170871,213.181,0.000433505,1,0.00101188,0.00458001,-0.0002625,1485.21
0,8203148,11,phononTS,0.000412227,0.00199724,-2.24523e-06,0.000262498,2356.55,0.000412227,1,0.00121255,-0.000205515,-0.0002625,2713.63
0,8206815,9,phononTF,0.000679343,-0.000995973,0.00299674,0.0002625,2308.04,0.000679343,1,-0.00169019,0.00375122,-0.0002625,2996.18
0,8213316,5,phononTF,0.000767779,0.00199875,-0.00199557,0.0002625,2741.51,0.000693141,1,0.00309208,-0.0029982,-0.0002625,3679.23
0,8233099,9,phononTF,0.00120034,-0.00161557,0.000325308,-0.0002625,2667.2,0.000382,1,-0.00200048,-3.45181e-06,0.0002625,3319.02
0,8244783,7,phononTS,0.000400396,2.10299e-05,0.00199359,-0.000262498,3793.32,0.000382,1,2.2632e-06,0.00199666,0.0002625,3954.54
0,8256658,5,phononTS,0.000895658,0.00100322,-0.000996719,0.000262499,5342.87,0.000806857,1,-0.00366073,0.00373399,-0.0002625,7504.44
0,8281291,6,phononL,0.00103079,0.000712591,0.00162656,-0.0002625,89.6525,0.000382,1,-5.22458e-07,0.00200115,0.0002625,1976.26
0,8281291,5,phononTS,0.000967251,0.005,0.00393962,0.000122859,89.6525,0.000855399,1,0.00496175,0.00416793,-0.0002625,917.004
0,8318187,9,phononTS,0.000943783,0.00456399,0.005,6.53895e-05,1287.39,0.000154485,1,0.00472825,0.00452581,-0.0002625,2829
0,8329648,7,phononTS,0.000831915,0.005,0.00370137,8.03819e-05,327.115,0.000382,1,0.000998119,0.000995613,0.0002625,3001.04
0,8329648,3,phononL,0.00106216,0.00346295,0.0027606,0.000262498,3.39633,0.00106216,1,0.00293291,0.00306913,-0.0002625,155.312
0,8357486,5,phononTS,0.00057952,0.000977837,-0.00237666,-0.0002625,363.07,0.000382,1,0.00100191,-0.00299826,0.0002625,3876.89
0,8368744,9,phononTS,0.000385916,-0.00100302,0.00300261,0.000262498,2119.54,0.000385916,1,-0.00107297,0.00309169,-0.0002625,2274.2
0,8371855,3,phononTS,0.00074558,0.00223519,-0.000116466,-0.0002625,8.45351,0.000382,1,0.000997894,-0.00300002,0.0002625,2240.22
0,8371855,2,phononTS,0.000940062,0.00347247,0.00276707,0.000262498,8.45351,0.000514918,1,0.00394589,0.00298269,-0.0002625,304.754
0,8378622,6,phononTS,0.00111986,-0.005,-0.00463532,-0.000185055,526.004,0.00111986,1,-0.00471747,-0.00434303,-0.0002625,4142.77
0,8378622,4,phononTS,0.00183887,0.00324562,0.00257485,0.000209848,506.17,0.00183887,1,0.00317159,0.00270099,-0.0002625,673.351
0,8423926,6,phononTS,0.0013544,0.00104809,-0.0035627,-0.0002625,7.84784,0.000382,1,0.00100107,-0.00299558,0.0002625,5025.19
0,8423926,7,phononTS,0.000503985,0.00100107,-0.00299558,0.000262498,5025.19,0.000503985,1,0.000975946,-0.00247189,-0.0002625,5304.41
0,8423926,5,phononTF,0.00099189,0.00344747,0.0027605,0.000262498,7.84784,0.00066855,1,0.00279175,0.00205453,-0.0002625,336.201
0,8437878,4,phononTS,0.0011427,-0.000277527,-0.000284081,-0.0002625,22.2982,0.000382,1,-0.00199887,-0.00199826,0.0002625,6671.51
0,8437878,3,phononTF,0.000610655,0.00342727,0.00276607,0.000262498,22.2982,0.000610655,1,0.00343269,0.00271701,-0.0002625,180.403
0,8438155,12,phononTS,0.00084223,0.00312759,0.000951927,-0.0002625,967.154,0.000382,1,0.00300332,0.00100211,0.0002625,2436.31
0,8486984,5,phononTS,0.000975628,0.00214417,0.00196743,-0.0002625,72.1866,0.000382,1,0.00200468,0.00200054,0.0002625,2011.37
0,8491621,5,phononTF,0.000661198,0.00218877,0.0018426,-0.000262498,732.398,0.000382,1,0.000996469,0.00100296,0.0002625,1217.14
0,8496012,7,phononTS,0.00318578,0.000999298,0.00099457,0.000103435,1296.55,0.00164896,1,0.00106265,0.00102205,-0.0002625,1456.31
0,8496012,9,phononTS,0.000489866,0.005,-0.00176076,-2.66362e-07,1456.31,0.000489866,1,0.00482343,-0.00176641,-0.0002625,2998.59
0,8524771,5,phononTF,0.0012878,-0.00209461,0.000109113,-0.0002625,244.16,0.000382,1,-0.00200227,-4.1844e-06,0.0002625,5942.42
0,8539324,7,phononTF,0.000523125,0.00099757,0.00100264,0.0002625,9857.97,0.000523125,1,-0.000283992,9.45406e-05,-0.0002625,11567.4
0,8563878,9,phononTS,0.00060826,0.00200493,0.00199676,0.000262498,1663.97,0.00060826,1,0.00202473,0.00256322,-0.0002625,1942.8
0,8567938,11,phononTS,0.000477197,0.00229899,0.00179175,-0.000262498,953.785,0.000382,1,0.00199558,0.00200126,0.0002625,1211.1
0,8569208,5,phononTS,0.000400999,-0.00100289,0.00299579,0.000262499,2747.76,0.000400999,1,-0.00106886,0.00306189,-0.0002625,2902.96
0,8589798,7,phononTS,0.000544001,0.000998506,0.001002,0.000262498,1302.96,0.000544001,1,-0.000489451,-0.000559582,-0.0002625,2035.25
0,8596210,7,phononTS,0.000593061,-0.00299594,-0.000999187,0.000262498,6080.24,0.000593061,1,-0.00307217,-0.000947474,-0.0002625,6237.38
0,8604231,6,phononTS,0.000615687,0.00230991,0.00229817,-0.000262498,653.342,0.000382,1,0.00299679,0.000995431,0.0002625,1240.03
0,8604231,4,phononTS,0.00195274,0.00337565,0.00282953,0.000262498,180.488,0.000726479,1,0.00342478,0.00303627,-0.0002625,392.878
0,8609862,2,phononTF,0.000594125,0.00270805,0.00238274,-0.0002625,24.5664,0.000382,1,0.00200104,0.00199501,0.0002625,659.754
0,8616276,12,phononTF,0.000476633,-0.000759554,-0.000770471,-0.000262498,7844.37,0.000382,1,2.25688e-06,-0.00200408,0.0002625,8333.46
0,8659354,7,phononTS,0.000406356,-0.00108865,-0.00016511,-0.000262498,2154.7,0.000382,1,-0.00199741,4.96059e-06,0.0002625,2532.46
0,8659354,4,phononTS,0.00136019,0.00338368,0.00278186,0.000262498,156.536,0.000874525,1,0.00327132,0.00277743,-0.0002625,345.304
0,8683204,8,phononTS,0.000499609,0.00200063,-0.00200102,0.000262498,9488.96,0.000499609,1,0.00195997,-0.00222035,-0.0002625,9693.89
0,8683204,2,phononTS,0.00526993,0.00362918,0.00202306,-0.00018828,290.962,0.00214158,1,0.00368127,0.00205582,-0.0002625,1842.48
0,8686114,6,phononTS,0.000603538,0.00191538,0.00229823,-0.000262498,1477.75,0.000382,1,0.00199721,0.00199962,0.0002625,1697.26
0,8686114,2,phononTF,0.00267582,0.00339564,0.0026718,0.000262498,96.9704,0.0020949,1,0.0032817,0.00254363,-0.0002625,263.509
0,8695309,13,phononTS,0.00099783,0.0009281,0.00110766,-0.0002625,1655.5,0.000764,1,0.000995139,0.000997605,0.0002625,2197.48
0,8695309,12,phononTS,0.00068822,0.005,-0.000785749,3.7412e-05,1655.5,0.000572901,1,0.00341674,0.00057424,-0.0002625,6518.69
0,8716472,7,phononTF,0.000923582,0.00299712,0.00100143,0.0002625,504.751,0.000477801,1,0.0025667,0.000596786,-0.0002625,3686.46
0,8777142,9,phononTS,0.000618219,0.00100034,0.000999063,0.0002625,635.049,0.000618219,1,0.00404376,0.00204218,-0.0002625,2779.44
0,8777142,2,phononTS,0.000671053,0.00340406,0.00275714,0.000262498,63.0738,0.000671053,1,0.00333288,0.00280011,-0.0002625,232.708
0,8831082,4,phononTF,0.000523843,0.00264043,0.000726632,-0.0002625,11.6871,0.000382,1,0.00100203,-0.000996763,0.0002625,3615.3
0,8867371,3,phononTS,0.00146426,0.00220175,0.0018729,-0.0002625,110.901,0.000382,1,0.001002,0.000998438,0.0002625,1208.3
0,8867371,10,phononTS,0.000542414,0.001002,0.000998438,0.000262498,1208.3,0.000542414,1,0.000986826,-0.00127486,-0.0002625,2146.49
0,8938813,3,phononTS,0.000960952,-0.000796199,0.000930781,-0.0002625,125.203,0.000382,1,-0.000999915,0.00100016,0.0002625,2743.65
0,8938813,2,phononTS,0.0012329,0.0034308,0.00267559,0.000262498,125.203,0.000670551,1,0.00429684,0.0022669,-0.0002625,522.35
0,8940976,12,phononTF,0.000590626,0.00248103,0.000552711,-0.000262498,1872.03,0.000382,1,0.00300145,0.00100249,0.0002625,2129.2
0,8964691,6,phononTS,0.00144809,0.00300089,0.00100033,0.0002625,454.457,0.000723316,1,0.00278411,0.000286907,-0.0002625,1457.17
0,8988457,9,phononTF,0.00113953,0.00207075,0.00191272,-0.000262498,541.739,0.000382,1,0.0020044,0.00199547,0.0002625,701.647
0,8988457,10,phononTS,0.000473999,0.0020044,0.00199547,0.000262498,701.647,0.000473999,1,0.0032314,0.0021739,-0.0002625,1197.89
0,8994151,6,phononTS,0.000573482,0.00107679,-0.00108521,-0.0002625,32.2909,0.000382,1,0.00100489,-0.00100243,0.0002625,1993.06
0,9025414,2,phononTS,0.00133699,0.0030036,0.00100283,0.0002625,21.1395,0.000742359,1,0.00307884,0.00150807,-0.0002625,1882.79
0,9058425,6,phononTS,0.000457881,0.00199672,-0.00199882,0.000262498,4807.84,0.000457881,1,0.00195794,-0.00201256,-0.0002625,4977.17
0,9144027,7,phononTF,0.000497286,0.0029977,0.000997236,0.000262498,1561.3,0.000497286,1,0.00342469,0.000500173,-0.0002625,1810.79
0,9144027,4,phononTS,0.00126547,0.005,0.00401831,0.000134459,4.4755,0.00126547,1,0.00492204,0.00331634,-0.0002625,1994.91
0,9173078,9,phononTF,0.000432115,0.00273816,0.000752701,-0.000262498,781.359,0.000382,1,0.00300499,0.00100268,0.0002625,974.162
0,9186891,10,phononTS,0.000400132,-0.00200453,-0.00200063,0.000262498,3261.58,0.000400132,1,-0.00181122,-0.0032492,-0.0002625,3765.66
0,9187805,8,phononTS,0.00105741,5.92603e-05,-0.00351448,-0.0002625,218.219,0.000382,1,-0.000999838,-0.00100016,0.0002625,4677.39
0,9187805,7,phononL,0.000523803,0.00320272,0.00267192,0.000262498,218.219,0.000523803,1,0.00448971,0.00277551,-0.0002625,477.274
0,9187805,6,phononL,0.000546579,0.00320272,0.00267192,0.000262498,218.219,0.000546579,1,0.00390142,0.00248721,-0.0002625,383.877
0,9225163,4,phononTF,0.000577077,-0.000901753,-0.00108428,-0.0002625,970.559,0.000382,1,-0.000999524,-0.000996117,0.0002625,3028.38
0,9318348,7,phononTS,0.000406157,0.00299583,0.00100214,0.000262498,859.393,0.000406157,1,0.00369157,0.000745745,-0.0002625,1217.11
0,9330014,9,phononTF,0.00080016,0.00315906,0.00247277,-0.000262498,273.728,0.000382,1,0.00199848,0.00199629,0.0002625,725.233
0,9351856,8,phononTS,0.000495888,0.00308934,0.00163895,-0.0002625,175.351,0.000382,1,0.00300168,0.00100042,0.0002625,1088.26
0,9367903,6,phononTS,0.000543883,-0.000525944,-0.0012087,-0.0002625,3836.01,0.000382,1,-0.000998057,-0.00100436,0.0002625,5689.44
0,9368874,5,phononTS,0.000481588,0.00215314,-6.56936e-05,-0.000262498,1219.49,0.000382,1,0.0019996,3.48896e-06,0.0002625,1408.32
0,9368874,3,phononTF,0.000452532,0.00342467,0.00272966,0.000262498,124.481,0.000452532,1,0.00431722,0.00154102,-0.0002625,613.733
0,9368874,2,phononTS,0.00145948,0.00342467,0.00272966,0.000262498,124.481,0.000840761,1,0.00441176,0.00273238,-0.0002625,525.584
0,9391271,6,phononTS,0.000556787,0.00236683,-0.00012697,-0.0002625,2572.01,0.000382,1,0.00199903,-5.29832e-07,0.0002625,9443.53
0,9445713,4,phononTF,0.00114922,-0.00153314,0.00239602,-0.0002625,82.467,0.000382,1,-0.00199673,0.00200305,0.0002625,2988.11
0,9474143,9,phononTF,0.000595512,0.0019985,0.00199785,0.000262498,1920.56,0.000386969,1,0.0020954,0.00191902,-0.0002625,2081.68
0,9483598,4,phononTS,0.00114469,0.00322867,-0.00174263,-0.0002625,687.549,0.000382,1,0.00199986,-0.00199918,0.0002625,4150.57
0,9483598,5,phononTS,0.000573464,0.00199986,-0.00199918,0.000262499,4150.57,0.000573464,1,0.00395442,-0.00084112,-0.0002625,4970.8
0,9495688,14,phononTF,0.000711145,0.00200111,0.00199935,0.000262498,2082.37,0.000386748,1,0.00252631,0.00254323,-0.0002625,2363.15
0,9502720,3,phononL,0.0023811,0.00312055,0.0014365,-0.0002625,38.0074,0.000382,1,0.00300254,0.00100021,0.0002625,558.701
0,9504410,7,phononTF,0.00119224,0.00326159,0.00138326,-0.0002625,1235.66,0.000382,1,0.00300263,0.00100471,0.0002625,2126.21
0,9516406,10,phononTS,0.000609529,-9.97611e-07,-1.17462e-06,0.000262498,4917.98,0.000609529,1,-3.68534e-05,8.93776e-05,-0.0002625,5075.83
0,9542217,7,phononTF,0.000433618,0.00210855,0.000123565,-0.0002625,2358.45,0.000382,1,0.00200251,-4.42264e-06,0.0002625,4002.57
0,9556169,10,phononTF,0.0013267,0.00199614,0.00200075,0.000262498,2273.5,0.0013267,1,0.00231694,0.00231549,-0.0002625,2479.94
0,9618059,7,phononTF,0.000654322,0.00299585,0.00100361,0.0002625,543.318,0.000372274,1,0.00232729,-0.000666265,-0.0002625,1760.34
0,9620185,5,phononTS,0.000864269,0.00365304,0.00227309,-0.000262498,1348.25,0.000382,1,0.00299682,0.000997528,0.0002625,1909.39
0,9638276,5,phononTS,0.000635878,-0.00494102,0.00176782,-0.0002625,1106.41,0.000635878,1,-0.005,0.00176317,-0.00025198,5661.22
0,9651026,7,phononTS,0.00108913,0.00284133,0.00104877,-0.000262498,961.198,0.000382,1,0.00299523,0.00100117,0.0002625,1150.56
0,9680827,11,phononTS,0.00040072,3.44084e-06,0.0019956,0.0002625,4628.37,0.00040072,1,-0.000163221,0.00153707,-0.0002625,6439.12
0,9681550,14,phononTS,0.000520369,0.00100306,0.00100002,0.000262498,3877.92,0.000520369,1,0.00104124,0.00107342,-0.0002625,4036.67
0,9698851,7,phononTF,0.00056716,0.00299722,0.000999085,0.0002625,790.426,0.00022175,1,0.00275561,0.000771009,-0.0002625,2321.56
0,9735253,2,phononTF,0.00307069,0.00431388,-0.000739939,8.0525e-05,59.4389,0.00307069,1,0.005,-1.9714e-05,-0.000202132,3303.83
0,9743557,4,phononTS,0.000721097,0.00270187,0.00236455,-0.0002625,41.8671,0.000382,1,0.00199768,0.00200245,0.0002625,795.066
0,9748939,7,phononTS,0.00125302,0.00109,-0.000625114,-0.0002625,988.113,0.000382,1,0.00100314,-0.00099903,0.0002625,2512.22
0,9748939,8,phononTF,0.00040998,0.00100314,-0.00099903,0.000262498,2512.22,0.00040998,1,0.000521458,-0.00152892,-0.0002625,2785.83
0,9749946,4,phononTF,0.000540551,0.00397657,0.0033825,-0.0002625,6.63739,0.000382,1,0.00200413,0.00199859,0.0002625,1296.18
0,9751488,9,phononTS,0.000474417,0.00300407,0.00100237,0.0002625,535.821,0.000474417,1,0.00308397,0.00106574,-0.0002625,3239.18
0,9764783,9,phononTF,0.00071033,0.000996692,-0.00299609,0.000262498,5386.45,0.00071033,1,0.00121813,-0.00326507,-0.0002625,5574.01
0,9767743,6,phononL,0.00121644,0.00199557,3.16293e-06,0.0002625,713.784,0.00121644,1,0.00109162,2.5728e-05,-0.0002625,1435.94
0,9782019,10,phononTS,0.000507201,0.00103055,0.00108452,-0.000262498,1745.21,0.000382,1,0.000995499,0.00100271,0.0002625,1903.45
0,9782019,3,phononTF,0.00137376,0.00345804,0.00273788,0.000262498,9.60511,0.00112854,1,0.00351386,0.00269184,-0.0002625,167.904
0,9799340,6,phononTS,0.000486609,0.00321558,0.00185645,-0.0002625,20.2656,0.000382,1,0.00300481,0.000996675,0.0002625,744.076
0,9844744,5,phononTF,0.000712556,0.00226811,0.00213061,-0.0002625,211.173,0.000382,1,0.00199938,0.0020035,0.0002625,1364.78
0,9844744,4,phononTS,0.000872827,0.00361179,0.00276616,0.000262498,211.173,0.000352485,1,0.00424388,0.00265539,-0.0002625,513.766
0,9859957,5,phononTF,0.000791788,0.00289731,0.000835666,-0.0002625,805.339,0.000382,1,0.00300158,0.00100481,0.0002625,1558.81
0,9865415,9,phononTF,0.00131502,0.00289395,0.000547371,-0.0002625,2751.18,0.000382,1,0.00200094,-1.46869e-06,0.0002625,9754.85
0,9865415,11,phononTF,0.000774054,0.00200094,-1.46869e-06,0.000262498,9754.85,0.000739324,1,0.00173665,0.000230895,-0.0002625,9944.1
0,9865415,8,phononTS,0.000534665,0.005,0.00457277,3.29142e-05,2751.18,0.000534665,1,-0.000931437,0.00394121,-0.0002625,5329.4
0,9884454,7,phononTS,0.000694425,0.00245636,0.000891459,-0.0002625,2.38931,0.000382,1,0.00200372,3.76687e-06,0.0002625,1401.26
0,9884959,12,phononTS,0.000540045,0.00199904,9.08214e-07,0.000262498,1233.17,0.000540045,1,0.00205931,0.000409824,-0.0002625,1479.36
0,9891972,8,phononTS,0.000407025,-0.00100658,0.00103806,-0.000262498,3662.45,0.000382,1,-0.00100218,0.00099593,0.0002625,3832.33
0,9916797,8,phononTF,0.000548648,-0.00308285,-0.00112278,-0.0002625,5995.79,0.000382,1,-0.00299871,-0.0010011,0.0002625,7029.22
0,9944211,5,phononTF,0.00250554,0.00199647,4.43492e-06,0.0002625,161.104,0.00159104,1,0.00182629,-0.000200828,-0.0002625,3143.91
0,9967935,8,phononTF,0.000423997,0.00312045,0.0030855,-0.0002625,1100.76,0.000382,1,0.00199655,0.00200378,0.0002625,2304.34
0,9977699,7,phononTS,0.0010766,0.00321378,0.00188572,-0.0002625,112.694,0.000382,1,0.00299934,0.000998328,0.0002625,852.703
