Run ID,Event ID,Track ID,Particle Name,Start Energy [eV],Start X [m],Start Y [m],Start Z [m],Start Time [ns],Energy Deposited [eV],Track Weight,End X [m],End Y [m],End Z [m],Final Time [ns]
0,6416,5,phononTS,0.000424778,-0.00202003,-0.00191674,-0.0002625,499.632,0.000382,1,-0.00199557,-0.00200411,0.0002625,1142.38
0,82486,13,phononTS,0.000554261,0.00104891,-0.00302612,-0.000262498,1790.53,0.000382,1,0.000998073,-0.00300203,0.0002625,1880.13
0,104458,12,phononTF,0.000418621,0.00199735,-2.86665e-06,0.0002625,698.081,0.000418621,1,0.00320475,0.00122434,-0.0002625,2238.39
0,196232,14,phononTS,0.00143335,-0.00100464,-0.00100406,0.000262498,597.228,0.000929202,1,-0.00118726,-0.00122236,-0.0002625,721.62
0,218373,5,phononTF,0.000727574,0.00200136,-0.00199791,0.0002625,689.927,0.000727574,1,0.000922996,-0.00254961,-0.0002625,1676.4
0,218373,4,phononTS,0.00440237,-0.00154419,-0.00401453,0.000262498,689.927,0.00169293,1,-0.00230247,-0.00340761,-0.0002625,919.761
0,287312,6,phononTS,0.000599487,-0.000149366,-0.0029766,-0.0002625,515.405,0.000382,1,-1.2112e-06,-0.00200296,0.0002625,1189.83
0,300752,16,phononTF,0.000423803,-9.50016e-05,-0.00213332,-0.0002625,609.094,0.000382,1,2.88374e-06,-0.00200396,0.0002625,937.313
0,300752,3,phononTF,0.00199797,-0.000921038,-0.00393361,0.000262498,0.810033,0.0015335,1,-0.000165336,-0.00467236,-0.0002625,202.764
0,300752,2,phononTF,0.0023909,-0.000921038,-0.00393361,0.000262498,0.810033,0.0021515,1,-0.0010291,-0.00403632,-0.0002625,94.2266
0,300753,1,phononTF,0.01,-0.000763329,-0.00354671,-0.000126193,0,0.00629999,1,-0.00083564,-0.00347748,-0.0002625,565.272
0,306626,14,phononTS,0.00039312,-0.00203846,-4.77641e-05,-0.0002625,3244.41,0.000382,1,-0.00199758,-2.64093e-06,0.0002625,3422.66
0,329516,9,phononTS,0.00094512,0.00104739,-0.00100339,-0.0002625,176.372,0.000382,1,0.000998178,-0.000996186,0.0002625,920.36
0,335677,14,phononTS,0.00056914,-0.000956046,-0.000864686,-0.0002625,2182.41,0.000382,1,-0.000999452,-0.000996571,0.0002625,2586.93
0,343058,4,phononTF,0.000449515,-0.00260924,-0.000636476,-0.0002625,447.434,0.000382,1,-0.00199572,-4.74768e-06,0.0002625,2079.23
0,343058,3,phononTS,0.000692483,-0.000755858,-0.00383175,0.000262498,447.434,0.000385998,1,-0.00133935,-0.00457228,-0.0002625,672.539
0,343058,2,phononL,0.0024396,-0.000755858,-0.00383175,0.000262498,447.434,0.0024396,1,-0.000931331,-0.00356957,-0.0002625,516.01
0,371430,24,phononTS,0.000986453,-0.00170016,-0.00204134,-0.0002625,697.483,0.000382,1,-0.00199909,-0.00199867,0.0002625,1174.85
0,393236,11,phononTF,0.000396094,0.00242136,-0.00438292,-0.0002625,2721.38,0.000382,1,0.00199797,-0.00200086,0.0002625,3340.16
0,393236,4,phononTF,0.00181551,-0.00118922,-0.00380971,0.000262498,114.631,0.0015169,1,-0.00245101,-0.00448529,-0.0002625,389.046
0,393236,3,phononL,0.00130624,-0.00118922,-0.00380971,0.000262498,114.631,0.000835666,1,-0.00147158,-0.00377761,-0.0002625,181.863
0,395000,23,phononL,0.000562868,-0.0019974,-0.00200496,0.000262498,486.192,0.000562868,1,-0.00198997,-0.00157534,-0.0002625,560.194
0,395462,21,phononTS,0.000767286,0.00298205,0.00151685,-0.000262499,3928.55,0.000382,1,0.00299976,0.00100245,0.0002625,4077.02
0,395462,2,phononTS,0.00100678,-0.000916438,-0.00391008,0.000262498,15.0511,0.000452274,1,-0.00094859,-0.00342015,-0.0002625,162.068
0,412070,5,phononL,0.00192679,-0.00178208,-0.00211997,-0.0002625,484.135,0.000382,1,-0.00200452,-0.00199777,0.0002625,921.738
0,426752,3,phononL,0.00419949,0.00123902,-0.002879,-0.0002625,130.25,0.000764,1,0.00100347,-0.00300011,0.0002625,954.081
0,443225,16,phononTS,0.000991396,-0.00100202,0.00100155,0.000262498,1240.76,9.59639e-06,1,-0.0035737,0.00334265,-0.0002625,1875.93
0,444645,6,phononTF,0.00200723,0.00041179,-0.00155489,-0.000216145,544.846,0.001146,1,0.00100355,-0.000998915,0.0002625,871.508
0,447449,5,phononTS,0.000858601,-0.00180421,-0.0022785,-0.0002625,406.649,0.000382,1,-0.00300428,-0.00100432,0.0002625,1130.51
0,447449,4,phononTS,0.00177108,-0.000604156,-0.00355266,0.000262498,406.649,0.0010736,1,-0.000560439,-0.00351922,-0.0002625,495.969
0,525770,4,phononTS,0.000821853,0.00312396,0.00106342,-0.0002625,870.096,0.000382,1,0.00300083,0.000999408,0.0002625,2203.94
0,574685,6,phononTS,0.000438117,-0.00135894,-0.00323068,-0.0002625,715.796,0.000382,1,-0.00200292,-0.00199501,0.0002625,1299.4
0,593366,12,phononTF,0.000431023,0.00144337,-0.00254606,-0.000262498,919.677,0.000382,1,0.00200271,-0.00199926,0.0002625,1080.95
0,618377,14,phononTS,0.00121624,-2.07236e-06,-0.0019976,0.0002625,1390.11,0.000688018,1,-0.00145154,-0.00253575,-0.0002625,2382.3
0,640837,4,phononTF,0.00185087,-0.00154074,-0.0018767,-0.0002625,196.387,0.001146,1,-0.00199585,4.86569e-06,0.0002625,931.246
0,640837,3,phononTS,0.00421713,-0.00149174,-0.00340183,-0.000137638,196.387,0.00198312,1,-0.00143049,-0.00341262,-0.0002625,341.433
0,650350,12,phononTS,0.000446409,-0.0011375,-0.000293048,-0.0002625,1232.84,0.000382,1,-0.00199967,-4.36426e-07,0.0002625,1665.23
0,688556,3,phononTS,0.00664873,-0.000257091,-0.00198141,7.13554e-05,65.086,0.001146,1,-4.29802e-06,-0.00199571,0.0002625,577.315
0,690030,14,phononTF,0.000696852,0.00447297,0.00246213,-0.0002625,4136.97,0.000382,1,0.00300188,0.00100417,0.0002625,5166.66
0,780304,24,phononTF,0.00056492,-0.00200199,-0.00200076,0.000262498,1327.56,0.00056492,1,-0.00231463,-0.00166162,-0.0002625,1448.29
0,780304,22,phononTS,0.000461346,-0.00265001,-0.00262867,0.000262498,1090.55,0.000461346,1,-0.00277835,-0.00368367,-0.0002625,1334.25
0,795858,12,phononTF,0.000409841,-0.00157389,0.0025716,-0.000262498,3043.3,0.000382,1,-0.00199685,0.00199931,0.0002625,3200.07
0,816866,13,phononTS,0.000480141,-0.00233564,-0.00113636,-0.0002625,1745.76,0.000382,1,-0.00199741,2.64494e-06,0.0002625,2268.66
0,816866,11,phononTF,0.00175026,-0.00116582,-0.00416477,0.000262498,245.17,0.000391993,1,-0.00103422,-0.00429507,-0.0002625,340.475
0,820439,10,phononTF,0.00239657,-0.00094102,0.00175059,0.000167851,134.491,0.00197802,1,-0.000769697,0.00157324,-0.0002625,1666.86
0,835146,9,phononL,0.000658844,9.11486e-05,-0.00193876,-0.000262498,1120.51,0.000382,1,-3.45624e-06,-0.0020019,0.0002625,1183.55
0,847282,18,phononTS,0.000622796,0.000404613,-0.00301092,-0.000262498,1292.14,0.000382,1,-0.00100219,-0.0010019,0.0002625,1775.35
0,849112,16,phononTS,0.00100979,0.00102475,-0.00302427,-0.000262498,441.828,0.000764,1,0.000998688,-0.00300453,0.0002625,533.982
0,874650,18,phononTS,0.000583815,-4.65381e-06,-0.00200178,0.000262498,768.957,0.000583815,1,-0.000728704,-0.00201459,-0.0002625,948.145
0,894768,15,phononTS,0.000403741,-4.62187e-05,-0.00217499,-0.0002625,1418.65,0.000382,1,1.20674e-07,-0.00199639,0.0002625,1629.99
0,898712,12,phononTF,0.000472218,-0.000634697,-0.00228083,-0.0002625,204.365,0.000382,1,1.20834e-06,-0.00199988,0.0002625,528.947
0,898712,11,phononTS,0.000474239,-0.0012706,-0.00256177,0.000262498,204.365,0.000474239,1,-0.00115218,-0.00251306,-0.0002625,304.1
0,911278,23,phononTF,0.000387345,-0.000100382,-0.00232553,-0.0002625,2245.93,0.000382,1,-3.10353e-06,-0.00200157,0.0002625,2473.79
0,915696,9,phononTF,0.0004518,-0.000154417,-0.0021587,-0.0002625,594.308,0.000382,1,3.77121e-07,-0.00200097,0.0002625,789.332
0,963596,10,phononTS,0.000414977,0.00372351,-0.00076239,-0.000262498,2000.2,0.000382,1,0.00200051,2.54191e-06,0.0002625,2392.75
0,971274,8,phononTS,0.000777217,-0.00195488,-0.00247224,-0.0002625,4.09744,0.000382,1,-0.00299769,-0.000998844,0.0002625,716.532
0,983368,11,phononTF,0.000494737,-1.32137e-06,-0.00199609,0.000262498,1107.39,0.000494737,1,-0.000814031,-0.00271298,-0.0002625,1316.24
0,983368,3,phononTS,0.00272564,-0.000932693,-0.00393202,0.000262498,9.09122,0.00183798,1,-0.00134644,-0.00391613,-0.0002625,143.858
0,1059363,16,phononTF,0.000722406,-0.00106531,-0.00320708,-0.000262498,382.365,0.000382,1,-0.00199684,-0.00199711,0.0002625,664.806
0,1091599,10,phononTF,0.00200781,-0.00200198,-0.00200337,0.000262498,593.819,0.00200781,1,-0.00180772,-0.00219987,-0.0002625,695.485
0,1098100,14,phononTF,0.000709508,0.000995945,-0.00300497,0.000262498,593.055,0.000709508,1,0.00052452,-0.00278183,-0.0002625,729.305
0,1098100,3,phononTF,0.000386681,-0.000731912,-0.00380404,0.000262498,144,0.000386681,1,-0.000972525,-0.00352934,-0.0002625,254.716
0,1098100,2,phononTF,0.00238641,-0.000731912,-0.00380404,0.000262498,144,0.00161902,1,-0.00096456,-0.00402768,-0.0002625,249.46
0,1101980,23,phononL,0.000410428,-0.00128654,-0.00224953,-0.000262498,1542.63,0.000382,1,-0.00200459,-0.00199925,0.0002625,1642.97
0,1101980,3,phononTS,0.000919129,-0.00098325,-0.00398834,0.000262498,21.7298,0.000919129,1,-0.000929554,-0.00397921,-0.0002625,112.961
0,1124373,15,phononTF,0.000403102,-0.000566346,-0.00260612,-0.0002625,1217.8,0.000382,1,0.00100372,-0.00100096,0.0002625,1748.56
0,1138165,15,phononTF,0.000836201,0.000999023,-0.00300271,0.000262498,2157.77,0.000440374,1,0.00147717,-0.00471418,-0.0002625,2497.7
0,1153430,10,phononTF,0.00107282,0.00100487,-0.00299819,0.0002625,635.333,0.000556273,1,0.00118438,-0.00281123,-0.0002625,936.954
0,1187899,14,phononTS,0.000399797,-0.00210054,-0.000720233,-0.0002625,1516.68,0.000382,1,-0.00199516,-3.51953e-06,0.0002625,1873.87
0,1191172,14,phononTF,0.00112843,-0.00119777,-0.00287438,-0.0002625,456.739,0.000382,1,-0.00200135,-0.00200313,0.0002625,904.22
0,1191172,6,phononTF,0.00103262,-0.000891501,-0.00393491,0.000262498,30.6516,0.000375472,1,-0.000529444,-0.00429081,-0.0002625,156.145
0,1191342,14,phononTS,0.000392324,-0.00275401,0.00132583,-0.0002625,3860.63,0.000382,1,-0.00300336,-0.000999514,0.0002625,4874.39
0,1211977,22,phononTF,0.000618711,-1.35322e-07,-0.00199868,0.000262498,1634.03,0.000618711,1,-0.000511456,-0.00147862,-0.0002625,1787.85
0,1226661,3,phononTS,0.00392202,-0.000913668,-0.005,-4.95915e-05,30.9582,0.000764,1,0.00200473,-0.00199632,0.0002625,991.369
0,1230994,11,phononL,0.000458056,0.00090875,-0.00190863,-0.000262498,1577.61,0.000382,1,1.15819e-07,-0.00200406,0.0002625,1690.77
0,1253904,12,phononTF,0.00183637,-0.00162481,0.00163174,-0.0002625,1125.39,0.000382,1,-0.00100114,0.00100493,0.0002625,1477.48
0,1253904,13,phononTS,0.00101708,-0.00100114,0.00100493,0.000262498,1477.48,0.00101708,1,-0.00103024,0.000984874,-0.0002625,1567.07
0,1253904,3,phononL,0.000886682,-0.00115952,-0.00418161,0.000262498,137.227,0.000886682,1,-0.00220417,-0.0042453,-0.0002625,263.099
0,1253904,2,phononTF,0.00183079,-0.00115952,-0.00418161,0.000262498,137.227,0.00183079,1,-0.000765997,-0.00383085,-0.0002625,266.282
0,1270219,13,phononTS,0.00153483,-0.00143333,-0.0031152,-0.0002625,838.161,0.000764,1,-0.00299593,-0.000996107,0.0002625,1861.45
0,1277926,16,phononTS,0.00044649,0.00100492,-0.00300104,0.000262498,1010.56,0.00044649,1,0.00199721,-0.0025793,-0.0002625,1248.55
0,1312241,11,phononTS,0.000531878,-0.00104477,0.00273668,-0.0002625,3375.1,0.000382,1,-0.00100041,0.00299744,0.0002625,3667.06
0,1339886,18,phononTF,0.00081039,0.000996927,0.000996992,0.000262498,1591.37,0.000180731,1,0.00147289,0.000537677,-0.0002625,1735.84
0,1350110,23,phononTS,0.000620358,-5.25505e-05,-0.00204692,-0.000262498,391.993,0.000382,1,-1.51178e-06,-0.00199626,0.0002625,486.095
0,1371528,12,phononTF,0.00101515,-0.000735242,-0.00127601,-0.0002625,771.187,0.000764,1,-0.00100403,-0.000995168,0.0002625,994.717
0,1377039,9,phononTS,0.000624426,0.00048758,-0.003275,-0.0002625,192.376,0.000382,1,0.00099561,-0.0029977,0.0002625,856.044
0,1388138,3,phononTS,0.000830746,-0.000583915,-0.00406192,-0.000262498,491.458,0.000382,1,-0.00300273,-0.000998611,0.0002625,1224.25
0,1401251,25,phononTF,0.000432685,-0.00100693,-0.005,-0.000148872,647.225,0.000382,1,0.00199504,-0.00199711,0.0002625,1403.96
0,1448678,12,phononTS,0.000700545,0.00331053,-0.00244117,-0.0002625,1766.58,0.000382,1,0.00200211,-0.00199962,0.0002625,2860.52
0,1452227,7,phononTS,0.000451854,0.000965798,-0.00260219,-0.0002625,743.737,0.000382,1,0.00100474,-0.00300445,0.0002625,1008.81
0,1455372,15,phononTS,0.000643191,-0.00229647,-0.005,8.11314e-05,590.434,0.000382,1,0.00199573,4.69671e-06,0.0002625,2302.48
0,1471850,5,phononTS,0.00115321,-0.00155613,-0.00285852,-0.0002625,318.546,0.000382,1,-0.00199818,-0.0020046,0.0002625,771.901
0,1478375,17,phononTS,0.00038937,0.0030041,0.00100056,0.0002625,2205.36,0.00038937,1,0.00244106,0.000481405,-0.0002625,2795.08
0,1480173,7,phononTF,0.000647712,-7.84798e-05,-0.000159945,-0.000262498,1991.88,0.000382,1,3.79312e-06,3.06643e-06,0.0002625,2088.7
0,1520697,8,phononTS,0.000603351,0.0030016,0.00100023,0.000262499,1925.25,0.000603351,1,0.00384428,0.000403605,-0.0002625,2164.9
0,1553402,16,phononTF,0.00170633,-0.00107438,-0.00339406,-0.0002625,84.2188,0.000382,1,0.00200483,-0.00200374,0.0002625,812.004
0,1554403,7,phononTS,0.00155281,-0.000550824,-0.005,-0.000202114,11.3572,0.000764,1,-1.89311e-06,-0.00199965,0.0002625,923.471
0,1554403,8,phononTS,0.000553783,-1.89311e-06,-0.00199965,0.000262499,923.471,0.000553783,1,4.58455e-05,-0.00196875,-0.0002625,1012.82
0,1592662,7,phononTF,0.000479436,-0.00199602,-0.00199731,0.0002625,77.1273,0.000479436,1,-0.00253809,-0.000273327,-0.0002625,886.293
0,1637162,17,phononTS,0.000514952,-0.00136871,-0.00252063,-0.0002625,848.347,0.000382,1,-0.00200361,-0.00199606,0.0002625,1259.86
0,1658760,15,phononTF,0.00039167,-0.00199983,-0.00200379,0.000262498,336.504,0.00039167,1,-0.00202621,-0.00234035,-0.0002625,451.722
0,1658760,2,phononTS,0.00100445,-0.00109077,-0.00379306,0.000262498,84.5039,0.000878449,1,-0.000766529,-0.00334083,-0.0002625,247.835
0,1670412,12,phononTS,0.000413335,0.0030004,0.000999105,0.000262499,2997.68,0.000413335,1,0.00302671,0.00103878,-0.0002625,3087.26
0,1670412,5,phononTF,0.0017518,-0.00104392,-0.0042808,0.000262498,262.225,0.00164411,1,-0.000942786,-0.00417739,-0.0002625,355.449
0,1680227,7,phononL,0.000604004,-0.00124433,-0.00269718,-0.0002625,20.3703,0.000382,1,-0.00199803,0.00199894,0.0002625,930.561
0,1705243,10,phononTF,0.00114375,-0.000552715,0.000560667,-0.000262498,1559.03,0.000382,1,-2.20123e-06,4.01562e-06,0.0002625,1720.39
0,1706601,4,phononTF,0.00232956,-0.00205703,-0.00205079,-0.0002625,353.356,0.000764,1,-0.0020048,-0.00199563,0.0002625,885.059
0,1706601,17,phononTS,0.00142444,-0.0020048,-0.00199563,0.000262498,885.059,0.00130532,1,-0.00272002,-0.00244203,-0.0002625,1093.2
0,1721340,19,phononTS,0.000840275,0.00420479,0.000331229,-0.0002625,3579.98,0.000382,1,0.00299609,0.000996059,0.0002625,4417.32
0,1721340,2,phononTF,0.0018201,-0.000326174,-0.00445252,0.000262498,979.934,0.00131132,1,-0.000540595,-0.00424551,-0.0002625,1083.28
0,1722464,2,phononL,0.00260401,-0.00100154,-0.00100122,0.0002625,11.8037,0.00170741,1,-0.00102472,0.000463501,-0.0002625,516.736
0,1727419,6,phononTF,0.00188943,-0.000193308,-0.00419073,-0.000262498,407.224,0.000764,1,0.00100296,-0.00299661,0.0002625,710.225
0,1727419,7,phononTS,0.000943547,0.00100296,-0.00299661,0.000262498,710.225,0.000943547,1,0.00103003,-0.00302515,-0.0002625,799.783
0,1751287,3,phononTS,0.00483192,-0.00229728,-0.00188253,0.000166205,136.435,0.000382,1,-0.00199528,-0.00200226,0.0002625,952.953
0,1751287,8,phononTF,0.00148588,-0.00199528,-0.00200226,0.000262498,952.953,0.00148588,1,-0.00224927,-0.00217341,-0.0002625,1059.6
0,1751287,7,phononTS,0.0021927,0.005,0.00426368,6.51185e-05,952.953,0.00152212,1,0.00475528,0.00429062,-0.0002625,2647.17
0,1752826,12,phononTS,0.000427507,0.00102479,-0.00283922,-0.000262498,1138.11,0.000382,1,0.00099663,-0.00300492,0.0002625,1242.67
0,1789610,7,phononTS,0.000532745,-0.00192437,-0.002654,-0.0002625,283.471,0.000382,1,-0.00299998,-0.000997614,0.0002625,1083.36
0,1789736,7,phononTF,0.000401365,0.00199541,-0.00200417,0.000262498,2499.13,0.000401365,1,0.00151981,-0.0024924,-0.0002625,2646.36
0,1802565,11,phononTF,0.00047817,0.0018873,-0.000971073,-0.0002625,416.511,0.000382,1,0.00200435,0.00200015,0.0002625,1507.36
0,1824175,19,phononTS,0.000545379,-7.73273e-07,-0.00199667,0.0002625,1216.62,0.000545379,1,0.00292429,4.09972e-05,-0.0002625,2558.78
0,1845734,24,phononTF,0.000475696,-0.000998207,-0.00100323,0.000262498,1176.7,0.000475696,1,-0.000836342,-0.0011732,-0.0002625,1275.12
0,1853560,20,phononTS,0.000580985,-0.00200255,-0.00199919,0.000262498,641.314,0.000580985,1,-0.00198685,-0.00149878,-0.0002625,787.172
0,1853560,17,phononTS,0.00129169,-0.000688105,-0.00375918,0.000262498,212.036,0.000524257,1,-0.00176254,-0.00472858,-0.0002625,522.004
0,1870806,10,phononTS,0.000548136,0.00300317,0.00100246,0.000262498,2416.73,0.000548136,1,0.000290111,-0.00156633,-0.0002625,3094.13
0,1881692,15,phononL,0.000861951,0.000394244,-0.00313072,-0.0002625,221.511,0.000382,1,0.0010027,-0.00299576,0.0002625,484.658
0,1881692,16,phononTF,0.000408193,0.0010027,-0.00299576,0.000262498,484.658,0.000408193,1,0.000819497,-0.00293308,-0.0002625,582.946
0,1901574,9,phononTS,0.000433976,0.000998888,-0.00299503,0.000262498,596.938,0.000433976,1,0.0006889,-0.00302543,-0.0002625,717.974
0,1901574,6,phononTS,0.00149023,-0.00083777,-0.00375836,0.000262498,282.17,0.000912444,1,-0.000901859,-0.00309029,-0.0002625,451.44
0,1928464,5,phononTS,0.000593101,-0.001023,-0.00398716,-0.000262498,323.178,0.000382,1,0.00200154,2.85926e-06,0.0002625,1255.63
0,1931923,12,phononTS,0.000433673,-0.00194867,-0.00203718,-0.000262498,461.799,0.000382,1,-0.00200281,-0.00199725,0.0002625,556.259
0,1934564,8,phononTF,0.000952472,0.000997838,-0.0029979,0.000262498,702.849,0.000471872,1,0.000322434,-0.00320588,-0.0002625,870.756
0,1944506,9,phononL,0.000559613,-0.00174244,-0.00226823,-0.000262498,442.168,0.000382,1,-0.00200182,-0.002005,0.0002625,513.339
0,1950609,15,phononTS,0.00105198,0.00200223,-3.67909e-06,0.000262499,2643.57,0.00105198,1,0.00196279,-5.16743e-05,-0.0002625,2737.58
0,1982542,7,phononTS,0.000484723,-0.00108991,-0.00306861,-0.000262498,637.036,0.000382,1,-4.49147e-06,-0.0019961,0.0002625,960.488
0,1986459,15,phononTS,0.000845525,-0.00343964,-0.000791732,-0.0002625,784.905,0.000382,1,-0.00299613,-0.000995038,0.0002625,1368.23
0,1990702,11,phononTS,0.000442139,-0.0017637,-0.00261479,-0.0002625,1252.18,0.000382,1,-0.00199515,-0.00199694,0.0002625,1879.99
0,1990702,4,phononTF,0.000632746,-0.00118036,-0.00445791,0.000262498,448.221,0.000632746,1,0.000231559,-0.00390566,-0.0002625,741.455
0,2014527,19,phononTS,0.000393689,-2.61029e-06,-0.00225829,-0.000262498,1497.58,0.000382,1,-4.55079e-06,-0.00200095,0.0002625,1613.46
0,2014527,3,phononTS,0.000908039,-0.000742428,-0.00416362,0.000262498,159.788,0.000515064,1,0.000729738,-0.00484681,-0.0002625,497.58
0,2025441,3,phononTF,0.00106423,-0.00232049,-0.00214887,-0.0002625,735.956,0.000382,1,-0.0030048,-0.000999033,0.0002625,1250.66
0,2033345,21,phononTS,0.000478525,-0.00199862,-0.00199668,0.0002625,334.226,0.000478525,1,-0.00243624,-0.0020295,-0.0002625,1089.02
0,2058234,15,phononTF,0.000956078,-0.00200372,-0.00200039,0.0002625,425.682,0.000916907,1,-0.00273739,-0.00128105,-0.0002625,820.708
0,2116889,4,phononTF,0.000908362,-0.0008721,-0.00389593,-0.0002625,191.672,0.000382,1,-0.00200068,-0.00199607,0.0002625,711.279
0,2122979,15,phononTF,0.000398114,-0.00134674,0.00335089,-0.0002625,7251.26,0.000382,1,-0.000998077,0.00300461,0.0002625,7497.47
0,2126866,17,phononTS,0.000762418,-0.00299925,-0.000967768,-0.0002625,886.482,0.000382,1,-0.00299847,-0.000997547,0.0002625,1531.89
0,2151707,11,phononTF,0.000981945,0.00115059,-0.00313849,-0.0002625,932.607,0.000382,1,0.00100028,-0.00299548,0.0002625,1125.83
0,2151707,10,phononTS,0.000428198,0.0013009,-0.00328151,0.000262498,932.607,0.000428198,1,0.00127428,-0.00330779,-0.0002625,1025.19
0,2161730,14,phononTS,0.000426242,-0.00399419,0.00169787,-0.000262498,2160.08,0.000382,1,-0.00200349,3.33053e-06,0.0002625,2649.28
0,2162385,14,phononTF,0.000443188,-0.000372704,0.00041275,-0.0002625,2055.81,0.000382,1,-0.00100004,0.000995104,0.0002625,2402.73
0,2173558,13,phononTS,0.00129356,0.00100471,-0.0029997,0.000262498,1314.93,0.00126967,1,0.000291292,-0.00334396,-0.0002625,1513.78
0,2173558,2,phononTF,0.00295015,-0.00107969,-0.00408308,0.000262498,122.357,0.00295015,1,-0.00127961,-0.005,0.000177059,287.732
0,2173559,1,phononL,0.01,-0.000125021,-0.00457504,-0.000107191,0,0.00733627,1,-4.58034e-05,-0.00454991,-0.0002625,1670.48
0,2179215,12,phononTF,0.000416312,-0.00199901,-0.00200023,0.000262498,2011.12,0.000416312,1,-0.0030072,-0.00305846,-0.0002625,2278.18
0,2206013,4,phononTS,0.00275911,-0.00199207,-0.00185876,-0.0002625,0.816066,0.000382,1,-0.00199661,0.00199907,0.0002625,1773.74
0,2206013,5,phononTS,0.00195608,-0.00199661,0.00199907,0.000262499,1773.74,0.00135264,1,-0.00190825,0.00203692,-0.0002625,1875.04
0,2207299,15,phononTF,0.000435342,0.00159593,-0.00361439,-0.0002625,5307.67,0.000382,1,0.000997311,-0.00300377,0.0002625,5651.15
0,2229918,5,phononL,0.001538,-0.000140747,-0.00265636,-0.0002625,430.667,0.000382,1,-4.94279e-06,-0.00200294,0.0002625,613.289
0,2258541,6,phononTS,0.000490539,6.80352e-05,-0.00358954,-0.0002625,109.006,0.000382,1,0.000995551,-0.00299772,0.0002625,610.093
0,2258541,5,phononL,0.00156138,-0.00065396,-0.005,-0.000171999,109.006,0.0010485,1,-0.000581474,-0.00430541,-0.0002625,298.953
0,2263129,17,phononTF,0.000900313,0.00100265,-0.000999065,0.000262498,1646.3,0.000900313,1,0.00122783,-0.00121366,-0.0002625,1750.71
0,2281693,3,phononTS,0.000761804,-0.00299759,-0.000997872,0.0002625,65.5759,0.000454281,1,-0.0029969,-0.00095203,-0.0002625,944.155
0,2281693,2,phononTF,0.00235134,-0.00086546,-0.00430623,0.000262498,65.5759,0.00152202,1,-0.000991511,-0.00420789,-0.0002625,160.062
0,2286485,12,phononL,0.000421227,0.00206518,-0.00154793,-0.000262498,719.233,0.000382,1,0.00199534,-0.00200266,0.0002625,795.099
0,2295615,18,phononTF,0.000405597,9.37817e-05,-0.00182925,-0.000262498,496.338,0.000382,1,4.46076e-06,-0.00200081,0.0002625,593.909
0,2314218,7,phononTS,0.000663195,-0.00135045,-0.00110365,-0.0002625,822.472,0.000382,1,-0.000999815,-0.00100307,0.0002625,1561.33
0,2320583,2,phononTS,0.00712448,3.98659e-05,-0.00200597,0.000139565,61.8339,0.00191,1,-1.81419e-06,-0.00199793,0.0002625,880.71
0,2320583,7,phononTS,0.00064271,-1.81419e-06,-0.00199793,0.000262498,880.71,0.0004415,1,0.000745856,-0.000672677,-0.0002625,1201.99
0,2320583,6,phononTS,0.00125114,-1.81419e-06,-0.00199793,0.000262498,880.71,0.000981867,1,6.05413e-05,-0.00204674,-0.0002625,980.751
0,2320583,5,phononTF,0.000660766,-1.81419e-06,-0.00199793,0.000262498,880.71,0.000660766,1,-0.000502633,-0.00148742,-0.0002625,1033.17
0,2321289,4,phononTF,0.00126286,-6.45337e-05,-0.00408285,-0.0002625,1.66896,0.000764,1,0.00100492,-0.00300488,0.0002625,698.433
0,2328656,15,phononTF,0.000670362,-0.00199643,-3.0522e-06,0.000262498,1159.68,0.000670362,1,-0.00208187,-8.42314e-05,-0.0002625,1251.88
0,2328853,6,phononTS,0.00062844,0.000997351,-0.00299718,0.0002625,689.112,0.000314294,1,-0.000809208,-0.00449704,-0.0002625,1305
0,2328853,2,phononTS,0.00203566,-0.000650306,-0.00382175,0.000262498,234.511,0.000841428,1,0.0015604,-0.000976654,-0.0002625,914.009
0,2393373,13,phononTS,0.000569208,0.000997111,0.00100116,0.000262498,2076.44,0.000569208,1,0.000946544,0.000998314,-0.0002625,2167.02
0,2417841,28,phononTF,0.000503989,0.00121994,-0.0024993,-0.000262499,1247.86,0.000382,1,0.00199827,-0.00200122,0.0002625,1438.69
0,2417841,21,phononTS,0.00114716,0.00118243,-0.00245019,0.000262498,1158.73,0.000652224,1,0.0011543,-0.00250114,-0.0002625,1248.16
0,2434572,2,phononL,0.00433456,-0.00282066,-0.00114408,-0.0002625,642.543,0.001146,1,-0.00300117,-0.00100313,0.0002625,1363.02
0,2447673,21,phononTS,0.000526177,-0.00199926,0.00199873,0.000262498,3598.53,0.000526177,1,-0.00224246,0.00308374,-0.0002625,3845.89
0,2447673,2,phononTS,0.000686401,-0.000868185,-0.0037815,0.000262498,61.2262,0.000645488,1,-0.0016889,-0.00383709,-0.0002625,254.348
0,2447674,1,phononTS,0.01,-0.000938008,-0.00419487,-0.000201127,0,0.00654668,1,-0.00077067,-0.00419405,-0.0002625,1114.91
0,2455497,5,phononTF,0.000396462,0.000545351,-0.000961495,-0.0002625,4.69988,0.000382,1,0.00199848,0.00200006,0.0002625,1179.98
0,2455497,4,phononL,0.000714603,-0.000907774,-0.00392304,0.000262498,4.69988,0.000714603,1,-0.00045342,-0.00384953,-0.0002625,80.585
0,2455497,3,phononTF,0.00137848,-0.000907774,-0.00392304,0.000262498,4.69988,0.000563012,1,-0.000953566,-0.00396982,-0.0002625,95.2742
0,2493821,14,phononTF,0.000655857,-0.00100059,-0.000998808,0.0002625,749.934,8.93446e-05,1,-0.000698207,-0.000714561,-0.0002625,980.645
0,2497534,16,phononTS,0.000411343,-0.000458399,-0.00235836,-0.0002625,1079.1,0.000382,1,-2.75856e-06,-0.00200079,0.0002625,1413.1
0,2500417,4,phononTS,0.000621346,-0.00099355,-0.0045212,-0.000262498,375.558,0.000382,1,0.00300348,0.000995031,0.0002625,1627.64
0,2500417,3,phononTS,0.000970434,-0.000242365,-0.005,-0.000104208,375.558,0.000970434,1,-0.000401587,-0.00467119,-0.0002625,628.562
0,2532257,2,phononTS,0.00394936,0.00105596,-0.0029906,-0.0002625,940.552,0.000764,1,0.00100056,-0.00299541,0.0002625,1366.81
0,2556517,17,phononTF,0.000433455,0.000381346,-0.00359899,-0.0002625,385.017,0.000382,1,0.0010014,-0.00299737,0.0002625,876.375
0,2556517,14,phononTF,0.000919099,6.41538e-06,-0.00499087,0.000262498,265.193,0.00041585,1,0.000243955,-0.00474459,-0.0002625,372.463
0,2574464,2,phononTF,0.00357914,-0.000117576,-0.000576564,-0.000205234,230.071,0.001528,1,-0.000999977,-0.000997604,0.0002625,1097.93
0,2574464,14,phononTF,0.000530503,-0.000999977,-0.000997604,0.000262498,1097.93,0.000530503,1,-0.00119736,-0.000809203,-0.0002625,1199.19
0,2576375,21,phononTF,0.000489273,0.000996712,-0.00100132,0.000262498,1534,0.000489273,1,0.00048305,-0.000566039,-0.0002625,1683.04
0,2625807,10,phononTF,0.000476178,-4.53216e-06,-0.00200039,0.000262498,454.22,0.000476178,1,-0.000784993,-0.00118936,-0.0002625,667.806
0,2625807,3,phononTS,0.00262412,-0.000859402,-0.00403989,0.000262498,96.4262,0.00184794,1,-0.000827835,-0.00402577,-0.0002625,187.163
0,2656802,9,phononTS,0.00227615,0.00113412,-0.00103085,-0.0002625,2029.97,0.000382,1,0.00100032,-0.000997347,0.0002625,2233.24
0,2667156,15,phononTF,0.000857552,0.00115179,-0.00315213,-0.000262498,883.107,0.000382,1,0.000999812,-0.00299599,0.0002625,980.604
0,2704448,15,phononTS,0.000569854,-0.0019969,-2.35331e-06,0.000262498,2356.08,0.000569854,1,-0.00198987,0.000250849,-0.0002625,2471.27
0,2711555,4,phononTS,0.000963713,-0.00200497,-0.0019965,0.0002625,177.071,0.000963713,1,-0.00248264,-0.000964636,-0.0002625,942.686
0,2745370,10,phononTF,0.000744746,0.000836501,-0.00316427,-0.0002625,475.93,0.000382,1,0.00100048,-0.00300026,0.0002625,959.643
0,2796841,9,phononTS,0.000448372,-3.17758e-06,-0.00200411,0.000262498,2471.6,0.000448372,1,2.27629e-05,-0.00197496,-0.0002625,2561.15
0,2796841,4,phononTS,0.000890482,0.000712756,-0.00498334,0.000262498,1227.27,0.000890482,1,0.000717512,-0.00450224,-0.0002625,1371.91
0,2800311,5,phononTF,0.00157202,0.00289203,-0.005,0.000250405,1.24317,0.000764,1,0.00100318,-0.00100408,0.0002625,1438.13
0,2800311,11,phononL,0.000433285,0.00100318,-0.00100408,0.000262498,1438.13,0.000433285,1,0.000182129,-0.00082501,-0.0002625,1545.05
0,2828034,3,phononTS,0.00408192,-0.000474114,-0.00314214,-0.0002625,20.209,0.001146,1,-3.19714e-06,-0.00200106,0.0002625,478.389
0,2838906,21,phononTS,0.000728196,-0.00199736,0.00200282,0.0002625,1622.2,0.000728196,1,-0.00197962,0.00215104,-0.0002625,1938.29
0,2838906,14,phononTS,0.00126363,0.005,0.00127508,-0.000237798,1163.21,0.00126363,1,0.00483115,0.00108986,-0.0002625,4200.02
0,2855598,20,phononTS,0.000392323,0.00304803,0.00096627,-0.000262498,2462,0.000382,1,0.00300139,0.00100138,0.0002625,2551.24
0,2855598,3,phononL,0.000649312,-0.000745465,-0.00386607,0.000262498,201.345,0.000649312,1,-0.000735496,-0.00317478,-0.0002625,294.197
0,2909840,9,phononTS,0.000554221,-0.00065823,-0.00298349,-0.000262498,686.722,0.000382,1,-0.00200221,-0.00199652,0.0002625,1033.98
0,2939399,15,phononTF,0.000479243,-0.00299566,-0.00100479,0.0002625,1020.29,0.000479243,1,-0.00284528,-0.00116328,-0.0002625,1414.63
0,2940270,21,phononTS,0.000507199,-0.0019979,-0.00200204,0.000262498,1939.87,0.000507199,1,-0.00274705,-0.00207732,-0.0002625,2121.47
0,2940270,12,phononTS,0.0036477,-0.00198003,-0.000595877,-0.00019488,539.885,0.00308464,1,-0.00197423,-0.000590456,-0.0002625,1995.71
0,2976069,6,phononTS,0.000435074,-1.72359e-06,-0.00199793,0.000262498,728.282,0.000435074,1,-1.51746e-05,-0.00202718,-0.0002625,820.019
0,2976069,3,phononTF,0.00520106,-0.00079805,-0.00364011,-0.000198672,21.9756,0.00253563,1,-0.000526151,-0.00341561,-0.0002625,199.959
0,2978996,14,phononL,0.000491764,-0.00179224,0.00143082,-0.000262498,1381.3,0.000382,1,-0.00199525,0.00200055,0.0002625,1468.01
0,2985874,15,phononTS,0.000394341,0.00161156,-0.000855699,-0.0002625,350.012,0.000382,1,0.00299543,0.00100104,0.0002625,1242.58
0,3061836,16,phononTS,0.000404866,0.00100458,-0.000998554,0.000262498,1883.71,0.000404866,1,0.000461568,0.000265998,-0.0002625,2175.37
0,3061836,4,phononL,0.001483,-0.00278581,-0.00319412,0.000262498,699.069,0.000500206,1,-0.00305582,-0.00315416,-0.0002625,765.908
0,3065271,15,phononTF,0.000533566,-0.000998901,-0.00100346,0.0002625,523.486,0.000533566,1,-0.00131351,-0.000702271,-0.0002625,1099.13
0,3070495,13,phononL,0.000629985,-0.00374018,-0.00114208,-0.0002625,1512.36,0.000382,1,-0.00300306,-0.00100125,0.0002625,1990.33
0,3080078,22,phononTS,0.000564025,-0.0012945,-0.00196934,-0.000262498,1282.31,0.000382,1,-0.000995578,-0.00099798,0.0002625,1515.33
0,3080079,1,phononTS,0.01,-0.00116082,-0.00402793,-0.000204474,0,0.00631167,1,-0.00133399,-0.00409111,-0.0002625,295.631
0,3094622,23,phononTS,0.00067476,8.27415e-05,-0.00236628,-0.0002625,343.45,0.000382,1,1.11822e-06,-0.00199806,0.0002625,610.703
0,3140565,11,phononTF,0.000420346,-0.00185967,-0.0021412,-0.0002625,1044.28,0.000382,1,-0.00199981,-0.00199669,0.0002625,1429.27
0,3183403,3,phononTS,0.000564904,-0.00199573,-0.00199859,0.0002625,16.2986,0.000564904,1,-0.00200496,-0.00204206,-0.0002625,632.28
0,3183403,2,phononTF,0.00130027,-0.000970171,-0.00388363,0.000262498,16.2986,0.000479239,1,-0.000729425,-0.00393516,-0.0002625,120.044
0,3202705,9,phononTS,0.000532161,-0.00169325,-0.00192678,-0.000262498,701.834,0.000382,1,-0.00199949,-0.00200181,0.0002625,827.54
0,3205498,11,phononTF,0.000414689,-0.000179679,-0.0018221,-0.0002625,777.9,0.000382,1,-3.27708e-06,-0.0020002,0.0002625,977.095
0,3209234,9,phononL,0.000395233,0.00100206,-0.00299941,0.000262498,486.793,0.000395233,1,0.00120157,-0.00291675,-0.0002625,551.899
0,3209234,6,phononL,0.000637505,-0.000992791,-0.00395252,0.000262498,12.1978,0.000637505,1,-0.000222741,-0.00383907,-0.0002625,112.96
0,3209234,5,phononTS,0.00336597,-0.000992791,-0.00395252,0.000262498,12.1978,0.00138744,1,-0.000966489,-0.00318611,-0.0002625,199.389
0,3237354,16,phononTS,0.000408963,-0.000815678,-0.000647406,-0.0002625,1316.91,0.000382,1,-0.000997278,-0.00100268,0.0002625,1595.25
0,3258073,3,phononL,0.00132097,-0.00101442,-0.00164287,-0.0002625,280.729,0.000764,1,-0.00100167,-0.000999083,0.0002625,636.517
0,3258073,2,phononTS,0.00110742,-0.00105265,-0.00357421,0.000262498,280.729,0.00051106,1,-0.000828567,-0.00367532,-0.0002625,399.057
0,3262684,19,phononTS,0.000484987,0.00199812,-0.00200129,0.000262498,1203.18,0.000484987,1,0.0010741,-0.000999755,-0.0002625,1498.82
0,3268560,11,phononTS,0.000416579,0.000300047,-0.000966861,-0.000262498,587.582,0.000382,1,4.07896e-06,1.01208e-06,0.0002625,817.102
0,3282311,15,phononTF,0.000544223,-0.00132167,-0.00267517,-0.0002625,385.005,0.000382,1,-0.00200359,-0.00200275,0.0002625,758.901
0,3284470,20,phononTS,0.000405547,0.000996425,0.0010011,0.000262498,1896.91,0.000405547,1,0.00209331,0.000503914,-0.0002625,2156.92
0,3291514,13,phononTS,0.00110341,-0.00185398,-0.00232774,-0.0002625,710.477,0.000764,1,-0.000999515,-0.000996038,0.0002625,1350.74
0,3298451,4,phononTS,0.00143896,-0.005,0.00482268,-0.000174922,96.7259,0.00143896,1,-0.00401666,0.00397313,-0.0002625,3017.72
0,3318984,17,phononTF,0.000924604,0.00200149,-0.0019963,0.000262498,874.348,0.000539229,1,0.00149467,-0.00248574,-0.0002625,1024.66
0,3318984,4,phononTF,0.000805859,-0.000931125,-0.00392946,0.000262498,16.3827,0.000750623,1,-0.000802969,-0.00379419,-0.0002625,111.724
0,3337472,8,phononTS,0.000828124,-0.00100083,-0.001001,0.0002625,136.798,0.000828124,1,-0.000978398,-0.000248701,-0.0002625,1048.41
0,3337472,7,phononTS,0.000501294,-0.00109058,-0.00401021,0.000262498,136.798,0.000501294,1,-0.00106228,-0.00397483,-0.0002625,229.833
0,3340873,15,phononTF,0.000961112,0.000465145,-0.00226226,-0.0002625,1465.49,0.000382,1,1.1017e-06,-0.00200175,0.0002625,1737.15
0,3347879,8,phononTS,0.000933914,0.000195801,-0.00328619,-0.0002625,273.794,0.000382,1,0.00100267,-0.00299752,0.0002625,689.394
0,3372063,11,phononTF,0.000601282,-0.0020001,-0.00199501,0.000262498,1873.19,0.000601282,1,-0.00225631,-0.00174918,-0.0002625,1981.65
0,3372063,3,phononTS,0.00131681,-0.000660174,-0.00405519,0.000262498,88.7222,0.000521673,1,-0.000277971,-0.00420132,-0.0002625,228.4
0,3372384,14,phononL,0.000593193,-0.00299879,-0.000995051,0.000262498,1312.44,0.000593193,1,-0.0029706,-0.00495559,-0.0002625,1749.1
0,3387990,5,phononTS,0.000500131,0.00100258,0.000996603,0.000262498,1811.45,0.000500131,1,0.0035874,-0.000788251,-0.0002625,2415.22
0,3426785,14,phononTS,0.00046213,0.00100464,-0.000995223,0.0002625,941.384,0.00046213,1,0.00105939,-0.00097625,-0.0002625,1120.84
0,3433455,13,phononL,0.000680761,-0.00200407,3.62455e-06,0.000262498,1789.87,0.000680761,1,-0.00104053,0.000151068,-0.0002625,1909.25
0,3448634,3,phononTS,0.000436775,-0.00200419,-0.00262038,-0.0002625,329.16,0.000382,1,-0.00300443,-0.00100257,0.0002625,1103.45
0,3448634,2,phononL,0.00155673,-0.00100395,-0.00423818,0.000262498,329.16,0.000840518,1,-0.000802202,-0.00377064,-0.0002625,408.729
0,3461473,12,phononTS,0.00111226,-0.005,-0.000724006,-9.57269e-05,680.597,0.000382,1,-0.00200197,0.00200491,0.0002625,2114.08
0,3461473,13,phononTF,0.000448661,-0.00200197,0.00200491,0.000262498,2114.08,0.000448661,1,-0.0021866,0.00204086,-0.0002625,2212.34
0,3465933,7,phononTS,0.000522367,-0.00087957,0.00377862,-0.0002625,33.8055,0.000382,1,-0.000999625,0.00299804,0.0002625,3278.74
0,3465933,6,phononTS,0.000746704,-0.00286503,-0.005,-7.24353e-05,33.8055,0.000746704,1,-0.00321938,-0.00456705,-0.0002625,615.812
0,3507013,11,phononTF,0.00045616,-0.00207218,-0.005,-0.000200178,191.899,0.000382,1,0.00099931,-0.00100123,0.0002625,1415.45
0,3507013,10,phononL,0.000479922,-0.00112779,-0.00401408,0.000262498,191.899,0.000479922,1,-0.00100429,-0.00449551,-0.0002625,270.283
0,3553843,18,phononTS,0.000404838,-1.24481e-06,-0.00200113,0.000262498,1253.9,0.000404838,1,-0.000343819,-0.00176884,-0.0002625,1395.93
0,3555798,17,phononTF,0.000392962,-0.000996629,0.00100105,0.000262498,3286.62,0.000392962,1,-0.000508512,0.00147262,-0.0002625,3433.41
0,3573313,7,phononTF,0.000788324,-0.000351087,-0.0015063,-0.0002625,2149.73,0.000382,1,-0.00100119,-0.000999088,0.0002625,2493.98
0,3585181,7,phononL,0.000778209,-0.00213569,-0.00241918,-0.0002625,387.143,0.000382,1,-0.00200454,-0.00199757,0.0002625,536.963
0,3585873,3,phononTS,0.000843365,-0.005,0.00124628,-0.000209597,527.992,0.000382,1,-0.00200386,-0.00199978,0.0002625,2488.79
0,3586079,9,phononTS,0.00109291,0.00172513,-0.00111958,-0.0002625,410.573,0.000382,1,0.000999182,-0.00100321,0.0002625,2446.88
0,3586079,10,phononTF,0.000620752,0.000999182,-0.00100321,0.000262498,2446.88,0.000620752,1,0.000268422,-0.000266619,-0.0002625,2646.1
0,3586079,4,phononTS,0.000895563,-0.000844777,-0.0038951,0.000262498,49.1363,0.000895563,1,-0.00158899,-0.00440532,-0.0002625,267.243
0,3586079,3,phononTS,0.00175911,-0.000844777,-0.0038951,0.000262498,49.1363,0.00124696,1,-0.00298295,-0.00105453,-0.0002625,725.727
0,3607113,2,phononL,0.000388254,-0.00104955,-0.00363879,-0.0002625,86.3164,0.000382,1,-0.0010023,-0.00100122,0.0002625,708.688
0,3621693,9,phononTF,0.00116045,-0.000488045,-0.0029416,-0.0002625,66.1524,0.000764,1,2.16333e-06,-0.00200394,0.0002625,496.561
0,3631053,13,phononTF,0.000592834,-0.00149228,0.00247501,-0.000262498,2144.96,0.000382,1,-0.000998102,0.00299511,0.0002625,2298.22
0,3644145,11,phononTS,0.00058432,-0.00204649,-0.000220442,-0.000262498,2738.88,0.000382,1,-0.00200287,-3.85472e-07,0.0002625,2849.04
0,3647498,28,phononTS,0.00042511,0.00100027,-0.0030009,0.000262498,1742.99,0.00042511,1,0.00104629,-0.00294299,-0.0002625,1837.74
0,3647498,3,phononTS,0.000820661,0.005,0.000667056,-0.000253183,159.918,0.000356565,1,0.00498694,0.000670852,-0.0002625,1583.54
0,3658766,20,phononTS,0.00137076,-0.000998636,-0.000998759,0.0002625,1733.4,0.000937216,1,-0.000967892,-0.000994692,-0.0002625,2893.31
0,3667950,19,phononTF,0.000495873,0.00103402,0.000901824,-0.0002625,2330.48,0.000382,1,0.000998758,0.00100266,0.0002625,2515.5
0,3676077,6,phononTS,0.000408319,-0.000376142,-0.00296769,-0.0002625,194.592,0.000382,1,-3.3197e-07,-0.00199574,0.0002625,671.525
0,3676077,5,phononTS,0.00295128,-0.00157562,-0.005,-7.0906e-05,194.592,0.00295128,1,-0.005,-0.00219707,-0.000233075,1216.02
0,3676077,4,phononTS,0.0028363,-0.000751951,-0.00393964,0.000262498,194.592,0.00181459,1,-0.00075091,-0.00392361,-0.0002625,284.776
0,3696727,14,phononTF,0.000915011,-0.00199539,3.57227e-06,0.000262498,2306.85,0.000915011,1,-0.0012478,-0.00076173,-0.0002625,2510.8
0,3724867,9,phononTF,0.000549791,-0.000611788,0.00308336,-0.0002625,2660.41,0.000382,1,-0.00199897,0.00199976,0.0002625,3300.91
0,3780872,15,phononTS,0.000422987,-0.00298036,-0.00105186,-0.0002625,955.391,0.000382,1,-0.00300122,-0.00100462,0.0002625,1331.75
0,3780872,4,phononTF,0.000519292,-0.00107355,-0.00419747,0.000262498,87.8193,0.000519292,1,-0.00119749,-0.00408008,-0.0002625,182.305
0,3794381,2,phononTS,0.00467192,-0.000181652,-0.00283302,-0.0002625,315.343,0.00191,1,-3.74223e-06,-0.00199994,0.0002625,887.967
0,3808088,12,phononTF,0.000947334,0.0033351,0.005,-5.40119e-05,3155.34,0.000414062,1,0.00218555,0.00450145,-0.0002625,4085.17
0,3828839,16,phononTF,0.000549386,-0.00183956,-0.00184076,-0.000262498,1481.59,0.000382,1,-0.00199557,-0.00200443,0.0002625,1579.42
0,3936617,9,phononTS,0.000535241,-0.00220088,2.90585e-05,-0.000262498,927.506,0.000382,1,-0.00199801,-4.6786e-06,0.0002625,1039.22
0,3937377,7,phononTS,0.000397579,-0.000170858,-0.00128364,-0.0002625,759.027,0.000382,1,0.000995942,-0.00100214,0.0002625,1122.15
0,3937377,5,phononL,0.000745706,-0.000656841,-0.00369701,0.000262498,129.019,0.000722169,1,-0.00148576,-0.00373201,-0.0002625,234.099
0,3937377,4,phononTS,0.000691268,-0.000656841,-0.00369701,0.000262498,129.019,0.000691268,1,-0.000318765,-0.00365299,-0.0002625,253.159
0,3956887,8,phononTS,0.000976382,0.000437259,-0.0027007,-0.0002625,763.327,0.000382,1,0.00199591,-0.00200142,0.0002625,1468.05
0,4015692,10,phononTS,0.000544877,3.85265e-05,-0.00139049,-0.0002625,204.184,0.000382,1,0.000996461,0.000996814,0.0002625,1271.21
0,4015692,3,phononTF,0.00124914,-0.005,-0.000303179,0.000217001,23.296,0.00124914,1,-0.00144281,0.00184394,-0.0002625,2001.6
0,4057533,2,phononTS,0.00328798,-0.000921088,-0.00389098,-0.0002625,4.89592,0.00191,1,3.32552e-06,-0.00200043,0.0002625,517.418
0,4057534,1,phononTS,0.01,-0.00122579,-0.00378222,-0.000228918,0,0.00752106,1,-0.00122548,-0.00378457,-0.0002625,594.961
0,4121952,8,phononTS,0.000422822,0.00199636,-3.0084e-06,0.000262498,1051.19,0.000422822,1,0.00197093,3.76695e-05,-0.0002625,1143.6
0,4123245,9,phononTS,0.00133227,-0.0020481,-0.00210516,-0.0002625,420.244,0.000764,1,-0.00199939,-0.0019986,0.0002625,738.735
0,4136874,8,phononTS,0.00125361,-0.000455912,-0.00347796,-0.000262498,206.899,0.000382,1,0.00100196,-0.00299732,0.0002625,528.121
0,4140552,3,phononTS,0.00429546,0.000867755,2.25958e-05,-0.0002625,596.252,0.000764,1,0.000996919,0.000997167,0.0002625,1827.67
0,4145564,17,phononTS,0.000443718,-0.00199914,-0.00199888,0.0002625,2278,0.000443718,1,-0.00221101,-0.00201578,-0.0002625,2498.37
0,4145564,2,phononTS,0.000451722,-0.000992777,-0.00393192,0.000262498,17.0329,0.000451722,1,0.000742377,-0.00278639,-0.0002625,435.089
0,4152699,7,phononTF,0.000464888,-0.00200419,-0.00199971,0.0002625,1007.84,0.000464888,1,-0.00143899,-0.00243853,-0.0002625,1509.99
0,4167390,8,phononTF,0.000422347,0.0020043,0.00199509,0.000262498,3988.21,0.000422347,1,0.00144722,0.00142006,-0.0002625,4152.01
0,4189314,11,phononTF,0.00121255,3.05923e-06,-0.0020008,0.0002625,351.152,0.000283559,1,0.00102204,-0.000993529,-0.0002625,873.572
0,4207326,8,phononTS,0.000650576,-3.37703e-05,-0.00280888,-0.0002625,262.951,0.000382,1,-2.81563e-06,-0.00199587,0.0002625,843.36
0,4237184,15,phononTS,0.000383147,8.08321e-05,-0.00296784,-0.0002625,789.349,0.000382,1,-2.02351e-07,-0.00199798,0.0002625,1242.4
0,4246639,11,phononTF,0.000607985,0.000996425,-0.00300182,0.000262498,590.818,7.44451e-05,1,0.000744291,-0.00280974,-0.0002625,697.741
0,4247352,16,phononTS,0.000463099,-0.00102177,-0.000849487,-0.000262498,796.77,0.000382,1,-0.00100144,-0.000997786,0.0002625,902.284
0,4278652,8,phononTS,0.000673948,-0.000132549,-0.00357426,-0.0002625,294.607,0.000382,1,0.00100456,-0.0030047,0.0002625,836.093
0,4308761,14,phononTF,0.000608453,2.30625e-06,0.00200128,0.000262498,1782.8,0.000608453,1,0.000161243,0.00234465,-0.0002625,1899.96
0,4355612,6,phononTS,0.000424412,-0.00216989,-0.00281813,-0.000262498,366.454,0.000382,1,-0.00200344,-0.00199736,0.0002625,565.267
0,4394161,12,phononTF,0.000430725,0.005,-0.00281688,1.68452e-05,497.113,0.000430725,1,0.00249819,0.000426426,-0.0002625,5292.15
0,4394161,11,phononTF,0.000453937,-0.00304135,-0.00337604,0.000262498,497.113,0.000453937,1,-0.00241598,-0.00276748,-0.0002625,671.376
0,4435140,6,phononTS,0.00276083,1.08039e-05,-0.00339925,-0.0002625,696.162,0.000382,1,0.000995603,-0.00300462,0.0002625,1167.26
0,4465784,3,phononTF,0.000748186,-0.00203065,-0.005,-0.000149095,164.367,0.000382,1,0.000997463,0.00100035,0.0002625,1540.47
0,4465784,2,phononL,0.00586027,-0.00133576,-0.00498813,-5.13723e-06,164.367,0.0012404,1,-0.00167268,-0.00496274,-0.0002625,526.137
0,4482604,13,phononTS,0.000677966,-0.00204978,-0.00182152,-0.000262498,1077.39,0.000382,1,-0.00200327,-0.00199769,0.0002625,1182.81
0,4491265,12,phononTF,0.000407213,0.00212175,0.000137159,-0.0002625,1400.82,0.000382,1,0.00200377,4.84705e-07,0.0002625,2110.79
0,4615134,20,phononTF,0.000485337,0.00200117,-0.00199984,0.000262499,2457.47,0.000485337,1,0.0024492,-0.00232772,-0.0002625,2592.86
0,4634156,11,phononTS,0.00134314,0.00100398,-0.00299799,0.000262498,3076.42,0.00134314,1,0.00026697,-0.00292624,-0.0002625,3256.19
0,4634156,2,phononTS,0.000608639,-0.00185937,-0.005,-8.72787e-06,4.7778,0.000608639,1,-0.00190217,-0.00494329,-0.0002625,319.808
0,4701330,12,phononTF,0.000406555,0.000141397,-0.00214428,-0.0002625,1024.64,0.000382,1,2.51306e-07,-0.00199652,0.0002625,1217.49
0,4701330,11,phononTS,0.000529491,0.000282543,-0.00229203,0.000262498,1024.64,0.000529491,1,0.00049265,-0.00231972,-0.0002625,1134.22
0,4712334,6,phononTS,0.000756853,0.000582059,-0.00294111,-0.0002625,38.8717,0.000382,1,0.002002,-0.00200232,0.0002625,720.131
0,4719305,11,phononTF,0.000553044,3.67288e-06,1.93122e-07,0.000262498,1341.36,0.000553044,1,-0.000506756,0.000245272,-0.0002625,1483.8
0,4741895,13,phononTF,0.000618372,-0.00470363,-0.00235554,-0.0002625,1510.25,0.000382,1,-0.00199982,0.00200132,0.0002625,2662.96
0,4750377,11,phononTF,0.000548344,-0.00300462,-0.000995397,0.0002625,859.834,0.000548344,1,-0.00278109,-0.00132591,-0.0002625,1210.05
0,4779088,15,phononTF,0.000521376,0.000999787,0.000997456,0.000262499,3164.8,0.000521376,1,0.0012248,-0.00103169,-0.0002625,3553.24
0,4830388,3,phononTS,0.00221485,0.00198178,-0.00173524,4.20809e-05,212.419,0.000382,1,0.00199978,-0.00200474,0.0002625,915.735
0,4830388,11,phononL,0.000447162,0.00199978,-0.00200474,0.000262498,915.735,0.000447162,1,0.00159336,-0.00257532,-0.0002625,1012.13
0,4830388,10,phononTS,0.00102343,0.00289584,-0.005,-0.000149989,915.735,0.000796789,1,0.00292833,-0.00492031,-0.0002625,1600.75
0,4830923,11,phononTF,0.00157432,-0.00199978,-0.00199908,0.000262498,853.948,0.00123874,1,-0.0020625,-0.00191191,-0.0002625,946.01
0,4832973,17,phononTS,0.000513172,-0.00100398,0.00300195,0.000262498,2731.63,0.000513172,1,-0.00101739,0.00304779,-0.0002625,2828.25
0,4838191,4,phononL,0.00150726,0.0010031,-0.00299919,0.0002625,33.1285,0.000851018,1,0.0014566,-0.00275084,-0.0002625,434.901
0,4842814,13,phononTF,0.00043311,-4.1095e-07,-1.93914e-06,0.000262498,3652.77,0.00043311,1,0.000182799,-0.000184409,-0.0002625,3752.96
0,4842814,6,phononTF,0.000457247,0.000181046,-0.005,-3.24281e-05,59.3332,0.000457247,1,-5.35868e-05,-0.00476302,-0.0002625,442.755
0,4842814,5,phononTS,0.00229402,-0.00192581,-0.005,3.30911e-05,59.3332,0.00172954,1,-0.00349446,-0.00409387,-0.0002625,696.415
0,4844997,2,phononTF,0.00136731,0.00135114,-0.00338094,-0.0002625,34.7029,0.000382,1,0.00100313,-0.00300095,0.0002625,611.779
0,4884398,6,phononTF,0.00184421,-0.0014526,-0.00297122,-0.0002625,39.7458,0.001146,1,-0.00199907,-0.00199635,0.0002625,486.429
0,4962270,8,phononTS,0.00050922,-4.23897e-06,-0.0019975,0.000262498,2222.51,0.00050922,1,-4.91983e-05,-0.00203083,-0.0002625,2316.76
0,4964835,9,phononTS,0.000383247,0.00300451,0.00100349,0.000262498,4827.02,0.000383247,1,0.00303363,0.00105015,-0.0002625,4919.61
0,4996071,19,phononL,0.00142715,-0.0031918,-0.000695703,-0.000262498,712.349,0.000382,1,-0.00300012,-0.00100427,0.0002625,783.133
0,5001533,2,phononL,0.000437335,-0.00088232,0.00068723,-0.0002625,31.5449,0.000382,1,-0.00100188,0.00100385,0.0002625,721.422
0,5020079,9,phononTS,0.000434477,0.000970213,-0.00147105,-0.000262498,2512.25,0.000382,1,0.000996796,-0.00099972,0.0002625,2654.45
0,5023842,10,phononTF,0.000410863,-0.00111618,0.00379271,-0.0002625,2680.67,0.000382,1,-0.00199519,3.77425e-06,0.0002625,4577.79
0,5044241,14,phononTF,0.000481186,0.000997023,-0.0030048,0.0002625,268.995,0.000481186,1,0.00157795,-0.00255864,-0.0002625,746.16
0,5044241,6,phononTF,0.000759776,-0.000951281,-0.00393447,0.000262498,6.1567,0.000759776,1,-0.00104627,-0.00384406,-0.0002625,98.8979
0,5049887,13,phononTS,0.000407726,-0.000706558,-0.00255903,-0.0002625,1008.95,0.000382,1,-4.1107e-06,-0.00199685,0.0002625,1445.11
0,5059551,12,phononTS,0.000900462,-0.00368963,0.005,-6.21123e-05,1860.54,0.000789642,1,-0.00359822,0.00493407,-0.0002625,2963.44
0,5068525,8,phononTS,0.000520824,-0.00175496,-0.00101935,-0.0002625,30.1373,0.000382,1,-0.00199585,-4.40054e-06,0.0002625,968.925
0,5068525,7,phononL,0.000941697,-0.00103231,-0.0040642,0.000262498,30.1373,0.000941697,1,-7.94674e-05,-0.00394994,-0.0002625,147.811
0,5068525,6,phononTF,0.000603476,-0.00103231,-0.0040642,0.000262498,30.1373,0.000603476,1,-0.0008259,-0.00405463,-0.0002625,130.296
0,5151691,16,phononTS,0.00101622,0.00200351,0.00199939,0.0002625,1965.07,0.00101622,1,0.00191379,0.00208427,-0.0002625,2279.26
0,5155135,12,phononTF,0.000463434,0.00117813,-0.00316156,-0.0002625,967.259,0.000382,1,0.00100309,-0.00299504,0.0002625,2296.8
0,5155135,9,phononTS,0.000697836,0.000236524,-0.001752,0.000262498,764.943,0.00026045,1,0.000224296,-0.00155665,-0.0002625,872.685
0,5160078,12,phononTS,0.00128123,-0.0010002,0.00099778,0.0002625,1288,0.000731493,1,-0.00103213,0.000991925,-0.0002625,1559.8
0,5174885,10,phononTF,0.00128168,0.000997494,-0.0010021,0.0002625,370.091,0.000825459,1,0.00226545,0.00256501,-0.0002625,1719.81
0,5226306,3,phononTF,0.0056391,-0.000129984,-0.00226793,3.49948e-05,22.0534,0.000764,1,3.02557e-06,-0.0020033,0.0002625,648.92
0,5236034,10,phononL,0.000657573,-0.00199835,0.00200001,0.000262498,1956.73,0.000657573,1,-0.00448877,0.00165914,-0.0002625,2238.57
0,5247854,3,phononTF,0.00141765,6.51758e-05,-0.00254882,-0.0002625,80.2799,0.000382,1,0.00100183,-0.000998321,0.0002625,748.956
0,5247854,10,phononTS,0.000902132,0.00100183,-0.000998321,0.000262498,748.956,0.000581328,1,0.00154288,-0.000988423,-0.0002625,895.536
0,5339524,10,phononTF,0.000564255,-0.000142928,-0.00219312,-0.0002625,572.141,0.000382,1,-1.35036e-06,-0.00200068,0.0002625,791.529
0,5346582,7,phononTS,0.000967302,1.57073e-06,-0.00200182,0.000262498,908.302,0.000967302,1,0.000181009,-0.00198836,-0.0002625,1015.21
0,5346582,4,phononTF,0.00351186,2.52242e-05,-0.00329661,0.000262498,241.307,0.00302166,1,0.000272091,-0.00303856,-0.0002625,349.946
0,5346582,2,phononTF,0.00514106,-0.00178727,-0.0027883,9.07145e-05,88.211,0.00369216,1,-0.00166261,-0.00274061,-0.0002625,387.604
0,5376073,9,phononTF,0.000824046,-0.000644923,-0.00292695,-0.0002625,235.985,0.000382,1,2.63365e-06,-0.002004,0.0002625,676.995
0,5391534,9,phononTF,0.00121577,0.00109621,-0.00268155,-0.0002625,404.393,0.000764,1,0.00200268,4.42685e-07,0.0002625,1394.82
0,5403738,14,phononTS,0.00092923,-0.00332112,-0.005,-1.18793e-05,463.785,0.000382,1,-2.5914e-06,-0.0020009,0.0002625,2868.75
0,5410643,5,phononL,0.000464557,-0.00195594,-0.00253735,-0.0002625,50.3163,0.000382,1,-0.00300064,-0.00100057,0.0002625,497.068
0,5419914,2,phononTF,0.0043732,0.00154883,0.00122682,2.18909e-05,21.3016,0.000382,1,3.87996e-06,0.00199908,0.0002625,1471.29
0,5423650,11,phononTS,0.000766297,-0.00100055,-0.00099907,0.0002625,1414.42,0.000766297,1,-0.00101455,-0.0010253,-0.0002625,1949.32
0,5444014,13,phononTF,0.000451063,0.00099889,-0.00300287,0.0002625,471.966,0.000451063,1,0.000320135,-0.0036937,-0.0002625,757.493
0,5456159,15,phononTS,0.000743314,0.000999356,-0.00299875,0.000262498,1083.77,0.000743314,1,0.000984062,-0.0029435,-0.0002625,1175.33
0,5456785,9,phononTS,0.000920466,-0.000878995,-0.00387147,-0.0002625,89.9857,0.000382,1,2.66863e-06,-0.00200461,0.0002625,603.776
0,5473817,24,phononTF,0.000411552,0.00100104,-0.00299521,0.000262498,3952.34,0.000411552,1,0.000697554,-0.00270118,-0.0002625,4067.67
0,5479785,13,phononTF,0.00050912,0.000674796,-0.00262418,-0.0002625,902.889,0.000382,1,0.000997944,-0.0029995,0.0002625,1154.04
0,5479785,11,phononTF,0.000779389,0.0027509,-0.005,-1.51682e-07,754.831,0.000779389,1,0.0023398,-0.00434836,-0.0002625,1547.53
0,5492221,15,phononTS,0.00042232,-6.95432e-05,-0.00277087,-0.0002625,356.366,0.000382,1,0.00100212,-0.00299576,0.0002625,737.935
0,5492221,8,phononTF,0.00118783,-0.000793773,-0.00382133,0.000262498,76.6236,0.00104517,1,-0.000321202,-0.00405833,-0.0002625,213.266
0,5494467,12,phononTS,0.000697004,-0.000919812,-0.00409429,-0.000262498,113.673,0.000382,1,0.00099796,-0.00299877,0.0002625,553.799
0,5524262,15,phononTF,0.00049909,-0.00285598,-0.000855039,-0.0002625,1440.19,0.000382,1,-0.00300472,-0.00100221,0.0002625,1633.95
0,5524262,3,phononTS,0.00100574,-0.000949587,-0.0039019,0.000262498,7.20503,0.000732382,1,-0.00104947,-0.00373125,-0.0002625,120.113
0,5536776,11,phononTF,0.0012017,0.000999186,-0.00299879,0.000262498,976.188,0.000779603,1,0.00125135,-0.00291575,-0.0002625,1081.38
0,5558007,15,phononTS,0.00111588,0.00101104,-0.00339221,-0.0002625,3294.72,0.000764,1,0.00100431,-0.00300041,0.0002625,3823.59
0,5558795,8,phononTF,0.000403588,-0.00100111,-0.000999136,0.000262498,1535.19,0.000403588,1,-0.00274755,-0.00274635,-0.0002625,1967.69
0,5580361,18,phononTS,0.000534784,5.44448e-05,0.00266145,-0.0002625,2001.76,0.000382,1,-0.00100112,0.00300344,0.0002625,2739.35
0,5583130,17,phononTS,0.000456825,0.0032592,0.00319285,-0.0002625,2540.47,0.000382,1,2.93292e-06,-2.35529e-06,0.0002625,3934.32
0,5583130,5,phononTF,0.000538058,-0.000892756,-0.00389805,0.000262498,8.07331,0.000538058,1,-0.000760409,-0.00394923,-0.0002625,102.474
0,5595785,3,phononTS,0.00222556,0.00100393,-0.00300316,0.0002625,23.2125,0.00130771,1,0.00165524,-0.00258777,-0.0002625,942.164
0,5634618,2,phononTF,0.00228138,-0.00187891,-0.00240958,-0.0002625,66.4375,0.000764,1,-0.00300168,-0.00100265,0.0002625,719.052
0,5644481,20,phononTF,0.000393181,0.000998927,-0.00299673,0.000262498,794.716,0.000393181,1,0.00199838,-0.00350972,-0.0002625,1020.53
0,5644482,1,phononTS,0.01,-0.000923693,-0.00382926,-3.67287e-05,0,0.00760648,1,-0.000960864,-0.00383678,-0.0002625,121.497
0,5665284,18,phononTS,0.000506821,0.00099888,-0.00299781,0.0002625,1161.2,0.000506821,1,0.000739955,-0.0030554,-0.0002625,1399.58
0,5665284,2,phononTS,0.00142943,-0.00090268,-0.00396771,0.000262498,48.3462,0.00108977,1,-0.00125407,-0.00401286,-0.0002625,174.144
0,5684932,12,phononTS,0.000709319,-0.000239307,0.00242635,-0.000262498,1393.08,0.000382,1,-1.7262e-06,0.00200237,0.0002625,1545.13
0,5699831,9,phononTS,0.000586613,0.00129068,-0.00388794,-0.0002625,1001.08,0.000382,1,0.0010005,-0.0030008,0.0002625,1429.35
0,5699831,2,phononTS,0.00341722,-0.000444632,-0.00433651,0.000262498,495.56,0.00308571,1,-0.000410609,-0.004314,-0.0002625,589.513
0,5717297,18,phononTF,0.000402439,0.00126629,-0.00104154,-0.000262498,4095.8,0.000382,1,0.00100289,-0.0010049,0.0002625,4201.97
0,5717297,4,phononL,0.000784895,-0.000758072,-0.00386334,0.000262498,154.289,0.000784895,1,-0.000424273,-0.00403239,-0.0002625,225.578
0,5717297,3,phononL,0.00155917,-0.000758072,-0.00386334,0.000262498,154.289,0.000733366,1,-8.17362e-06,-0.00376349,-0.0002625,253.03
0,5736145,27,phononTF,0.000422847,0.000744096,-0.00312875,-0.0002625,930.711,0.000382,1,0.00100163,-0.00300493,0.0002625,1143.18
0,5762899,13,phononTF,0.00051743,0.00257158,-0.00265455,-0.000262498,4037.69,0.000382,1,0.000998645,-0.00300131,0.0002625,4352.14
0,5767251,26,phononTS,0.000402774,-0.00237806,-0.00235133,-0.0002625,1689.08,0.000382,1,0.00100381,0.000995762,0.0002625,3200.06
0,5783348,7,phononTS,0.000479236,-0.00172723,-0.00322437,-0.0002625,85.9222,0.000382,1,-0.0019983,-0.00199843,0.0002625,992.025
0,5789128,10,phononTF,0.000460607,0.00118404,0.000812859,-0.000262498,2420.66,0.000382,1,0.00100482,0.00100026,0.0002625,2520.87
0,5789128,6,phononTS,0.000960933,-0.000912868,-0.00376437,0.000262498,39.0204,0.000933726,1,0.00154042,-0.00247129,-0.0002625,578.096
0,5834400,11,phononTS,0.000497053,1.68202e-06,3.80956e-07,0.000262498,1437.45,0.000497053,1,-0.000172012,0.000817161,-0.0002625,1635.65
0,5839045,2,phononTF,0.00270476,0.000803806,-0.00319684,-0.0002625,287.206,0.000764,1,0.00199527,-0.00199725,0.0002625,1216.44
0,5839045,12,phononTF,0.000839665,0.00199527,-0.00199725,0.000262498,1216.44,0.000839665,1,0.00315165,-0.00342167,-0.0002625,1548.04
0,5846379,16,phononTF,0.000527617,0.00237997,0.005,-0.000108191,824.577,0.000382,1,0.00199821,0.00199536,0.0002625,3146.61
0,5847723,2,phononTS,0.00165577,0.00100262,-0.000997965,0.0002625,382.163,0.00143343,1,0.00103932,-0.000963873,-0.0002625,1203.72
0,5853500,4,phononTS,0.000497253,-0.000969368,-0.005,3.29389e-05,24.8849,0.000382,1,0.00100451,-0.00300049,0.0002625,771.763
0,5919973,5,phononTF,0.00277586,0.000685564,-0.0031634,-0.0002625,381.237,0.000382,1,0.00100042,-0.00300258,0.0002625,835.364
0,5919973,7,phononTS,0.00142043,0.00100042,-0.00300258,0.000262498,835.364,0.000790319,1,0.00107126,-0.00323619,-0.0002625,952.609
0,5919973,6,phononTS,0.000691952,0.00100042,-0.00300258,0.000262498,835.364,0.000691952,1,0.000960174,-0.00250527,-0.0002625,980.648
0,5919973,2,phononTF,0.00534696,-0.00097992,-0.00301529,-0.00012835,239.108,0.00162156,1,-0.000974908,-0.00301272,-0.0002625,585.386
0,5934210,14,phononTS,0.000518114,0.00105671,-0.00102325,-0.000262498,1418.89,0.000382,1,0.00100466,-0.00100175,0.0002625,1508.57
0,5934210,2,phononTF,0.00440632,-0.000908385,-0.00394843,0.000262498,4.53507,0.00268911,1,-0.000725369,-0.00431187,-0.0002625,124.742
0,5959519,11,phononTS,0.000471474,0.005,-0.000137301,8.99833e-05,466.687,0.000382,1,0.00200497,0.00199806,0.0002625,2532.34
0,5969368,4,phononTF,0.00210183,-0.00147073,-0.00188769,-0.0002625,59.2115,0.000382,1,-0.00200342,3.86169e-06,0.0002625,801.168
0,6001489,12,phononTF,0.000422566,0.00100031,-0.00300263,0.000262498,592.978,0.000422566,1,0.00179678,-0.00222464,-0.0002625,803.625
0,6001630,23,phononTS,0.000546133,0.00210646,1.89877e-05,-0.0002625,1117.27,0.000382,1,0.00200047,-1.15325e-06,0.0002625,1315.09
0,6027683,10,phononTF,0.000575445,0.00100437,0.00100094,0.0002625,1935.08,0.000575445,1,0.000825327,0.00105021,-0.0002625,2130.78
0,6051594,10,phononL,0.00074374,0.00061698,-0.00349872,-0.0002625,222.716,0.000382,1,0.000996073,-0.00299807,0.0002625,502.993
0,6051594,8,phononTS,0.000715819,-0.000978618,-0.00392723,0.000262498,28.1851,0.000715819,1,-4.8057e-05,-0.0035292,-0.0002625,262.235
0,6081781,11,phononTS,0.000476177,0.005,0.0017265,0.000114455,835.086,0.000476177,1,0.00191369,-0.00103851,-0.0002625,5323.53
0,6098347,21,phononTS,0.000408381,0.00102466,-0.00104534,-0.000262498,1213.14,0.000382,1,0.00100255,-0.000998167,0.0002625,1307.22
0,6111433,12,phononTS,0.000503181,0.00200171,-0.00200026,0.0002625,984.648,0.000503181,1,0.00282179,-0.000930751,-0.0002625,1570.21
0,6111433,6,phononTS,0.000736948,-0.000225924,-0.0046633,0.000262498,427.297,0.000736948,1,-0.000256033,-0.00465246,-0.0002625,518.867
0,6111433,5,phononTF,0.00115596,-0.000225924,-0.0046633,0.000262498,427.297,0.00115596,1,-0.000488942,-0.00452024,-0.0002625,534.418
0,6133638,9,phononTF,0.000956653,0.0014647,-0.0014712,-0.000262498,922.033,0.000382,1,0.000998353,-0.00100457,0.0002625,1066.37
0,6137460,11,phononTS,0.000382541,-0.00199547,-4.93856e-06,0.000262498,2010.49,0.000382541,1,-0.00444256,0.00151462,-0.0002625,2564.45
0,6137460,7,phononTF,0.000437236,-0.000892443,-0.00382279,0.000262498,44.5791,0.000437236,1,-0.00174297,-0.00298489,-0.0002625,267.882
0,6137460,6,phononTF,0.00157049,-0.000892443,-0.00382279,0.000262498,44.5791,0.000747432,1,-0.000575402,-0.00415243,-0.0002625,164.423
0,6138946,25,phononTF,0.000464028,0.00100247,-0.0030026,0.000262498,2643.13,0.000464028,1,0.000503035,-0.00348476,-0.0002625,2792.03
0,6139207,11,phononTS,0.000426127,-0.00200281,-0.00200124,0.0002625,764.611,0.000426127,1,-0.00198441,-0.00192493,-0.0002625,1538.32
0,6139207,7,phononL,0.00065039,-0.000819734,-0.00402432,0.000262498,530.733,0.00065039,1,-0.000698673,-0.00468286,-0.0002625,622.136
0,6139207,6,phononTS,0.000421787,-0.000759042,-0.005,-0.000152444,530.733,0.000421787,1,0.000729091,-0.00351525,-0.0002625,1280.43
0,6149098,12,phononL,0.000515894,1.65576e-05,0.00160952,-0.0002625,4890.92,0.000382,1,-4.22307e-06,0.0020018,0.0002625,5034.93
0,6170366,5,phononTS,0.000814908,-0.000399695,-0.0029858,-0.0002625,154.562,0.000382,1,-4.43041e-06,-0.00199555,0.0002625,627.676
0,6173378,5,phononTS,0.000492652,0.00197394,-0.00205619,-0.0002625,671.674,0.000382,1,0.00199673,-0.00200461,0.0002625,855.878
0,6173378,2,phononTS,0.00362231,-0.00159425,-0.00372993,6.45255e-05,18.8138,0.00310949,1,-0.00100417,-0.00458561,-0.0002625,376.277
0,6188066,2,phononTF,0.0049454,0.00125637,-0.00275312,7.74364e-05,92.1744,0.00348342,1,0.00132662,-0.00268211,-0.0002625,777.406
0,6212391,3,phononTS,0.00148222,-0.000404613,-0.00285911,-0.0002625,22.3326,0.000764,1,2.7961e-06,-0.00199529,0.0002625,663.4
0,6212391,2,phononTS,0.00378096,-0.000887047,-0.00383022,0.000262498,22.3326,0.00130539,1,-0.000928634,-0.00378698,-0.0002625,111.481
0,6230456,2,phononTF,0.0020039,0.000383966,-0.00362133,-0.0002625,384.272,0.000382,1,0.000998049,-0.0029983,0.0002625,733.77
0,6251060,3,phononTS,0.00247575,-0.00284888,-0.000133185,-0.0002625,26.4923,0.001146,1,-0.0029954,-0.00100057,0.0002625,2187.3
0,6251611,4,phononTS,0.00174576,0.000997082,-0.00300323,0.0002625,5.95352,0.000637516,1,0.00196337,-0.00252493,-0.0002625,743.162
0,6271077,11,phononTF,0.000414329,-0.00117057,-0.00083961,-0.000262498,1451.25,0.000414329,1,-0.005,-0.00287463,-0.000180325,2196.2
0,6274476,11,phononTS,0.00053828,0.00102298,-0.00384056,-0.000262498,1248.7,0.000382,1,0.00100127,-0.00300456,0.0002625,1449
0,6274476,9,phononTF,0.000464795,0.000354544,-0.00440647,0.000262498,1034.42,0.000464795,1,0.000585696,-0.00418438,-0.0002625,1139.68
0,6274476,8,phononTS,0.00185463,0.005,-0.00178249,-8.05488e-05,1034.42,0.00158695,1,0.00120109,0.00129871,-0.0002625,2926.41
0,6274476,7,phononTF,0.000452802,0.000354544,-0.00440647,0.000262498,1034.42,0.000452802,1,0.000502182,-0.00456006,-0.0002625,1131.39
0,6274951,19,phononTS,0.000592873,0.00199757,0.00200308,0.000262498,4769.74,0.000592873,1,0.00272365,0.00205667,-0.0002625,4948.89
0,6276362,15,phononTF,0.000446973,-3.84926e-06,-0.00199965,0.0002625,647.492,0.000446973,1,6.39937e-05,-0.00197378,-0.0002625,829.666
0,6276362,4,phononTF,0.000495618,-0.000926585,-0.00393539,0.000262498,12.0149,0.000495618,1,-0.00151907,-0.00332644,-0.0002625,182.91
0,6307258,17,phononTS,0.000419131,-0.00184666,-0.00192237,-0.0002625,834.236,0.000382,1,-0.00200142,-0.00199823,0.0002625,1155.75
0,6332791,18,phononTF,0.000835073,-4.85805e-06,-0.00200164,0.0002625,324.25,0.000835073,1,0.000318008,-0.00231075,-0.0002625,786.092
0,6332791,3,phononTF,0.000816054,-0.000944259,-0.00390866,0.000262498,86.487,0.000258908,1,-0.00117195,-0.00367071,-0.0002625,192.54
0,6359732,2,phononTF,0.00347917,0.000759952,-0.00319435,-0.0002625,270.232,0.000764,1,0.00100214,-0.00299993,0.0002625,731.445
0,6359732,16,phononTF,0.000750878,0.00152541,-0.00248134,0.00016038,731.445,0.000750878,1,0.00104635,-0.00295137,-0.0002625,999.05
0,6359732,15,phononTS,0.000831439,0.00100214,-0.00299993,0.000262498,731.445,0.000626468,1,0.00121067,-0.0040116,-0.0002625,965.321
0,6359732,14,phononTF,0.000808346,0.00100214,-0.00299993,0.000262498,731.445,0.000585178,1,0.0010522,-0.00294201,-0.0002625,822.354
0,6382273,4,phononTF,0.000787022,-0.000555717,-0.00254045,-0.0002625,1148.46,0.000382,1,-4.55798e-08,-0.00200214,0.0002625,1468.38
0,6475273,12,phononTS,0.000452025,4.52126e-06,-0.00199983,0.000262498,1090.02,0.000452025,1,5.10557e-05,-0.00199687,-0.0002625,1181.1
0,6475273,2,phononTF,0.00280828,-0.00093166,-0.00393151,0.000262498,11.086,0.00126979,1,-0.00166681,-0.00350946,-0.0002625,192.284
0,6495330,8,phononTF,0.000620791,-0.000580035,-0.00140429,-0.0002625,1363.02,0.000382,1,-0.0010019,-0.000997614,0.0002625,1901.43
0,6516441,6,phononTS,0.000591708,-0.0011526,-0.005,0.000146422,1434.58,0.000382,1,0.00099722,-0.00299911,0.0002625,2486.37
0,6516441,3,phononTS,0.0041727,-0.000965728,-0.00402361,0.000262498,52.6626,0.00260034,1,-0.00145019,-0.00404543,-0.0002625,198.473
0,6534427,5,phononTS,0.000436508,-0.000937196,-0.00403653,-0.000262498,110.713,0.000382,1,-1.72918e-06,-0.00199659,0.0002625,556.706
0,6551369,23,phononTS,0.000428513,-0.00200131,7.70786e-07,0.000262498,2887.84,0.000428513,1,-0.00192072,0.000201159,-0.0002625,3002.27
0,6561449,9,phononTF,0.00168032,-0.00312959,-0.000759408,-0.0002625,2208.37,0.000382,1,-0.00299653,-0.000998932,0.0002625,2417.25
0,6564549,15,phononTF,0.000535646,-0.00222943,-0.00228514,-0.0002625,822.234,0.000382,1,-0.00199512,-0.00200136,0.0002625,1045.24
0,6594661,14,phononTF,0.000546978,-0.00110019,-0.00288081,-0.0002625,1086.84,0.000382,1,-0.00200336,-0.00199613,0.0002625,1556.8
0,6657015,4,phononTF,0.00110551,-0.000420825,-0.0043179,-0.0002625,978.646,0.000382,1,0.00100243,-0.0029966,0.0002625,1556.88
0,6666978,11,phononTS,0.000559563,0.000100638,0.000791709,-0.0002625,1408.46,0.000382,1,-0.000996259,0.00100154,0.0002625,2488.53
0,6666978,3,phononTS,0.000844499,-0.000982979,-0.00402793,0.000262498,48.2551,0.000844499,1,-0.00308482,-0.00177794,-0.0002625,641.361
0,6666978,2,phononTF,0.000697123,-0.000982979,-0.00402793,0.000262498,48.2551,0.000697123,1,-0.00340498,-0.00298897,-0.0002625,526.21
0,6701261,11,phononTF,0.000557665,-0.00100349,-0.00100228,0.000262498,1327.2,0.000557665,1,-0.000799369,-0.00121567,-0.0002625,1430.28
0,6701261,7,phononTS,0.000694377,-0.0008777,-0.00390118,0.000262498,13.1468,0.000694377,1,-0.000732284,-0.00409264,-0.0002625,131.692
0,6754805,20,phononTF,0.00124411,-0.00300046,-0.000999428,0.000262498,1589.26,0.000746133,1,-0.00322015,-0.000778669,-0.0002625,1693.76
0,6788447,9,phononTS,0.000617509,-1.43923e-06,-0.00199653,0.0002625,592.822,9.2431e-05,1,2.6994e-05,-0.00205109,-0.0002625,918.473
0,6795597,3,phononTS,0.000611681,-0.00108891,-0.00432417,-0.000262498,133.251,0.000382,1,-0.00300087,-0.00100269,0.0002625,859.47
0,6824339,18,phononTF,0.000655967,-0.000996936,-0.000996145,0.0002625,753.586,0.000655967,1,-0.000747774,-0.000737033,-0.0002625,1080.27
0,6847591,5,phononTS,0.00132297,0.00224619,-0.000766235,-0.0002625,5.83172,0.000382,1,0.00299974,0.00100073,0.0002625,1662.79
0,6911325,19,phononTS,0.00108346,-0.00417949,-0.00114846,-0.0002625,784.745,0.000382,1,-0.00199959,4.49182e-06,0.0002625,1899.65
0,6911531,11,phononTF,0.000392008,-0.000662926,-0.00134188,-0.0002625,992.693,0.000382,1,-0.000996842,-0.000997659,0.0002625,1236.07
0,6911531,4,phononTS,0.00249488,-0.000961453,-0.00403244,0.000262498,147.392,0.00161232,1,-0.000797176,-0.00405314,-0.0002625,252.47
0,6915509,11,phononTS,0.000581714,0.000696289,0.00205371,-0.000262498,3114.38,0.000382,1,2.8757e-06,0.00199558,0.0002625,3291.82
0,6944610,8,phononTS,0.000968046,-0.000883202,0.000274076,-0.0002625,1038.11,0.000382,1,-0.00100041,0.000999556,0.0002625,1743.36
0,6944610,2,phononL,0.00559701,-0.000881281,-0.00398811,-1.00963e-05,27.441,0.000941076,1,-0.000480302,-0.0036958,-0.0002625,112.714
0,6944610,10,phononTF,0.000590815,-0.00487069,-0.005,-0.000246068,112.714,0.000340913,1,-0.00484383,-0.00496692,-0.0002625,970.567
0,6992552,10,phononL,0.0013774,-0.00224096,-0.0024117,-0.000262498,509.549,0.000382,1,-0.00199845,-0.00200219,0.0002625,587.032
0,6992552,11,phononTF,0.000944846,-0.005,-0.00375638,4.8969e-05,587.032,0.000944846,1,-0.00344513,-0.00371255,-0.0002625,1476.95
0,6998256,20,phononTS,0.00050618,0.000997166,-0.00300474,0.000262498,1134.36,0.00050618,1,0.000966836,-0.002846,-0.0002625,1238.52
0,6998256,13,phononTF,0.000504521,-0.00084106,-0.00344534,0.000262498,295.076,0.000504521,1,-0.00101986,-0.00352663,-0.0002625,393.154
0,7032922,9,phononTF,0.00128345,-0.000447557,0.005,0.000132347,373.656,0.000382,1,0.00199927,0.00200264,0.0002625,2894.67
0,7032922,10,phononTS,0.000690204,0.00199927,0.00200264,0.000262498,2894.67,0.000690204,1,0.00157931,0.00101113,-0.0002625,3132.44
0,7032922,5,phononTF,0.00194967,-0.00107257,-0.0039584,0.000262498,134.751,0.000793953,1,-0.00142409,-0.00430152,-0.0002625,257.809
0,7033148,14,phononTS,0.000399159,0.00099631,-0.00300071,0.000262498,1687.21,0.000399159,1,0.00104151,-0.00296626,-0.0002625,1776.49
0,7052448,9,phononTF,0.000484124,-0.000995751,0.00100136,0.0002625,958.066,0.000484124,1,-0.000842127,0.0029056,-0.0002625,2426.84
0,7068801,2,phononTS,0.0013408,0.000140405,-0.00245819,-0.0002625,54.1631,0.000382,1,0.00100193,-0.000996296,0.0002625,757.26
0,7083077,16,phononTS,0.000558326,-0.00200087,-0.00199905,0.0002625,713.824,0.000558326,1,-0.00204329,-0.00202722,-0.0002625,893.201
0,7083077,7,phononTF,0.000461702,-0.000780673,-0.00378387,0.000262498,120.078,0.000461702,1,-0.000474217,-0.00348132,-0.0002625,236.318
0,7108903,6,phononTF,0.000482379,-0.0010224,-0.00296347,-0.0002625,778.275,0.000382,1,-0.00200073,-0.00200213,0.0002625,1281.04
0,7108903,5,phononL,0.000787117,-4.40738e-05,-0.00392482,0.000262498,778.275,0.000310784,1,-0.000513749,-0.00384052,-0.0002625,855.244
0,7122054,9,phononTF,0.000671215,-4.23903e-07,-0.00200075,0.000262498,1186.57,0.000671215,1,7.89929e-05,-0.00192418,-0.0002625,1278.41
0,7139927,20,phononTS,0.000438918,-0.00199765,-0.00200127,0.000262498,3394.21,0.000438918,1,-0.001977,-0.00226228,-0.0002625,3509.75
0,7154168,4,phononTS,0.000458822,-0.000354701,-0.005,-0.000220718,19.8302,0.000382,1,0.000999181,-0.00300145,0.0002625,743.711
0,7154168,3,phononTF,0.000607699,-0.000928822,-0.00390882,0.000262498,19.8302,0.000607699,1,-0.000278395,-0.00455972,-0.0002625,201.503
0,7186605,4,phononTS,0.000388942,-0.000896572,-0.00389836,-0.0002625,19.5965,0.000382,1,0.00200399,-0.00199791,0.0002625,770.424
0,7200748,7,phononL,0.00101645,-0.00164329,-0.00282171,-0.0002625,1051.99,0.000382,1,-0.00200131,-0.00199659,0.0002625,1281.13
0,7273463,16,phononTS,0.000574259,0.00234726,-0.00136998,-0.0002625,2077.59,0.000382,1,0.00199938,-0.00200062,0.0002625,2829.52
0,7301893,8,phononL,0.00432193,0.00037908,-0.00298746,-0.0002625,610.717,0.001146,1,0.000995772,-0.00299818,0.0002625,784.3
0,7305274,16,phononTF,0.000412383,-0.00199564,0.00200441,0.000262498,1830.8,0.000412383,1,-0.00158017,0.00242239,-0.0002625,1966.29
0,7307600,20,phononTS,0.000475997,0.00100211,-0.00300038,0.0002625,307.119,0.000475997,1,0.000575142,-0.00191203,-0.0002625,1048.09
0,7418297,2,phononTS,0.00109,-0.00141237,-0.00424775,-0.000262498,459.523,0.000382,1,0.000998498,-0.00299885,0.0002625,988.407
0,7418297,8,phononTF,0.000673235,0.000998498,-0.00299885,0.000262498,988.407,0.000673235,1,0.000822301,-0.00281369,-0.0002625,1088.33
0,7451357,3,phononTS,0.000815783,-0.00073127,0.005,8.50159e-05,26.0304,0.000382,1,0.00300418,0.00100451,0.0002625,3844.1
0,7456103,4,phononTS,0.00192458,-0.00173852,-0.00248204,-0.0002625,17.0967,0.001146,1,-0.00200021,-0.00199503,0.0002625,664.794
0,7456103,12,phononTS,0.000514734,-0.00200021,-0.00199503,0.000262498,664.794,0.000514734,1,-0.00274974,-0.00190033,-0.0002625,852.347
0,7463593,13,phononTS,0.000627288,0.0019958,-0.00199936,0.000262498,1229.16,0.000627288,1,0.00191051,-0.00200667,-0.0002625,1327.65
0,7482072,2,phononTS,0.00295186,-0.00187723,-0.00255751,-0.0002625,566.14,0.001146,1,-0.00300451,-0.000997127,0.0002625,1319.63
0,7482072,16,phononTF,0.000483399,-0.00300451,-0.000997127,0.000262498,1319.63,0.000483399,1,-0.00308998,-0.00127447,-0.0002625,1427.7
0,7482072,15,phononTF,0.000757187,-0.00300451,-0.000997127,0.000262498,1319.63,0.000387304,1,-0.00378385,-0.00148099,-0.0002625,1510
0,7492209,13,phononTF,0.000607606,0.00106288,-0.00306158,-0.000262498,470.628,0.000382,1,0.00100281,-0.00299881,0.0002625,561.725
0,7492209,5,phononTF,0.0005193,-0.000975045,-0.00400368,0.000262498,24.5087,0.0005193,1,-0.000568233,-0.00442666,-0.0002625,159.205
0,7496638,23,phononTF,0.000891509,-0.000554747,-0.00349185,-0.0002625,590.132,0.000382,1,-0.00200268,-0.0020041,0.0002625,1337.4
0,7502909,14,phononTS,0.000497146,0.00301847,0.000976979,-0.000262498,2422.18,0.000382,1,0.00299618,0.000998769,0.0002625,2511.87
0,7502909,3,phononTF,0.00134594,-0.000836895,-0.00392708,0.000262498,58.7156,0.000561756,1,-0.000581695,-0.00367832,-0.0002625,167.326
0,7516181,16,phononTS,0.000476649,0.000828601,-0.00166996,-0.0002625,1423.47,0.000382,1,0.00199518,-0.00200063,0.0002625,1961.64
0,7516181,13,phononTS,0.000907255,-0.0004851,-0.00185373,0.000262498,1136.8,0.000907255,1,-0.000246149,-0.000991468,-0.0002625,1349.44
0,7516181,12,phononTS,0.000668099,-0.0004851,-0.00185373,0.000262498,1136.8,0.000668099,1,-0.000490417,-0.00147015,-0.0002625,1268.44
0,7524537,3,phononTF,0.0012661,-0.000317741,-0.005,-0.000124943,33.2376,0.000382,1,-0.000995709,-0.000997692,0.0002625,984.153
0,7524537,4,phononTS,0.000422432,-0.000995709,-0.000997692,0.000262498,984.153,0.000422432,1,-0.00150251,0.000238417,-0.0002625,1269.05
0,7531680,12,phononTS,0.0004824,9.15738e-07,-0.00199659,0.000262498,1370.74,0.0004824,1,-0.000197973,-0.00193186,-0.0002625,1483.95
0,7548489,4,phononTS,0.000450677,0.00407364,0.00152108,-0.0002625,20.4702,0.000382,1,0.00299801,0.00100176,0.0002625,1987.51
0,7550861,11,phononTF,0.000495562,2.61962e-06,-0.00200139,0.000262498,1145.45,0.000495562,1,-0.00147798,-0.00109319,-0.0002625,1467.2
0,7550861,7,phononTF,0.00138856,0.000113015,-0.00390945,0.000262498,709.877,0.000557067,1,3.16654e-05,-0.00399367,-0.0002625,802.031
0,7564879,12,phononTS,0.000505837,0.000744875,0.005,-0.000256559,1231.72,0.000505837,1,0.000748589,0.00498597,-0.0002625,3030.66
0,7582943,25,phononTF,0.000479279,-0.0033888,-0.000970771,-0.0002625,1082.65,0.000382,1,-0.00299663,-0.00100441,0.0002625,1328.72
0,7721737,16,phononTS,0.000997962,0.00119629,-0.000860395,-0.0002625,3278.35,0.000382,1,0.000995629,-0.00100074,0.0002625,3754.42
0,7725798,15,phononTF,0.000590465,0.00199867,0.00200349,0.000262498,4824.21,0.000590465,1,0.00217668,0.00175091,-0.0002625,4930.85
0,7759798,19,phononTS,0.000755169,0.00116422,0.005,8.57275e-05,485.87,0.000382,1,-0.00100433,0.0029997,0.0002625,3390.54
0,7762357,15,phononTS,0.00051655,0.00217091,-0.00212492,-0.0002625,1254.37,0.000382,1,0.00200177,-0.00199786,0.0002625,1484.19
0,7769003,5,phononTS,0.00119359,-0.000235638,-0.00246698,-0.0002625,187.485,0.000382,1,2.62198e-06,-0.00200229,0.0002625,816.054
0,7810052,12,phononTS,0.000639786,-0.0019676,-0.00135545,-0.0002625,1517.13,0.000382,1,-0.00199587,-0.00199925,0.0002625,2010.71
0,7810052,4,phononTF,0.000393468,0.00453184,0.005,-0.000233026,427.465,0.000393468,1,0.00452116,0.00498908,-0.0002625,2201.85
0,7821907,8,phononTS,0.00201063,0.00184157,-0.00226956,-0.0002625,2190.54,0.000382,1,0.00200421,-0.00200105,0.0002625,2446.21
0,7914249,5,phononTS,0.000885278,1.31012e-05,-0.00338864,-0.0002625,177.881,0.000382,1,0.00100464,-0.002996,0.0002625,741.37
0,7915647,9,phononTF,0.000384142,0.00202693,-0.00216918,-0.000262498,1722.15,0.000382,1,0.00199767,-0.00199823,0.0002625,1819.25
0,7937726,16,phononTF,0.000621948,-0.00213632,-0.000290176,-0.0002625,1307.6,0.000382,1,-0.00200092,-4.97908e-06,0.0002625,1511.5
0,7992515,2,phononTS,0.00141322,-0.00104496,-0.00400916,-0.000262498,174.683,0.000764,1,0.000997971,-0.00100199,0.0002625,859.694
0,7994864,11,phononTS,0.000731669,0.000785728,-0.0028689,-0.0002625,1254.66,0.000382,1,0.00199873,-0.00199931,0.0002625,2350.84
0,7994864,5,phononTS,0.00123956,-0.000912654,-0.00327628,0.000262498,403.158,0.00113078,1,-0.0013025,-0.00424198,-0.0002625,635.061
0,7997582,17,phononTS,0.000500913,0.000997505,-0.000999622,0.000262498,2831.2,0.000500913,1,0.00105493,-0.00179454,-0.0002625,3024
0,7997582,5,phononTS,0.00159316,-0.000911101,-0.00391916,0.000262498,45.6207,0.0009602,1,-0.000170116,-0.00419462,-0.0002625,242.964
0,8006147,3,phononTS,0.000824551,-1.05326e-06,-0.00351377,-0.0002625,116.147,0.000382,1,0.00100496,-0.00300081,0.0002625,624.921
0,8017839,4,phononL,0.00300283,-8.96266e-05,-0.00203461,-0.0002625,1035.36,0.000764,1,-4.15374e-06,-0.00200445,0.0002625,1160.88
0,8032176,11,phononTF,0.00099802,0.000611475,-0.00339092,-0.0002625,634.705,0.000382,1,0.000996604,-0.00300283,0.0002625,894.234
0,8058572,14,phononTS,0.000683352,0.000164959,-0.00310317,-0.0002625,985.968,0.000382,1,0.00100359,-0.00299869,0.0002625,1570.89
0,8058572,11,phononTF,0.00171736,-0.000931483,-0.00271314,0.000262498,817.314,0.00171736,1,-0.000579493,-0.00300002,-0.0002625,938.597
0,8068864,10,phononTS,0.000484939,-0.00200391,-0.00199759,0.000262498,779.32,0.000484939,1,-0.00125783,-0.00208613,-0.0002625,963.077
0,8068864,5,phononTS,0.000504946,-0.000754103,-0.00378152,0.000262498,88.7878,0.000504946,1,-0.000781315,-0.00403331,-0.0002625,203.03
0,8068864,4,phononTS,0.000463045,-0.000754103,-0.00378152,0.000262498,88.7878,0.000463045,1,-0.00222999,-0.00344767,-0.0002625,420.16
0,8100362,15,phononTS,0.000896444,-0.000998698,-0.000997306,0.000262498,1674.37,0.000896444,1,-0.000975608,-0.00124319,-0.0002625,1790.16
0,8103479,16,phononTS,0.000578607,-0.000533065,-0.00154525,-0.0002625,962.058,0.000382,1,0.000997203,-0.000999125,0.0002625,2180.46
0,8152672,5,phononL,0.000849321,-0.000996132,0.00299534,0.000262498,1805.66,0.000849321,1,-0.00155425,0.00320065,-0.0002625,1891.59
0,8179865,2,phononTF,0.000931796,-0.000667931,-0.00407422,-0.000262498,636.019,0.000764,1,-0.0019984,-0.00200279,0.0002625,1077.42
0,8190837,7,phononTS,0.000525481,-0.00200177,-0.00199837,0.000262498,1194.76,0.000525481,1,-0.00198525,-0.00152657,-0.0002625,1337.35
0,8190837,5,phononTS,0.000772789,-6.52651e-05,-0.00386671,0.000262498,610.849,0.000772789,1,-0.0017446,-0.00457092,-0.0002625,982.528
0,8264669,18,phononTS,0.000507372,-0.00167961,-0.000671643,-0.0002625,792.082,0.000382,1,-0.00199901,2.94877e-06,0.0002625,1648.83
0,8277848,9,phononTS,0.000782823,-3.11354e-06,-0.00199997,0.0002625,306.026,0.000579451,1,-4.16762e-05,-0.00196033,-0.0002625,1065.67
0,8346063,10,phononTF,0.000769023,-0.000449534,-0.00246885,-0.0002625,2753.8,0.000382,1,1.25376e-06,-0.00200332,0.0002625,3040.84
0,8346063,4,phononTF,0.00040641,-0.000921023,-0.00388031,0.000262498,13.0132,0.00040641,1,0.0029062,-0.00296489,-0.0002625,716.989
0,8346063,3,phononTF,0.0020391,-0.00154128,-0.005,-9.00315e-05,13.0132,0.0013499,1,-0.00149289,-0.00406958,-0.0002625,420.733
0,8361504,8,phononTS,0.000482912,-0.00146247,-0.00292648,-0.0002625,198.148,0.000382,1,-0.00200097,-0.00199756,0.0002625,689.624
0,8361504,3,phononL,0.00308414,-0.000906,-0.00392001,0.000262498,16.2164,0.00152976,1,0.000516333,-0.00455839,-0.0002625,201.919
0,8403850,3,phononTF,0.00498526,-0.00059706,-0.00385765,-0.000170034,229.695,0.001146,1,0.00100243,-0.003002,0.0002625,560.518
0,8423003,13,phononTS,0.000465677,0.00201022,-0.00267644,-0.000262498,849.859,0.000382,1,0.00199693,-0.00199732,0.0002625,1023.34
0,8459722,9,phononL,0.000577933,0.00179976,-0.00164561,-0.0002625,1036.56,0.000382,1,0.00199835,-0.00200025,0.0002625,1182.72
0,8459722,3,phononTS,0.00106279,-0.00230325,-0.005,-5.52365e-05,224.73,0.000237087,1,-0.0026842,-0.00440198,-0.0002625,680.493
0,8459722,11,phononTF,0.00049222,-0.00209952,-0.005,0.000123703,680.493,0.00049222,1,-0.00166007,-0.00456075,-0.0002625,963.601
0,8523320,17,phononL,0.000988434,0.000996225,-0.00299746,0.0002625,307.026,0.000988434,1,0.000431228,-0.00369267,-0.0002625,661.954
0,8540876,7,phononTS,0.000481542,-0.000713023,-0.00204435,-0.000262498,1254,0.000382,1,-3.51926e-06,-0.00200299,0.0002625,1429.86
0,8554181,8,phononTF,0.000386979,0.00080777,-0.005,-0.000261235,1318.21,0.000386979,1,0.000810859,-0.00499694,-0.0002625,1376.35
0,8573615,12,phononL,0.000389071,0.00142052,-0.00309716,-0.0002625,1194.96,0.000382,1,0.00099812,-0.00300023,0.0002625,1343.63
0,8596555,24,phononTS,0.000489652,0.000998765,-0.00300269,0.000262498,1519.61,0.000489652,1,0.000980129,-0.00328439,-0.0002625,1637.09
0,8600047,8,phononTF,0.000538354,-3.60214e-06,-0.00199505,0.000262498,1132.5,0.000538354,1,-0.00019734,-0.00178126,-0.0002625,1235.73
0,8600488,2,phononTS,0.00256754,-0.005,-0.000897542,-5.0279e-05,55.1706,0.000382,1,-0.00200275,0.00199999,0.0002625,1681.69
0,8612823,2,phononTS,0.00419843,0.00101431,-0.000980376,1.04525e-05,44.8928,0.000764,1,0.00100493,-0.000995459,0.0002625,1229.95
0,8612823,14,phononTF,0.00163421,0.00100493,-0.000995459,0.000262498,1229.95,0.0010405,1,0.0012392,-0.00115175,-0.0002625,1334.25
0,8720416,17,phononTS,0.000433644,-0.000141855,-0.00306015,-0.0002625,787.728,0.000382,1,0.00100121,-0.00299684,0.0002625,1309.4
0,8720833,16,phononTS,0.00059732,-0.000327979,-0.00238024,-0.0002625,504.072,0.000382,1,-4.73631e-06,-0.00200144,0.0002625,1123.18
0,8751635,18,phononTS,0.000416373,0.00391587,0.00136201,-0.0002625,1793.53,0.000382,1,0.00300109,0.001002,0.0002625,2251.19
0,8751635,4,phononTF,0.000846015,-0.000849931,-0.00406218,0.000262498,43.5243,0.000846015,1,-6.08066e-05,-0.00328536,-0.0002625,253.286
0,8762295,16,phononTF,0.000719808,-0.000566712,-0.00234428,-0.000262498,519.259,0.000382,1,-4.17332e-06,-0.00200368,0.0002625,671.628
0,8789302,10,phononTF,0.00195185,0.000381037,-0.00155818,-0.0002625,1596.13,0.001146,1,-3.48553e-06,-0.00199648,0.0002625,1901.01
0,8807047,16,phononTS,0.00050777,-0.00100229,-0.00100323,0.000262498,1204.03,0.00050777,1,-0.000533736,-0.000994869,-0.0002625,1346.46
0,8811214,12,phononTS,0.000564663,0.000996581,-0.00312463,-0.0002625,971.576,0.000382,1,0.00100156,-0.00300017,0.0002625,1175.54
0,8814304,15,phononTF,0.000793956,0.000870676,-0.00287188,-0.0002625,1041.62,0.000382,1,0.000998745,-0.00300358,0.0002625,1232.05
0,8814304,8,phononL,0.0011641,-0.000181847,-0.00299007,0.000262498,723.067,0.000497412,1,-0.000504391,-0.0040224,-0.0002625,854.951
0,8826080,14,phononTF,0.000713391,-0.00165177,-0.00164351,-0.0002625,784.73,0.000382,1,-0.000996839,-0.00100357,0.0002625,1146.05
0,8914152,12,phononL,0.000962655,-1.03128e-06,-0.00199632,0.0002625,1362.98,0.000861914,1,0.000464456,-0.00184949,-0.0002625,1752.42
0,8914152,11,phononTS,0.000753865,-0.00186298,-0.00258365,0.000262498,1362.98,0.000753865,1,-0.00208809,-0.00300838,-0.0002625,1514.07
0,8919701,16,phononTF,0.000396261,0.000488512,-0.00304329,-0.0002625,875.339,0.000382,1,-0.00100245,-0.000997765,0.0002625,1421.73
0,8923072,12,phononTS,0.00125352,-0.00350526,0.00147425,-0.0002625,488.145,0.000764,1,-0.00200144,0.00199819,0.0002625,2639.2
0,8924785,16,phononTF,0.000693299,0.005,0.00476159,-3.36284e-05,3512.56,0.000561892,1,-0.000260841,-0.00243403,-0.0002625,6126.79
0,8939203,9,phononL,0.00116825,0.000591177,-0.00165706,-0.0002625,209.378,0.000382,1,0.00100495,-0.000995234,0.0002625,624.856
0,8972217,14,phononTS,0.000606576,0.00104733,-0.00307579,-0.0002625,1938.69,0.000382,1,0.00100163,-0.00300165,0.0002625,2322.52
0,8987188,7,phononTF,0.00042978,0.000100373,-0.00190732,-0.0002625,1232.21,0.000382,1,2.19319e-06,-0.0020016,0.0002625,1418.1
0,9021169,11,phononTS,0.000424793,0.00199516,-0.00200351,0.000262498,954.217,0.000424793,1,0.00195075,-0.00229447,-0.0002625,1072.55
0,9071427,13,phononTS,0.000721321,0.00061554,-0.00304594,-0.0002625,508.58,0.000382,1,0.00099848,-0.00299708,0.0002625,775.821
0,9089919,8,phononTS,0.000531225,-0.00263436,-0.00154275,-0.0002625,140.456,0.000382,1,-0.00299776,-0.00100124,0.0002625,1030.2
0,9093086,13,phononTF,0.00079431,0.000384841,0.00175289,-0.0002625,1235.33,0.000382,1,4.37294e-06,0.00199716,0.0002625,1482.78
0,9100916,13,phononTS,0.000519786,0.00100138,0.00100396,0.0002625,1891.18,0.000519786,1,0.000960927,0.00158964,-0.0002625,2373.79
0,9112067,15,phononTF,0.000985852,3.92808e-06,-0.00199712,0.000262498,483.987,0.000475393,1,-0.000450031,-0.00244216,-0.0002625,625.105
0,9127108,13,phononTS,0.00066816,4.83388e-06,-0.0019973,0.000262498,504.739,0.000174401,1,-1.64448e-05,-0.00204902,-0.0002625,596.741
0,9128280,6,phononTF,0.000669942,-0.00288932,-0.000839592,-0.0002625,910.06,0.000382,1,-0.00300192,-0.000996843,0.0002625,1103.62
0,9169277,9,phononTF,0.000400447,-0.000898293,0.00324403,-0.0002625,3023.22,0.000382,1,-0.00100343,0.00299547,0.0002625,3233.27
0,9231294,15,phononTF,0.000490606,-4.3549e-06,-0.00199905,0.000262498,780.072,0.000490606,1,-0.00016679,-0.00183901,-0.0002625,878.221
0,9231294,12,phononTS,0.000520535,-0.000962162,-0.00419906,0.000262498,345.206,0.000520535,1,-0.00205161,-0.00393339,-0.0002625,597.712
0,9231294,11,phononTF,0.000678661,-0.000962162,-0.00419906,0.000262498,345.206,0.000274045,1,-0.000460317,-0.00369946,-0.0002625,496.118
0,9245760,17,phononL,0.000387544,0.000797795,-0.00337728,-0.0002625,831.839,0.000382,1,0.00100263,-0.00300226,0.0002625,980.435
0,9249573,9,phononTS,0.00062097,0.00202444,-0.000354324,-0.0002625,1178.16,0.000382,1,0.00200166,3.92045e-06,0.0002625,1436.51
0,9251746,11,phononTF,0.000954657,-0.0022135,-0.00221606,-0.000262498,923.74,0.000382,1,-0.0019968,-0.00199536,0.0002625,1028.05
0,9307608,8,phononL,0.00059792,-0.005,-0.00276883,-0.000211467,444.75,0.000382,1,-0.0019975,-0.00200448,0.0002625,1299.44
0,9310351,4,phononTS,0.00179337,0.00305198,0.00230977,-0.0002625,11.6748,0.000382,1,0.00200318,0.00200328,0.0002625,2812.45
0,9311971,10,phononL,0.000740004,-0.00200005,-0.00200264,0.000262498,819.762,0.000740004,1,-0.00158227,-0.00141753,-0.0002625,917.916
0,9317976,15,phononTS,0.000560271,1.1408e-06,-0.00199916,0.000262498,909.212,0.000560271,1,-0.000222507,-0.00205279,-0.0002625,1024.3
0,9332540,2,phononL,0.00541674,-0.000196579,-0.00272196,-0.0002625,303.956,0.000764,1,3.71887e-06,-0.00199586,0.0002625,678.515
0,9332540,14,phononTS,0.000996449,3.71887e-06,-0.00199586,0.000262499,678.515,0.000712687,1,5.46467e-05,-0.00192901,-0.0002625,773.805
0,9386091,9,phononTS,0.000472007,0.000995332,-0.000996676,0.000262498,2531.75,0.000472007,1,0.000174978,-0.00090975,-0.0002625,2727.89
0,9442564,12,phononL,0.000408457,0.00100571,-0.00422189,-0.000262498,1485.24,0.000382,1,0.000996542,-0.00300052,0.0002625,1628.49
0,9451794,14,phononTS,0.000511008,0.0011841,-0.005,-0.000200867,599.162,0.000382,1,-0.00200064,-0.00199572,0.0002625,1359.93
0,9451795,1,phononTF,0.01,-0.000671885,-0.00373215,-0.000174904,0,0.00436106,1,-0.000716185,-0.00368583,-0.0002625,376.258
0,9457255,17,phononTS,0.000761314,-3.54468e-06,1.29367e-06,0.000262498,2109.53,0.000605324,1,0.00266709,-0.00327561,-0.0002625,2897.35
0,9487969,18,phononTS,0.000397167,-5.23314e-07,-0.00199752,0.0002625,832.159,0.000397167,1,-4.5568e-05,-0.00197163,-0.0002625,1021.29
0,9518782,9,phononTS,0.00121374,0.000988594,-0.00301722,-0.000262499,862.051,0.000764,1,0.00100349,-0.00300242,0.0002625,951.849
0,9518782,5,phononTS,0.00151305,-0.000874306,-0.00394738,0.000262498,123.572,0.00130476,1,-0.00073704,-0.00381667,-0.0002625,235.925
0,9571047,2,phononTS,0.00203554,-0.00075961,-0.00400448,-0.0002625,79.098,0.000382,1,0.0020004,-0.00199883,0.0002625,848.061
0,9571047,15,phononTS,0.00148966,0.0020004,-0.00199883,0.000262498,848.061,0.000503837,1,0.00224018,-0.00195775,-0.0002625,960.504
0,9588767,16,phononTS,0.00079527,0.00110119,-0.00299528,-0.0002625,1176.81,0.000382,1,0.0010022,-0.00300263,0.0002625,1376.06
0,9592381,8,phononL,0.00248459,0.000754613,-0.00310849,-0.0002625,1069.42,0.000764,1,0.00100188,-0.00299617,0.0002625,1375.83
0,9592381,10,phononTS,0.000510573,0.00100188,-0.00299617,0.000262498,1375.83,0.000510573,1,0.00165922,-0.00374732,-0.0002625,1610.25
0,9592504,2,phononL,0.00468626,-0.00302191,-0.00152083,-0.0002625,98.7681,0.000382,1,-0.00300329,-0.00100224,0.0002625,764.352
0,9592504,11,phononTF,0.00208495,-0.000870658,0.005,0.000188576,764.352,0.00106562,1,-0.000532633,0.00467187,-0.0002625,1970.31
0,9605980,14,phononTF,0.000723367,-0.000279375,-0.00227785,-0.000262498,349.515,0.000382,1,-3.57104e-06,-0.00199541,0.0002625,462.026
0,9630042,12,phononTF,0.000517499,0.000119712,-0.00212659,-0.0002625,670.71,0.000382,1,-1.65901e-06,-0.00200272,0.0002625,1175.21
0,9674858,13,phononTS,0.000439707,-0.00125082,-0.0020785,-0.000262498,622.218,0.000382,1,-0.0020016,-0.00200462,0.0002625,808.988
0,9707475,7,phononTS,0.00197516,0.000272189,-0.00288478,-0.0002625,394.561,0.000382,1,-2.00198e-07,-0.00199712,0.0002625,821.783
0,9710473,12,phononTF,0.00150053,0.0020011,-0.00200089,0.000262498,659.043,0.000607191,1,0.00192813,-0.00192377,-0.0002625,750.73
0,9715658,10,phononTS,0.000965777,-1.25744e-06,-1.46394e-06,0.0002625,1158.45,0.000965777,1,-4.05679e-05,-3.56609e-05,-0.0002625,1811.01
0,9734719,5,phononTS,0.000563679,0.00015491,-0.00353234,-0.000262498,383.931,0.000382,1,0.00200019,-0.00199841,0.0002625,836.895
0,9794476,6,phononTS,0.0016816,-0.00303523,-0.000741525,-0.0002625,356.791,0.000764,1,-0.00300013,-0.00099884,0.0002625,1529.01
0,9796569,8,phononTS,0.000540057,0.00215952,-0.00200491,-0.0002625,1140.43,0.000382,1,0.00199964,-0.00199998,0.0002625,1352.05
0,9796569,6,phononTS,0.000808532,-0.000892545,-0.0040373,0.000262498,34.2422,0.000694543,1,-0.000931137,-0.00400884,-0.0002625,123.756
0,9804680,7,phononTF,0.000487322,-0.000439127,-0.00295747,-0.0002625,11.2013,0.000382,1,1.53977e-06,-0.00200055,0.0002625,444.307
0,9804680,6,phononTS,0.000648949,-0.000879792,-0.00391438,0.000262498,11.2013,0.000648949,1,0.000769104,-0.00295975,-0.0002625,398.671
0,9813838,14,phononTF,0.000471279,-0.00200004,-0.00199842,0.000262498,1196.97,0.000471279,1,-0.00390903,-9.52152e-05,-0.0002625,1667.21
0,9841064,7,phononTF,0.000570024,-0.000999267,0.000999975,0.0002625,941.769,0.000570024,1,-0.00154818,0.00153235,-0.0002625,1417.87
0,9871407,15,phononTS,0.000422017,0.00100399,-0.00300327,0.000262498,957.749,0.000422017,1,0.00178669,-0.00430631,-0.0002625,1279.04
0,9884841,4,phononTS,0.00469677,-0.00111215,-0.00139032,-0.0002625,732.655,0.000382,1,-0.000997908,-0.000999584,0.0002625,1516.01
0,9884841,6,phononTF,0.00318611,-0.000997908,-0.000999584,0.000262498,1516.01,0.00264377,1,-0.000530906,-0.00154457,-0.0002625,1671.04
0,9886028,5,phononTS,0.000562193,0.00285364,0.00172152,-0.0002625,11.4926,0.000382,1,0.00299764,0.000995539,0.0002625,1515.33
0,9890250,15,phononTS,0.000419249,-0.00133915,-0.00399599,-0.000262498,897.493,0.000382,1,0.00199561,-0.00200185,0.0002625,1661.73
0,9961443,21,phononTS,0.000521882,-0.00294704,-0.000968273,-0.000262498,3605.62,0.000382,1,-0.00299639,-0.00100335,0.0002625,3694.82
0,9964959,14,phononTS,0.000754138,0.00100178,0.000379412,-0.0002625,1294.48,0.000382,1,0.0019958,-4.82595e-06,0.0002625,1779.24
0,9964959,4,phononTF,0.00092173,-0.000820048,-0.00404996,0.000262498,36.7317,0.00092173,1,-0.000673439,-0.00420404,-0.0002625,133.675
0,9964959,3,phononTS,0.000741637,-0.000820048,-0.00404996,0.000262498,36.7317,0.000741637,1,-0.000792032,-0.00406463,-0.0002625,129.205
0,9964959,2,phononTF,0.00244361,-0.000820048,-0.00404996,0.000262498,36.7317,0.00164263,1,-0.000454419,-0.00434048,-0.0002625,159.852
0,9985361,14,phononTF,0.000421858,0.00299599,0.000997807,0.000262498,1555.52,0.000421858,1,0.00266968,0.000712769,-0.0002625,1673.63
0,9996524,24,phononTF,0.000538564,-4.32656e-06,-0.00199831,0.0002625,1154.4,0.000538564,1,-0.000233702,-0.00166764,-0.0002625,1388.2
