Run ID,Event ID,Track ID,Particle Name,Start Energy [eV],Start X [m],Start Y [m],Start Z [m],Start Time [ns],Energy Deposited [eV],Track Weight,End X [m],End Y [m],End Z [m],Final Time [ns]
0,83421,3,phononTF,0.00226608,0.00362089,0.00154216,-0.0002625,24.3135,0.000764,1,0.00200133,4.21644e-08,0.0002625,3216.65
0,90008,5,phononTS,0.00074731,0.00307457,0.000997666,-0.000262498,3072.76,0.000382,1,0.00299556,0.00100002,0.0002625,3235.99
0,117882,8,phononTS,0.000604525,0.00200359,0.00200132,0.000262498,844.849,0.000604525,1,0.00197676,0.00223001,-0.0002625,1058.91
0,151608,5,phononTS,0.00185206,0.0032374,0.00188704,-0.0002625,248.552,0.000382,1,0.00299611,0.000997978,0.0002625,988.42
0,289485,8,phononTF,0.000393778,0.00299875,0.000996095,0.0002625,937.523,0.000393778,1,0.00318007,0.000801526,-0.0002625,1859.26
0,322303,6,phononL,0.000901867,0.0027445,0.00172489,-0.000262498,1027.3,0.000382,1,0.00200431,0.00199629,0.0002625,1205.04
0,341684,8,phononTF,0.000594799,0.00138506,-0.000556713,-0.0002625,774.097,0.000382,1,-8.70475e-07,-0.00200039,0.0002625,3332.75
0,341684,2,phononTF,0.00410626,0.0038183,0.00238032,-1.12353e-05,19.4764,0.00296505,1,0.00379481,0.00234461,-0.0002625,326.719
0,358559,5,phononTF,0.000440582,0.00309771,0.00109317,-0.000262498,459.299,0.000382,1,0.00300438,0.000995106,0.0002625,621.664
0,393968,2,phononTS,0.000566716,-0.00170659,0.00114607,-0.0002625,18.6884,0.000382,1,-0.00199613,0.00199829,0.0002625,9641.11
0,401779,4,phononTS,0.000753231,-9.94204e-07,0.00200043,0.0002625,6486.74,0.000753231,1,-7.71696e-05,0.0019405,-0.0002625,7788.01
0,401779,2,phononTF,0.0004554,0.00346194,0.00276243,0.000262498,10.0868,0.0004554,1,0.0030777,0.00322326,-0.0002625,246.508
0,408115,8,phononL,0.00113131,0.00238883,0.00211992,-0.0002625,105.261,0.000382,1,0.00200099,0.00199608,0.0002625,586.841
0,440977,9,phononTF,0.00179119,-4.52736e-06,0.00200018,0.000262498,2895.95,0.00144161,1,4.45305e-05,0.00203815,-0.0002625,3053.82
0,500280,3,phononTS,0.00133408,-0.00177514,-0.00097839,-0.0002625,6.02139,0.000382,1,-0.00099866,-0.000998164,0.0002625,6440.13
0,503976,2,phononTS,0.00302143,0.00299998,0.000998188,0.0002625,2.35641,0.00153073,1,0.00292392,0.000940476,-0.0002625,3424.3
0,507650,4,phononTF,0.000572029,0.00333583,0.00276451,-0.000262498,984.433,0.000382,1,0.00200156,-3.59519e-06,0.0002625,1959.36
0,507650,2,phononL,0.000987581,0.00345182,0.00274434,0.000262498,16.3712,0.000987581,1,0.00393396,0.00297381,-0.0002625,156.639
0,537062,5,phononTS,0.00131843,-0.00415732,0.000935769,-0.000262498,3843.95,0.000382,1,-0.000995979,-0.00100434,0.0002625,5150.03
0,542953,6,phononTS,0.00102123,-0.00100463,0.000997936,0.000262498,3121.43,0.000833647,1,-0.00100648,0.000535433,-0.0002625,3366.37
0,574139,7,phononTS,0.000820614,3.48674e-06,4.39448e-06,0.000262498,4861.61,0.000820614,1,-0.00072247,-7.69879e-05,-0.0002625,5191.54
0,608805,5,phononTS,0.000584636,-0.00120264,0.00167628,-0.0002625,3283.97,0.000382,1,-0.00200053,0.00199818,0.0002625,5863.88
0,608805,3,phononTS,0.00247258,0.00237625,0.0035394,4.26114e-05,28.117,0.00160024,1,0.0032859,0.00418479,-0.0002625,1494.65
0,681615,6,phononTS,0.000517501,0.000766519,0.00119346,-0.000262498,1128.94,0.000382,1,-4.41828e-06,0.0020014,0.0002625,1609.63
0,717754,6,phononTF,0.000450622,-0.00100013,0.000996477,0.000262498,4254.62,0.000450622,1,-0.000457757,0.000530892,-0.0002625,4518.09
0,717754,2,phononTF,0.00158704,0.00345623,0.00276145,0.000262498,1.91429,0.00122079,1,0.00344863,0.0027675,-0.0002625,158.777
0,731967,8,phononTS,0.000936257,-0.00200147,-0.00200057,0.000262498,5340.59,0.000892496,1,-0.00304205,-0.00101998,-0.0002625,5919.36
0,733785,4,phononTF,0.00292727,0.00214028,0.0021283,0.000177908,18.2248,0.000764,1,0.00200376,0.0019978,0.0002625,1583.64
0,741314,4,phononTS,0.00100207,0.00208133,0.00193607,-0.0002625,1163.17,0.000382,1,0.00199655,0.00200453,0.0002625,4663.95
0,741314,5,phononL,0.000493279,0.00199655,0.00200453,0.000262498,4663.95,0.000493279,1,0.00190168,0.00153058,-0.0002625,4797.2
0,741314,2,phononTS,0.00572177,0.0029453,0.00285946,-0.000258273,375.992,0.0043457,1,0.00301534,0.00290812,-0.0002625,1011.04
0,745904,6,phononTF,0.000738453,0.00200491,0.0020025,0.0002625,258.195,0.000493754,1,0.00190195,0.00192257,-0.0002625,906.764
0,768791,9,phononTF,0.000513196,-0.0030742,-0.005,-0.000248589,5188.17,0.000513196,1,-0.00283049,-0.00456453,-0.0002625,7708.23
0,768791,3,phononTS,0.00153932,0.00350171,0.0027519,0.000262498,58.9458,0.00132431,1,0.00357571,0.00270506,-0.0002625,216.738
0,777132,5,phononTF,0.000857463,-0.00274777,-0.000792081,-0.0002625,7024.51,0.000382,1,-0.00299674,-0.00100429,0.0002625,8677.42
0,799026,7,phononTS,0.00174142,0.0020288,0.00194713,-0.000262498,764.403,0.000382,1,0.00200118,0.00199988,0.0002625,933.296
0,835192,3,phononTS,0.00265929,0.00141802,0.00139226,0.00016599,105.677,0.000764,1,0.00100037,0.0010036,0.0002625,1068.31
0,916067,4,phononTF,0.000589138,0.00269303,0.00261424,-0.0002625,808.886,0.000382,1,0.0019957,0.00200315,0.0002625,2203.98
0,950581,6,phononTS,0.000530784,0.00247051,0.00236971,-0.0002625,1137.22,0.000382,1,0.00200291,0.00200414,0.0002625,2031.59
0,1067656,6,phononTF,0.000740996,0.00299602,0.000996078,0.000262498,823.937,0.000409135,1,0.00231933,0.000247613,-0.0002625,1163
0,1106223,4,phononTS,0.000742439,0.00044416,0.00138697,-0.0002625,112.174,0.000382,1,-0.00299606,-0.000998233,0.0002625,3966.23
0,1129628,6,phononTS,0.000524753,1.60524e-06,-4.1021e-06,0.0002625,2220.75,0.000524753,1,6.67589e-05,0.00101821,-0.0002625,3069.02
0,1153539,3,phononTF,0.00204579,0.000155228,0.000125972,-0.0002625,72.5187,0.001146,1,-3.0921e-06,9.42712e-07,0.0002625,3758.78
0,1157749,2,phononTS,0.00123395,0.00384125,0.00334717,-0.0002625,4.24303,0.000382,1,0.0020002,0.00199639,0.0002625,2338.98
0,1200009,10,phononTF,0.000401437,-0.000846687,0.00316288,-0.000262498,8874.8,0.000382,1,-0.000997066,0.00299905,0.0002625,9045.79
0,1210459,6,phononTS,0.000831422,0.00138411,0.00121635,-0.0002625,234.64,0.000382,1,0.000996935,0.00100138,0.0002625,1616.33
0,1228099,4,phononTF,0.000475114,0.00128955,-0.00273361,-0.0002625,3787.39,0.000382,1,0.00100179,-0.00300496,0.0002625,6711.75
0,1228099,2,phononTS,0.00101839,0.00181626,0.005,-0.000228568,3.21479,0.000195128,1,0.00180133,0.00491034,-0.0002625,1030.54
0,1228562,10,phononTS,0.00056392,0.00199556,0.00199924,0.000262498,2161.71,0.00056392,1,0.00193126,0.00257044,-0.0002625,2462
0,1239738,7,phononTS,0.000901886,0.00306686,0.00106888,-0.0002625,627.798,0.000382,1,0.00299858,0.00100483,0.0002625,1094.34
0,1241377,3,phononTS,0.0026142,-0.000572684,0.00271813,-0.000138629,5.19392,0.00166682,1,-0.00058861,0.00271134,-0.0002625,7185.25
0,1253089,4,phononTS,0.00104704,0.00015028,-0.00436721,-0.0002625,454.872,0.000382,1,0.000995238,-0.00300082,0.0002625,4439.54
0,1292546,3,phononTF,0.00151967,0.00301603,-0.005,-2.94225e-05,18.5227,0.00136386,1,0.00254224,-0.00449796,-0.0002625,7617.81
0,1305220,2,phononTF,0.000760573,0.00199746,2.67577e-06,0.0002625,22.7823,0.000760573,1,0.00207475,9.40385e-05,-0.0002625,1598.58
0,1315207,10,phononTS,0.000387471,0.000998635,0.00100297,0.000262498,2528.32,0.000387471,1,0.00156584,-0.000463694,-0.0002625,3157.68
0,1335233,4,phononTF,0.000499909,0.00200069,-0.00200069,0.0002625,236.152,0.000499909,1,0.00243261,-0.00152266,-0.0002625,3075.29
0,1366297,3,phononTF,0.00146856,0.000577793,0.000460994,-0.0002625,58.6197,0.000764,1,9.68143e-07,8.54849e-07,0.0002625,1766.1
0,1382791,2,phononTF,0.00135117,0.000808831,0.00118218,-0.0002625,8.96875,0.000764,1,0.00100266,0.00100017,0.0002625,1441.36
0,1395900,6,phononL,0.000548823,-1.81285e-06,0.00200028,0.0002625,786.991,0.000548823,1,9.85622e-05,0.00144534,-0.0002625,2111.06
0,1395900,4,phononTS,0.00137701,0.00350127,0.0027506,0.000262498,40.4494,0.00115666,1,0.00350033,0.00328578,-0.0002625,324.767
0,1424866,2,phononL,0.000557657,0.00273354,0.00236939,-0.0002625,9.78421,0.000382,1,0.00200343,0.00200141,0.0002625,379.543
0,1447589,8,phononTS,0.000699026,0.00300221,0.00106771,-0.0002625,2462.95,0.000382,1,0.00299845,0.00100237,0.0002625,3750.31
0,1447589,6,phononTS,0.00229207,0.00339048,0.00256354,-0.000150677,814.265,0.00229207,1,0.00346325,0.00255658,-0.0002625,863.926
0,1503757,2,phononTF,0.00270576,0.00239535,0.00141564,-0.0002625,0.179977,0.001528,1,0.00300339,0.000997637,0.0002625,977.842
0,1503757,11,phononTF,0.00055969,0.00300339,0.000997637,0.000262498,977.842,0.00055969,1,0.00326927,0.000775079,-0.0002625,1165.12
0,1518575,4,phononTF,0.00262682,0.00303858,0.00109498,3.33556e-05,122.854,0.000764,1,0.00300229,0.00100271,0.0002625,2389.99
0,1518575,5,phononL,0.000854732,0.00300229,0.00100271,0.000262498,2389.99,0.000239701,1,0.00326568,0.00149118,-0.0002625,2533.32
0,1539752,5,phononTF,0.000739736,0.00153086,0.00254127,-0.0002625,2132.51,0.000382,1,0.00199829,0.00200007,0.0002625,3088.24
0,1539752,3,phononL,0.000713305,0.00343856,0.00276623,0.000262498,10.1658,0.000713305,1,0.00320316,0.00382091,-0.0002625,235.408
0,1540034,3,phononTS,0.00215895,0.00323577,0.00187202,-0.0002625,60.967,0.000764,1,0.00300272,0.00100008,0.0002625,863.676
0,1542176,3,phononTF,0.00287093,0.00193366,0.00191886,-0.0002625,68.9803,0.001146,1,0.00199913,0.00200167,0.0002625,1440.46
0,1542176,6,phononTS,0.00109328,0.00199913,0.00200167,0.000262498,1440.46,0.000834772,1,0.00204435,0.00199538,-0.0002625,1604.7
0,1544238,7,phononTF,0.000732635,2.44654e-06,4.72483e-07,0.000262498,2146.79,0.000296639,1,0.000767325,0.000745283,-0.0002625,2507.18
0,1549582,8,phononTF,0.000419285,0.00226764,0.00169791,-0.0002625,666.451,0.000382,1,0.00199702,0.00200377,0.0002625,1239.94
0,1587580,2,phononTS,0.00151987,0.00223113,0.00187242,-0.0002625,15.1308,0.000382,1,0.00100298,0.00100166,0.0002625,1216.98
0,1594863,8,phononTF,0.00228266,0.00299519,0.0010001,0.000262498,684.026,0.000678464,1,0.00234337,0.0020737,-0.0002625,1119.47
0,1617008,6,phononTS,0.000777712,0.00200472,0.00200307,0.000262498,1247.53,0.000777712,1,0.0020175,0.00194794,-0.0002625,1409.07
0,1627852,7,phononTS,0.00083978,0.00300201,0.00100373,0.0002625,2703.84,0.00083978,1,0.00304205,0.000913928,-0.0002625,3018.68
0,1632436,9,phononTS,0.00112594,0.00299907,0.000997804,0.000262498,4113.19,0.00112594,1,0.00478307,0.000478761,-0.0002625,4811.7
0,1654933,5,phononTS,0.00108221,0.00170796,0.00138745,-0.0002625,40.8611,0.000382,1,1.46199e-06,3.69019e-06,0.0002625,1587.92
0,1654933,6,phononTS,0.000673431,1.46199e-06,3.69019e-06,0.000262498,1587.92,0.000673431,1,-0.000346608,-4.79388e-05,-0.0002625,1819.6
0,1661989,4,phononTS,0.0005728,0.00325843,0.00275228,-0.000262498,1434.82,0.000382,1,-1.72106e-06,-2.17695e-06,0.0002625,2925.84
0,1666515,9,phononTF,0.000585527,-0.0015464,0.00176936,-0.000262498,4473.79,0.000382,1,-0.00100125,0.00100402,0.0002625,4815.47
0,1679827,6,phononTS,0.00108292,-0.000292758,0.00123625,-0.0002625,1974.08,0.000764,1,0.00100347,0.000995014,0.0002625,6921.93
0,1743866,2,phononTS,0.00250533,0.00321856,0.0018782,-0.0002625,68.4831,0.000764,1,0.00299952,0.000996568,0.0002625,804.875
0,1743866,6,phononTS,0.00111646,0.00299952,0.000996568,0.000262498,804.875,0.00111646,1,0.00306766,0.000965322,-0.0002625,982.115
0,1743866,5,phononTF,0.00045091,0.00299952,0.000996568,0.000262498,804.875,0.00045091,1,0.00174237,-0.00284638,-0.0002625,2086.5
0,1756972,6,phononTS,0.000618465,-0.00192944,7.66502e-05,-0.000262498,3850.94,0.000382,1,-0.00200261,1.59865e-06,0.0002625,4005.62
0,1760377,7,phononTF,0.000452604,0.00491107,0.000706233,-0.000262498,1080.2,0.000382,1,0.00300155,0.000996648,0.0002625,1749.87
0,1760377,2,phononTS,0.000391006,0.0035161,0.00276339,0.000262498,38.5646,0.000391006,1,0.0035466,0.00270988,-0.0002625,207.804
0,1777637,7,phononTF,0.000402392,0.00212723,-0.000100802,-0.0002625,3614.92,0.000382,1,0.0019998,-9.84423e-07,0.0002625,5416.7
0,1788248,6,phononTF,0.000722826,-6.22097e-05,0.00192314,-0.000262498,2505.42,0.000382,1,3.97011e-06,0.00199965,0.0002625,2665.19
0,1802760,7,phononTS,0.000604337,0.00428111,0.00121761,-0.000262498,1227.58,0.000382,1,3.06044e-07,-0.00199809,0.0002625,2845.41
0,1918533,3,phononTS,0.000772363,0.00216483,0.00113647,-0.0002625,8.8916,0.000382,1,0.00100406,0.0010041,0.0002625,3433.54
0,1928576,5,phononTS,0.00360235,0.00137807,0.00196832,4.17173e-05,960.855,0.001146,1,0.00100364,0.000996986,0.0002625,2342.28
0,1928576,11,phononTS,0.000500551,0.00100364,0.000996986,0.000262498,2342.28,0.000500551,1,0.000939381,0.000905243,-0.0002625,2497.27
0,1928576,10,phononTF,0.000532865,0.00100364,0.000996986,0.000262498,2342.28,0.000532865,1,0.000661034,0.000919768,-0.0002625,2552.38
0,1928576,9,phononTS,0.000930171,0.00100364,0.000996986,0.000262498,2342.28,0.000838558,1,0.000934106,0.000940372,-0.0002625,2497.5
0,1972010,6,phononTS,0.000558277,0.00200497,0.00200212,0.000262498,3354.82,0.000558277,1,0.00192025,0.00192433,-0.0002625,3509.15
0,2009692,7,phononTS,0.000746522,0.00463462,0.0026114,-0.0002625,4889.35,0.000382,1,0.00300391,0.00100163,0.0002625,5993.33
0,2079156,4,phononTF,0.00253257,0.00310389,0.0011154,0.000177712,7.27584,0.000382,1,0.00299928,0.00100389,0.0002625,792.667
0,2134164,2,phononTS,0.00186584,0.00313796,0.00149438,-0.0002625,8.37157,0.000764,1,0.00299656,0.00100078,0.0002625,1068.73
0,2162056,10,phononTS,0.000532988,0.00200197,0.00200193,0.000262498,1918.09,0.000532988,1,0.00233042,0.00191588,-0.0002625,2161.55
0,2191306,2,phononTS,0.00168042,-0.00163696,0.00271287,-0.0002625,21.7712,0.001146,1,-0.00200217,0.00200154,0.0002625,4115.19
0,2213188,5,phononTS,0.00206702,0.0023511,0.00220259,-0.0002625,76.731,0.000764,1,0.00200134,0.00200054,0.0002625,1453.12
0,2217797,7,phononTS,0.000617719,0.00200326,0.001998,0.0002625,405.131,0.000617719,1,0.00125826,0.0020694,-0.0002625,1072.56
0,2230181,5,phononTS,0.000833719,0.000996319,0.000998175,0.0002625,489.028,0.000455217,1,0.000991524,0.000766042,-0.0002625,2685.99
0,2230181,2,phononTF,0.000514474,0.00345939,0.00275734,0.000262498,53.9741,0.000514474,1,0.0032997,0.00258153,-0.0002625,226.016
0,2260525,6,phononTS,0.000661177,0.00200368,2.88213e-06,0.000262498,1307.25,0.000661177,1,0.00201241,0.000473817,-0.0002625,1569.3
0,2272705,6,phononTF,0.00266878,0.00202903,0.00202646,9.17696e-05,1267.69,0.000382,1,0.00199548,0.00199622,0.0002625,3952.8
0,2305743,5,phononTF,0.00058524,0.00169768,0.00163564,-0.0002625,129.758,0.000382,1,0.000997292,0.00100289,0.0002625,1094.86
0,2305743,3,phononTS,0.00104614,0.00346428,0.00274691,0.000262498,4.4727,0.00072534,1,0.00343711,0.00295163,-0.0002625,213.626
0,2317929,8,phononTS,0.000685999,0.00106374,0.00104817,-0.0002625,1241.29,0.000382,1,0.00100325,0.00100458,0.0002625,2977.01
0,2339748,6,phononTS,0.000425488,-1.41256e-06,0.00199775,0.000262498,5782.79,0.000425488,1,0.000906818,0.00245669,-0.0002625,6197.72
0,2383383,6,phononTF,0.000756429,0.00200218,2.37304e-06,0.0002625,1863.36,0.000268444,1,0.00217815,0.000253206,-0.0002625,2242.18
0,2415807,5,phononTS,0.00337633,-0.00208152,-0.00182205,-0.000180786,1007.97,0.000389777,1,-0.00175834,-0.00232664,-0.0002625,4329.94
0,2441440,5,phononTS,0.000825228,0.00200301,0.00200279,0.000262498,909.079,0.000795702,1,0.00203468,0.00181476,-0.0002625,1108.35
0,2482885,7,phononTS,0.000535081,0.000891631,0.00169554,-0.0002625,3168.59,0.000382,1,0.000997154,0.000999576,0.0002625,4148.14
0,2487074,12,phononTF,0.00059664,-0.00111404,0.00327291,-0.0002625,4755.54,0.000382,1,-0.000999691,0.00299947,0.0002625,6112.73
0,2492294,11,phononTS,0.000607678,-0.000238681,0.005,-0.000227151,1330.11,0.000607678,1,-0.000235007,0.00496105,-0.0002625,2622.43
0,2496008,3,phononL,0.00265977,0.00142621,0.00138974,-0.0002625,3.50546,0.000382,1,0.000997951,0.0010049,0.0002625,2797.51
0,2497457,2,phononTF,0.00262481,-4.40656e-06,3.5797e-06,0.0002625,8.29984,0.00218667,1,0.000245757,0.000201844,-0.0002625,2234.04
0,2534309,7,phononL,0.000444234,0.0012446,0.00169799,-0.000262498,1241.04,0.000382,1,0.00100422,0.00100314,0.0002625,1409.76
0,2539535,4,phononTS,0.00165903,0.00322539,0.00187904,-0.0002625,8.83335,0.000764,1,0.00300277,0.000997613,0.0002625,744.942
0,2581061,6,phononTF,0.00041542,-0.000442975,-0.00152056,-0.0002625,615.161,0.000382,1,-0.000996341,-0.000995082,0.0002625,3066.52
0,2605805,7,phononL,0.000946925,0.00253856,-0.00164929,-0.0002625,2260.15,0.000382,1,0.00199679,-0.0020013,0.0002625,3007.51
0,2605805,10,phononTS,0.000544536,0.00199679,-0.0020013,0.000262498,3007.51,0.000544536,1,0.00207059,-0.00101283,-0.0002625,3413.24
0,2605805,4,phononTS,0.000447974,0.00340031,0.00282528,0.000262498,58.1602,0.000447974,1,0.00330422,0.00276657,-0.0002625,251.447
0,2616212,3,phononTF,0.00163756,0.00237366,0.00166007,-0.0002625,7.80683,0.000382,1,0.0019973,0.00199899,0.0002625,2408.56
0,2616212,4,phononTF,0.000763089,0.0019973,0.00199899,0.000262498,2408.56,0.000763089,1,0.00416727,-8.82141e-05,-0.0002625,3321.07
0,2622385,6,phononTS,0.000579286,0.00220559,0.00206852,-0.000262498,1073.53,0.000382,1,0.00199734,0.00199932,0.0002625,1273.48
0,2626973,6,phononTS,0.00045269,-0.0031259,-0.000254744,-0.0002625,1248.3,0.000382,1,-0.00299863,-0.000997237,0.0002625,6091.51
0,2626973,2,phononTS,0.000410753,0.0034489,0.00276473,0.000262498,4.88953,0.000410753,1,0.00353827,0.00284263,-0.0002625,158.949
0,2649781,3,phononTF,0.00198901,0.00161673,0.00237051,-0.0002625,34.6194,0.000382,1,0.00200214,0.00199696,0.0002625,3769.07
0,2649781,6,phononL,0.000461668,0.00200214,0.00199696,0.000262498,3769.07,0.000461668,1,0.00128395,0.00218547,-0.0002625,3937.8
0,2649781,5,phononTS,0.000923782,0.00200214,0.00199696,0.000262498,3769.07,0.000393683,1,0.0017608,0.00207978,-0.0002625,3975.68
0,2696692,3,phononTS,0.00167267,0.000971356,0.000951204,-0.0002625,3.65875,0.000764,1,0.00100014,0.00099624,0.0002625,2045.7
0,2697264,9,phononL,0.000476991,-0.00100405,0.00299674,0.000262498,4183.68,0.000476991,1,-0.000918362,0.00374088,-0.0002625,4351.78
0,2721719,5,phononTS,0.000643481,-1.14489e-05,0.00327687,-0.0002625,869.831,0.000382,1,-0.00200369,0.0019965,0.0002625,4389.11
0,2737619,4,phononL,0.00208329,-0.0021243,0.00143427,-0.0002625,525.987,0.001146,1,-0.00200316,0.00200174,0.0002625,1897.55
0,2756130,4,phononTS,0.000773042,0.00368261,-0.000227133,-0.000262498,2617.65,0.000382,1,0.00200219,-0.00199984,0.0002625,3519.59
0,2756130,2,phononL,0.00151588,0.00342859,0.00276163,0.000262498,67.854,0.000948448,1,0.00348533,0.0023274,-0.0002625,196.411
0,2760639,7,phononTS,0.000600232,0.00200447,-0.00200276,0.0002625,4807.73,6.80542e-05,1,0.00191498,-0.00206888,-0.0002625,5427.54
0,2775944,5,phononTS,0.000533771,0.000998308,-0.00299999,0.0002625,3429.76,0.000533771,1,0.00102565,-0.00331606,-0.0002625,3885.04
0,2778656,3,phononL,0.00250887,0.00209855,0.00205214,0.000114811,5.66476,0.000764,1,0.00199633,0.00200005,0.0002625,2267.75
0,2784588,4,phononTS,0.00107996,0.00106633,-0.000965896,-0.000262499,2739.3,0.000382,1,0.000998896,-0.000997157,0.0002625,2906.76
0,2784588,5,phononTS,0.000395851,0.000998896,-0.000997157,0.000262498,2906.76,0.000395851,1,0.0012058,-0.000444705,-0.0002625,3220.87
0,2784588,2,phononTS,0.000501218,0.00346263,0.00276669,0.000262498,3.46058,0.000501218,1,0.00346167,0.00279886,-0.0002625,163.047
0,2784589,3,phononTS,0.00332286,0.00300282,0.00276454,-0.00015061,295.532,0.00209607,1,0.00300355,0.00268715,-0.0002625,848.862
0,2818105,6,phononTS,0.000559871,-9.0169e-05,-0.00196311,-0.000262498,3909.14,0.000382,1,-2.24256e-07,-0.00200193,0.0002625,4066.68
0,2837415,9,phononTS,0.000408229,0.00107923,-0.0012217,-0.000262499,5526.05,0.000382,1,0.000997451,-0.00100131,0.0002625,5728.19
0,2842770,2,phononTF,0.000505062,-0.000130686,-0.000163179,-0.0002625,6.14613,0.000382,1,-1.18277e-06,2.49582e-06,0.0002625,2207.96
0,2852791,5,phononTS,0.00045657,0.000999424,0.00100265,0.000262498,4597.9,0.00045657,1,0.000693115,0.00105216,-0.0002625,4821.39
0,2852791,2,phononTS,0.00168338,0.00342479,0.00277146,0.000262498,41.4482,0.00104311,1,0.00350511,0.00269724,-0.0002625,196.02
0,2869328,5,phononTS,0.000413033,0.00299969,0.000997224,0.0002625,718.297,0.000413033,1,0.00340939,-0.000598162,-0.0002625,1978.09
0,2890648,9,phononTS,0.000730058,0.00300347,0.000998211,0.000262498,3491.26,0.000730058,1,0.00294963,3.80272e-05,-0.0002625,3912.4
0,2894368,7,phononTS,0.00101229,0.00214362,0.00205807,-0.0002625,694.751,0.000382,1,0.00200162,0.00199872,0.0002625,2025.44
0,2899879,7,phononTS,0.000968307,0.00100432,-0.00299501,0.000262498,4864.44,0.000650264,1,0.000910083,-0.00293608,-0.0002625,5043.47
0,2899879,2,phononL,0.000586344,0.00344434,0.00274432,0.000262498,18.261,0.000586344,1,0.00392137,0.00300085,-0.0002625,159.8
0,2911714,8,phononTS,0.000476864,0.000996673,0.00100411,0.000262498,2263.88,0.000476864,1,0.000761721,0.00116077,-0.0002625,2498.19
0,2924153,3,phononTF,0.000936433,0.000611629,0.00254623,-0.0002625,6.40222,0.000382,1,2.72287e-06,0.0019964,0.0002625,4583.28
0,2953217,8,phononTS,0.000539275,0.00300014,0.000995498,0.0002625,872.826,0.000539275,1,0.00129803,0.00176827,-0.0002625,4306.4
0,2953217,2,phononTF,0.000671432,0.00345378,0.00277797,0.000262498,5.79379,0.000510486,1,-0.00220107,0.00251353,-0.0002625,1802.23
0,2962279,7,phononTS,0.000575802,0.00200176,0.00199797,0.0002625,852.872,0.000575802,1,0.00190437,0.00109918,-0.0002625,1724.24
0,2995097,7,phononTF,0.000780652,0.0020041,0.00200126,0.000262498,1786.97,0.000767218,1,0.00281765,0.00116145,-0.0002625,2174.91
0,2999927,3,phononTS,0.000599972,0.00122555,0.00187319,-0.0002625,14.0251,0.000382,1,-0.00100137,0.00100138,0.0002625,1761.41
0,2999927,2,phononTS,0.00278487,0.00345246,0.002745,0.000262498,14.0251,0.000613601,1,0.00322712,0.0027556,-0.0002625,225.471
0,3013978,12,phononTF,0.000467183,0.005,0.00334397,7.17268e-05,1256.93,0.000382,1,-0.00199687,-7.09798e-07,0.0002625,3807.55
0,3053522,4,phononTS,0.00165676,-0.00201762,0.00168444,5.74924e-05,33.1144,0.000382,1,-3.78776e-06,3.90415e-06,0.0002625,3030.75
0,3069711,8,phononL,0.00170338,0.00199858,0.00200011,0.0002625,554.935,0.00096181,1,0.00150982,0.00150922,-0.0002625,1315.58
0,3084861,7,phononTS,0.000587643,0.00100401,0.000996536,0.000262498,2452.68,0.000587643,1,0.000951297,0.00142209,-0.0002625,2714.8
0,3084861,2,phononTS,0.00195819,0.00340048,0.00275005,0.000174019,118.512,0.00130993,1,0.00306586,0.00267031,-0.0002625,336.302
0,3115600,4,phononTS,0.0028247,0.00198829,0.0020601,-0.0002625,25.2511,0.000764,1,0.00199891,0.00200455,0.0002625,3335.34
0,3120202,5,phononTS,0.000557598,-4.81804e-05,0.00195372,-0.0002625,8035.31,0.000382,1,3.58726e-06,0.00200272,0.0002625,9766.29
0,3121417,6,phononTF,0.000614572,0.00233585,0.00163803,-0.0002625,1179,0.000382,1,0.00299979,0.00100307,0.0002625,1879.96
0,3145589,4,phononTS,0.000504822,0.00219766,0.00206239,-0.0002625,282.222,0.000382,1,0.00199695,0.00199697,0.0002625,1277.31
0,3145589,2,phononL,0.00162487,0.00349169,0.00275481,0.000262498,32.3169,0.00144918,1,0.00257085,0.00233034,-0.0002625,251.98
0,3174991,6,phononTF,0.000521288,0.00213324,0.00184171,-0.0002625,242.474,0.000382,1,0.0019981,0.00199623,0.0002625,1214.43
0,3189282,7,phononTS,0.000930032,0.00444271,0.00141983,-0.0002625,305.695,0.000382,1,0.00300295,0.000995326,0.0002625,1797.37
0,3200023,3,phononTF,0.000419887,-0.000986522,-0.005,1.294e-05,957.499,0.000382,1,0.00100231,-0.00300192,0.0002625,5962.27
0,3237516,2,phononTF,0.00344435,0.00338863,0.00279084,0.000222566,75.1676,0.000764,1,0.00299869,0.00100249,0.0002625,621.714
0,3247805,3,phononTF,0.00298572,-0.00178555,0.00217197,-0.0002625,63.5599,0.000382,1,-0.00199747,0.0020041,0.0002625,4191.69
0,3292468,3,phononTS,0.00437101,0.00297179,0.000929148,0.000194041,109.769,0.001146,1,0.00299946,0.0010035,0.0002625,873.634
0,3292468,6,phononTF,0.000810685,0.00299946,0.0010035,0.000262498,873.634,0.000810685,1,0.00276516,0.000757625,-0.0002625,1064.05
0,3292468,5,phononTS,0.000545191,0.00299946,0.0010035,0.000262498,873.634,0.000545191,1,0.00292339,0.00107145,-0.0002625,1048.28
0,3292468,4,phononTF,0.000986939,0.00299946,0.0010035,0.000262498,873.634,0.000708107,1,0.00247678,0.000539199,-0.0002625,1133.94
0,3306259,4,phononTS,0.000953435,-0.000373859,0.0012203,-0.0002625,475.69,0.000382,1,-0.00100289,0.000999637,0.0002625,2823.31
0,3306259,7,phononTF,0.000553404,-0.00100289,0.000999637,0.000262498,2823.31,0.000553404,1,-0.00128576,0.00131741,-0.0002625,3025.85
0,3331829,5,phononTF,0.000868547,-0.000379603,0.000397172,-0.0002625,3971.31,0.000382,1,3.70591e-06,-2.9979e-06,0.0002625,5125.46
0,3375515,4,phononTF,0.000553967,-0.00032894,0.00146177,-0.0002625,1465.23,0.000382,1,-0.000997765,0.000996524,0.0002625,3015.4
0,3406896,5,phononTS,0.000532652,0.00193541,-0.00193432,-0.000262498,2654.02,0.000382,1,0.00199783,-0.00199618,0.0002625,2827.46
0,3409364,2,phononL,0.000865104,0.00162003,-6.36381e-05,-0.0002625,33.1449,0.000764,1,0.000995961,-0.000997308,0.0002625,1010.93
0,3425740,8,phononTF,0.00230657,-0.005,0.00420351,-6.16274e-05,523.613,0.000617124,1,-0.00490566,0.00431246,-0.0002625,5277.49
0,3425740,10,phononL,0.000839853,-0.00477647,0.005,-0.000181374,5277.49,0.000839853,1,-0.00468912,0.00497578,-0.0002625,5465.81
0,3445617,5,phononTF,0.0004345,0.000764209,-0.00121981,-0.000262498,3613.08,0.000382,1,4.58223e-08,-0.00199939,0.0002625,3974.9
0,3445719,7,phononTF,0.000576644,0.000999012,0.000996149,0.000262498,3094.41,0.000576644,1,0.00130568,0.000681857,-0.0002625,3303.19
0,3471824,6,phononTF,0.000506958,0.00300196,0.00100099,0.0002625,1107.88,0.000506958,1,0.00269103,0.000964422,-0.0002625,3166.56
0,3488104,2,phononTS,0.00189676,0.00162441,0.00143784,-0.0002625,314.783,0.001146,1,0.00100446,0.000997139,0.0002625,1796.08
0,3540689,6,phononTS,0.000762737,0.00300123,0.00100206,0.000262498,1667.97,0.000762737,1,0.0030652,0.00106611,-0.0002625,1823.28
0,3550781,7,phononTS,0.000416951,0.00305591,0.00266991,-0.000262498,245.879,0.000382,1,0.00100485,0.000997568,0.0002625,1156.3
0,3584601,6,phononTF,0.00238958,0.00241808,0.005,0.000157024,367.744,0.001528,1,-0.000995526,0.00299941,0.0002625,5938.98
0,3626818,4,phononTS,0.000629095,0.0010735,0.000627147,-0.0002625,1726.54,0.000382,1,1.95322e-06,2.45533e-06,0.0002625,5099.49
0,3627148,8,phononTS,0.00220013,1.99113e-06,1.45296e-05,0.000232461,355.473,0.000382,1,-2.74177e-06,1.58256e-06,0.0002625,4353.51
0,3627148,10,phononTS,0.000753234,-2.74177e-06,1.58256e-06,0.000262498,4353.51,0.00034869,1,1.59248e-05,2.5076e-05,-0.0002625,4520.49
0,3627562,7,phononTS,0.000586228,0.00100415,-0.00100091,0.000262498,5021.2,0.000586228,1,0.00256928,-0.00020911,-0.0002625,5696.03
0,3627562,2,phononL,0.00459821,0.00382314,0.00341593,-0.000246475,417.581,0.00351097,1,0.00382654,0.00343967,-0.0002625,871.33
0,3742038,4,phononTF,0.000735105,0.00199658,0.00199848,0.0002625,539.997,0.000571206,1,0.000958364,0.00099852,-0.0002625,1466.42
0,3793739,5,phononL,0.000613845,0.000842315,0.000971854,-0.000262498,1720.66,0.000382,1,0.000999311,0.000996119,0.0002625,1832.61
0,3822902,4,phononTS,0.0010843,-0.000911445,0.00136942,-0.0002625,0.836183,0.000382,1,-0.000998792,0.000997593,0.0002625,3001.59
0,3822902,3,phononTS,0.00125564,0.00345483,0.002758,0.000262498,0.836183,0.000655689,1,0.00344556,0.00284253,-0.0002625,164.589
0,3839754,4,phononTS,0.00131519,0.00307708,0.00128931,-0.0002625,13.3139,0.000382,1,0.00300023,0.000996817,0.0002625,1323.66
0,3839754,6,phononTF,0.000459918,0.00300023,0.000996817,0.000262498,1323.66,0.000459918,1,0.0035045,0.00198938,-0.0002625,1727.42
0,3839754,3,phononTS,0.000921982,0.00346136,0.00275177,0.000262498,13.3139,0.000575334,1,0.00354854,0.0026982,-0.0002625,169.445
0,3856134,10,phononTS,0.000485107,0.00116646,0.00162354,-0.0002625,231.173,0.000382,1,0.00100296,0.00100268,0.0002625,4530.04
0,3858604,4,phononTS,0.000769474,0.00458081,0.00104842,-0.000262498,1944.09,0.000382,1,0.00200085,-1.37648e-06,0.0002625,2945.3
0,3880413,5,phononTS,0.000657669,0.00292201,0.00191256,-0.000262498,1290.88,0.000382,1,0.00200082,0.00200159,0.0002625,1697.67
0,3880413,2,phononTS,0.00241671,0.005,0.00391241,-0.000146523,22.6827,0.00103887,1,0.00497631,0.00390213,-0.0002625,697.273
0,3924783,10,phononTF,0.00200778,0.000878105,0.000944889,-0.0002625,391.897,0.000382,1,0.00100441,0.000998961,0.0002625,2496.32
0,3924783,14,phononTS,0.000610497,0.00100441,0.000998961,0.000262498,2496.32,0.000610497,1,0.000931593,0.00101161,-0.0002625,2651.79
0,3924783,13,phononTF,0.000858953,0.00100441,0.000998961,0.000262498,2496.32,0.000628523,1,0.00117489,0.000799364,-0.0002625,2675.43
0,3936400,7,phononTF,0.000787568,0.00323598,0.000726802,-0.000262498,2240.43,0.000382,1,0.00299984,0.000997541,0.0002625,2430.76
0,3989637,6,phononTS,0.000437832,-0.00229049,-0.005,-0.000117529,3376.42,0.000437832,1,-0.005,-0.00312793,-0.000146629,5852.14
0,4023393,9,phononTS,0.000716646,0.00102117,-0.000924745,-0.0002625,4937.38,0.000382,1,0.000996318,-0.00100187,0.0002625,5436.1
0,4023393,2,phononTS,0.00206715,0.00342435,0.00281518,0.000111097,640.083,0.000501049,1,0.00444734,0.00254298,-0.0002625,1053
0,4030894,5,phononTS,0.00169144,0.0032432,0.00185326,-0.0002625,38.4714,0.000382,1,0.00299571,0.000998649,0.0002625,835.519
0,4035626,10,phononTF,0.000389676,-0.00308359,-0.00315846,-0.000262499,3488,0.000382,1,2.79931e-06,-1.95096e-06,0.0002625,4815.86
0,4043297,5,phononTF,0.000413109,0.00299836,0.000998182,0.0002625,1748.34,0.000413109,1,0.00369025,0.00173414,-0.0002625,3525.96
0,4049216,6,phononL,0.000477068,0.00253035,-0.000363888,-0.0002625,382.029,0.000382,1,0.0020011,-0.00199609,0.0002625,1425.58
0,4052125,9,phononTS,0.000919005,-0.00199813,0.00200407,0.000262499,5624.22,0.000560618,1,-0.00193945,0.00205879,-0.0002625,5782.54
0,4090440,3,phononTF,0.00117146,0.00286984,0.00115187,-0.0002625,306.44,0.000382,1,0.00300448,0.000996549,0.0002625,1739.87
0,4096264,7,phononL,0.00292746,-0.00012215,-0.00171851,-0.000180023,1020.64,0.000382,1,-3.49817e-07,-0.00199886,0.0002625,2711.64
0,4118226,5,phononTS,0.000452714,0.00200484,-4.20963e-06,0.000262498,1715.36,0.000452714,1,0.00195179,3.78114e-05,-0.0002625,1886.36
0,4131403,5,phononTS,0.000527093,0.00220882,0.00204206,-0.0002625,8540.44,0.000382,1,0.00199549,0.00200261,0.0002625,9548.37
0,4131403,2,phononTS,0.00388565,0.00352744,0.00277591,0.000186348,68.0157,0.00347641,1,0.00356027,0.0027017,-0.0002625,221.583
0,4156895,7,phononTS,0.000630821,0.00318214,0.001515,-0.0002625,183.302,0.000382,1,0.00300271,0.00100153,0.0002625,1084.57
0,4158868,6,phononTS,0.000933929,0.00200026,0.00199736,0.000262498,1056.99,0.000360046,1,0.00218514,0.00191607,-0.0002625,1251.72
0,4160533,7,phononTS,0.000522428,0.00299675,0.00100005,0.0002625,2724.02,0.000522428,1,0.00296448,0.000973701,-0.0002625,3060.52
0,4215504,8,phononTS,0.000601995,0.00305636,0.00100073,-0.0002625,848.479,0.000382,1,0.00300078,0.000997951,0.0002625,1628.75
0,4219669,5,phononTF,0.0025789,0.000994119,-0.00100918,0.000261865,296.553,0.000764,1,0.000996059,-0.000997865,0.0002625,4121.71
0,4244196,5,phononTS,0.000465489,0.00231729,0.00224818,-0.000262498,518.515,0.000382,1,0.00199731,0.00200249,0.0002625,785.748
0,4274887,8,phononTF,0.00157255,0.00222314,0.00227472,-0.000262498,1695.15,0.000382,1,0.00200175,0.00200027,0.0002625,1883.08
0,4274887,9,phononTF,0.000738564,0.00200175,0.00200027,0.000262498,1883.08,0.000738564,1,0.00159128,0.00118338,-0.0002625,2232.85
0,4297700,2,phononTF,0.00230093,0.00352123,0.0015112,-0.000175129,84.4064,0.00102914,1,0.00355617,0.00154001,-0.0002625,2789.9
0,4306437,6,phononTF,0.000451214,-4.4445e-06,0.00200233,0.000262498,2598.8,0.000451214,1,-0.0025537,0.00346568,-0.0002625,3524.97
0,4349002,9,phononTS,0.000693184,0.00113625,0.00239488,-0.0002625,1449.33,0.000382,1,0.00200294,0.0019992,0.0002625,2639.57
0,4362604,2,phononTS,0.000443094,0.00137246,0.00124073,-0.0002625,12.0803,0.000382,1,0.00100041,0.000999747,0.0002625,2144.73
0,4393475,9,phononTS,0.000835903,0.000999323,-0.00300002,0.0002625,1448.87,0.000835903,1,0.00103275,-0.00293449,-0.0002625,6349.22
0,4400147,5,phononTF,0.000497228,0.00226638,0.0021288,-0.0002625,521.257,0.000382,1,0.00199566,0.00199831,0.0002625,1907.62
0,4416258,6,phononTF,0.000779677,0.00199537,0.00199534,0.000262498,1692.62,0.000208733,1,0.0022079,0.00206501,-0.0002625,1872.09
0,4419698,5,phononTF,0.00280309,0.00367823,0.00161448,-0.000233891,384.959,0.000764,1,0.00299667,0.00100417,0.0002625,1292.04
0,4432828,3,phononL,0.00170325,0.00204101,-0.00112162,-0.0002625,40.2253,0.000382,1,0.00199912,-0.00199918,0.0002625,1453.63
0,4432828,5,phononTF,0.000501544,0.00199912,-0.00199918,0.000262499,1453.63,0.000501544,1,0.00225549,-0.00226444,-0.0002625,1647.64
0,4468657,7,phononTS,0.000901308,0.0029999,0.000996058,0.000262498,1002.53,0.000901308,1,0.00301503,0.0014052,-0.0002625,1249.23
0,4468657,5,phononTS,0.00118096,0.0032042,0.00261207,0.000262498,303.259,0.000671382,1,0.0029107,0.00256215,-0.0002625,523.773
0,4471059,7,phononTS,0.000706323,0.00381065,0.000967362,-0.0002625,211.567,0.000382,1,0.00299628,0.00100173,0.0002625,2009.77
0,4534739,7,phononTS,0.000495044,0.00453541,0.005,-3.52986e-05,1028.57,0.000382,1,0.000998959,0.000998031,0.0002625,4015.73
0,4535553,3,phononL,0.00167642,0.00321954,0.00187134,-0.0002625,10.7204,0.000382,1,0.00299643,0.000995718,0.0002625,400.976
0,4535553,5,phononL,0.00089108,0.00299643,0.000995718,0.000262498,400.976,0.000401229,1,0.00233033,0.000741902,-0.0002625,566.566
0,4553467,3,phononTS,0.002198,0.00201591,-1.60188e-05,0.00011065,3.27076,0.000382,1,0.0019971,2.85522e-06,0.0002625,4738.43
0,4553467,4,phononTS,0.00148433,0.0019971,2.85522e-06,0.000262498,4738.43,0.00129632,1,0.00209826,5.2368e-05,-0.0002625,4919.49
0,4553467,2,phononTS,0.00122097,0.00345521,0.00275631,0.000262498,3.27076,0.00105969,1,0.00347816,0.00300324,-0.0002625,220.729
0,4580077,3,phononTS,0.00108392,0.00489146,0.00276396,-0.0002625,50.5302,0.000382,1,0.00300058,0.000998072,0.0002625,1759.21
0,4580077,2,phononTS,0.000572109,0.0034233,0.00276172,0.000262498,50.5302,0.000572109,1,0.00377045,0.00283383,-0.0002625,281.601
0,4582326,3,phononTF,0.00199301,-0.000786271,-0.000366946,0.000168792,22.3963,0.000764,1,-0.000996268,-0.000999988,0.0002625,3260.53
0,4583517,8,phononTF,0.000390818,0.0028823,0.00113449,-0.0002625,5687.36,0.000382,1,0.00300212,0.0010024,0.0002625,7150.12
0,4590791,8,phononTF,0.000952293,0.000554991,0.000629599,-0.0002625,6159.09,0.000382,1,0.000996243,0.000995728,0.0002625,9028.2
0,4590791,9,phononTS,0.000428406,0.000996243,0.000995728,0.000262498,9028.2,0.000428406,1,0.000932624,0.00109021,-0.0002625,9206.9
0,4605945,7,phononL,0.000395237,-0.00100173,0.00100093,0.0002625,3658.83,0.000395237,1,-0.0017607,0.0010403,-0.0002625,4563.98
0,4613918,2,phononTF,0.00297842,0.00217907,0.000158199,-7.65819e-05,164.303,0.000382,1,0.00199641,7.93077e-07,0.0002625,1631.06
0,4619113,8,phononTS,0.000523566,-0.00194051,5.97983e-05,-0.000262498,4850.1,0.000382,1,-0.00200494,4.10258e-06,0.0002625,5021.45
0,4648929,4,phononTS,0.00046936,-2.18013e-06,0.00200158,0.0002625,3462.02,0.00046936,1,0.000162183,0.00192683,-0.0002625,4812.7
0,4648929,2,phononTS,0.00108779,0.00344179,0.00279499,0.000262498,84.9246,0.000993559,1,0.00340933,0.00309454,-0.0002625,305.563
0,4694235,5,phononTS,0.000696958,0.00199954,0.00200041,0.000262498,527.157,0.000437919,1,0.00207318,0.0019297,-0.0002625,681.955
0,4694235,2,phononTF,0.00162296,0.0034284,0.00273891,0.000262498,22.39,0.000815851,1,0.0035635,0.00259055,-0.0002625,190.224
0,4698036,5,phononTF,0.000900214,0.00199524,0.00200455,0.000262498,775.235,0.000449059,1,0.00170483,0.00218478,-0.0002625,973.662
0,4769578,2,phononL,0.00277056,0.00277563,0.00148831,-0.0002625,17.9554,0.001146,1,0.00300188,0.00100287,0.0002625,674.362
0,4793381,7,phononTF,0.000613695,-0.00159338,-0.000369894,-0.0002625,9339.1,0.000382,1,-0.00200294,-8.66895e-07,0.0002625,10473.8
0,4795455,3,phononTS,0.00267438,0.00103335,-0.0030326,0.000207512,8.11143,0.000382,1,0.000999338,-0.00300286,0.0002625,2535.95
0,4795455,6,phononTS,0.000461279,0.000999338,-0.00300286,0.000262498,2535.95,0.000461279,1,0.000943784,-0.00307291,-0.0002625,2707.64
0,4795455,5,phononTS,0.000957816,0.000999338,-0.00300286,0.000262498,2535.95,0.000462103,1,0.000910155,-0.00292867,-0.0002625,2690.28
0,4795455,2,phononTS,0.00211774,0.00344693,0.00274095,0.000262498,8.11143,0.00127725,1,0.00444054,0.00309349,-0.0002625,448.958
0,4799853,9,phononL,0.00052864,0.00200215,4.10511e-06,0.0002625,1124.6,0.00052864,1,0.00177132,-0.000344971,-0.0002625,1507.34
0,4835972,6,phononTF,0.000387187,0.00136021,0.00343382,-0.0002625,2016.66,0.000382,1,-2.28561e-06,0.0019984,0.0002625,4061.52
0,4847701,7,phononTS,0.00048466,0.00286904,0.0017666,-0.0002625,931.89,0.000382,1,0.00300168,0.000999124,0.0002625,1791.26
0,4847701,5,phononTS,0.00119652,0.00320223,0.00259887,0.000262498,689.445,0.00054332,1,0.00321253,0.0026689,-0.0002625,844.962
0,4852804,2,phononTS,0.00145398,0.000475966,0.00208336,-0.0002625,141.093,0.000382,1,-3.10916e-06,0.00200053,0.0002625,2544.52
0,4863367,3,phononTS,0.00304715,0.00293119,0.000944026,-0.000143438,15.5184,0.000382,1,0.00300133,0.00100117,0.0002625,867.7
0,4863367,6,phononTF,0.000485245,0.00300133,0.00100117,0.000262498,867.7,0.000485245,1,0.0032048,0.00124587,-0.0002625,1050.47
0,4863367,5,phononTS,0.000639475,-0.00447961,0.00466865,-1.81419e-05,867.7,0.000357219,1,-0.00175558,0.0020129,-0.0002625,4720.63
0,4868528,5,phononTS,0.000939873,0.0012659,8.76576e-05,-0.000262498,3089.07,0.000382,1,0.0019952,0.00199871,0.0002625,3848.86
0,4868528,6,phononTS,0.00053099,0.0019952,0.00199871,0.000262498,3848.86,0.00053099,1,0.00195574,0.00207694,-0.0002625,4007.1
0,4874420,7,phononTS,0.00150297,0.00208049,0.000872539,-0.0002625,1296.71,0.000382,1,0.00200343,-5.51985e-07,0.0002625,2720.28
0,4874420,8,phononTF,0.00109746,0.00200343,-5.51985e-07,0.000262498,2720.28,0.000425179,1,0.00196453,-3.17706e-05,-0.0002625,2877.8
0,4875015,6,phononTS,0.000810076,-0.00100362,0.0010041,0.0002625,5763.21,7.59162e-05,1,-0.00203447,0.000909146,-0.0002625,6620.61
0,4880751,10,phononTS,0.000588885,0.00200011,-0.00200216,0.000262498,6442.68,0.000588885,1,0.00170028,-0.00196115,-0.0002625,6665.37
0,4896364,7,phononTS,0.000465825,0.00279586,0.00184839,-0.0002625,1811.07,0.000382,1,0.0029971,0.00100437,0.0002625,3495.55
0,4973350,8,phononTS,0.00058906,0.00363019,0.00101636,-0.0002625,3439.87,0.000382,1,0.00200207,-2.86555e-06,0.0002625,5557.3
0,5056852,7,phononTS,0.000655059,-0.000930366,0.00129816,-0.000262498,4405.75,0.000382,1,-0.000995676,0.00100292,0.0002625,4625.52
0,5083285,5,phononTS,0.000458869,0.00237478,0.00107401,-0.0002625,752.664,0.000382,1,0.00300126,0.000999844,0.0002625,3492.1
0,5110895,6,phononTS,0.000553001,0.00386883,0.000569966,-0.0002625,279.113,0.000382,1,0.00299857,0.000998997,0.0002625,2189.79
0,5126716,3,phononTS,0.00238284,0.00100131,0.00100237,0.0002625,46.5659,0.00212855,1,0.0010907,0.00103139,-0.0002625,1514.61
0,5126716,2,phononTS,0.00159313,0.00344655,0.00275464,0.000262498,46.5659,0.000657856,1,0.00403663,0.00379625,-0.0002625,516.441
0,5138346,3,phononTS,0.00100486,0.00124303,0.00187693,-0.0002625,113.756,0.000764,1,-0.000995838,0.00100414,0.0002625,1868.43
0,5138346,2,phononTS,0.000415504,0.00348188,0.00274972,0.000262498,113.756,0.000415504,1,0.00325602,0.00265668,-0.0002625,336.186
0,5147770,6,phononTF,0.000386893,3.27233e-06,-0.00200174,0.000262498,9541.49,0.000386893,1,-0.000438757,-0.00154674,-0.0002625,9790.76
0,5147770,3,phononTF,0.00110075,0.00344341,0.00273947,0.000262498,11.6744,0.00110075,1,0.00382531,0.00319346,-0.0002625,259.076
0,5147770,2,phononTS,0.000500607,0.00344341,0.00273947,0.000262498,11.6744,0.000500607,1,0.00351964,0.00276117,-0.0002625,166.853
0,5162042,7,phononTS,0.00039401,0.00295676,0.00105934,-0.000262498,1499.03,0.000382,1,0.00300207,0.00100118,0.0002625,1656.68
0,5178408,4,phononTF,0.00304102,0.00258945,0.00330702,0.000128101,66.4037,0.000382,1,0.00099988,0.000998295,0.0002625,5801.97
0,5178408,5,phononTS,0.00235606,0.00099988,0.000998295,0.000262498,5801.97,0.00235606,1,0.00117386,0.00115564,-0.0002625,6024.82
0,5182704,4,phononTS,0.00198538,0.000652195,0.00212772,-0.0002625,107.84,0.000382,1,-3.34358e-06,0.00200362,0.0002625,1822.88
0,5182704,5,phononTS,0.00146899,-3.34358e-06,0.00200362,0.000262498,1822.88,0.000679606,1,-8.51263e-05,0.00192682,-0.0002625,1977.26
0,5198900,5,phononTS,0.00144563,1.32913e-06,-1.96968e-06,0.0002625,1922.51,0.000668255,1,4.94037e-05,-0.000210995,-0.0002625,2326.75
0,5266624,4,phononTF,0.00269125,0.00111337,-0.000560599,-0.0002625,413.242,0.00191,1,7.40076e-07,-1.83359e-06,0.0002625,4868.68
0,5266624,2,phononTF,0.0040134,0.0026172,0.00167919,-0.000183221,31.6701,0.00362238,1,0.00278416,0.00144155,-0.0002625,686.827
0,5296709,7,phononTS,0.000450384,0.00302308,0.00161111,-0.0002625,1064.11,0.000382,1,0.00300017,0.00100411,0.0002625,1955.29
0,5301132,10,phononTS,0.000568044,0.00199676,0.00195367,-0.000262498,6594.36,0.000382,1,0.00200065,0.00200405,0.0002625,6771.9
0,5315343,3,phononL,0.00274974,0.00299733,0.00101697,0.000246047,2.1663,0.000382,1,0.00299656,0.000995422,0.0002625,1710.47
0,5315343,5,phononTS,0.000712162,0.00299656,0.000995422,0.000262498,1710.47,0.000712162,1,0.00419856,0.000990643,-0.0002625,2224.05
0,5315343,4,phononTS,0.0014111,0.00299656,0.000995422,0.000262498,1710.47,0.000414434,1,0.00294275,0.000910529,-0.0002625,1880.9
0,5318495,8,phononTS,0.00044717,0.00199591,-4.79471e-06,0.0002625,1017.04,0.00044717,1,0.00198448,8.29953e-05,-0.0002625,1942.64
0,5335946,4,phononTS,0.00157311,-0.00262052,-0.00206042,-0.0002625,1132.77,0.000382,1,-0.00200277,-0.00200294,0.0002625,6227.24
0,5335946,5,phononL,0.000795147,-0.00155673,-0.005,-0.00017193,6227.24,0.000529894,1,-0.00153949,-0.00490134,-0.0002625,6839.52
0,5356175,8,phononTF,0.000584128,0.00142179,-0.00120584,-0.000262498,3326.59,0.000382,1,0.00199736,-0.00200241,0.0002625,3679.06
0,5363187,2,phononTS,0.00254209,3.86338e-06,0.00199796,0.000159709,206.216,0.000382,1,-4.68135e-06,0.00199683,0.0002625,7227.39
0,5363187,11,phononTS,0.0006922,-4.68135e-06,0.00199683,0.000262498,7227.39,0.000247035,1,-0.000338325,0.0020329,-0.0002625,7465.72
0,5383905,4,phononTS,0.000675169,0.0019864,0.00206473,-0.0002625,570.947,0.000382,1,0.00199772,0.00200153,0.0002625,1055.67
0,5383905,2,phononTF,0.000540921,0.00346261,0.00275546,0.000262498,17.2885,0.000540921,1,0.00376285,0.00248669,-0.0002625,214.668
0,5389329,6,phononTS,0.000611039,-0.00202894,0.00191772,-0.0002625,793.195,0.000382,1,-0.00199665,0.00199515,0.0002625,13623.1
0,5399469,7,phononTS,0.000400346,0.0012647,0.000808204,-0.000262498,3739.7,0.000382,1,0.000995239,0.00100286,0.0002625,3987.46
0,5416281,8,phononTS,0.000604856,0.00199963,0.00199762,0.000262499,2804.12,0.000604856,1,0.00196768,0.00195364,-0.0002625,2972.13
0,5422631,2,phononTS,0.00459922,0.00294533,0.00102004,-0.000241488,3.71003,0.000764,1,0.00299567,0.000999582,0.0002625,1188.55
0,5423074,2,phononTS,0.000684347,0.0031786,0.00170235,-0.0002625,48.3823,0.000382,1,0.00300475,0.00100369,0.0002625,2211.81
0,5446709,4,phononL,0.00150442,0.00112705,0.00178376,-0.0002625,26.2642,0.000382,1,0.00100052,0.0010041,0.0002625,970.841
0,5448057,3,phononTS,0.00202663,0.00322721,0.00188132,-0.0002625,4.17627,0.000382,1,0.00300325,0.000999416,0.0002625,794.076
0,5455222,7,phononTS,0.000593099,0.005,0.00167605,-4.21075e-05,228.454,0.000382,1,-3.29345e-06,-0.00199771,0.0002625,2678.2
0,5465582,4,phononTS,0.00115388,0.0027446,0.00237422,-0.0002625,48.6194,0.000382,1,0.00200318,0.00200412,0.0002625,823.174
0,5465582,5,phononTF,0.000408479,0.00200318,0.00200412,0.000262498,823.174,0.000408479,1,0.00220497,0.00223769,-0.0002625,1004.74
0,5465582,3,phononTS,0.00190233,0.00348602,0.00274431,0.000262498,48.6194,0.00102575,1,0.00321257,0.00268602,-0.0002625,263.942
0,5472784,4,phononTF,0.00216314,0.00423954,0.00217254,-0.0002625,7.02157,0.000764,1,0.00299561,0.00100492,0.0002625,1647.64
0,5472784,5,phononTS,0.00057137,0.00299561,0.00100492,0.000262498,1647.64,0.00057137,1,0.00297035,0.000990965,-0.0002625,1820.28
0,5475988,2,phononTF,0.00163604,0.00087774,0.00108404,-0.000100143,99.4557,0.000764,1,0.000996033,0.00100203,0.0002625,2674.05
0,5522141,13,phononTS,0.000494413,-0.005,-0.00300157,-0.000195504,2609.04,0.000382,1,-0.0029986,-0.00100012,0.0002625,12975
0,5531222,5,phononTF,0.000901903,0.00189199,0.00213445,-0.0002625,163.236,0.000382,1,0.00200355,0.00199925,0.0002625,1261.36
0,5554197,4,phononTS,0.000572049,0.00049139,0.005,-0.000102075,852.157,0.000382,1,-0.000996675,0.00299938,0.0002625,4458.73
0,5554197,2,phononTS,0.00106856,0.0034831,0.00282905,0.000262498,49.4654,0.00106856,1,0.00352034,0.00321995,-0.0002625,291.577
0,5557479,5,phononTS,0.000713032,0.00245638,0.00288339,-0.0002625,1064.96,0.000382,1,0.00200366,0.00199865,0.0002625,1648.73
0,5631497,4,phononTF,0.000403517,0.000806666,-0.00287249,-0.0002625,288.684,0.000382,1,0.000996049,-0.00300126,0.0002625,3259.5
0,5631497,2,phononL,0.000854389,0.00351453,0.00271309,0.000262498,73.137,0.000854389,1,0.0015752,0.00290953,-0.0002625,452.682
0,5655182,11,phononL,0.000382356,0.00160125,0.00144915,-0.0002625,602.627,0.000382,1,0.00099544,0.00100203,0.0002625,1481.43
0,5677084,3,phononTS,0.00113808,0.0027347,0.00136114,-0.0002625,43.3829,0.000382,1,0.00199982,-3.32962e-06,0.0002625,1219.87
0,5713177,6,phononTF,0.000449275,0.00199919,-3.92556e-06,0.000262498,10898.7,0.000449275,1,0.00183393,0.000154459,-0.0002625,11070.9
0,5719174,7,phononTF,0.000690908,0.00241774,0.00154635,-0.000262498,676.143,0.000382,1,0.00300187,0.00100067,0.0002625,961.494
0,5734644,8,phononTF,0.000531949,0.00199627,0.00200396,0.000262498,2535.81,0.000531949,1,0.00175131,0.00180639,-0.0002625,2717.87
0,5761584,6,phononTS,0.00038344,0.00188165,0.00122865,-0.0002625,2344.53,0.000382,1,0.00200247,0.00199838,0.0002625,4054.02
0,5764190,4,phononTS,0.000830102,0.00202763,0.00208649,-0.0002625,1396.25,0.000382,1,0.0020031,0.001997,0.0002625,1873.84
0,5788576,7,phononTS,0.00115102,0.00199928,0.00200182,0.000262498,3906.96,0.00115102,1,0.00224512,0.00280204,-0.0002625,4271.63
0,5788576,3,phononTF,0.000507025,0.00346669,0.00279048,0.000262498,20.7641,0.000507025,1,0.00315526,0.00240903,-0.0002625,234.171
0,5842750,6,phononTS,0.000461598,0.000995475,0.00100414,0.000262498,2250.96,0.000461598,1,0.00093894,0.00105553,-0.0002625,2409.79
0,5842750,3,phononTS,0.00157311,0.00345493,0.0027615,0.000262498,8.0684,0.00113992,1,0.00268573,0.00493403,-0.0002625,852.423
0,5849838,4,phononTF,0.000541199,0.00214511,0.00214374,-0.0002625,477.049,0.000382,1,0.00200354,0.00200246,0.0002625,984.019
0,5884058,5,phononTS,0.00056651,0.00378707,0.00195425,-0.000262498,687.629,0.000382,1,0.0030049,0.00100108,0.0002625,1204.05
0,5911015,6,phononTS,0.00203875,0.00280714,0.00232055,-0.0002625,246.741,0.000382,1,0.00199616,0.00199563,0.0002625,993.354
0,5932250,6,phononL,0.000696778,-0.000882891,0.00190143,-0.0002625,3936.93,0.000382,1,-0.00100171,0.00300023,0.0002625,6302.24
0,5948984,7,phononL,0.000411121,0.00223257,0.00252558,-0.0002625,844.698,0.000382,1,0.00200283,0.00200206,0.0002625,1279.93
0,5973226,4,phononTS,0.000382972,0.00106724,-0.000968534,-0.0002625,402.739,0.000382,1,0.000995343,-0.00100442,0.0002625,9551.54
0,5989736,10,phononTF,0.000429877,0.00162733,0.000258851,-0.0002625,3140.19,0.000382,1,0.000997384,0.000999561,0.0002625,5796.77
0,5991894,7,phononTF,0.00070007,0.00129538,0.00135789,-0.0002625,646.651,0.000382,1,0.000999882,0.000996249,0.0002625,2473.63
0,6034567,5,phononTS,0.000933412,0.00192979,0.00207514,-0.0002625,1918.32,0.000764,1,0.00200235,0.00199784,0.0002625,2130.98
0,6055932,3,phononTS,0.00244363,0.00247067,0.00331043,-0.0002625,3.38429,0.001528,1,3.61615e-06,0.00199684,0.0002625,1485.89
0,6055932,2,phononTS,0.00106289,0.00346048,0.00275847,0.000262498,3.38429,0.00106289,1,0.00355059,0.00279091,-0.0002625,161.632
0,6065215,7,phononTS,0.000596704,0.00135266,0.00375133,-0.0002625,233.942,0.000382,1,0.00200496,0.00199838,0.0002625,2552.77
0,6082888,6,phononTS,0.000623215,0.000919483,0.00152726,-0.000262498,1199.81,0.000382,1,0.00100335,0.000998822,0.0002625,1464.27
0,6091171,6,phononTF,0.000484173,0.00200297,2.72286e-06,0.000262498,9009.79,0.000484173,1,0.00194667,6.0782e-05,-0.0002625,9168.48
0,6120423,3,phononTF,0.00109883,0.005,0.00103617,-0.000101757,4.38325,0.000382,1,0.00200111,-0.00200436,0.0002625,1987.99
0,6120423,5,phononTS,0.000535564,0.00200111,-0.00200436,0.000262498,1987.99,0.000535564,1,0.0020617,-0.00232687,-0.0002625,2226.77
0,6120423,2,phononTF,0.00306119,0.0034516,0.00274855,0.000262498,4.38325,0.00166528,1,0.00367897,0.00256852,-0.0002625,182.677
0,6133048,8,phononTS,0.000609829,0.00200375,1.57323e-06,0.000262498,4790.25,9.32321e-05,1,0.00196139,2.47636e-05,-0.0002625,4956.96
0,6138553,6,phononTS,0.00102136,-0.00200022,0.00200235,0.000262498,5831.23,0.000440782,1,-0.00166282,0.00246518,-0.0002625,6146.22
0,6138604,6,phononTS,0.000772794,-0.00312948,-0.00130326,-0.0002625,4827.48,0.000382,1,-0.0030008,-0.00100126,0.0002625,6828.45
0,6138604,3,phononTS,0.00123834,0.0034786,0.00275943,0.000262498,25.2582,0.00123834,1,0.00355947,0.00277883,-0.0002625,185.596
0,6178334,2,phononTS,0.0017932,0.0034979,0.00268506,-0.000201715,45.9016,0.000382,1,4.29882e-06,-0.0019952,0.0002625,1939.53
0,6178334,7,phononTF,0.00108651,4.29882e-06,-0.0019952,0.000262498,1939.53,0.00108651,1,0.000163371,-0.00184935,-0.0002625,2109.72
0,6203691,4,phononTS,0.00305406,0.00457406,0.00243101,-1.32666e-05,1.97758,0.000764,1,0.00300018,0.000996638,0.0002625,1427.59
0,6221819,3,phononTF,0.00301867,0.00120003,-0.000821524,-0.0002625,40.7587,0.000382,1,0.000996507,-0.000995924,0.0002625,4295.24
0,6226451,8,phononTS,0.000482436,0.00152481,1.12951e-05,-0.0002625,4051.77,0.000382,1,0.00199855,1.16989e-06,0.0002625,4860.49
0,6249323,7,phononTS,0.000891288,0.00105833,0.000822456,-0.000262498,1271.32,0.000382,1,0.000995267,0.00100167,0.0002625,1465.42
0,6249323,2,phononTS,0.000830093,0.00342456,0.00275492,0.000184494,70.9968,0.000830093,1,0.00215695,0.00374244,-0.0002625,646.395
0,6256452,2,phononTS,0.00164885,0.00022401,0.000887159,-0.0002625,35.2025,0.000382,1,-0.00299942,-0.000995889,0.0002625,2634.19
0,6256452,5,phononTF,0.00119387,-0.00299942,-0.000995889,0.000262498,2634.19,0.00083806,1,-0.00291528,-0.0010938,-0.0002625,2796.72
0,6256724,9,phononTS,0.000452473,-0.00200149,-1.52791e-06,0.000262498,6311.54,0.000452473,1,-0.00168572,3.89953e-05,-0.0002625,6535.82
0,6276386,4,phononTS,0.00236598,0.00208327,0.00210878,0.000123912,3.68163,0.000764,1,0.00200291,0.00199973,0.0002625,3036.81
0,6276386,6,phononTF,0.000406677,0.00200291,0.00199973,0.000262498,3036.81,0.000406677,1,0.00234439,0.00168684,-0.0002625,3247.36
0,6300679,5,phononTS,0.000402357,0.00158007,0.00261694,-0.0002625,1156.5,0.000382,1,0.00199851,0.00199562,0.0002625,6566.49
0,6316836,3,phononTS,0.00166039,0.005,0.00272628,0.00010451,14.512,0.000764,1,0.00300338,0.000998331,0.0002625,1486.28
0,6354346,5,phononTS,0.000625322,0.00402951,0.00228024,-0.000262498,428.302,0.000382,1,0.00300099,0.000997872,0.0002625,1019.34
0,6386238,7,phononTF,0.0011094,0.00155674,0.00149555,-0.000262498,1286.51,0.000764,1,0.00199607,0.00199944,0.0002625,1539.32
0,6417455,6,phononTF,0.00266768,0.00361975,0.00135602,-0.0002625,441.193,0.000382,1,0.00299839,0.00100394,0.0002625,1841.14
0,6467314,9,phononTS,0.00041603,0.00259093,0.00214326,-0.0002625,399.27,0.000382,1,0.00199895,0.00200258,0.0002625,1343.82
0,6520369,5,phononL,0.000399242,0.000752704,-0.00192491,-0.0002625,2009.55,0.000382,1,-3.90739e-06,-0.0019987,0.0002625,2624.83
0,6520828,6,phononTS,0.00173259,0.00325809,0.00271922,-0.000262498,664.152,0.000382,1,0.00300448,0.000998168,0.0002625,1383.88
0,6546761,3,phononTS,0.00283831,-0.000995726,-0.00100224,0.0002625,8.17264,0.00191409,1,-0.00117468,-0.00167444,-0.0002625,6424.6
0,6571404,4,phononTS,0.000682054,0.00219403,0.00200649,-0.0002625,1754.28,0.000382,1,0.00199874,0.00199592,0.0002625,2348.4
0,6571404,2,phononTS,0.000815263,0.00344213,0.00278073,0.000262498,13.7222,0.000815263,1,0.00321359,0.00281322,-0.0002625,228.455
0,6591414,4,phononTS,0.00195921,-0.00135673,-0.000629332,-0.0002625,937.415,0.000764,1,-0.00299937,-0.000999782,0.0002625,6452.71
0,6611620,7,phononTF,0.000753476,0.00285301,0.00271974,-0.0002625,1160.53,0.000382,1,0.00199986,0.00200234,0.0002625,2828.59
0,6654561,9,phononTF,0.000416068,-0.00200067,4.19552e-06,0.000262498,7452.12,0.000416068,1,-0.00177694,-0.000275636,-0.0002625,7640.82
0,6654967,2,phononL,0.0030764,0.000577555,0.00211697,-0.0002625,55.3063,0.000382,1,3.65289e-06,0.00200039,0.0002625,927.946
0,6671978,4,phononTS,0.00322759,-0.00224505,0.00235515,3.23152e-05,27.2361,0.000382,1,-0.00200198,0.00199593,0.0002625,2535.89
0,6671978,9,phononTF,0.000699493,-0.00200198,0.00199593,0.000262498,2535.89,0.000699493,1,-0.00217347,0.00167204,-0.0002625,2742.31
0,6671978,8,phononTF,0.000961896,-0.00200198,0.00199593,0.000262498,2535.89,0.000862603,1,-0.00226084,0.00224106,-0.0002625,2729.46
0,6694223,4,phononTS,0.00113585,0.0029407,0.00157833,-0.000262498,1933.25,0.000382,1,0.00300496,0.000999206,0.0002625,2224.18
0,6694223,5,phononL,0.000461291,0.00300496,0.000999206,0.000262498,2224.18,0.000461291,1,0.00234818,0.00084044,-0.0002625,2382.47
0,6694223,2,phononTF,0.00595529,0.00382469,0.00243088,-0.000164598,274.29,0.00247071,1,0.00373191,0.00253907,-0.0002625,1492.3
0,6718792,5,phononTS,0.00085349,0.00299776,0.000999043,0.0002625,1538.69,0.00085349,1,0.00296125,0.00230241,-0.0002625,2644.8
0,6729824,5,phononTS,0.000565157,0.00162262,-0.00192698,-0.0002625,756.098,0.000382,1,0.00199705,-0.00199835,0.0002625,4101.09
0,6761736,9,phononTS,0.000494626,0.00100015,-0.00299975,0.000262498,7199.9,0.000494626,1,0.00104625,-0.00291377,-0.0002625,7356.92
0,6761736,4,phononTF,0.000777949,0.00345893,0.00276904,0.000262498,5.68154,0.000777949,1,0.0036811,0.00249664,-0.0002625,193.6
0,6780068,6,phononTS,0.000557867,0.00301602,0.00128779,-0.0002625,272.086,0.000382,1,0.00300004,0.00100402,0.0002625,1378.73
0,6780068,2,phononTF,0.00468724,0.00345151,0.00274456,0.00022571,35.5217,0.00199683,1,0.00374747,0.00298245,-0.0002625,218.988
0,6813108,6,phononL,0.00057044,-0.000624214,0.00257162,-0.0002625,8.48317,0.000382,1,-0.00199724,0.00199992,0.0002625,2391.54
0,6828928,11,phononTF,0.000384216,-1.70312e-06,-9.99272e-07,0.0002625,6705.93,0.000384216,1,0.00034289,0.000406333,-0.0002625,7595.53
0,6857067,7,phononTF,0.000693852,0.00200046,0.00199942,0.000262498,1396.87,0.000693852,1,0.00178709,0.00209171,-0.0002625,1576.8
0,6857067,4,phononTF,0.000455307,0.00365203,0.00300914,0.000262498,450.32,0.000455307,1,0.00318989,0.00258934,-0.0002625,693.523
0,6859737,9,phononTS,0.00154042,0.00318711,0.0018473,-0.0002625,1451.21,0.000382,1,0.00299906,0.00100488,0.0002625,4293.09
0,6859737,10,phononTS,0.000484027,0.00299906,0.00100488,0.000262498,4293.09,0.000484027,1,0.00329432,0.00101042,-0.0002625,4519.22
0,6903056,6,phononTS,0.00251037,0.00322504,0.00186364,-0.0002625,51.6827,0.000382,1,0.00299629,0.00100093,0.0002625,848.229
0,7037866,5,phononTF,0.000987415,0.00034303,0.000369554,-0.0002625,2355.27,0.000764,1,-3.09326e-06,4.12129e-06,0.0002625,3359.02
0,7119246,7,phononTS,0.000503411,-4.01764e-06,-0.00200114,0.000262498,6094.59,0.000503411,1,3.58572e-05,-0.00199249,-0.0002625,6264.1
0,7119246,2,phononTF,0.00251827,0.00344357,0.00277932,0.000262498,187.997,0.00124929,1,0.00333051,0.00274118,-0.0002625,351.578
0,7166449,11,phononTS,0.000516546,-0.00291479,-0.00108073,-0.000262499,6773.71,0.000382,1,-0.00300052,-0.000996775,0.0002625,6927.58
0,7259193,7,phononTF,0.000858722,0.00199517,3.39722e-06,0.000262498,3778.63,0.000348765,1,0.00184583,-0.000257923,-0.0002625,3969.66
0,7271507,10,phononTS,0.000480792,-2.00141e-06,-2.36399e-06,0.000262498,5725.86,0.000480792,1,-0.000225351,0.00097018,-0.0002625,6120.67
0,7282646,7,phononTS,0.000662855,1.96566e-06,-2.31032e-06,0.0002625,4207.11,0.000413582,1,-0.00129215,-0.000481537,-0.0002625,5290.8
0,7362311,3,phononTS,0.00121863,0.00112902,-0.000423398,-0.0002625,13.968,0.000382,1,-1.91353e-06,-0.0019962,0.0002625,2388.09
0,7375512,6,phononTS,0.000709552,8.67827e-05,0.00203926,-0.000262498,3186.52,0.000382,1,1.77158e-06,0.00199569,0.0002625,3355.32
0,7375512,2,phononTS,0.00169088,0.0030848,0.00300941,0.000147949,9.53237,0.00141558,1,0.00217465,0.00293416,-0.0002625,470.272
0,7381909,4,phononTF,0.0003974,0.00299564,0.00100452,0.0002625,1326.33,0.0003974,1,0.00277606,0.00118474,-0.0002625,1692.64
0,7381909,2,phononTS,0.000659418,0.005,0.00197251,-0.000127776,69.4418,0.000659418,1,0.00469594,0.00177175,-0.0002625,891.964
0,7395696,2,phononTS,0.000824866,0.0032288,0.00187874,-0.0002625,5.57325,0.000382,1,0.00299844,0.000999371,0.0002625,740.108
0,7413538,5,phononTS,0.000539831,7.61371e-05,0.00228901,-0.000262498,2381.34,0.000382,1,1.00672e-06,0.00200316,0.0002625,2598.31
0,7413538,2,phononTS,0.00448081,0.00215324,0.00244263,-0.00021807,517.861,0.00316195,1,0.00215917,0.00243708,-0.0002625,1418.12
0,7416429,7,phononTS,0.000686882,0.00466797,0.00263356,-0.0002625,1149.55,0.000382,1,0.00300354,0.00100113,0.0002625,2021.25
0,7416429,4,phononTS,0.00120946,0.00355988,0.00282227,0.000262498,96.1798,0.0003916,1,0.00356394,0.00274733,-0.0002625,259.519
0,7464588,4,phononTS,0.00209915,0.00199076,-8.15401e-05,-0.0002625,113.711,0.000764,1,0.0020018,4.66301e-06,0.0002625,3040.87
0,7507928,7,phononTS,0.000489445,-0.00132509,-4.70991e-05,-0.000262498,7867.3,0.000382,1,-0.00199824,-4.41441e-06,0.0002625,8185.17
0,7516429,7,phononTF,0.000580187,0.00199887,0.0019988,0.0002625,553.29,0.000580187,1,0.00156304,0.00153517,-0.0002625,1396.19
0,7526660,5,phononL,0.000425723,0.00100491,0.00100345,0.0002625,1014.26,0.000425723,1,0.000564052,0.00105305,-0.0002625,1355.48
0,7526660,2,phononTS,0.00161873,0.00345418,0.00275797,0.000262498,0.921267,0.000553262,1,0.00346049,0.00267477,-0.0002625,162.736
0,7533413,2,phononTS,0.00269875,0.00010568,5.15903e-05,0.000220723,29.0908,0.000382,1,-1.92932e-06,-3.48515e-06,0.0002625,2242.97
0,7533413,5,phononL,0.000476925,-1.92932e-06,-3.48515e-06,0.000262498,2242.97,0.000476925,1,0.000415975,-8.99019e-05,-0.0002625,2370.59
0,7627432,4,phononTS,0.00206238,-0.000211368,0.00205926,-0.0002625,8.9516,0.000382,1,-2.22099e-06,0.00200301,0.0002625,3286.52
0,7627432,5,phononTS,0.00121233,-2.22099e-06,0.00200301,0.000262498,3286.52,0.000316089,1,0.00159736,0.00274819,-0.0002625,3963.3
0,7663940,4,phononTS,0.00280832,7.69187e-05,-0.00213721,0.000189094,11.2826,0.000382,1,-1.06896e-06,-0.00200343,0.0002625,5176.13
0,7663940,5,phononTF,0.00187646,-1.06896e-06,-0.00200343,0.000262498,5176.13,0.00100456,1,0.000232254,-0.00228387,-0.0002625,5366.32
0,7751267,9,phononTF,0.00146282,0.00337535,0.000668917,-0.0002625,4750.5,0.000382,1,0.00299747,0.00100494,0.0002625,5558.41
0,7792755,5,phononL,0.00218201,0.00325506,0.00187298,-0.0002625,81.7952,0.001146,1,0.00299974,0.00100264,0.0002625,474.873
0,7798370,4,phononTF,0.00114135,0.00442271,0.0021889,-0.0002625,64.4877,0.000382,1,0.00300417,0.00100263,0.0002625,1545.85
0,7798370,3,phononTS,0.00201221,0.00352533,0.00280271,0.000262498,64.4877,0.0017046,1,0.00359447,0.00272269,-0.0002625,239.781
0,7798370,2,phononTS,0.000475088,0.00352533,0.00280271,0.000262498,64.4877,0.000475088,1,0.00358877,0.00322027,-0.0002625,325.941
0,7818962,8,phononTS,0.00181611,-1.35193e-06,-0.00200051,0.0002625,364.095,0.00149465,1,2.94874e-05,-0.00194153,-0.0002625,3025.27
0,7831376,3,phononL,0.000829359,0.00363058,0.00125369,-0.0002625,23.2526,0.000382,1,0.00300388,0.0010029,0.0002625,1014.66
0,7856149,7,phononTS,0.000486694,0.00266868,0.00101327,-0.000262498,860.877,0.000382,1,0.00300434,0.00100025,0.0002625,1094.43
0,7863178,2,phononTS,0.00394015,0.000939236,0.000735112,-8.52412e-05,4.99476,0.000764,1,0.000997578,0.00100482,0.0002625,1296.79
0,7901446,9,phononTS,0.000503686,0.00299607,0.00100131,0.000262498,1873.61,0.000503686,1,0.00293356,0.00103454,-0.0002625,2032.52
0,7938119,6,phononTF,0.000589977,0.00200048,0.00200496,0.000262498,1077.72,0.000589977,1,0.00179226,0.00177054,-0.0002625,1260.97
0,7940566,12,phononTF,0.000632933,0.00199834,3.03046e-06,0.000262498,2352.19,0.000632933,1,0.00158859,-0.000321654,-0.0002625,2585.33
0,7960006,6,phononL,0.000547177,0.00296502,0.0021406,-0.0002625,219.859,0.000382,1,0.00199859,0.00199948,0.0002625,1190.09
0,7967218,7,phononTS,0.000384267,0.000907633,0.0024214,-0.000262498,12624.5,0.000382,1,4.91834e-06,0.0019986,0.0002625,13061.8
0,7979561,4,phononTS,0.000461205,-1.22261e-06,0.00200046,0.0002625,260.588,0.000461205,1,-5.82451e-05,0.0020813,-0.0002625,13855.9
0,8041501,5,phononTF,0.00170347,0.000159506,0.00213181,-0.0002625,2.95438,0.000382,1,1.06458e-06,0.00200459,0.0002625,1294.4
0,8041501,7,phononTS,0.000647568,1.06458e-06,0.00200459,0.000262498,1294.4,0.000647568,1,6.06251e-05,0.00180922,-0.0002625,1491.89
0,8041501,6,phononTS,0.000456187,1.06458e-06,0.00200459,0.000262498,1294.4,0.000456187,1,-0.000169173,0.00284012,-0.0002625,1666.02
0,8041501,4,phononTS,0.000829346,0.00345738,0.00275369,0.000262498,2.95438,0.000490365,1,0.00441047,0.00253153,-0.0002625,424.268
0,8125810,5,phononTS,0.000488035,0.00202713,0.00199784,-0.0002625,991.983,0.000382,1,0.0020032,0.00199806,0.0002625,1474.17
0,8125810,2,phononL,0.000854586,0.00339083,0.00272773,0.000262498,78.0471,0.000486664,1,0.00359711,0.00400631,-0.0002625,339.838
0,8149658,3,phononTS,0.000982129,0.00280718,0.000190185,-0.0002625,77.6391,0.000382,1,0.00100328,-0.00300237,0.0002625,3599.88
0,8149658,2,phononTS,0.00210109,0.00342376,0.00280848,0.000262498,77.6391,0.00176351,1,0.00307972,0.00376912,-0.0002625,501.344
0,8202812,2,phononTF,0.00116196,0.0020925,0.00285487,-0.0002625,101.544,0.000382,1,-4.36934e-06,0.00199856,0.0002625,2659.42
0,8202813,3,phononTS,0.00527503,0.00291289,0.00285968,-0.000200773,6.0128,0.00228203,1,0.00291596,0.00277616,-0.0002625,426.674
0,8208334,8,phononTS,0.000566637,0.00299743,0.00100144,0.000262499,6141.31,0.000566637,1,0.00258259,0.00191979,-0.0002625,6556.38
0,8260200,8,phononTF,0.000426152,-0.00199823,-0.00200082,0.000262498,5882.84,0.000426152,1,-0.00115578,-0.00275742,-0.0002625,6254.31
0,8340942,10,phononTS,0.00155626,0.00167356,-0.00162092,-0.0002625,604.575,0.000382,1,0.00100365,-0.00300271,0.0002625,3025.16
0,8387098,9,phononTS,0.000473278,0.00307791,0.000930312,-0.000262498,1111.75,0.000382,1,0.00300028,0.000997186,0.0002625,1286.7
0,8399693,6,phononTS,0.000531811,0.00200211,0.00200247,0.0002625,1671.48,0.000531811,1,0.00202932,0.00258301,-0.0002625,2867
0,8399693,3,phononTS,0.000806686,0.00342159,0.00271665,0.000262498,39.0062,0.000806686,1,0.00345588,0.00224151,-0.0002625,304.949
0,8399693,2,phononTS,0.00129604,0.00342159,0.00271665,0.000262498,39.0062,0.00074112,1,0.00350703,0.00280064,-0.0002625,192.889
0,8419875,4,phononTS,0.000615999,0.00195148,0.00284561,-0.000262498,813.644,0.000382,1,0.00200006,0.00200008,0.0002625,1175.13
0,8474955,7,phononTS,0.000613303,0.00200313,0.00200464,0.000262499,3110.01,0.000613303,1,0.00192049,0.00209673,-0.0002625,3286.96
0,8488400,9,phononL,0.000452429,-0.000999137,0.00100413,0.000262498,2038.69,0.000452429,1,-0.00120666,0.00149751,-0.0002625,2178.87
0,8503600,8,phononTS,0.000502443,-4.29707e-06,0.00200303,0.000262498,5527.64,0.000502443,1,8.61446e-05,0.00196228,-0.0002625,5684.96
0,8503600,2,phononTS,0.00214685,0.00339842,0.00277963,-1.49263e-07,1105.3,0.00107747,1,0.00330181,0.00233074,-0.0002625,1307
0,8514836,5,phononTS,0.00237828,0.00101032,0.00229111,-0.0002625,151.973,0.000382,1,3.83029e-07,0.00199597,0.0002625,2047.87
0,8518427,4,phononTS,0.000746827,0.005,0.00382242,-0.000150305,228.803,0.000382,1,2.96843e-06,1.97263e-06,0.0002625,2740.8
0,8535251,3,phononTF,0.00262873,-2.29643e-05,-0.000304419,-2.18187e-05,250.915,0.000382,1,1.57578e-06,-0.00199722,0.0002625,2456.61
0,8535251,5,phononTF,0.00200353,1.57578e-06,-0.00199722,0.000262498,2456.61,0.00134777,1,0.000465384,-0.00154825,-0.0002625,2710.83
0,8536781,7,phononTS,0.000729188,0.00247948,0.00231112,-0.0002625,980.171,0.000382,1,0.00200128,0.00199575,0.0002625,1608.96
0,8583588,6,phononTF,0.000797379,0.00074626,-0.00269259,-0.000262498,4743.41,0.000382,1,0.00100039,-0.00300355,0.0002625,4939.73
0,8599057,5,phononTS,0.000442521,-3.8209e-06,0.00199814,0.000262498,3988.18,0.000442521,1,-5.64997e-05,0.00218823,-0.0002625,4184.71
0,8617559,4,phononTS,0.000879649,0.002247,0.00212556,-0.0002625,122.189,0.000382,1,0.00200424,0.00199583,0.0002625,1511.14
0,8617559,5,phononTS,0.000485823,0.00200424,0.00199583,0.000262498,1511.14,0.000485823,1,0.00207924,0.00193653,-0.0002625,1667.66
0,8624075,5,phononTF,0.000734319,-0.00105203,0.000938335,-0.000262498,2007.59,0.000382,1,-0.00100424,0.000995218,0.0002625,2165.99
0,8624075,2,phononTS,0.00100864,0.00348032,0.00273039,0.000262498,32.9347,0.000372318,1,0.00367404,0.00281296,-0.0002625,229.418
0,8654698,4,phononTF,0.000687205,0.0020042,1.95461e-07,0.0002625,21.8658,0.000424907,1,0.00219361,0.000166752,-0.0002625,2170.69
0,8673846,10,phononL,0.000555968,0.000171515,0.000422703,-0.000262498,4465.96,0.000382,1,2.23282e-06,2.46709e-07,0.0002625,4596.78
0,8673846,2,phononL,0.00228821,0.00345528,0.00275722,0.000262498,3.22532,0.00180778,1,0.00349172,0.00180934,-0.0002625,202.651
0,8730499,5,phononL,0.0017497,0.00299826,0.0010034,0.0002625,3.29686,0.00132227,1,0.00281738,0.00219893,-0.0002625,2185.88
0,8736006,4,phononTS,0.0020799,0.00222066,-0.000128439,-0.0002625,23.0004,0.001146,1,0.000998248,-0.00300493,0.0002625,2246.58
0,8736006,5,phononTS,0.000420167,0.000998248,-0.00300493,0.000262498,2246.58,0.000420167,1,0.000916916,-0.00302,-0.0002625,2411.27
0,8746061,7,phononTS,0.000398171,0.00200109,2.02992e-06,0.000262498,931.611,0.000398171,1,0.00302176,4.2841e-05,-0.0002625,1348.86
0,8763736,5,phononL,0.00267967,0.00236214,5.72418e-05,-9.38789e-05,37.5697,0.000764,1,0.00200273,3.20413e-06,0.0002625,1874.61
0,8763736,6,phononTF,0.000696083,0.00200273,3.20413e-06,0.000262498,1874.61,0.000248619,1,0.00197652,2.22109e-05,-0.0002625,2031.84
0,8766870,3,phononTF,0.00268506,0.005,-0.00122393,1.6381e-05,25.0296,0.00220286,1,0.00480476,-0.00100796,-0.0002625,2763.28
0,8801428,7,phononTS,0.000486939,-0.001751,-0.000727468,-0.000262498,4652.63,0.000382,1,-0.00099633,-0.000995987,0.0002625,5003.48
0,8801428,3,phononTS,0.00115842,0.00347558,0.00278827,0.000262498,12.6491,0.000792793,1,0.00440812,0.00400735,-0.0002625,573.106
0,8801428,2,phononTF,0.000382143,0.00347558,0.00278827,0.000262498,12.6491,0.000382143,1,0.00351558,0.00275689,-0.0002625,170.189
0,8817087,3,phononTS,0.00134755,0.00322725,0.00188029,-0.0002625,3.08916,0.000764,1,0.00300179,0.000997799,0.0002625,783.423
0,8817544,9,phononTS,0.000382953,0.000918602,0.000658011,-0.000262499,2145.48,0.000382,1,0.000995894,0.00100302,0.0002625,2391.55
0,8888344,4,phononTS,0.00177749,0.00300415,0.000996506,0.0002625,600.467,0.00112623,1,0.00330548,0.00108478,-0.0002625,5204.34
0,8897324,2,phononTS,0.00182161,0.00236725,0.00218614,-0.0002625,4.91359,0.000764,1,0.00199733,0.00199785,0.0002625,1065.71
0,8897324,7,phononTS,0.000504498,0.00199733,0.00199785,0.000262499,1065.71,0.000504498,1,0.00192639,0.00195537,-0.0002625,1234.8
0,8904729,4,phononTF,0.000532959,0.00215336,0.00181155,-0.000262498,920.272,0.000382,1,0.00200256,0.00200324,0.0002625,1092.53
0,8904729,2,phononTS,0.00179729,0.00344869,0.00275293,0.000262498,3.18885,0.000787916,1,0.00351056,0.00282511,-0.0002625,159.695
0,8906764,9,phononTF,0.000581024,0.000997879,0.000999757,0.000262498,3372.8,0.000581024,1,0.000544699,0.000593374,-0.0002625,3613.4
0,8983599,6,phononTS,0.000393711,-0.000630919,-0.00132357,-0.0002625,518.18,0.000382,1,-0.00200112,-0.00199992,0.0002625,4111.19
0,8983599,4,phononTF,0.00261682,0.00336509,0.00253686,0.00016654,10.5983,0.0020278,1,0.00396715,0.00178366,-0.0002625,429.999
0,8991097,7,phononTF,0.000482805,0.00431622,0.000771463,-0.000262499,1876.6,0.000382,1,-4.22427e-06,-0.00200328,0.0002625,3447.6
0,8991097,3,phononTS,0.000705069,0.0034741,0.00273325,0.000262498,21.5722,0.000252844,1,0.00348268,0.00297659,-0.0002625,236.607
0,8991308,2,phononTS,0.00100584,0.00209428,-0.000394833,-0.000261854,3.10033,0.000382,1,0.00200477,1.69917e-06,0.0002625,1636.88
0,8991308,5,phononTS,0.000409576,0.005,0.00197318,0.000121582,1636.88,0.000409576,1,0.00432142,0.00209779,-0.0002625,2955.54
0,9050879,5,phononTF,0.000517572,-0.005,0.000775979,-0.000196299,293.816,0.000382,1,0.00100188,0.000998229,0.0002625,6722.75
0,9050880,3,phononTS,0.00347986,0.00359495,0.00334802,0.000111006,250.79,0.00314092,1,0.00354541,0.00332354,-0.0002625,619.095
0,9055804,4,phononTF,0.00129843,0.00161428,0.00164737,-0.0002625,399.097,0.000764,1,0.00200229,0.00199901,0.0002625,3203.3
0,9068066,5,phononTS,0.000658192,0.00200385,0.00200292,0.0002625,754.343,0.000658192,1,0.0020364,0.00246755,-0.0002625,1281.15
0,9070686,5,phononTS,0.000860605,0.00102233,-0.00138081,-0.0002625,1243.2,0.000382,1,2.70092e-06,-0.00199729,0.0002625,3730.92
0,9088953,2,phononL,0.00231751,0.000114765,0.00294138,-0.0002625,36.5727,0.000764,1,-0.00100297,0.00300114,0.0002625,950.653
0,9088953,4,phononTS,0.000606692,-0.00100297,0.00300114,0.000262498,950.653,0.000606692,1,0.000205404,0.00225669,-0.0002625,1489.29
0,9101959,2,phononTS,0.00275089,0.00188316,0.000928476,-0.0002625,293.717,0.001528,1,0.0020025,9.56155e-07,0.0002625,2966.4
0,9113807,5,phononL,0.00173804,0.00299772,0.00100196,0.000262498,827.415,0.000910128,1,0.00321794,0.000843353,-0.0002625,943.988
0,9158919,2,phononTF,0.00151671,-0.000577363,0.00257318,-0.0002625,17.1853,0.000382,1,1.10048e-06,0.00199764,0.0002625,7574.41
0,9158919,4,phononTS,0.000689089,1.10048e-06,0.00199764,0.000262498,7574.41,0.000689089,1,-5.26535e-05,0.00205386,-0.0002625,7733.04
0,9165932,8,phononTS,0.000649683,-0.00070568,0.001707,-0.0002625,167.852,0.000382,1,-0.00300083,-0.00100186,0.0002625,3480.96
0,9174951,6,phononTS,0.000914899,-0.0017608,0.00272831,-0.000262498,2934.71,0.000382,1,-0.00100099,0.00300425,0.0002625,3287.68
0,9195868,6,phononTS,0.000440299,0.00250865,0.00209292,-0.0002625,539.822,0.000382,1,0.00200265,0.00200273,0.0002625,1349.69
0,9195868,4,phononTF,0.001462,0.00359116,0.00273008,0.000262498,281.931,0.00049833,1,0.00369324,0.0027713,-0.0002625,444.335
0,9198553,4,phononTF,0.00143411,0.00300319,0.00100048,0.0002625,78.3814,0.00119181,1,0.000990724,5.15846e-05,-0.0002625,2540.53
0,9207262,6,phononTS,0.000937693,0.00132013,0.00108177,-0.0002625,650.27,0.000382,1,0.00100067,0.0009969,0.0002625,1322.86
0,9242544,6,phononL,0.000993285,0.0020046,-0.00199686,0.000262498,9458.99,0.000993285,1,0.00140336,-0.00190564,-0.0002625,9607.11
0,9245568,2,phononTS,0.0018297,0.00162545,0.00452622,0.000200526,248.685,0.000382,1,-6.54713e-07,0.00199762,0.0002625,1971.87
0,9245568,4,phononTS,0.00116077,-6.54713e-07,0.00199762,0.000262498,1971.87,0.000507948,1,4.32713e-05,0.00195355,-0.0002625,2128.02
0,9254387,5,phononTS,0.000862166,-0.00099512,0.000998174,0.000262498,4168.93,0.000862166,1,0.00191391,-0.00144311,-0.0002625,5507.6
0,9274627,3,phononTS,0.00214626,0.00295869,0.000893267,-0.0002625,13.5667,0.000382,1,0.00300038,0.00100313,0.0002625,3304.2
0,9275888,5,phononTF,0.000513016,-0.00062419,0.000686385,-0.0002625,1399.32,0.000382,1,-0.000999523,0.000999896,0.0002625,2525.38
0,9309797,6,phononTS,0.000429385,0.00100061,-0.00100003,0.000262498,2832.31,0.000429385,1,0.00180591,0.000815284,-0.0002625,3578.49
0,9310795,7,phononTF,0.0005062,-0.0010012,0.00300337,0.000262498,4151.98,0.0005062,1,-0.00193544,0.00247375,-0.0002625,4540.25
0,9313930,8,phononTS,0.000417298,-0.00275068,0.00195103,-0.000262498,5063.32,0.000382,1,-0.00200376,0.00200149,0.0002625,5397.75
0,9313930,3,phononTS,0.00077055,0.00347014,0.00276954,0.000262498,9.66275,0.000688061,1,0.00351194,0.00328273,-0.0002625,282.237
0,9363927,7,phononTS,0.000589972,0.00278041,0.00235371,-0.0002625,362.805,0.000382,1,0.00300075,0.0009995,0.0002625,3793.8
0,9364700,5,phononTF,0.000533454,0.00199833,5.28181e-08,0.000262498,4088.53,0.000533454,1,0.00173181,-0.000282257,-0.0002625,4285.54
0,9380041,3,phononTS,0.000986199,0.00082586,0.00164421,-0.0002625,28.982,0.000382,1,0.000996738,0.000996865,0.0002625,2145.34
0,9391835,5,phononTS,0.000901301,-0.00109295,0.000929425,-0.0002625,259.981,0.000382,1,-0.00100397,0.0010034,0.0002625,4848.04
0,9391835,2,phononTF,0.000599002,0.00346852,0.00275548,0.000262498,16.0774,0.00037923,1,0.00371255,0.002453,-0.0002625,219.314
0,9391836,3,phononTS,0.00522184,0.0034415,0.00226572,-0.000110658,127.79,0.00300055,1,0.00346199,0.00223957,-0.0002625,504.021
0,9418003,11,phononTS,0.000713101,0.00107294,-0.00308633,-0.0002625,2180.47,0.000382,1,0.0010016,-0.00299514,0.0002625,4029.79
0,9425591,6,phononTF,0.000826532,-0.00252003,-0.00259092,-0.000262498,3132.1,0.000382,1,-0.0019996,-0.00199517,0.0002625,3414.35
0,9425591,3,phononTF,0.00073364,0.00343588,0.00274503,0.000262498,8.77646,0.000300564,1,0.00320984,0.00299915,-0.0002625,195.37
0,9450304,5,phononTS,0.000520627,0.00197684,0.00258897,-0.0002625,1643.89,0.000382,1,0.00199768,0.00200237,0.0002625,4204.13
0,9456817,6,phononTS,0.000727027,0.00100366,0.00100439,0.000262498,1223.95,0.000727027,1,0.000962577,0.00109402,-0.0002625,1381.28
0,9456817,2,phononTS,0.000814782,0.00343432,0.00270341,0.000262498,36.7725,0.000439517,1,0.00267424,0.00270811,-0.0002625,382.428
0,9487215,6,phononTF,0.000466065,0.000998832,0.00100241,0.000262498,2455.14,0.000466065,1,0.00025666,0.000303752,-0.0002625,2804.37
0,9487215,2,phononTF,0.000947461,0.00345325,0.00277416,0.000262498,6.94883,0.000289783,1,0.0037895,0.00249093,-0.0002625,210.578
0,9489787,8,phononTF,0.00057775,-0.00199995,-0.00200155,0.0002625,746.396,0.00057775,1,-0.00177933,-0.00182125,-0.0002625,6224.65
0,9506602,8,phononTS,0.000803365,0.00276835,0.00136664,-0.0002625,307.987,0.000382,1,0.00200456,4.70624e-06,0.0002625,1488.52
0,9565981,4,phononTF,0.00139327,0.00114656,-0.000624969,-0.0002625,1145.25,0.000382,1,0.000999604,-0.000999966,0.0002625,2534.73
0,9565981,2,phononTS,0.00114286,0.00345718,0.00273373,0.000262498,21.9575,0.000632024,1,0.00320082,0.00273694,-0.0002625,233.055
0,9573636,3,phononTS,0.00207067,0.000673183,0.00414739,-0.0002625,132.153,0.000382,1,-0.000999414,0.00100357,0.0002625,3118.3
0,9585770,7,phononL,0.000901905,0.00165368,-0.00101328,-0.000262498,4389.35,0.000382,1,0.00100043,-0.00100105,0.0002625,4543.15
0,9585770,2,phononTF,0.00221997,0.00343644,0.00271155,0.000248033,30.3495,0.00135882,1,0.00321941,0.0024501,-0.0002625,212.824
0,9589811,3,phononTF,0.00153255,0.00109245,0.000930349,-0.0002625,2.87051,0.000382,1,0.00100059,0.000998263,0.0002625,1731.89
0,9589811,5,phononTF,0.000818352,0.00100059,0.000998263,0.000262498,1731.89,0.000139964,1,0.000718993,0.00123925,-0.0002625,1923.3
0,9621659,7,phononTF,0.00101352,0.0030011,0.00100331,0.000262498,1033.44,0.00101352,1,0.00341028,0.000654551,-0.0002625,1257.13
0,9635001,4,phononTS,0.0021504,0.00342509,0.0018464,-0.00020123,799.07,0.000382,1,0.00100313,-0.00100439,0.0002625,1942.99
0,9639483,6,phononTS,0.00167171,0.000996829,-0.000999572,0.000262498,2658.73,0.0015857,1,0.00108624,-0.00103875,-0.0002625,2816.28
0,9642744,7,phononTS,0.000999643,0.00198543,0.0015448,-0.000262498,1015,0.000382,1,0.00199889,0.00199574,0.0002625,1279.16
0,9661666,6,phononTS,0.000633299,2.14825e-06,0.000748768,-0.0002625,136.739,0.000382,1,4.42742e-06,0.00199865,0.0002625,5077.28
0,9666891,9,phononL,0.000594097,0.00069808,0.000923696,-0.000262498,11959.3,0.000382,1,0.00100141,0.00100163,0.0002625,12078.2
0,9668554,4,phononTF,0.0025459,-0.00205528,6.50243e-05,0.000162213,9.43765,0.001528,1,-0.00199753,-3.04807e-06,0.0002625,4320.63
0,9668554,3,phononTS,0.000406751,0.00345195,0.00275222,0.000262498,9.43765,0.000406751,1,0.00143199,0.00206522,-0.0002625,798.269
0,9668554,2,phononTS,0.000883756,0.00345195,0.00275222,0.000262498,9.43765,0.000272723,1,0.00340815,0.00270845,-0.0002625,165.591
0,9672772,11,phononL,0.000458335,0.00299593,0.000995543,0.000262498,2282.52,0.000458335,1,0.00316212,0.000692457,-0.0002625,2403.79
0,9679968,2,phononTS,0.000755081,0.0030045,0.000997425,0.000252148,112.888,0.000382,1,0.00300316,0.000996678,0.0002625,687.83
0,9711518,4,phononTS,0.00218663,0.000998329,0.000998601,0.0002625,66.8671,0.0019099,1,0.000937948,0.000906791,-0.0002625,1321.37
0,9724119,2,phononTS,0.00255643,0.00385642,0.001204,-0.0002625,19.6166,0.001146,1,0.00300148,0.00100463,0.0002625,2735.58
0,9746066,6,phononTS,0.00225941,0.0010008,-0.000997445,0.000262498,2451.85,0.000800277,1,0.00108925,-0.00107452,-0.0002625,2606
0,9784836,4,phononTS,0.00177568,0.00342477,0.00260967,-0.0002625,18.1106,0.000382,1,0.0020003,0.00199511,0.0002625,814.557
0,9797209,7,phononTS,0.000683839,0.0019953,0.00200241,0.0002625,1947.3,0.00033007,1,0.00195613,0.00207829,-0.0002625,2259.88
0,9824380,9,phononTS,0.000672605,0.0030009,0.00100358,0.000262498,1103.24,0.000672605,1,0.00306398,0.000942356,-0.0002625,1258.64
0,9842343,4,phononTF,0.00102467,0.00216487,0.00218367,-0.0002625,1117.81,0.000382,1,0.00200065,0.00199858,0.0002625,1637.47
0,9842343,5,phononTF,0.000579752,0.00200065,0.00199858,0.000262498,1637.47,0.000579752,1,0.000949677,0.00151366,-0.0002625,2057.36
0,9865273,3,phononTF,0.00241099,0.00171995,0.00237709,-0.0002625,5.74218,0.000764,1,-1.19639e-06,0.00199678,0.0002625,1235.33
0,9865273,5,phononTF,0.00151263,-1.19639e-06,0.00199678,0.000262498,1235.33,0.000694353,1,6.66452e-05,0.00159703,-0.0002625,1461.32
0,9885710,4,phononTF,0.000451352,0.00236765,0.00168857,-0.0002625,508.577,0.000382,1,0.002002,0.00200259,0.0002625,887.765
0,9893820,3,phononTS,0.000948547,-7.69529e-07,0.00200061,0.0002625,109.745,0.000376065,1,-0.000440424,0.00191038,-0.0002625,2387.93
0,9899960,5,phononTS,0.000504242,0.0020681,0.00222669,-0.000262498,1216.47,0.000382,1,0.00200045,0.00199597,0.0002625,1436.27
0,9899960,2,phononTF,0.00188145,0.0034723,0.00274594,0.000262498,20.5404,0.00135923,1,0.00353412,0.00283191,-0.0002625,181.61
0,9905367,3,phononTF,0.00388976,0.00102144,0.000970156,6.30442e-05,138.281,0.001146,1,0.00100037,0.000997347,0.0002625,1296.51
0,9905367,4,phononTF,0.00209083,0.00100037,0.000997347,0.000262498,1296.51,0.000791835,1,0.000942793,0.00105615,-0.0002625,1455.45
0,9926961,7,phononTS,0.000648412,6.62119e-05,-9.14472e-05,-0.000262498,4570.45,0.000382,1,3.52653e-07,-1.30201e-06,0.0002625,4725.39
0,9974056,9,phononTS,0.00064033,0.00291705,0.000964896,-0.000262498,1901.36,0.000382,1,0.00299937,0.00100352,0.0002625,2059.41
