Run ID,Event ID,Track ID,Particle Name,Start Energy [eV],Start X [m],Start Y [m],Start Z [m],Start Time [ns],Energy Deposited [eV],Track Weight,End X [m],End Y [m],End Z [m],Final Time [ns]
0,96836,8,phononTF,0.000401165,0.000747644,-0.00254278,-0.000262499,7069.2,0.000382,1,0.00100196,-0.00299782,0.0002625,7312.42
0,114755,6,phononTF,0.00236858,0.00181525,-0.00185293,-8.52786e-05,338.62,0.000764,1,0.0020004,-0.00200226,0.0002625,1225.67
0,117371,7,phononTS,0.000473897,0.00142322,-0.00114273,-0.0002625,213.377,0.000382,1,-0.00099596,0.00099892,0.0002625,3503.88
0,117371,6,phononTS,0.00122124,0.00043196,-0.00397811,-6.95242e-05,213.377,0.00103022,1,0.000536658,-0.00416665,-0.0002625,1880.33
0,120015,3,phononTS,0.000940546,0.00252054,-0.005,1.72385e-05,267.659,0.000382,1,0.000999712,-0.00299883,0.0002625,1829.82
0,120015,2,phononTS,0.000701656,0.00367839,-0.00303398,0.000262498,267.659,0.000701656,1,0.00226172,-0.00408667,-0.0002625,905.071
0,144549,4,phononTF,0.000396902,0.00118707,0.000846898,-0.0002625,992.147,0.000382,1,0.00099887,0.000995653,0.0002625,4320.87
0,144549,2,phononTS,0.00362593,0.00370091,-0.00248885,-0.000223933,2.79765,0.00105507,1,0.00373651,-0.00241181,-0.0002625,425.076
0,172564,8,phononTF,0.000440322,0.0015193,-0.00139402,-0.0002625,146.27,0.000382,1,0.00100415,-0.00100366,0.0002625,1466.79
0,172564,4,phononTS,0.000403,0.00378222,-0.00322617,0.000262498,25.4858,0.000403,1,0.00373808,-0.00328486,-0.0002625,183.252
0,172564,3,phononTF,0.000456263,0.00378222,-0.00322617,0.000262498,25.4858,0.000456263,1,0.0037303,-0.00317363,-0.0002625,184.031
0,177158,10,phononTS,0.000394515,0.005,0.000662539,-6.49809e-05,1215.17,0.000394515,1,0.00476222,0.000273738,-0.0002625,6306.1
0,182696,11,phononTS,0.000487423,-0.00110734,0.00224679,-0.0002625,6025.24,0.000382,1,-0.000996026,0.00299888,0.0002625,7461.8
0,184570,8,phononTF,0.00103824,-0.00184873,0.005,0.000174029,227.226,0.000840851,1,-0.00395687,-0.0026719,-0.0002625,7991
0,184570,7,phononTS,0.000496199,0.003777,-0.00331766,0.000262498,227.226,0.000496199,1,0.00259225,-0.00322522,-0.0002625,703.199
0,201819,9,phononTS,0.000946194,0.000607432,0.000232459,-0.0002625,1849.14,0.000382,1,4.32828e-06,9.17715e-07,0.0002625,4790.87
0,210090,9,phononTS,0.000603245,-0.00200282,2.32966e-06,0.000262498,5102.54,0.000603245,1,-0.00201812,-1.49171e-05,-0.0002625,5259.28
0,210090,3,phononTS,0.00200185,0.00371848,-0.00324895,0.000262498,39.5013,0.00115409,1,0.00365036,-0.00320047,-0.0002625,196.633
0,213169,2,phononTS,0.000567423,0.00239286,-0.00312234,-0.0002625,2.75092,0.000382,1,0.00100033,-0.00299794,0.0002625,1179.66
0,220759,9,phononTS,0.000443928,0.000996459,-0.00100281,0.0002625,258.916,0.000443928,1,-0.00128667,0.00168755,-0.0002625,2482.28
0,234476,2,phononTF,0.00247495,0.00175969,-0.000224347,-0.0002625,50.5824,0.000382,1,0.00200018,4.08212e-06,0.0002625,1936.89
0,234476,9,phononTS,0.000947801,0.00191981,-0.00058481,2.46828e-05,1936.89,0.000947801,1,0.00229905,-0.0005378,-0.0002625,2348.43
0,269048,8,phononTS,0.00051517,0.00199576,-0.00199558,0.000262498,1320.39,0.00051517,1,0.00201676,-0.00200994,-0.0002625,1490.69
0,269048,6,phononTF,0.00115287,0.00382933,-0.00321523,0.000262498,181.69,0.00115287,1,0.0040889,-0.00292648,-0.0002625,377.654
0,269048,5,phononTS,0.0012682,0.00382933,-0.00321523,0.000262498,181.69,0.000747853,1,0.00376249,-0.00316537,-0.0002625,355.168
0,322009,2,phononL,0.000829477,0.000464286,-0.00238425,-0.0002625,80.4609,0.000382,1,-3.86888e-06,-0.00199689,0.0002625,1055.12
0,375686,8,phononTF,0.000568533,-3.13937e-05,-0.0020224,-0.000262498,8384.05,0.000382,1,-4.11613e-06,-0.0019954,0.0002625,8541.36
0,375686,4,phononTS,0.00130815,0.00408357,-0.00447159,0.000262498,668.173,0.00130815,1,0.00418793,-0.005,-6.07882e-05,891.412
0,406757,7,phononL,0.000965154,-0.00199864,0.00199545,0.000262499,5005.12,0.000604626,1,-0.00254575,0.00209584,-0.0002625,5146.73
0,428637,8,phononTS,0.000782405,0.000672791,-0.0041194,-0.0002625,111.961,0.000382,1,0.000995101,-0.00300381,0.0002625,8920.1
0,487725,7,phononL,0.00101937,0.00240192,-0.00312111,-0.0002625,24.1065,0.000382,1,0.00100413,-0.00300215,0.0002625,582.355
0,558172,7,phononTF,0.000957526,0.00277177,-0.00257167,-0.0002625,17.0835,0.000382,1,0.00199523,-0.00200283,0.0002625,1754.14
0,559677,11,phononTS,0.00055658,-0.000148438,-0.00266212,-0.0002625,10002.7,0.000382,1,1.70178e-06,-0.00200091,0.0002625,10944.1
0,590500,6,phononTF,0.000821072,0.00199833,-0.00199633,0.0002625,8.71137,0.000821072,1,0.00172846,0.000439626,-0.0002625,2861.53
0,590500,5,phononTS,0.000913146,0.00379893,-0.00325133,0.000262498,8.71137,0.000746024,1,0.00330553,-0.00269149,-0.0002625,375.768
0,595803,8,phononTS,0.000590039,0.0014318,-0.00191168,-0.0002625,588.076,0.000382,1,0.00100237,-0.00300387,0.0002625,2457.95
0,595803,7,phononTS,0.000907858,0.00326443,-0.00303008,0.000262498,588.076,0.00080334,1,0.00340178,-0.00379734,-0.0002625,926.808
0,620096,4,phononTS,0.000584511,0.00260682,-0.00124582,-0.0002625,211.683,0.000382,1,0.00199639,5.43886e-07,0.0002625,1827.1
0,620096,2,phononTS,0.00645552,0.00323878,-0.002565,-0.000143436,9.54345,0.0014676,1,0.00324741,-0.00256851,-0.0002625,694.676
0,638661,10,phononTS,0.000614214,0.000880996,0.00216455,-0.0002625,3167.01,0.000382,1,0.000996287,0.00100313,0.0002625,4579.96
0,638661,8,phononL,0.00164742,0.00336945,-0.00339984,0.000262498,364.251,0.00130414,1,0.00293634,-0.00400054,-0.0002625,537.755
0,694205,6,phononTS,0.00180036,0.00490589,-0.000414496,1.32479e-05,951.452,0.000764,1,2.66578e-06,-0.00199799,0.0002625,4037.14
0,694205,11,phononTS,0.000509451,2.66578e-06,-0.00199799,0.000262498,4037.14,0.000509451,1,-0.00130667,-0.00293242,-0.0002625,4670.71
0,758299,9,phononTS,0.00134851,-0.000995267,-0.000996265,0.0002625,2266.43,0.00127871,1,-0.000798146,-0.000914101,-0.0002625,5067.58
0,773165,12,phononTF,0.00061738,0.000913359,-0.000427778,-0.000262498,1505.53,0.000382,1,0.00199621,1.36526e-06,0.0002625,1932.99
0,774485,9,phononTF,0.000465265,0.000999764,-0.00299627,0.000262498,2384.63,0.000465265,1,0.00167927,-0.00367176,-0.0002625,2715.2
0,774539,5,phononTF,0.000641916,0.000996518,0.000999351,0.0002625,2035.39,0.000641916,1,-0.00369602,-0.00218635,-0.0002625,4190.01
0,817380,6,phononTS,0.000933932,0.000997134,-0.001,0.000262498,4691.15,0.000933932,1,0.00091824,-0.0010288,-0.0002625,4857.91
0,833650,6,phononTS,0.000435361,0.00200466,-2.72786e-06,0.000262498,5469.72,0.000435361,1,0.00217289,-0.00127266,-0.0002625,5977.68
0,833651,3,phononTS,0.00437166,0.00400968,-0.00377785,-0.000236166,289.063,0.00355075,1,0.00400842,-0.00378045,-0.0002625,685.94
0,838271,5,phononTF,0.000869097,-0.000749974,0.005,0.000116755,104.67,0.000382,1,0.00100113,-0.000996305,0.0002625,6753.93
0,838271,4,phononTF,0.000702366,0.0038094,-0.00327656,0.000262498,104.67,0.000702366,1,0.00419686,-0.00359738,-0.0002625,320.515
0,838271,3,phononTS,0.00110965,0.00341977,-0.00283595,-0.00020153,104.67,0.00110965,1,0.00316929,-0.00258572,-0.0002625,456.736
0,841124,3,phononTF,0.000756104,0.00199892,3.80942e-06,0.0002625,21.9563,0.000443489,1,0.00250743,-0.000424579,-0.0002625,2520.8
0,841124,2,phononTF,0.00312431,0.00379255,-0.00328346,0.000262498,21.9563,0.00138265,1,0.00369671,-0.00295005,-0.0002625,229.763
0,842675,10,phononTF,0.0005905,0.00100175,-0.00299743,0.000262498,3305,0.0005905,1,0.000736899,-0.00272936,-0.0002625,3498.05
0,842675,2,phononTS,0.000504604,0.00371645,-0.00317254,0.000262498,75.4464,0.000504604,1,0.00283046,-0.00115838,-0.0002625,889.907
0,849842,10,phononTS,0.000851745,0.00184342,-0.00187663,-0.0002625,265.738,0.000382,1,0.00200181,-0.00199605,0.0002625,3841.73
0,851607,5,phononTS,0.000589159,0.00135598,-0.00114831,-0.0002625,533.813,0.000382,1,-0.000995957,0.00100284,0.0002625,2686.86
0,857749,6,phononTS,0.000675772,-0.00099675,-0.00099841,0.000262498,11457.6,0.000675772,1,-0.00108046,-0.000948261,-0.0002625,11614.4
0,898421,6,phononTS,0.00115032,0.00199777,1.77388e-06,0.0002625,1892.63,0.000350242,1,0.0019145,0.000584861,-0.0002625,3272.68
0,908914,11,phononTS,0.00038553,-4.56083e-06,0.0020003,0.0002625,11014.6,0.00038553,1,-6.91415e-05,0.00203015,-0.0002625,11382.7
0,982716,10,phononTS,0.0011274,1.89632e-06,-0.00199841,0.000262498,4210.49,0.000808309,1,0.000521516,-0.00208922,-0.0002625,4483.94
0,1010570,11,phononTF,0.000487739,0.00218605,-0.00190531,-0.000262498,2579.45,0.000382,1,0.00200178,-0.00200294,0.0002625,2754.09
0,1013993,3,phononTS,0.00271503,0.000917327,-0.00173301,-0.0002575,7.81071,0.001528,1,0.00100336,-0.001005,0.0002625,5863.81
0,1049189,9,phononTF,0.000462597,0.00129133,-0.00271983,-0.000262498,1697.53,0.000382,1,0.000995024,-0.0029969,0.0002625,1895.61
0,1066347,6,phononTS,0.00111499,0.005,0.000419874,-0.000151122,1353.47,0.000764,1,0.00299729,0.00100004,0.0002625,8984.3
0,1092633,10,phononTS,0.000437296,0.000700913,-0.00135226,-0.0002625,513.189,0.000382,1,0.00200246,-0.00200495,0.0002625,3029.22
0,1097746,4,phononTS,0.00126499,0.00289184,-0.00262094,-0.0002625,8.67193,0.000382,1,0.00200371,-0.00199882,0.0002625,946.664
0,1097746,5,phononTS,0.000565525,0.00200371,-0.00199882,0.000262498,946.664,0.000565525,1,0.00177097,-0.00276963,-0.0002625,1320.69
0,1097746,3,phononTS,0.00107979,0.00377996,-0.00324306,0.000262498,8.67193,0.000878681,1,0.00373556,-0.00328208,-0.0002625,164.869
0,1100881,7,phononTS,0.00040554,0.000950927,-0.000918906,-0.000262498,6083.24,0.000382,1,0.000999389,-0.00100265,0.0002625,6273
0,1193592,5,phononTF,0.000431499,0.00120208,-0.000637011,-0.0002625,217.401,0.000382,1,0.00099573,-0.000995427,0.0002625,1551.36
0,1215421,2,phononTS,0.00129459,0.00239941,-0.00213079,-0.0002625,6.97691,0.000382,1,0.00100322,-0.000997405,0.0002625,1396.85
0,1261417,8,phononTS,0.000551791,-0.00199879,-0.00200203,0.000262498,4861.06,0.000551791,1,-0.00205696,-0.0020757,-0.0002625,5017.78
0,1329009,6,phononTS,0.000625687,0.000997917,-0.00300038,0.000262498,2526.76,0.000625687,1,0.00098114,-0.00292582,-0.0002625,2687.87
0,1349677,7,phononTS,0.000468636,0.00299825,0.000995065,0.000262498,2322.94,0.000468636,1,0.00303787,0.00102807,-0.0002625,2479.28
0,1384464,6,phononTS,0.000739397,0.00240655,-0.005,0.000121952,444.345,0.000382,1,0.000995351,-0.00299727,0.0002625,2232.94
0,1411166,3,phononTF,0.000502235,0.00266586,0.0013854,-0.0002625,15.6333,0.000382,1,0.0029977,0.000997821,0.0002625,2586
0,1416062,8,phononTF,0.000405294,0.00238742,-0.00161053,-0.0002625,2108.51,0.000382,1,0.00200152,-0.0020022,0.0002625,2801.04
0,1432085,9,phononTF,0.000438426,0.00114841,-0.000883253,-0.0002625,3443.71,0.000382,1,0.000998964,-0.000998555,0.0002625,3952.03
0,1457302,6,phononTF,0.000629972,0.000456368,-0.00238949,-0.0002625,7.63661,0.000382,1,0.00100247,-0.00300187,0.0002625,1971.24
0,1511023,9,phononTS,0.000457555,0.00220321,-0.00187955,-0.0002625,1117.33,0.000382,1,0.00200176,-0.00199789,0.0002625,2594.18
0,1522829,5,phononTS,0.000478622,0.00300012,0.000997822,0.0002625,3176.58,0.000478622,1,0.00241386,-0.000431355,-0.0002625,4387.03
0,1522829,2,phononTF,0.00100649,0.00377594,-0.00328081,0.000262498,98.7877,0.00100649,1,0.00390657,-0.00317803,-0.0002625,262.97
0,1541995,6,phononTS,0.000399407,-0.000999418,0.00300378,0.0002625,639.53,0.000399407,1,-0.000924659,0.00299949,-0.0002625,6347.56
0,1556711,2,phononTS,0.00137897,0.00279943,-0.00186612,-0.0002625,91.459,0.000382,1,0.00199853,1.35235e-06,0.0002625,2043.38
0,1568319,7,phononL,0.000548827,0.00233219,-0.00313666,-0.0002625,135.448,0.000382,1,0.000995216,-0.00299977,0.0002625,673.322
0,1568319,6,phononTF,0.00106244,0.00366915,-0.00327355,0.000262498,135.448,0.00106244,1,0.00347529,-0.00343046,-0.0002625,308.543
0,1568319,2,phononTF,0.00215079,0.00392568,-0.00304771,4.84475e-05,60.0098,0.00127467,1,0.00404178,-0.00316896,-0.0002625,403.578
0,1570193,10,phononTF,0.000520907,0.00180654,-0.00385599,-0.0002625,1263.91,0.000382,1,0.000998106,-0.00300378,0.0002625,2919.08
0,1570193,5,phononTS,0.00066011,0.00251013,-0.00359256,0.000262498,1109.29,0.00066011,1,0.00247265,-0.00355818,-0.0002625,1271.78
0,1598805,4,phononTS,0.000475312,0.00199555,-4.49246e-06,0.0002625,228.167,0.000475312,1,0.000473317,0.00318981,-0.0002625,2969.51
0,1598805,3,phononTF,0.00100664,0.00391744,-0.00319574,0.000262498,228.167,0.000745798,1,0.00393888,-0.00329546,-0.0002625,390.211
0,1598805,2,phononTS,0.000531554,0.00391744,-0.00319574,0.000262498,228.167,0.000531554,1,0.0039369,-0.00322112,-0.0002625,394.511
0,1668960,9,phononTS,0.000625412,-0.00200325,2.48553e-06,0.000262498,3534.77,0.000625412,1,-0.00209459,0.000778608,-0.0002625,3875.04
0,1677919,9,phononTF,0.000967931,0.00210944,-0.00214413,-0.0002625,1452.49,0.000764,1,0.00199561,-0.00199993,0.0002625,2412.02
0,1677919,2,phononTF,0.00317637,0.0033785,-0.00342136,-0.000228122,57.4763,0.00230986,1,0.00330852,-0.00349495,-0.0002625,494.968
0,1691206,7,phononTF,0.000422918,0.00244944,-0.00253044,-0.0002625,965.879,0.000382,1,0.00200474,-0.00200217,0.0002625,1777.76
0,1697080,4,phononTS,0.00115597,0.00353468,-0.005,6.4242e-05,4.25104,0.000382,1,0.00100429,-0.00299759,0.0002625,2143.18
0,1701589,7,phononTS,0.000746637,0.00200283,-7.61883e-07,0.0002625,1463.78,0.000746637,1,0.00119399,-0.00222603,-0.0002625,2652.72
0,1712678,3,phononTS,0.00434427,0.00200888,-0.00201522,0.00024901,429.252,0.000764,1,0.00200352,-0.0020008,0.0002625,2458.12
0,1751691,6,phononTS,0.00108287,0.00302022,-0.00263827,-0.0002625,181.774,0.000382,1,0.00199799,-0.00199793,0.0002625,1117.22
0,1751691,5,phononTS,0.000478558,0.00404243,-0.0032786,0.000262498,181.774,0.000478558,1,0.00427203,-0.00333423,-0.0002625,387.647
0,1763098,2,phononTS,0.000652982,0.00166833,-0.00303346,-0.0002625,205.454,0.000382,1,0.000995146,-0.00300214,0.0002625,1463.92
0,1802122,9,phononTS,0.000577156,0.00200009,-0.00200319,0.000262498,2261.82,0.000577156,1,-0.000268622,-0.00458571,-0.0002625,3484.26
0,1820307,6,phononTS,0.000506475,0.005,-0.00311912,8.65679e-05,987.645,0.000382,1,-0.000998796,0.00100056,0.0002625,3937.22
0,1836342,9,phononTS,0.000573521,4.84519e-06,-0.0020044,0.000262498,5022.72,0.000573521,1,0.0015681,0.000214901,-0.0002625,6009.86
0,1836342,7,phononTS,0.00138286,-0.00149475,-0.000571186,0.000169398,4860.62,0.00108439,1,-0.00144093,-0.000255463,-0.0002625,5726.72
0,1847912,13,phononTS,0.000620213,-0.0029954,-0.00100216,0.000262498,11018.6,0.000620213,1,-0.00306655,-0.00109335,-0.0002625,11173.1
0,1852320,5,phononTS,0.000765299,-0.00309342,0.005,0.000133351,256.148,0.000382,1,-0.00100073,0.00299582,0.0002625,14029.1
0,1878093,10,phononL,0.0007327,0.00103314,-0.00350044,-0.0002625,2612.99,0.000382,1,0.00100242,-0.00299816,0.0002625,3287.82
0,1878093,8,phononTF,0.00079224,0.000864331,-0.00351569,0.000262498,1288.71,0.00079224,1,0.000250871,-0.00296579,-0.0002625,1579.62
0,1878094,3,phononTF,0.00597745,0.00417409,-0.00266566,-0.000150385,345.162,0.00324174,1,0.00422819,-0.00273078,-0.0002625,1462.87
0,1917356,4,phononTS,0.000429344,0.00100152,-0.00099854,0.0002625,65.9731,0.000429344,1,-0.00107696,0.000670533,-0.0002625,3910.28
0,1946368,11,phononL,0.000752709,0.00100411,-0.00299795,0.0002625,619.976,0.000752709,1,-0.00174873,-0.00293764,-0.0002625,1673.32
0,1960068,3,phononTF,0.000544966,0.00290481,-0.00264264,-0.0002625,16.9096,0.000382,1,0.00200151,-0.00199899,0.0002625,791.325
0,1977190,8,phononTF,0.000454308,0.00329643,-0.00158117,-0.0002625,396.482,0.000382,1,-0.00199851,-1.70207e-06,0.0002625,2859.28
0,1986381,3,phononTF,0.000705643,0.00289449,-0.00262551,-0.0002625,8.40733,0.000382,1,0.00200055,-0.00199716,0.0002625,775.209
0,2009412,2,phononTS,0.00349033,0.000951891,-0.00308844,-0.00023549,341.348,0.000764,1,0.00100335,-0.00300336,0.0002625,2119.76
0,2009412,11,phononTS,0.000940641,0.00100335,-0.00300336,0.000262498,2119.76,0.000940641,1,0.00102639,-0.00294353,-0.0002625,2286.17
0,2009412,10,phononTS,0.00138069,0.00100335,-0.00300336,0.000262498,2119.76,0.00092127,1,0.00118414,-0.00348441,-0.0002625,2412.52
0,2018126,10,phononTS,0.000700084,0.000974098,0.000980707,-0.000262498,5294.58,0.000382,1,0.000998898,0.000996543,0.0002625,5460.59
0,2022484,5,phononTF,0.000856732,-0.00100181,0.000996235,0.0002625,66.8365,0.000459548,1,-0.00180226,0.00170874,-0.0002625,2551.61
0,2022484,4,phononTS,0.00123632,0.00380087,-0.0032788,0.000262498,66.8365,0.000743224,1,0.00368724,-0.00358625,-0.0002625,309.531
0,2067507,8,phononTS,0.000511042,-4.56383e-06,-0.00199899,0.000262498,1985.29,0.000511042,1,-3.68367e-05,-0.00203792,-0.0002625,2147.86
0,2079656,8,phononTF,0.000443572,0.00112489,-0.0014004,-0.0002625,9042.47,0.000382,1,0.000996302,-0.000997138,0.0002625,10154.8
0,2115098,4,phononTF,0.00198539,0.005,-0.00250652,6.65119e-05,113.869,0.000382,1,0.00200185,-0.00199762,0.0002625,1475.55
0,2115098,6,phononTF,0.00112581,0.00200185,-0.00199762,0.000262498,1475.55,0.00112581,1,-0.000686449,-0.000846742,-0.0002625,2412.17
0,2117810,4,phononTS,0.000677548,0.00207815,-0.00221059,-0.000262498,3581.51,0.000382,1,0.00200373,-0.0020016,0.0002625,3781.66
0,2122444,7,phononTF,0.00131646,0.00137771,-0.00144555,-0.0002625,25.7551,0.000382,1,0.00100127,-0.00100091,0.0002625,5331.24
0,2131163,7,phononTS,0.000703583,-0.00100148,-0.000999645,0.000262498,1912.38,0.000621608,1,-0.000835759,-0.00106093,-0.0002625,2104.59
0,2134839,11,phononTS,0.00078959,-0.000962094,0.00124161,-0.0002625,1752.83,0.000382,1,-0.0010012,0.0010003,0.0002625,10763.9
0,2144074,7,phononTS,0.000411123,0.000999044,-0.000997747,0.0002625,725.454,0.000411123,1,0.000917831,-0.000683364,-0.0002625,3253.74
0,2178939,8,phononTF,0.00279589,0.00187946,0.000135703,-0.0002625,761.406,0.001146,1,0.00199879,-1.91185e-06,0.0002625,2299.58
0,2304449,3,phononTS,0.000410907,0.00295108,-0.000544987,-0.0002625,15.7565,0.000382,1,0.00200215,-1.25337e-07,0.0002625,2133.49
0,2304449,2,phononTS,0.00118702,0.00378844,-0.00325757,0.000262498,15.7565,0.000461448,1,0.00428527,-0.00159065,-0.0002625,676.982
0,2348755,5,phononTF,0.000613597,0.00203462,-0.00200753,-0.000262498,991.533,0.000382,1,0.00200263,-0.00199734,0.0002625,1148.92
0,2348755,2,phononTS,0.00501483,0.00333508,-0.00332447,-2.70338e-05,123.74,0.00205976,1,0.00331048,-0.00330244,-0.0002625,1229.32
0,2372610,6,phononTS,0.000399293,0.00205854,-0.00206493,-0.000262498,2852.51,0.000382,1,0.00200201,-0.00200038,0.0002625,3007.93
0,2393865,2,phononTS,0.000972835,-0.00100151,-0.000996001,0.0002625,62.6461,0.000972835,1,-0.00191622,0.000413661,-0.0002625,7324.11
0,2403755,6,phononTS,0.00101018,0.00199899,-0.00199732,0.0002625,518.313,0.00101018,1,0.00181398,-0.00119571,-0.0002625,2818.09
0,2422502,9,phononTS,0.000552952,0.00199576,0.00199941,0.000262498,1722.72,0.000552952,1,0.00141419,0.0019998,-0.0002625,2006.59
0,2422502,5,phononTS,0.00125849,0.00376699,-0.00325538,0.000262498,5.79269,0.000690839,1,0.00368263,-0.00322044,-0.0002625,163.967
0,2450244,5,phononTF,0.000585709,0.00241163,-0.00239729,-0.0002625,751.966,0.000382,1,0.00200457,-0.00200199,0.0002625,1678.25
0,2508292,7,phononTF,0.000978283,0.00200245,-0.00200482,0.0002625,1924.93,0.000978283,1,0.00203779,-0.0020373,-0.0002625,2894.2
0,2546205,6,phononTS,0.000417496,0.00315184,0.000144031,-0.0002625,448.832,0.000382,1,0.00299568,0.00100209,0.0002625,2267.3
0,2591453,9,phononTS,0.000556839,0.00200344,-0.00200226,0.000262499,2389.83,0.000556839,1,0.00193051,-0.00191842,-0.0002625,2563.44
0,2591453,3,phononTS,0.00117479,0.0037624,-0.00326502,0.000262498,9.46145,0.00117479,1,0.00391737,-0.00303659,-0.0002625,242.21
0,2591453,2,phononTF,0.000572147,0.0037624,-0.00326502,0.000262498,9.46145,0.000572147,1,0.00394456,-0.00346517,-0.0002625,185.791
0,2598572,9,phononTS,0.000428857,0.00232439,-0.000386557,-0.0002625,759.827,0.000382,1,0.0020029,-3.99383e-06,0.0002625,4894.92
0,2603370,7,phononTS,0.00051492,-0.000996484,0.00299874,0.000262498,5525.05,0.00051492,1,-0.00133957,0.00349525,-0.0002625,5848.67
0,2617604,11,phononL,0.00113571,0.0026468,-0.00246689,-0.0002625,331.592,0.000382,1,0.00200475,-0.00200224,0.0002625,929.036
0,2650082,6,phononTS,0.000479519,-0.005,0.0042035,-9.30946e-05,417.97,0.000382,1,-0.00100476,0.00100326,0.0002625,6577.07
0,2744435,4,phononTF,0.00159882,0.00212769,-0.00408737,-0.0002625,418.533,0.000382,1,-0.00200436,-3.64634e-06,0.0002625,3149.63
0,2744435,7,phononTS,0.00113247,-0.00200436,-3.64634e-06,0.000262498,3149.63,0.00113247,1,-0.00215918,7.65492e-05,-0.0002625,3338.36
0,2784454,4,phononTS,0.00213452,0.00290884,-0.00261933,-0.0002625,40.142,0.000764,1,0.00199835,-0.00200078,0.0002625,987.734
0,2848295,4,phononTF,0.000512429,-0.00221123,0.005,-0.000112523,4.16286,0.000382,1,-0.00099534,0.00099771,0.0002625,5439.83
0,2848295,3,phononTF,0.00051714,0.00378301,-0.00325562,0.000262498,4.16286,0.00051714,1,0.00403596,-0.00294117,-0.0002625,200.627
0,2863519,6,phononTS,0.000515559,-0.00463404,0.000687346,-0.0002625,265.666,0.000382,1,-0.00300314,-0.000998912,0.0002625,4486.85
0,2875333,10,phononTS,0.000672059,-0.000932522,0.00274515,-0.0002625,3547.16,0.000382,1,-0.000999142,0.00299869,0.0002625,4176.45
0,2887009,10,phononTS,0.000429684,0.00100493,0.00100239,0.000262498,4702.68,0.000429684,1,1.54266e-05,0.000816469,-0.0002625,5103.07
0,2901310,5,phononTS,0.000537872,0.0029092,0.00137877,-0.0002625,673.881,0.000382,1,0.00300409,0.00100391,0.0002625,7492.87
0,2941849,3,phononTS,0.000640537,0.00190295,-0.00262383,-0.0002625,25.2257,0.000382,1,2.89635e-07,-0.00199581,0.0002625,1518.89
0,2950926,11,phononL,0.000402436,0.0019951,-0.00199574,0.000262498,2649.36,0.000402436,1,0.00257407,-0.00177936,-0.0002625,2800.48
0,2968781,8,phononTF,0.000392858,-0.000638589,0.00270945,-0.0002625,2152.56,0.000382,1,8.9515e-07,0.00200247,0.0002625,7774.55
0,3020264,8,phononTS,0.000403682,0.005,-0.00471071,-0.000105316,316.554,0.000403682,1,0.00473448,-0.00415184,-0.0002625,7175.4
0,3069575,8,phononTF,0.00106486,0.00199901,-0.00200184,0.0002625,394.025,0.000929346,1,0.000998617,-0.00104363,-0.0002625,1278.6
0,3069575,6,phononTS,0.00118799,0.00376557,-0.0032462,0.000262498,38.3191,0.000444482,1,0.00369794,-0.00317835,-0.0002625,193.427
0,3102896,5,phononTS,0.000567332,0.00100513,-0.00287629,-0.0002625,186.342,0.000382,1,0.000995467,-0.00300189,0.0002625,2823.51
0,3102896,3,phononTS,0.000493076,0.00378459,-0.00325034,0.000262498,8.9905,0.000493076,1,0.00369677,-0.00326189,-0.0002625,172.93
0,3148595,11,phononTS,0.00065709,0.00262816,0.00086153,-0.0002625,4345.64,0.000382,1,0.00199654,0.00200273,0.0002625,6935.93
0,3163639,8,phononTS,0.000426768,0.00100203,-0.000996486,0.000262499,2326.3,0.000426768,1,0.00107518,-0.000925617,-0.0002625,2500.38
0,3168954,8,phononTS,0.000575852,0.00197338,0.000671614,-0.0002625,1416.43,0.000382,1,0.00199799,1.44252e-06,0.0002625,5993.3
0,3168954,2,phononTS,0.00405323,0.00378521,-0.00330103,0.000251665,127.811,0.00201224,1,0.00379763,-0.00356378,-0.0002625,344.16
0,3197336,9,phononTS,0.00049402,0.000330175,-0.0020543,-0.0002625,2459.41,0.000382,1,0.0010015,-0.00100108,0.0002625,3902.23
0,3214548,7,phononTS,0.00051942,0.00238943,-0.00055728,-0.0002625,194.667,0.000382,1,0.00199962,4.74356e-06,0.0002625,2736.76
0,3219485,8,phononTF,0.000865073,0.005,-0.000896795,-0.000167842,2067.12,0.000382,1,-0.003004,-0.00100307,0.0002625,4588.29
0,3219485,4,phononTF,0.0047207,0.00315321,-0.00369936,-0.000259674,509.186,0.00262702,1,0.00315661,-0.00370322,-0.0002625,838.303
0,3229003,8,phononTS,0.000577868,0.00200412,-0.00200462,0.000262498,1054.25,0.000577868,1,0.00105592,-0.00178165,-0.0002625,1473.77
0,3280783,11,phononTS,0.000470958,0.000128667,-3.03269e-05,-0.0002625,213.321,0.000382,1,1.44422e-06,-3.87831e-06,0.0002625,2948.97
0,3303362,8,phononTF,0.00103795,2.25603e-06,-0.00199957,0.000262498,2079.19,0.000398117,1,-0.000174089,-0.00179688,-0.0002625,2255.11
0,3308788,6,phononTS,0.00348567,0.00096302,-0.00296517,0.000182575,2773.54,0.000382,1,0.00100159,-0.00299912,0.0002625,3091.47
0,3308788,7,phononTF,0.00298448,0.00100159,-0.00299912,0.000262498,3091.47,0.00243046,1,0.000951617,-0.00277579,-0.0002625,3272.92
0,3308788,5,phononTS,0.00168882,0.00151541,-0.0022123,0.000100669,2773.54,0.00105946,1,0.00150364,-0.00227289,-0.0002625,2884.36
0,3341445,5,phononTF,0.00138502,-0.00101796,-0.00107927,-0.0002625,53.9575,0.000382,1,-0.000997797,-0.0010021,0.0002625,2606.74
0,3341445,10,phononTS,0.000454069,-0.000997797,-0.0010021,0.000262498,2606.74,0.000454069,1,-0.00119665,-0.000982667,-0.0002625,2805.48
0,3341445,9,phononL,0.000460017,-0.000997797,-0.0010021,0.000262498,2606.74,0.000460017,1,-0.000832781,-0.00105315,-0.0002625,2719.11
0,3341445,4,phononTS,0.00118119,0.00378078,-0.00327157,0.000262498,53.9575,0.000605391,1,0.00245595,-0.000472426,-0.0002625,1157.88
0,3373363,8,phononTS,0.00056162,-0.00199681,0.00199923,0.000262498,7917.84,0.00056162,1,-0.00124377,0.00121945,-0.0002625,8388.39
0,3427257,5,phononTS,0.000621518,0.0026799,-9.1172e-05,-0.0002625,353.58,0.000382,1,0.00099965,0.00100307,0.0002625,2929.31
0,3427257,4,phononTS,0.00121584,0.00364174,-0.00339423,0.000262498,353.58,0.000781955,1,0.000751327,-0.00482504,-0.0002625,1495.34
0,3427257,3,phononTF,0.000831995,0.00364174,-0.00339423,0.000262498,353.58,0.000557441,1,0.00358013,-0.00331867,-0.0002625,513.017
0,3427257,2,phononTS,0.00218432,0.00160817,-0.005,-0.000180226,353.58,0.00127213,1,0.00148346,-0.00481655,-0.0002625,1672.74
0,3460576,6,phononTF,0.0009577,-7.24789e-05,0.00208269,-0.0002625,2111,0.000382,1,2.56745e-06,0.00199914,0.0002625,2592.58
0,3556818,3,phononTF,0.00105636,0.00162479,-0.00248502,-0.0002625,1.12836,0.000382,1,0.000999649,-0.00299617,0.0002625,1634.18
0,3556818,9,phononTF,0.00042159,0.000999649,-0.00299617,0.000262498,1634.18,0.00042159,1,0.000185875,-0.00370431,-0.0002625,2003.14
0,3671357,12,phononTF,0.000877153,-0.000569784,0.000628851,-0.0002625,11835,0.000382,1,-0.00100414,0.00100084,0.0002625,13314
0,3707854,2,phononL,0.00123333,0.00306713,0.000359002,-0.0002625,215.729,0.000382,1,0.00300357,0.00100351,0.0002625,3835.47
0,3707854,16,phononTS,0.000576222,0.00300357,0.00100351,0.000262498,3835.47,0.000576222,1,0.00297917,0.000928406,-0.0002625,3995.14
0,3790281,6,phononTS,0.0023381,0.00136398,-0.00206579,-0.0002625,214.254,0.001146,1,0.00100463,-0.00299755,0.0002625,3492.71
0,3799199,6,phononTF,0.000432149,0.000171469,-0.00187132,-0.0002625,503.547,0.000382,1,3.17216e-06,-0.00200484,0.0002625,2945.37
0,3799199,3,phononTS,0.00073957,0.00378428,-0.00324431,0.000262498,11.4355,0.00073957,1,0.00399794,-0.00316385,-0.0002625,212.209
0,3825733,9,phononTF,0.000384516,0.0017897,0.00183581,-0.000262498,2432.7,0.000382,1,0.00199937,0.00200271,0.0002625,2608.08
0,3825733,5,phononL,0.000677997,0.005,-0.00425966,-0.000176805,26.5234,0.000107255,1,0.00423611,-0.00409364,-0.0002625,519.02
0,3826846,11,phononTS,0.000584893,0.00199537,-0.00199958,0.000262498,3001,0.000584893,1,0.00330496,-0.000290141,-0.0002625,3760.75
0,3841931,9,phononTS,0.000474188,0.00133576,-0.0010813,-0.0002625,219.186,0.000382,1,-3.2628e-06,6.02429e-07,0.0002625,2066.32
0,3910482,2,phononTS,0.000720468,0.000900897,-0.00437959,-0.0002625,10.6321,0.000382,1,-0.00199854,-0.00200359,0.0002625,3084.38
0,3929182,8,phononTS,0.000539323,0.00099833,-0.0030015,0.000262498,1382.8,0.000539323,1,0.00102465,-0.00322714,-0.0002625,1596.16
0,3929182,5,phononTS,0.00109721,0.00389713,-0.00281836,0.000262498,561.161,0.000881162,1,0.00284487,-0.00104513,-0.0002625,1336.53
0,3972485,5,phononTS,0.000382881,0.00256688,-0.00214521,-0.0002625,891.684,0.000382,1,0.00199811,-0.00200447,0.0002625,1818.44
0,3975818,8,phononTS,0.000517568,-0.00372853,-0.00185754,-0.0002625,805.237,0.000382,1,-0.0020043,-1.9594e-06,0.0002625,11516.2
0,3975818,5,phononTF,0.000695857,0.00419606,-0.00326094,0.000262498,495.237,0.000695857,1,0.00453015,-0.00296465,-0.0002625,701.701
0,3980487,4,phononTF,0.000921428,0.00255434,-0.00247435,-0.0002625,44.2199,0.000382,1,0.00199837,-0.00199906,0.0002625,1015.4
0,3982735,3,phononTS,0.000605799,0.00314902,-0.00294403,-0.0002625,20.7413,0.000382,1,0.00100397,-0.000995557,0.0002625,2231.45
0,3983779,9,phononL,0.00053151,0.000794361,-0.00239191,-0.0002625,5038.41,0.000382,1,0.00100243,-0.00299834,0.0002625,5809.36
0,3983779,5,phononL,0.00111486,0.00380116,-0.00325005,0.000262498,38.8947,0.00111486,1,0.00431549,-0.00358336,-0.0002625,191.088
0,3983779,4,phononL,0.000571657,0.00380116,-0.00325005,0.000262498,38.8947,0.000571657,1,0.00395466,-0.00373857,-0.0002625,175.75
0,3983779,3,phononTS,0.0011847,0.00380116,-0.00325005,0.000262498,38.8947,0.0011847,1,0.00334599,-0.0031581,-0.0002625,295.864
0,3983779,2,phononTS,0.00040227,0.00380116,-0.00325005,0.000262498,38.8947,0.00040227,1,0.00384784,-0.00324911,-0.0002625,202.388
0,4003149,8,phononTF,0.000546622,0.00323245,-0.00317162,-0.000262498,699.489,0.000382,1,0.0020005,-0.00199574,0.0002625,1232.12
0,4018455,5,phononTS,0.00098955,9.92408e-07,-0.00200367,0.0002625,805.272,0.00098955,1,4.85889e-06,-0.0018073,-0.0002625,2196.02
0,4027384,9,phononTS,0.000395387,0.000997029,-0.00300003,0.0002625,1728.83,0.000395387,1,0.00103526,-0.0030531,-0.0002625,2040.81
0,4037494,4,phononTS,0.00109364,-0.00192868,0.005,-0.000230586,109.386,0.000382,1,0.00200211,0.00199833,0.0002625,5519.65
0,4047160,10,phononTS,0.00100445,1.01214e-06,0.00200166,0.000262498,2821.38,0.000686574,1,-6.262e-05,0.00203068,-0.0002625,2977.55
0,4053130,4,phononL,0.000383492,0.00345324,-0.0034149,-0.000262498,469.682,0.000382,1,0.00100297,-0.00300317,0.0002625,953.199
0,4066477,8,phononTS,0.000755979,0.00200331,4.3627e-06,0.000262498,5818.31,0.000755979,1,0.00165476,0.000210835,-0.0002625,6084.7
0,4079380,6,phononTS,0.00129298,0.00230287,-0.00203809,-0.0002625,621.743,0.000382,1,0.00200419,-0.00199701,0.0002625,4589.26
0,4087730,7,phononTF,0.0013256,0.00330693,-0.00325416,-0.0002625,1113.34,0.000382,1,0.00200469,-0.00200479,0.0002625,2761.25
0,4087730,10,phononTS,0.000639296,0.00200469,-0.00200479,0.000262498,2761.25,0.000639296,1,0.00208802,-0.00195847,-0.0002625,2939.52
0,4091034,9,phononTS,0.000383603,0.000997841,-0.00300471,0.000262498,3494.22,0.000383603,1,-0.000792114,-0.00223828,-0.0002625,4227.43
0,4115003,9,phononTF,0.00039001,0.00130433,-0.00261893,-0.0002625,2472.79,0.000382,1,0.00200113,-0.00200206,0.0002625,18186.5
0,4126522,6,phononTS,0.000520261,-5.95345e-05,-0.00192043,-0.0002625,2007.09,0.000382,1,8.56391e-07,-0.00199972,0.0002625,2475.39
0,4207618,6,phononTS,0.000517543,-7.05381e-05,0.000270252,-0.0002625,158.733,0.000382,1,-0.00200254,0.00200002,0.0002625,2797.85
0,4246403,7,phononTS,0.000942994,-0.00259777,0.005,-0.000183952,91.7546,0.000547911,1,-0.00204641,0.00446334,-0.0002625,5120.01
0,4252346,2,phononTF,0.0013642,0.00212098,-0.00185761,-0.0002625,47.1994,0.000382,1,0.0019977,-0.00199899,0.0002625,1291.44
0,4252346,10,phononTS,0.000728463,0.0019977,-0.00199899,0.000262498,1291.44,0.000728463,1,0.00323213,-0.0015359,-0.0002625,1827.43
0,4280300,7,phononTS,0.000614237,-0.000350246,-0.00183174,-0.0002625,1242.92,0.000382,1,-0.00199824,-0.0020017,0.0002625,5014.99
0,4358482,5,phononTS,0.00105442,-4.19355e-06,3.43525e-06,0.0002625,32.4972,0.000569213,1,-0.00180938,-0.00059909,-0.0002625,5126.76
0,4358637,5,phononTS,0.000513992,0.000630866,-0.00220905,-0.0002625,2.62045,0.000382,1,2.47091e-06,-0.00200027,0.0002625,2003.57
0,4365158,13,phononTF,0.000401715,0.00200335,-0.00200088,0.000262498,2592.49,0.000401715,1,0.00198467,-0.00196169,-0.0002625,2750.17
0,4370627,6,phononTS,0.000921267,-0.00263856,-3.87152e-05,-0.0002625,1044.27,0.000764,1,-0.00200173,4.12593e-06,0.0002625,3818.18
0,4396063,10,phononTF,0.000793324,-0.000853189,-0.00086169,-0.0002625,897.72,0.000382,1,-0.000997384,-0.000996841,0.0002625,3676.28
0,4418426,14,phononTF,0.000495431,-0.000351083,-0.00174557,-0.0002625,7784.17,0.000382,1,-4.78752e-06,-0.00199668,0.0002625,8854.85
0,4419190,6,phononTS,0.000866102,-0.00199765,-0.00200367,0.0002625,1979.77,0.000866102,1,-0.00267817,-0.00322394,-0.0002625,5006.25
0,4420193,8,phononTS,0.000541512,0.000940966,-0.00133741,-0.000262498,2804.97,0.000382,1,0.00100424,-0.000998954,0.0002625,3034.18
0,4451024,4,phononTF,0.00105036,0.00213023,-0.00215257,-0.0002625,115.716,0.000382,1,0.00200132,-0.00199706,0.0002625,1810.93
0,4451024,8,phononTS,0.000514394,0.00200132,-0.00199706,0.000262498,1810.93,0.000514394,1,0.00209665,-0.00195373,-0.0002625,1989.42
0,4451024,2,phononTS,0.00311231,0.00375478,-0.00334727,0.00025145,54.0396,0.0021952,1,0.00369329,-0.00326362,-0.0002625,206.24
0,4537918,5,phononTF,0.000531728,0.000625375,-0.000535682,-0.0002625,38.2934,0.000382,1,2.37235e-06,-1.17201e-06,0.0002625,1851.6
0,4537918,4,phononTS,0.00129183,0.00374039,-0.00320823,0.000262498,38.2934,0.00129183,1,0.0037932,-0.00307439,-0.0002625,237.252
0,4537918,3,phononTF,0.000838512,0.00374039,-0.00320823,0.000262498,38.2934,0.000520257,1,0.00407743,-0.00358878,-0.0002625,257.008
0,4537918,2,phononTS,0.000715366,0.00374039,-0.00320823,0.000262498,38.2934,0.000534699,1,0.00394483,-0.00320198,-0.0002625,244.907
0,4549582,10,phononTF,0.000383906,0.00199946,-0.00200478,0.000262498,3109.02,0.000383906,1,0.000942071,0.000966796,-0.0002625,4121.78
0,4601090,9,phononTS,0.000525978,-0.00141919,-0.005,0.000231628,1904.34,0.000382,1,-0.00299751,-0.000996498,0.0002625,5966.77
0,4601090,2,phononTF,0.00385593,0.00371061,-0.00337154,0.000237777,321.312,0.00177664,1,0.00375136,-0.0033191,-0.0002625,472.012
0,4639690,10,phononTF,0.000559711,-0.000995808,0.00299786,0.000262498,5824.96,0.000559711,1,-0.00193478,-0.000169241,-0.0002625,6888.87
0,4735786,8,phononTS,0.000473009,0.00130819,-0.00100515,-0.0002625,572.148,0.000382,1,4.28119e-07,1.52763e-06,0.0002625,2366.36
0,4735786,2,phononTS,0.00423629,0.00380415,-0.00322646,0.00023933,23.0995,0.0027687,1,0.00377297,-0.00325751,-0.0002625,172.658
0,4788834,7,phononTS,0.00122122,0.00288604,-0.00260271,-0.0002625,55.5462,0.000382,1,0.00200338,-0.0019972,0.0002625,984.527
0,4794502,4,phononTS,0.00117597,0.00103689,-0.00371113,-0.0002625,328.908,0.000382,1,0.000998654,-0.00299657,0.0002625,2283.36
0,4847058,6,phononTS,0.0004393,0.00200436,0.00200369,0.000262498,3434.56,0.0004393,1,0.00233221,0.00196007,-0.0002625,3663.54
0,4887371,8,phononTF,0.000677955,0.00179392,-0.00189788,-0.0002625,6310.89,0.000382,1,0.00199613,-0.0020022,0.0002625,7159.6
0,4914817,6,phononTS,0.000748851,0.00244393,-0.00173902,-0.0002625,118.2,0.000382,1,0.00100008,-0.000998533,0.0002625,3049.27
0,4914817,5,phononTS,0.00100246,0.0038037,-0.0033666,0.000262498,118.2,0.00062596,1,0.00373563,-0.0024729,-0.0002625,495.41
0,4958035,6,phononTF,0.000804314,0.00187896,-0.00263823,-0.0002625,17.5254,0.000382,1,-4.01902e-06,-0.00200459,0.0002625,1356.63
0,4997365,10,phononTF,0.000384757,0.00399745,-0.00322209,-0.000262498,284.009,0.000382,1,-0.00299665,-0.000998407,0.0002625,2557.3
0,5012663,5,phononTS,0.001285,-0.00104427,-0.00104002,-0.0002625,5.20947,0.000382,1,-0.000995639,-0.00100086,0.0002625,2214.51
0,5022454,6,phononTF,0.000905415,0.00113224,-0.00286991,-0.0002625,234.366,0.000382,1,0.00100494,-0.00300233,0.0002625,2028.57
0,5042693,5,phononTS,0.000659325,-5.64618e-05,0.00193244,-0.0002625,17.2811,0.000382,1,-1.9254e-06,0.00200145,0.0002625,3704.19
0,5071443,6,phononTS,0.00137835,0.00286991,-0.00216575,-0.0002625,2112.8,0.000382,1,0.00200306,-0.00200296,0.0002625,2843.52
0,5071443,7,phononTS,0.000490499,0.00200306,-0.00200296,0.000262498,2843.52,0.000490499,1,0.00251548,-0.00195194,-0.0002625,3127.19
0,5071443,4,phononTS,0.00269257,0.00350029,-0.00427638,-2.63493e-05,1334.78,0.00155542,1,0.00347329,-0.00470901,-0.0002625,1514.11
0,5106379,10,phononTS,0.000790844,0.000874001,-0.000651091,-0.0002625,985.569,0.000382,1,3.80304e-07,-3.80331e-07,0.0002625,10435.6
0,5147738,4,phononTF,0.000459727,-0.00199708,-0.0020004,0.0002625,95.2778,0.000459727,1,-0.00155669,-0.00141687,-0.0002625,3092.1
0,5147738,3,phononTS,0.00138359,0.00380403,-0.00315286,0.000262498,95.2778,0.000458098,1,0.003734,-0.00322038,-0.0002625,250.302
0,5175191,8,phononTF,0.000451007,-0.000998674,0.00100406,0.000262498,6507.01,0.000451007,1,-0.00101078,0.00100043,-0.0002625,6663.92
0,5181723,6,phononTS,0.000635031,0.0024634,-0.0033605,-0.0002625,150.512,0.000382,1,0.00100398,-0.00299853,0.0002625,1319.06
0,5219522,7,phononTS,0.00105788,0.00200261,-0.00199663,0.000262498,1070.09,0.00105788,1,0.00247045,-0.00208422,-0.0002625,1330.54
0,5322499,8,phononTS,0.00048262,-0.00141256,-0.00206571,-0.0002625,1681.51,0.000382,1,-0.00199938,-0.00199608,0.0002625,2677.52
0,5332142,3,phononTS,0.00123934,0.00193782,6.56336e-05,-0.0002625,45.3487,0.000382,1,0.00200496,-1.85495e-06,0.0002625,2801.03
0,5332142,8,phononTS,0.000689681,0.00200496,-1.85495e-06,0.000262498,2801.03,0.000689681,1,0.00232802,0.000230772,-0.0002625,3066.55
0,5337018,8,phononTS,0.000724151,0.00207657,-0.00208275,-0.0002625,1521.13,0.000382,1,0.00199739,-0.00199501,0.0002625,2491.16
0,5342287,6,phononTF,0.000712877,-0.005,-0.00102511,-0.000109651,2635.53,0.000360738,1,-0.00424951,-0.00169171,-0.0002625,3935.39
0,5342287,2,phononTS,0.00269047,0.00271566,-0.000355053,0.000102536,2.04597,0.00162375,1,0.00233271,-0.000572998,-0.0002625,5893.77
0,5354097,7,phononTF,0.000407934,-0.00100097,0.000999702,0.0002625,3714.22,0.000407934,1,-0.00124206,0.00129413,-0.0002625,4099.6
0,5368178,7,phononL,0.000397777,0.00218787,-0.00310192,-0.0002625,412.298,0.000382,1,0.001001,-0.00300175,0.0002625,1136.59
0,5368178,4,phononTF,0.000962839,0.00412114,-0.00335961,0.000262498,158.264,0.000222104,1,0.00476807,-0.00265496,-0.0002625,483.556
0,5370053,10,phononTS,0.000611478,0.00199704,-0.00199783,0.000262498,2609.72,0.000611478,1,0.00207262,-0.00207227,-0.0002625,2764.93
0,5370053,4,phononTF,0.000468714,0.00381339,-0.00326553,0.000262498,42.4435,0.000468714,1,0.00372496,-0.00349031,-0.0002625,224.596
0,5407570,3,phononTS,0.00337405,0.00189987,-0.00200591,0.000103385,121.522,0.000764,1,0.00199773,-0.00199885,0.0002625,2710.57
0,5407570,5,phononTF,0.000400765,0.00199773,-0.00199885,0.000262498,2710.57,0.000400765,1,0.00182169,-0.00193469,-0.0002625,2883.33
0,5437200,9,phononTS,0.000788686,0.00199901,4.53045e-06,0.0002625,417.118,0.000690173,1,0.00108615,0.00140591,-0.0002625,2270.92
0,5437200,8,phononTF,0.000563552,0.00382472,-0.00279821,0.000262498,417.118,0.000563552,1,0.00372978,-0.00250375,-0.0002625,615.006
0,5446801,7,phononTS,0.000789435,0.00299198,-0.0003638,-0.0002625,197.293,0.000382,1,0.00200336,3.41261e-06,0.0002625,2267.29
0,5454014,10,phononTS,0.000590708,0.00198381,-0.00286433,-0.0002625,2198.65,0.000382,1,0.00199834,-0.00200081,0.0002625,3314.29
0,5454014,5,phononTS,0.000774977,0.00373743,-0.00328005,0.000262498,45.0304,0.000774977,1,0.00378381,-0.00322023,-0.0002625,216.103
0,5454014,4,phononTS,0.000927761,0.00373743,-0.00328005,0.000262498,45.0304,0.000927761,1,0.0036824,-0.00319914,-0.0002625,215.802
0,5470029,10,phononTS,0.000770199,0.00259982,-0.00325549,-0.000262498,1086.45,0.000382,1,0.00199799,-0.0020045,0.0002625,1635.36
0,5492808,8,phononTF,0.000456611,-3.06594e-07,0.00199654,0.000262498,3057.58,0.000456611,1,-0.000299667,0.00230493,-0.0002625,3260.24
0,5519990,2,phononL,0.00433412,0.0021334,-0.0020729,-9.65354e-05,35.9786,0.000382,1,0.00199901,-0.0020011,0.0002625,1251.47
0,5596832,10,phononTF,0.000664374,0.00100018,-0.00300424,0.000262498,9694.88,0.000664374,1,0.00104493,-0.00308625,-0.0002625,9855.42
0,5596832,4,phononTS,0.00183884,0.00351581,-0.00297206,0.000138355,490.045,0.000801346,1,0.00359612,-0.00253361,-0.0002625,747.27
0,5623332,8,phononTF,0.000578176,0.000696923,-0.00275424,-0.000262498,1772.76,0.000382,1,0.000997789,-0.00299561,0.0002625,1966.09
0,5623332,6,phononTS,0.00380836,0.00456528,-0.0039618,-0.000254645,234.437,0.00177798,1,0.00456657,-0.00396187,-0.0002625,712.921
0,5634697,8,phononTS,0.000754198,0.00248036,-0.00461997,-0.0002625,1658.88,0.000382,1,0.000996386,-0.00300196,0.0002625,2758.11
0,5634697,6,phononTS,0.00113352,0.00379264,-0.00323278,0.000262498,27.4165,0.000776305,1,0.00371315,-0.00320792,-0.0002625,193.581
0,5634697,5,phononL,0.000956624,0.00379264,-0.00323278,0.000262498,27.4165,0.000524758,1,0.00359631,-0.0028013,-0.0002625,160.423
0,5641157,6,phononTF,0.000733414,0.00203678,-4.86232e-05,-0.000262498,2497.01,0.000382,1,0.00199758,-1.64801e-06,0.0002625,2654.88
0,5687283,9,phononTS,0.000623413,4.24131e-06,-6.96512e-07,0.000262498,4243.22,0.000623413,1,-5.0532e-05,-0.000710803,-0.0002625,4579.65
0,5687283,6,phononTS,0.000683892,0.00377428,-0.00316107,0.000262498,397.669,0.000683892,1,0.00499356,-0.00167441,-0.0002625,1077.89
0,5687283,5,phononTF,0.000892359,0.00377428,-0.00316107,0.000262498,397.669,0.000892359,1,0.003683,-0.00305931,-0.0002625,559.933
0,5699443,7,phononTS,0.000530855,0.00100628,0.00189226,-0.0002625,242.98,0.000382,1,0.000996077,0.00100134,0.0002625,8107.98
0,5717227,6,phononTF,0.000777967,0.005,-0.00323393,-6.15886e-06,4684.59,0.000382,1,0.0010047,-0.00300421,0.0002625,6110.3
0,5717227,4,phononTS,0.00104401,0.00380748,-0.0032961,0.000262498,59.5931,0.00104401,1,0.0047733,-0.00356969,-0.0002625,491.996
0,5720989,8,phononTS,0.000518188,0.00100471,-0.00299561,0.000262498,4467.41,0.000518188,1,0.0010822,-0.0029199,-0.0002625,4621.95
0,5727397,12,phononTF,0.000417643,0.000997409,0.000998914,0.0002625,4321.34,0.000417643,1,0.00126439,0.00121632,-0.0002625,4694.64
0,5754478,11,phononTF,0.00107588,-3.95053e-06,-0.00199788,0.0002625,257.411,0.000525745,1,-0.00156958,-0.00093057,-0.0002625,2479.34
0,5832996,4,phononTS,0.000988223,0.00312797,0.000285146,-0.0002625,28.1163,0.000382,1,0.00299899,0.00100223,0.0002625,1978.8
0,5832996,3,phononTS,0.00415323,0.00377286,-0.00330029,0.000262498,28.1163,0.00353148,1,0.00384995,-0.00329518,-0.0002625,183.29
0,5835800,5,phononTF,0.00118848,0.00329641,-0.00286876,-0.0002625,138.348,0.000382,1,0.0009967,-0.00100449,0.0002625,1267.82
0,5835800,8,phononTS,0.000540831,-0.00486804,-0.005,-3.07103e-05,1267.82,0.000540831,1,-0.000820732,-0.00141923,-0.0002625,5263.14
0,5835800,4,phononTS,0.000503274,0.00367433,-0.00320573,0.000262498,138.348,0.000503274,1,0.000696637,-0.000736716,-0.0002625,1499.67
0,5843738,2,phononTS,0.000654094,0.000953139,0.00068911,-0.0002625,34.5738,0.000382,1,-2.15325e-07,0.00199998,0.0002625,2405.21
0,5859646,8,phononTF,0.000473,-0.000422672,-0.00152126,-0.0002625,206.037,0.000382,1,2.24955e-06,-0.00200078,0.0002625,3507.72
0,5860181,7,phononTS,0.000675489,-4.86621e-06,-2.12799e-07,0.0002625,649.295,0.000675489,1,-0.000700635,0.000708814,-0.0002625,3304.39
0,5889489,6,phononTS,0.00169542,0.00154259,-0.00310642,-0.0002625,1268.69,0.000764,1,0.000998427,-0.00300338,0.0002625,2386.63
0,5889489,5,phononTS,0.00120509,0.00317507,-0.00341555,0.000262498,1268.69,0.000767074,1,0.00309735,-0.00341253,-0.0002625,1431.31
0,5891448,11,phononTS,0.000529433,-0.005,0.000650526,-1.5431e-05,189.928,0.000382,1,-0.000996572,0.000996135,0.0002625,7043.44
0,5891448,10,phononTS,0.00106927,0.00324207,-0.00349208,0.000262498,189.928,0.000848094,1,0.00230838,-0.00347933,-0.0002625,583.514
0,5891448,9,phononTF,0.0017826,0.00324207,-0.00349208,0.000262498,189.928,0.00155552,1,0.00320699,-0.00344664,-0.0002625,347.977
0,5893372,8,phononTS,0.000405125,-0.000996657,0.00100051,0.000262498,9651.01,0.000405125,1,-0.000281787,0.00109171,-0.0002625,9982.2
0,5895702,4,phononL,0.00134529,-0.00300412,-0.000997548,0.0002625,2.44873,0.00134529,1,-0.00272179,-0.00201174,-0.0002625,5816.41
0,5895702,3,phononTS,0.00113693,0.00378212,-0.0032577,0.000262498,2.44873,0.00113693,1,0.00370474,-0.00333731,-0.0002625,177.578
0,5895702,2,phononTS,0.000521627,0.00378212,-0.0032577,0.000262498,2.44873,0.000521627,1,0.00382485,-0.00334025,-0.0002625,160.043
0,6007163,2,phononL,0.00133998,0.000938697,-0.00229525,-0.0002625,84.4741,0.000382,1,4.26783e-06,-0.00199589,0.0002625,925.293
0,6007163,7,phononTS,0.000813186,4.26783e-06,-0.00199589,0.000262498,925.293,0.000813186,1,0.000922403,-0.00184062,-0.0002625,1306.34
0,6016294,7,phononTS,0.00039517,0.00196389,-0.00194219,-0.000262498,1352.99,0.000382,1,0.00200055,-0.00200259,0.0002625,1522.54
0,6049183,7,phononTS,0.00103166,0.000237776,0.000176746,-0.0002625,201.419,0.000764,1,-2.98119e-06,3.35845e-06,0.0002625,4386.22
0,6051305,3,phononTS,0.00266233,0.00433072,-0.00361991,-0.000194739,59.7178,0.000382,1,-9.42477e-07,1.80022e-06,0.0002625,2032.23
0,6051305,4,phononTS,0.00179873,-9.42477e-07,1.80022e-06,0.000262499,2032.23,0.00179873,1,-4.8607e-05,0.000698171,-0.0002625,2352.97
0,6052881,6,phononTF,0.00132626,0.00120001,-0.00327812,-0.0002625,339.202,0.000382,1,-4.60054e-06,-0.0020011,0.0002625,2530.9
0,6081280,5,phononTS,0.00135099,0.00244535,-0.00230644,-0.0002625,16.7782,0.000764,1,0.00199753,-0.00199917,0.0002625,1241.02
0,6096930,4,phononTF,0.000883392,0.00236166,-0.00230338,-0.0002625,441.943,0.000382,1,0.0020019,-0.00199528,0.0002625,1283.46
0,6096930,2,phononTS,0.0034883,0.0038032,-0.00318451,0.000233628,156.615,0.00292061,1,0.00374981,-0.00323539,-0.0002625,320.276
0,6123380,5,phononTS,0.00114108,0.00120997,0.0018616,-0.0002625,151.995,0.000764,1,0.0020045,0.00200162,0.0002625,4316.56
0,6158164,4,phononTS,0.000425779,0.00072766,0.00175621,-0.0002625,15.3241,0.000382,1,-0.00100121,0.000998816,0.0002625,3241.34
0,6158164,3,phononTS,0.00135022,0.0037697,-0.00326092,0.000262498,15.3241,0.000547056,1,0.00379926,-0.00326207,-0.0002625,182.621
0,6190768,8,phononTS,0.000573956,-0.0030014,-0.000995971,0.0002625,7168.49,0.000573956,1,-0.0030869,-0.00104407,-0.0002625,7507.46
0,6210871,2,phononTF,0.00126718,0.0010496,-0.00294645,0.000124156,74.0735,0.000382,1,0.000998941,-0.00299765,0.0002625,1160.43
0,6240638,4,phononTS,0.00127043,0.00200161,3.24313e-07,0.0002625,255.201,0.00109189,1,0.0015391,0.000775944,-0.0002625,2313.96
0,6272297,7,phononTF,0.000586913,-0.000368334,0.000315423,-0.0002625,316.617,0.000382,1,4.07765e-06,3.11121e-06,0.0002625,3601.58
0,6280950,12,phononL,0.000499175,0.0029984,0.000995264,0.0002625,10758.5,0.000499175,1,0.00302046,0.00165209,-0.0002625,11375.9
0,6358732,9,phononTF,0.000432857,0.0027719,0.000762631,-0.000262498,4909.59,0.000382,1,0.00299729,0.000995524,0.0002625,5097.02
0,6358732,5,phononL,0.00213216,0.00355609,-0.0032967,0.000262498,446.644,0.000645811,1,0.00398345,-0.00365672,-0.0002625,591.394
0,6361788,7,phononTS,0.000425241,4.82611e-06,-0.00200199,0.0002625,5894.45,0.000425241,1,8.01629e-05,-0.00207309,-0.0002625,6203.85
0,6361788,2,phononL,0.00281067,0.00377378,-0.003201,0.000262498,101.824,0.00228892,1,0.00265738,-0.0047086,-0.0002625,498.44
0,6386617,5,phononL,0.00139093,0.00310798,-0.00473683,-0.0002625,358.448,0.000382,1,0.00200006,-0.0019998,0.0002625,1500.74
0,6395646,5,phononTS,0.000520023,0.0020034,-0.002,0.000262498,2507.24,0.000520023,1,0.00340062,-0.00230616,-0.0002625,3066.97
0,6447077,7,phononTS,0.000488464,-0.00194709,-0.001933,-0.0002625,1545.37,0.000382,1,-0.00200171,-0.00200494,0.0002625,5265.19
0,6525007,5,phononTS,0.0022208,0.00273857,0.00132924,-2.66003e-05,652.339,0.001146,1,0.00200006,-3.25241e-06,0.0002625,2848.48
0,6532708,9,phononTS,0.000515966,0.0014282,-0.00185048,-0.0002625,210.392,0.000382,1,1.70762e-06,4.26488e-06,0.0002625,3150.77
0,6538390,6,phononTF,0.000560392,0.00255224,-0.00437054,-0.0002625,130.472,0.000382,1,0.00100469,-0.00299993,0.0002625,1455.09
0,6538390,4,phononTS,0.00422711,0.00280698,-0.0027303,-0.000134802,113.925,0.00315027,1,0.00279109,-0.00273812,-0.0002625,603.491
0,6538390,2,phononTF,0.00278516,0.00373466,-0.00326411,0.000253275,104.297,0.00191889,1,0.00321979,-0.00374155,-0.0002625,365.87
0,6575398,2,phononTS,0.000574406,0.000190016,0.00143995,-0.0002625,8.86849,0.000382,1,-0.00100429,0.00300167,0.0002625,2807.05
0,6580775,2,phononTS,0.000986749,-0.000990278,-0.00195763,-0.0002625,47.9284,0.000382,1,-0.00299621,-0.000998782,0.0002625,4107.5
0,6608946,7,phononTF,0.000645158,0.00200092,-0.00199521,0.000262498,2406.59,0.000645158,1,0.00225973,-0.001585,-0.0002625,2637.62
0,6608946,3,phononTF,0.00130957,0.00380587,-0.00322897,0.000262498,39.9756,0.00130957,1,0.0035174,-0.00290711,-0.0002625,242.76
0,6619104,11,phononTS,0.000696885,0.00307911,0.000871089,-0.0002625,277.072,0.000382,1,0.00300162,0.000996715,0.0002625,3708.46
0,6632670,3,phononTS,0.000782192,-0.000526397,-0.00200755,-0.0002625,50.5787,0.000382,1,-0.000996603,-0.00100426,0.0002625,3167.71
0,6632670,2,phononTF,0.000403008,0.00386321,-0.0032623,0.000262498,50.5787,0.000403008,1,0.00471255,-0.00405478,-0.0002625,431.598
0,6647278,8,phononL,0.000602006,0.00200016,2.92165e-07,0.000262498,3423.13,0.000602006,1,0.00200802,-0.00040229,-0.0002625,3548.47
0,6653690,2,phononTS,0.000537417,0.00240435,-3.01423e-06,-0.0002625,42.7144,0.000382,1,0.000995711,0.00100126,0.0002625,5881.91
0,6673223,6,phononTF,0.000539829,-0.0019993,0.00199998,0.0002625,215.157,0.000539829,1,-0.00158194,0.00150362,-0.0002625,6489.63
0,6682668,8,phononTF,0.000538593,-0.00204872,0.00196463,-0.0002625,4026.54,0.000382,1,-0.00199964,0.0020026,0.0002625,4922.64
0,6686799,4,phononTF,0.00135591,0.00240393,-0.00234106,-0.0002625,7.28107,0.000382,1,0.00199565,-0.00200331,0.0002625,1593.59
0,6686799,3,phononTF,0.00210858,0.00378347,-0.00324339,0.000262498,7.28107,0.000914934,1,0.0041641,-0.00291747,-0.0002625,223.589
0,6687665,10,phononTS,0.000563908,0.00100213,-0.00100454,0.000262498,2308.12,0.000563908,1,0.00103565,-0.00109148,-0.0002625,2485.25
0,6731080,3,phononTS,0.000607946,-0.000923297,0.00136092,-0.0002625,50.4393,0.000382,1,-0.0029997,-0.00100083,0.0002625,5013.72
0,6731080,2,phononTF,0.000882905,0.00381329,-0.00322655,0.000262498,50.4393,0.000247822,1,0.00345846,-0.0027983,-0.0002625,277.24
0,6767359,9,phononTF,0.000483644,0.00100135,-0.000998344,0.000262498,2516.37,0.000483644,1,0.000837487,-0.00116454,-0.0002625,2689.4
0,6839076,9,phononTS,0.000564781,0.00339593,0.00107322,-0.0002625,739.5,0.000382,1,0.00300355,0.00100073,0.0002625,7087.62
0,6882593,10,phononTS,0.000715112,0.00153607,-0.00201263,-0.000262498,2537.31,0.000382,1,0.00200101,-0.00199679,0.0002625,2782.95
0,6898616,12,phononTF,0.000461682,0.00374905,-0.00348217,-0.000262498,297.8,0.000382,1,0.00100099,-0.00100066,0.0002625,1422.2
0,6917908,8,phononTF,0.000630043,-0.000523996,0.005,3.99101e-05,1736.46,0.000382,1,-0.00100465,0.00100201,0.0002625,10805.8
0,6948335,13,phononTF,0.000452503,0.00282392,-0.00288924,-0.0002625,3107.76,0.000382,1,-1.19632e-06,1.04206e-06,0.0002625,5714.56
0,6961018,8,phononTS,0.00133823,0.00261824,-0.00192001,-0.0002625,197.16,0.000382,1,0.00199844,-0.00200354,0.0002625,5596.29
0,6961018,11,phononTF,0.000519293,0.00199844,-0.00200354,0.000262498,5596.29,0.000519293,1,0.00180842,-0.00179892,-0.0002625,5773.86
0,6993969,10,phononTS,0.000678505,0.00200197,-0.00199516,0.000262498,2764.43,0.000678505,1,0.00150957,-0.0017158,-0.0002625,3075.75
0,7056828,15,phononTS,0.000440293,-0.00040592,-0.003655,-0.000262498,3791.15,0.000382,1,0.000996387,-0.000996931,0.0002625,4925.04
0,7083961,4,phononTS,0.00179095,0.00100272,-0.00300173,0.000257558,1169.45,0.000382,1,0.00100213,-0.00300243,0.0002625,1172.83
0,7086172,12,phononTS,0.000495977,-0.000224029,-0.00136384,-0.0002625,9044.16,0.000382,1,1.87185e-06,-0.00199502,0.0002625,13489.6
0,7089924,4,phononTS,0.00136264,0.00309702,-0.005,-0.000184496,3.52009,0.000764,1,0.000999459,-0.00299863,0.0002625,1563
0,7128453,8,phononL,0.00075503,0.00200488,-0.00199818,0.000262498,6501.98,0.00075503,1,0.00222022,-0.00125529,-0.0002625,6676.04
0,7173275,6,phononTF,0.000583426,-0.005,0.00311324,-6.24862e-05,29.4159,0.000382,1,0.00199936,0.00199783,0.0002625,6942.17
0,7173275,5,phononTS,0.00139502,0.00374441,-0.00323265,0.000262498,29.4159,0.000581713,1,0.00355976,-0.00326548,-0.0002625,227.882
0,7193713,5,phononTF,0.000940163,0.0028786,-0.00280953,-0.0002625,1453.73,0.000382,1,0.00200301,-0.00199587,0.0002625,2232.42
0,7193713,4,phononTS,0.00175387,0.00375419,-0.00362319,0.000262498,1453.73,0.000391005,1,0.00284734,-0.00377117,-0.0002625,1831.79
0,7197818,8,phononTS,0.000547596,0.00100033,-0.00299952,0.000262498,5975.78,0.000547596,1,0.00101126,-0.00305786,-0.0002625,6140.47
0,7248958,8,phononTS,0.000524729,0.000995095,-0.00100366,0.000262498,1795.73,0.000524729,1,0.00177589,-0.00103486,-0.0002625,2139.51
0,7248958,5,phononTF,0.000518529,0.00377875,-0.00325118,0.000262498,2.15328,0.000518529,1,0.00434827,-0.00375268,-0.0002625,277.008
0,7289776,7,phononTS,0.000396363,0.00108858,-0.00138536,-0.0002625,515.71,0.000382,1,0.00100143,-0.00100258,0.0002625,5198.68
0,7295512,6,phononL,0.000404655,0.00199913,-0.00199651,0.0002625,311.895,0.000404655,1,0.0011527,-0.00167342,-0.0002625,906.787
0,7312708,2,phononL,0.00100573,0.00169583,-0.00306452,-0.0002625,3.10738,0.000382,1,0.00100319,-0.00300079,0.0002625,643.073
0,7330971,12,phononTS,0.000580976,0.000998614,-0.00300467,0.0002625,2739.52,0.000580976,1,0.00109286,-0.00315162,-0.0002625,3499.34
0,7330971,2,phononTS,0.00333104,0.00381286,-0.0029224,-0.000111853,66.4451,0.00243209,1,0.00379391,-0.00291184,-0.0002625,760.59
0,7351770,6,phononTF,0.000400381,-0.00219599,0.00160163,-0.0002625,148.745,0.000382,1,-0.00199996,0.0020043,0.0002625,2837.2
0,7353177,10,phononTS,0.000580843,0.00100377,-0.000999305,0.000262498,1706.8,0.000580843,1,0.000961228,-0.00106201,-0.0002625,1864.67
0,7378524,9,phononTS,0.000587573,0.0020889,-3.51086e-05,-0.000262498,13994.3,0.000382,1,0.00199841,-2.96045e-06,0.0002625,14152.6
0,7404682,10,phononTS,0.000828658,0.000887451,-0.00375742,-0.0002625,460.125,0.000382,1,0.000997363,-0.00300254,0.0002625,2159.05
0,7425022,7,phononTF,0.00326172,0.00200326,-1.25261e-06,0.0002625,1022.17,0.00241598,1,0.00222652,0.000265535,-0.0002625,2598.02
0,7453426,5,phononTS,0.000495365,0.000989559,-0.00297459,-0.0002625,1.42296,0.000382,1,0.00100174,-0.00300052,0.0002625,1331.28
0,7453426,4,phononL,0.00101599,0.00378016,-0.00325469,0.000262498,1.42296,0.000886701,1,0.00384755,-0.00280563,-0.0002625,131.564
0,7453426,3,phononTF,0.00119009,0.00378016,-0.00325469,0.000262498,1.42296,0.00119009,1,0.00375073,-0.00302094,-0.0002625,184.911
0,7453426,2,phononTF,0.00108979,0.00378016,-0.00325469,0.000262498,1.42296,0.000625861,1,0.00349858,-0.0035591,-0.0002625,202.859
0,7457199,8,phononTF,0.000514426,0.00199858,-0.00199831,0.000262498,3283.58,0.000514426,1,0.00229901,-0.00223702,-0.0002625,3486.15
0,7496472,5,phononTF,0.000557654,-0.000815164,0.000853073,-0.0002625,3337.24,0.000382,1,-0.000996035,0.000995171,0.0002625,4043.77
0,7509327,7,phononTS,0.000615859,-0.000997483,0.00299989,0.0002625,6986.35,0.000615859,1,-0.00099811,0.00324935,-0.0002625,8198.48
0,7531491,8,phononTS,0.000821978,-0.001999,-0.00199646,0.000262498,3106.27,0.00079928,1,-0.00180238,-0.00294324,-0.0002625,3515.15
0,7531491,4,phononTS,0.00135182,0.0038726,-0.00329367,0.000262498,70.825,0.00065274,1,0.00371562,-0.00409181,-0.0002625,429.645
0,7578116,8,phononTS,0.000591637,-0.00200443,4.67268e-07,0.0002625,6286.72,0.000591637,1,-0.00194911,7.13657e-05,-0.0002625,6973.08
0,7582661,5,phononTS,0.00129926,0.00200002,-4.36182e-06,0.0002625,25.444,0.00105659,1,0.00192546,-3.35581e-05,-0.0002625,4317.83
0,7630161,8,phononTS,0.000553062,0.00351006,-0.00213278,-0.0002625,581.105,0.000382,1,0.00200017,-0.00200264,0.0002625,1862.62
0,7630161,7,phononTS,0.000982295,0.00494695,-0.00228863,0.000262498,581.105,0.000972009,1,0.00391198,-0.00198525,-0.0002625,1025.76
0,7636303,7,phononTF,0.0006155,0.00200241,-0.00200136,0.000262498,7966.81,0.0006155,1,0.00226809,-0.00177867,-0.0002625,8154.39
0,7636303,3,phononTF,0.00118235,0.00376736,-0.00327888,0.000262498,45.796,0.00118235,1,0.00394503,-0.00297935,-0.0002625,246.344
0,7637382,8,phononTF,0.000467795,0.00118301,-0.000811836,-0.000262498,2697.69,0.000382,1,0.00100205,-0.00100269,0.0002625,2873.07
0,7648325,5,phononTF,0.000609593,0.00199774,-0.00200463,0.000262498,1817.51,0.000609593,1,-0.000335385,-0.00300457,-0.0002625,2639.98
0,7712123,4,phononTS,0.000602043,0.00185175,-0.00292034,-0.0002625,134.455,0.000382,1,0.00100189,-0.00300452,0.0002625,2502.58
0,7716224,9,phononTS,0.00055626,-0.000997809,0.00300227,0.0002625,4755.92,0.00055626,1,-0.000966991,0.00305652,-0.0002625,5078.32
0,7740848,5,phononTF,0.00109603,-0.00160477,-0.000376963,-0.0002625,4.89327,0.000764,1,-0.0020046,1.44061e-06,0.0002625,4591.22
0,7778106,9,phononTS,0.000399516,0.00010273,-0.00252619,-0.0002625,210.589,0.000382,1,1.73432e-06,-0.00200025,0.0002625,3970.84
0,7778106,5,phononTS,0.00048655,0.00377409,-0.00325815,0.000262498,12.532,0.00048655,1,0.00379459,-0.00319402,-0.0002625,168.71
0,7832588,10,phononTF,0.000397093,0.00200186,-0.00200248,0.000262499,8743.36,0.000397093,1,0.00196234,-0.00226894,-0.0002625,8934.14
0,7832588,4,phononTS,0.000912909,0.00374225,-0.0032687,0.000262498,38.6427,0.000589488,1,0.00382487,-0.00271985,-0.0002625,320.403
0,7836814,6,phononTS,0.00114922,0.00187525,-0.00305357,-0.0002625,218.018,0.000382,1,0.000996778,-0.00300052,0.0002625,1512.21
0,7836814,5,phononL,0.000619896,0.00374981,-0.0032114,0.000262498,218.018,0.000619896,1,0.00326494,-0.00330828,-0.0002625,352.468
0,7836814,4,phononTS,0.00133464,0.00374981,-0.0032114,0.000262498,218.018,0.00116402,1,0.00373231,-0.00329074,-0.0002625,383.115
0,7872653,7,phononTF,0.00133905,-0.00199714,-0.00199801,0.000262498,4057.59,0.00133905,1,-0.00196456,-0.00203763,-0.0002625,4215.36
0,7875112,8,phononTS,0.000986017,-0.00200177,1.96537e-07,0.000262498,2538.01,0.000986017,1,-0.00206632,8.77176e-05,-0.0002625,2693.13
0,7880442,5,phononTS,0.00135571,-0.00210939,0.00103961,-0.0002625,226.98,0.000764,1,-0.00199543,0.0019956,0.0002625,8138.1
0,7880442,4,phononTS,0.000603174,0.00379294,-0.00322873,0.000262498,226.98,0.000603174,1,0.00406508,-0.0038316,-0.0002625,563.644
0,7880442,3,phononTS,0.000930414,0.00379294,-0.00322873,0.000262498,226.98,0.000765585,1,0.00307589,-0.00333369,-0.0002625,552.624
0,7883637,10,phononTS,0.000579472,0.00199706,-0.00200168,0.000262498,8668.76,0.000579472,1,0.00219749,-0.00175085,-0.0002625,8913.81
0,7885873,8,phononL,0.000479509,0.00168972,-0.00152144,-0.000262498,2268.68,0.000382,1,0.00200363,-0.00199904,0.0002625,2414.81
0,7894338,10,phononTS,0.000673494,-0.00199902,0.0019982,0.000262498,11683.8,0.000619918,1,-0.00202938,0.00183532,-0.0002625,11875.1
0,7974412,2,phononTS,0.00081593,-0.00371856,0.00164854,-0.0002625,5.42846,0.000382,1,-0.00200312,4.96653e-07,0.0002625,7556.52
0,7995270,5,phononTF,0.000541092,0.00182081,-0.00178125,-0.0002625,1817.27,0.000382,1,0.00200446,-0.00200243,0.0002625,2786.5
0,8094650,4,phononTF,0.000968245,-0.00343322,-0.00136627,-0.0002625,14.4572,0.000382,1,-0.00299815,-0.00100397,0.0002625,12451.9
0,8094650,3,phononTF,0.000417405,0.00380432,-0.00323711,0.000262498,14.4572,0.000417405,1,0.00294591,-0.00242769,-0.0002625,399.83
0,8108157,9,phononTS,0.00042207,0.00199542,-0.00199827,0.0002625,1104.5,0.00042207,1,0.00174754,-0.0020791,-0.0002625,1520.79
0,8138428,3,phononTF,0.00311006,0.00263042,-0.00455403,-0.0002625,19.7418,0.001528,1,0.00100107,-0.00300249,0.0002625,1504.81
0,8207078,5,phononTS,0.000931836,-0.000998697,-0.00100035,0.000262498,2494.57,0.000627381,1,-0.00105884,-0.000911347,-0.0002625,2672.6
0,8207078,2,phononTF,0.0012246,0.00378014,-0.00326162,0.000262498,13.7468,0.000765562,1,0.00359055,-0.0030691,-0.0002625,190.134
0,8209978,10,phononL,0.00106606,0.000300741,-0.00205556,-0.0002625,2979.94,0.000764,1,-3.83429e-06,-0.00200386,0.0002625,4047.23
0,8211717,8,phononL,0.000512766,-1.76041e-06,3.65462e-06,0.0002625,985.875,0.000512766,1,-0.000342555,-0.000330786,-0.0002625,2721.26
0,8221305,4,phononTS,0.000886835,-0.00296834,-0.000971237,-0.0002625,432.722,0.000382,1,-0.00300277,-0.00100184,0.0002625,15120.6
0,8221305,9,phononTS,0.000383878,-0.00300277,-0.00100184,0.000262498,15120.6,0.000383878,1,-0.00301642,-0.00108408,-0.0002625,15285.1
0,8237947,9,phononTS,0.000406291,0.00200008,-0.00200371,0.0002625,1392.19,0.000406291,1,0.000290577,-0.000315618,-0.0002625,3000.24
0,8237947,6,phononTS,0.000928644,0.005,-0.00193091,-0.000160384,874.086,0.000928644,1,0.00447529,-0.00148623,-0.0002625,2037.28
0,8237947,5,phononTS,0.00107687,0.00456384,-0.005,0.000224087,874.086,0.00104832,1,0.00448735,-0.00482853,-0.0002625,1509.73
0,8248154,12,phononTF,0.000437531,0.00199647,-0.00200304,0.000262498,1256.46,0.000437531,1,0.00122591,-0.00131837,-0.0002625,1600.54
0,8266265,6,phononL,0.000854441,0.000166279,0.000261602,-0.0002625,2626.7,0.000382,1,-3.73976e-06,1.1949e-06,0.0002625,2983.42
0,8266265,4,phononTF,0.00116344,0.00380385,-0.00313814,-0.000239841,18.2987,0.000570129,1,0.00377152,-0.00315873,-0.0002625,231.006
0,8282393,7,phononTS,0.000775171,0.00100451,-0.00299842,0.0002625,1283.89,0.000738996,1,-0.000776502,-0.00351601,-0.0002625,2678.88
0,8282393,3,phononTF,0.00160579,0.00378573,-0.00324134,0.000262498,97.7832,0.00084608,1,0.00409599,-0.0035975,-0.0002625,308.086
0,8288312,5,phononTS,0.00104816,-0.000366241,0.00431916,-0.0002625,1003.92,0.000382,1,0.00199794,0.00200435,0.0002625,7606.06
0,8309338,4,phononTF,0.00119742,0.00289936,-0.00162689,-0.0002625,90.4291,0.000382,1,0.00200393,-3.42466e-06,0.0002625,1311.34
0,8309338,10,phononTS,0.000580079,0.00200393,-3.42466e-06,0.000262498,1311.34,0.000460743,1,0.002029,0.000438562,-0.0002625,1569.65
0,8342700,3,phononL,0.0013715,0.000995355,-0.00299764,0.0002625,38.1015,0.0013715,1,0.00098691,-0.0032757,-0.0002625,1155.79
0,8363338,5,phononTS,0.000855291,0.0021782,-0.00308476,-0.0002625,1024.52,0.000382,1,0.00100277,-0.00300151,0.0002625,3428.73
0,8363338,6,phononTF,0.000433482,-0.000464562,-0.005,0.000104082,3428.73,0.000433482,1,-0.000473031,-0.00496661,-0.0002625,4287.67
0,8369584,8,phononTS,0.000551823,1.19699e-06,2.31012e-06,0.0002625,3656.26,0.000551823,1,4.16538e-05,-2.57172e-05,-0.0002625,3968.98
0,8375671,15,phononTS,0.000607595,-8.38431e-07,-0.00200465,0.000262498,3787.9,0.000607595,1,0.000164923,-0.00130207,-0.0002625,4134.92
0,8414539,7,phononTF,0.000590026,-0.00199899,0.00199916,0.000262499,9783.67,0.000590026,1,-0.0020993,0.00209098,-0.0002625,9945.95
0,8548391,4,phononTS,0.001393,0.00488774,-0.00170769,-0.0002625,20.9923,0.000382,1,1.82677e-06,0.00200034,0.0002625,3942.94
0,8548391,9,phononTS,0.000564468,1.82677e-06,0.00200034,0.000262498,3942.94,6.93296e-05,1,-7.07618e-05,0.00197343,-0.0002625,4117.66
0,8765583,3,phononTF,0.000547861,0.000229154,-0.00025514,-0.0002625,4.23617,0.000382,1,0.000999283,-0.00099751,0.0002625,2122.18
0,8765583,2,phononTF,0.001587,0.00372146,-0.00326193,0.000149918,4.23617,0.00141016,1,0.00323704,-0.00372435,-0.0002625,283.293
0,8776780,9,phononTS,0.000853335,0.00285983,-0.00245636,-0.0002625,278.224,0.000382,1,0.00199837,-0.00200459,0.0002625,1331.76
0,8777850,3,phononTS,0.000436141,0.00265752,0.000771245,-0.0002625,12.9024,0.000382,1,0.00199544,0.00200117,0.0002625,2294.56
0,8853343,7,phononTF,0.00103752,0.000997399,-0.00299894,0.000262498,1360.64,0.000673646,1,0.00124629,-0.00330901,-0.0002625,1556.03
0,8878700,10,phononTS,0.0011662,0.00187471,0.00207007,-0.0002625,594.627,0.000382,1,0.00200328,0.00200456,0.0002625,4232.58
0,8880927,12,phononL,0.000623053,0.00100154,-0.00300474,0.0002625,2312.84,0.000623053,1,0.000693767,-0.00345245,-0.0002625,6396.48
0,8899578,7,phononTF,0.000897019,-0.000303155,0.00223237,-0.000262498,4809.07,0.000382,1,-0.000999458,0.00299725,0.0002625,5155.07
0,8899578,4,phononTS,0.00128959,0.0037336,-0.00328432,0.000262498,40.6464,0.00110557,1,0.00372659,-0.00320076,-0.0002625,202.348
0,8899578,3,phononTS,0.0011857,0.0037336,-0.00328432,0.000262498,40.6464,0.00102854,1,0.0032434,-0.00332664,-0.0002625,309.818
0,8899578,2,phononTS,0.000523056,0.0037336,-0.00328432,0.000262498,40.6464,0.000523056,1,0.00366056,-0.00346347,-0.0002625,234.475
0,8910504,8,phononTS,0.00126759,0.00185837,-0.000386217,-0.0002625,1802.44,0.000382,1,0.00199974,-1.63032e-06,0.0002625,3425.51
0,8934048,9,phononTF,0.000703328,0.00207707,0.000112451,-0.0002625,1602.72,0.000382,1,0.00199547,-2.64318e-06,0.0002625,1931.36
0,8959189,7,phononTF,0.000386383,-0.00100363,-0.00100285,0.0002625,2200.08,0.000386383,1,-0.00141395,-0.000656443,-0.0002625,2646.27
0,8959189,3,phononTS,0.00290153,0.00377473,-0.00324043,0.000262498,18.3338,0.00290153,1,0.005,-0.00371777,-0.000145819,524.085
0,8994262,8,phononTS,0.00072173,-0.00113963,-0.000149308,-0.0002625,1875.17,0.000382,1,-0.00199673,1.10056e-06,0.0002625,2966.07
0,9000443,8,phononTS,0.000508554,-0.00152445,-0.00375356,-0.000262498,7157.06,0.000382,1,0.00200103,-0.00199877,0.0002625,8534.03
0,9005525,6,phononTS,0.00111197,0.000997556,-0.00300268,0.000262498,2840.43,0.00111197,1,0.00102275,-0.00308284,-0.0002625,3006.62
0,9005525,4,phononTF,0.000651264,0.00379884,-0.00326575,0.000262498,26.7163,0.000651264,1,0.00394204,-0.00342298,-0.0002625,195.857
0,9012501,9,phononTS,0.0008085,1.31098e-06,0.00200378,0.000262498,3331.73,0.000264634,1,2.99115e-05,0.00204099,-0.0002625,3511.55
0,9055542,6,phononTS,0.000638298,-7.55887e-07,3.29342e-06,0.0002625,1922.3,0.000638298,1,-9.1783e-05,-0.000436949,-0.0002625,2463.07
0,9092194,7,phononTS,0.00163673,0.00337204,-0.00030449,-0.0002625,273.203,0.000764,1,-0.000996368,0.00299935,0.0002625,3550.25
0,9102055,8,phononTS,0.000410086,0.00196901,-0.000198599,-0.0002625,2140.65,0.000382,1,0.00200419,-1.10508e-06,0.0002625,2542.38
0,9123720,5,phononTF,0.00118825,0.000462647,-0.000382275,-0.0002625,673.862,0.000382,1,3.44637e-06,1.72515e-06,0.0002625,2563.26
0,9142792,7,phononTS,0.000523728,0.00301569,-0.0030147,-0.000262498,628.222,0.000382,1,-2.59473e-06,1.50324e-06,0.0002625,2011
0,9171964,5,phononTF,0.000574961,0.00300387,0.0010045,0.0002625,76.0573,0.000574961,1,0.00226257,0.000212289,-0.0002625,4457.41
0,9201331,11,phononTS,0.000490888,0.000840343,-0.005,-1.47014e-05,1608.1,0.000382,1,0.001998,-0.0019989,0.0002625,11344.9
0,9215397,3,phononTS,0.000885924,0.005,-0.00290491,-0.000169189,11.7862,0.000382,1,0.0019968,0.00199603,0.0002625,2728.92
0,9215397,2,phononTS,0.00124652,0.00378699,-0.00324941,0.000262498,11.7862,0.000845667,1,0.00381127,-0.00317265,-0.0002625,166.922
0,9286517,8,phononTF,0.000464376,0.00199556,8.00156e-07,0.000262498,2594.39,0.000464376,1,0.00232349,5.60801e-05,-0.0002625,2800.45
0,9286517,4,phononTS,0.0012812,0.00499234,-0.0032075,0.000262498,780.975,0.000759336,1,0.00498533,-0.00329309,-0.0002625,942.552
0,9286517,9,phononL,0.000521867,0.005,-0.00325811,-0.000238789,942.552,0.000521867,1,0.0049884,-0.00322799,-0.0002625,958.509
0,9286517,2,phononTF,0.00572717,0.00333882,-0.0035572,-0.000206668,148.783,0.00371772,1,0.00330001,-0.003594,-0.0002625,1123.4
0,9299817,6,phononL,0.000418147,0.000993444,0.000871949,-0.0002625,490.283,0.000382,1,-0.000999998,0.00300147,0.0002625,2557.54
0,9299817,4,phononL,0.00121731,0.00376654,-0.00323697,0.000262498,15.1785,0.00073778,1,0.00356219,-0.0032794,-0.0002625,128.799
0,9306033,7,phononTS,0.000579008,0.00162317,-0.00297116,-0.0002625,326.461,0.000382,1,0.000999752,-0.00299924,0.0002625,2049.27
0,9306033,5,phononL,0.00223544,0.00375114,-0.00330044,0.000262498,172.071,0.00215156,1,0.00404798,-0.00374773,-0.0002625,313.413
0,9366260,7,phononTS,0.00106048,-0.00100182,0.000995029,0.0002625,1430.78,0.00057881,1,-0.00107535,0.00118437,-0.0002625,5116.72
0,9410158,6,phononTF,0.000630125,-0.000119495,0.00179295,-0.0002625,3092.12,0.000382,1,-0.000995358,0.00100482,0.0002625,5062.71
0,9432521,7,phononTS,0.000415935,0.000867716,-0.00220058,-0.0002625,1276.92,0.000382,1,-0.000996608,-0.00100073,0.0002625,4045.76
0,9488194,12,phononTS,0.00046977,2.91507e-07,0.001995,0.000262498,9105.82,0.00046977,1,7.98744e-05,0.00157891,-0.0002625,9368.91
0,9496239,3,phononTF,0.00258155,0.00299204,0.00100575,0.000251335,2.97016,0.001146,1,0.00299853,0.000998142,0.0002625,4233.95
0,9538592,9,phononTF,0.00044437,0.00299516,0.000998833,0.000262498,5180.57,0.00044437,1,0.00374067,0.000329515,-0.0002625,5517.29
0,9619668,6,phononTS,0.000442875,0.00200079,2.26223e-06,0.0002625,1188.38,0.000442875,1,0.00208602,-7.79103e-05,-0.0002625,3032.38
0,9620718,10,phononTF,0.000407865,-0.000999908,0.0030024,0.000262498,14860.5,0.000407865,1,-0.000791633,0.00277822,-0.0002625,15043.3
0,9629658,5,phononTS,0.00134272,0.005,-0.00407443,2.72561e-05,9.53704,0.000382,1,0.00100498,0.000998109,0.0002625,3911.63
0,9639813,8,phononTS,0.000501435,0.000626419,-0.000466308,-0.0002625,3080.78,0.000382,1,-0.000996701,0.00299733,0.0002625,8504.36
0,9654598,9,phononTF,0.000629483,-0.0018282,-0.000106747,-0.0002625,945.688,0.000382,1,-0.0020021,-2.61551e-06,0.0002625,7899.8
0,9654598,8,phononTF,0.000742497,0.00373948,-0.00400382,0.000262498,945.688,0.000742497,1,0.00392228,-0.0038155,-0.0002625,1121.02
0,9668079,7,phononTS,0.000389809,0.00199661,-0.00200436,0.000262498,782.531,0.000389809,1,0.00140196,-0.00172659,-0.0002625,1118.07
0,9668079,2,phononL,0.000770563,0.00379036,-0.00324309,0.000262498,3.48049,0.000770563,1,0.00356237,-0.00398594,-0.0002625,178.388
0,9677936,12,phononTS,0.0004437,-0.00014229,0.00121697,-0.0002625,5574.39,0.000382,1,-0.00200473,0.00199873,0.0002625,7842.43
0,9726402,4,phononTS,0.000419049,-0.00200141,-1.6785e-06,0.0002625,30.4138,0.000419049,1,-0.000414092,0.000453113,-0.0002625,5563.31
0,9773995,8,phononTF,0.001212,-2.12384e-06,3.26039e-06,0.000262498,2627.14,0.000765475,1,-0.000261112,0.000217658,-0.0002625,2812.85
0,9786379,7,phononTS,0.00080663,0.00200184,-4.8706e-05,-0.000262498,2852.87,0.000382,1,0.00199875,1.77138e-06,0.0002625,3016.6
0,9798561,5,phononTS,0.00055195,-0.00300486,-0.00100392,0.0002625,41.4469,0.00055195,1,-0.00226099,-0.000923608,-0.0002625,3265.06
0,9798561,4,phononTS,0.000520279,0.00376464,-0.00321178,0.000262498,41.4469,0.000520279,1,0.00298225,-0.00319405,-0.0002625,388.116
0,9798561,3,phononTS,0.000435022,0.00376464,-0.00321178,0.000262498,41.4469,0.000435022,1,0.00403136,-0.00179356,-0.0002625,603.294
0,9800082,6,phononTS,0.000513715,0.0017021,-0.00221831,-0.000262498,1142.98,0.000382,1,0.000996687,-0.000997686,0.0002625,1711.27
0,9800082,2,phononTS,0.000436855,0.00378561,-0.00323176,0.000262498,32.5677,0.000436855,1,0.00374431,-0.00282102,-0.0002625,289.788
0,9875591,3,phononL,0.00353675,0.00242801,-0.0019757,-0.000199224,155.678,0.000764,1,0.00199573,-0.00200368,0.0002625,898.564
0,9875591,5,phononTS,0.00114505,0.00199573,-0.00200368,0.000262499,898.564,0.00114505,1,0.00194106,-0.00226534,-0.0002625,1111.52
0,9971755,5,phononTF,0.000978004,-0.000156063,-0.00216289,-0.0002625,3704.43,0.000382,1,-1.65599e-07,-0.00199987,0.0002625,4216.47
0,9981859,10,phononTF,0.000840059,0.00199704,-0.00200089,0.000262498,2227.89,0.000840059,1,0.00207285,-0.00191391,-0.0002625,2388.54
