Run ID,Event ID,Track ID,Particle Name,Start Energy [eV],Start X [m],Start Y [m],Start Z [m],Start Time [ns],Energy Deposited [eV],Track Weight,End X [m],End Y [m],End Z [m],Final Time [ns]
0,30869,2,phononTS,0.00221767,0.00210916,-0.00144449,-0.0002625,89.7165,0.000382,1,-0.00199608,0.00199562,0.0002625,4343.12
0,63733,6,phononTS,0.000867816,-0.00145722,-0.00336867,-0.0002625,40.9781,0.000382,1,-0.00200127,-0.00199624,0.0002625,2625.2
0,63733,5,phononTF,0.000898229,-0.000918931,-0.00399492,0.000262498,40.9781,0.000898229,1,-0.00104827,-0.00408164,-0.0002625,207.114
0,63733,4,phononL,0.000676297,-0.000918931,-0.00399492,0.000262498,40.9781,0.000676297,1,-0.000776908,-0.00471311,-0.0002625,207.288
0,63733,3,phononL,0.00110036,-0.000918931,-0.00399492,0.000262498,40.9781,0.00110036,1,-0.000798498,-0.00446025,-0.0002625,174.104
0,63733,2,phononTF,0.000505773,-0.000918931,-0.00399492,0.000262498,40.9781,0.000505773,1,-0.000911524,-0.00396564,-0.0002625,198.273
0,95852,8,phononTS,0.000631762,-3.83106e-06,-0.00200017,0.000262498,1996.71,0.000631762,1,8.24554e-05,-0.00197553,-0.0002625,2162.59
0,106910,7,phononTF,0.000405362,4.87311e-06,-4.86185e-06,0.000262498,2205.47,0.000405362,1,-0.00027307,0.000219311,-0.0002625,2394.11
0,106910,4,phononTS,0.00078082,-0.000891527,-0.00405346,0.000262498,364.721,0.000682849,1,-0.00155502,-0.0039094,-0.0002625,679.089
0,113452,8,phononL,0.000564863,0.00100256,0.000996155,0.0002625,3540.34,0.000564863,1,0.00097553,0.000176985,-0.0002625,4281.32
0,128413,10,phononTS,0.000479344,-0.005,-0.000941969,-4.60764e-05,2161.3,0.000382,1,-0.00099905,0.00300457,0.0002625,5444.06
0,138926,7,phononTS,0.000566731,-0.000243894,-0.0024786,-0.0002625,160.441,0.000382,1,2.12822e-06,-0.00200125,0.0002625,1369.06
0,144614,2,phononTF,0.00405696,-0.000599612,-0.00256565,-0.000194932,445.669,0.000382,1,1.3455e-06,-0.00200274,0.0002625,1651.08
0,154790,6,phononTS,0.000677137,0.00100022,0.000998232,0.000262498,2776.76,0.000558044,1,0.00116167,9.17097e-05,-0.0002625,3154.19
0,154983,3,phononTS,0.00127846,-0.0011291,0.00418014,-0.0002625,10.2479,0.000382,1,-0.00199943,0.00199872,0.0002625,7217.15
0,154983,4,phononTS,0.000567303,-0.00199943,0.00199872,0.000262498,7217.15,0.000567303,1,-0.00194253,0.00201796,-0.0002625,7373.13
0,154983,2,phononTF,0.000438549,-0.000928271,-0.00395115,0.000262498,10.2479,0.000438549,1,-0.00107737,-0.00407825,-0.0002625,177.457
0,177910,6,phononTS,0.000960375,0.000988635,-0.00392826,-0.0002625,2324.11,0.000382,1,0.00100441,-0.00300046,0.0002625,3771.79
0,180387,7,phononTS,0.000391364,0.00119915,-0.00107539,-0.000262498,1651,0.000382,1,0.00100148,-0.00100249,0.0002625,1864.86
0,180387,4,phononTF,0.000747032,-0.000950486,-0.00383086,0.000262498,340.799,0.000375596,1,-0.00175256,-0.00298365,-0.0002625,722.632
0,184465,10,phononTS,0.000537667,0.00199525,-1.3447e-06,0.0002625,3103.8,0.000537667,1,0.00191285,1.34046e-05,-0.0002625,3425.41
0,200522,3,phononTS,0.000909578,-0.00303215,-0.0015578,-0.0002625,18.5955,0.000382,1,-0.00300081,-0.00100308,0.0002625,1422.74
0,206568,5,phononL,0.000951017,-4.82307e-05,-0.00232148,-0.0002625,871.647,0.000382,1,3.10029e-06,-0.00199566,0.0002625,1231.4
0,253385,3,phononTS,0.000413833,0.000955458,-0.00243664,-0.0002625,31.3946,0.000382,1,0.00200401,-0.00199607,0.0002625,2055.88
0,253385,2,phononTF,0.000725114,-0.000899913,-0.00391236,0.000262498,31.3946,0.000725114,1,-0.00106386,-0.00395646,-0.0002625,201.999
0,268877,5,phononL,0.000964492,1.04432e-06,-0.00199536,0.0002625,14.9187,0.000964492,1,-0.000451161,-0.00330892,-0.0002625,4392.52
0,268877,4,phononTS,0.00124608,-0.00096724,-0.00393965,0.000262498,14.9187,0.00123129,1,0.000704071,-0.000660842,-0.0002625,1304.74
0,268877,3,phononTS,0.000606043,-0.00096724,-0.00393965,0.000262498,14.9187,0.000606043,1,-0.00158324,-0.00384016,-0.0002625,311.795
0,268877,2,phononTF,0.000925534,-0.00096724,-0.00393965,0.000262498,14.9187,0.000587893,1,0.0039431,-0.00423818,-0.0002625,1586.33
0,333650,8,phononTS,0.000767109,1.99304e-06,-0.0019999,0.0002625,452.157,0.000767109,1,7.8868e-05,-0.00192441,-0.0002625,1529.69
0,333650,5,phononTS,0.000494334,-0.000963882,-0.00390801,0.000262498,103.805,0.000494334,1,-0.000822409,-0.00359568,-0.0002625,351.767
0,333650,4,phononTS,0.00182887,-0.000963882,-0.00390801,0.000262498,103.805,0.000703888,1,-0.00103259,-0.00406925,-0.0002625,294.16
0,333758,2,phononTF,0.00185036,-0.00229449,-0.00230071,-0.0002625,18.8361,0.000382,1,-0.00199528,-0.00200474,0.0002625,3149.03
0,333758,7,phononTS,0.00141081,-0.00199528,-0.00200474,0.000262498,3149.03,0.000988168,1,-0.00191518,-0.00197634,-0.0002625,3308.36
0,364463,4,phononTS,0.00111333,-0.000713027,-0.00137145,-0.0002625,3.67756,0.000382,1,-0.00200374,4.0201e-06,0.0002625,2868.13
0,364463,3,phononTF,0.000849308,-0.000917834,-0.00394022,0.000262498,3.67756,0.000616896,1,-0.000568001,-0.00430873,-0.0002625,224.407
0,364463,2,phononTF,0.000686518,-0.000917834,-0.00394022,0.000262498,3.67756,0.000686518,1,-0.00095286,-0.00382152,-0.0002625,167.897
0,372909,4,phononTF,0.000811508,-0.00208404,-0.005,5.21595e-05,3.48616,0.000382,1,-0.00300117,-0.00100192,0.0002625,1757.77
0,372909,3,phononTF,0.00125179,-0.000914204,-0.00394201,0.000262498,3.48616,0.00125179,1,-0.00121486,-0.00397891,-0.0002625,202.462
0,377155,5,phononTS,0.00120802,0.000690817,-0.00289241,-0.0002625,61.3385,0.000764,1,0.000996411,-0.00299931,0.0002625,1305.24
0,377155,4,phononTF,0.000867188,-0.000924154,-0.00393766,0.000262498,61.3385,0.000867188,1,-0.000905444,-0.00375162,-0.0002625,235.514
0,377155,3,phononTS,0.0012019,-0.000924154,-0.00393766,0.000262498,61.3385,0.0012019,1,-0.00270951,-0.00192209,-0.0002625,1043.47
0,433992,6,phononTS,0.00117382,4.94569e-05,-0.00206157,-0.0002625,1056.66,0.000764,1,-2.53717e-06,-0.00199931,0.0002625,1569.08
0,433992,2,phononTS,0.00507454,-0.00156689,-0.00393488,-0.000229008,64.2905,0.00324608,1,-0.00158857,-0.0039298,-0.0002625,1059.63
0,444758,9,phononTS,0.000462108,-0.00199538,0.00200137,0.000262498,4018.06,0.000462108,1,-0.00281222,0.00193151,-0.0002625,4378.14
0,469617,8,phononTS,0.000414679,0.00104144,-0.00104224,-0.000262498,3465.83,0.000382,1,0.00100337,-0.00100394,0.0002625,3622.14
0,478832,7,phononTS,0.000550121,4.19578e-06,-0.00199858,0.000262498,8466.88,0.000550121,1,0.00119603,-0.0024531,-0.0002625,8986.38
0,489606,7,phononTS,0.000480958,-0.00199993,-0.00199611,0.000262498,2972.41,0.000480958,1,-0.00208907,-0.00198706,-0.0002625,3133.53
0,524287,10,phononTS,0.000518702,-0.00300235,-0.000998109,0.0002625,599.845,0.000518702,1,-0.00246307,-0.000907773,-0.0002625,4553.9
0,524288,3,phononL,0.00424743,-0.000639996,-0.00446577,-0.000214812,92.9037,0.00335197,1,-0.0006738,-0.00443567,-0.0002625,585.613
0,524288,4,phononTF,0.000414656,-0.000645851,-0.005,-0.000205514,585.613,0.000414656,1,-0.000670339,-0.00417453,-0.0002625,1011.03
0,576627,8,phononTS,0.000542802,-0.000107302,-0.00396765,-0.0002625,733.232,0.000382,1,0.000998554,-0.00300433,0.0002625,1913.49
0,578275,6,phononTS,0.000755266,3.38672e-07,-0.00199956,0.000262498,3629.79,0.000533375,1,-0.00174682,0.00141442,-0.0002625,4973.75
0,589069,11,phononTS,0.00068613,-0.000116061,0.00128254,-0.0002625,2889.76,0.000382,1,3.78573e-06,0.00200162,0.0002625,3553.25
0,631577,6,phononTS,0.00102884,-0.00300411,-0.000997019,0.0002625,32.8129,0.00102884,1,-0.0035985,-0.00221007,-0.0002625,4214.87
0,637335,7,phononTS,0.000907723,-0.00186907,-0.00127751,-0.0002625,358.929,0.000382,1,-0.00100468,-0.001003,0.0002625,11174.5
0,637335,8,phononTS,0.000439917,-0.00100468,-0.001003,0.000262498,11174.5,0.000439917,1,-0.00132031,-0.000224261,-0.0002625,11562.7
0,638961,3,phononTF,0.000588473,0.000179611,-0.00214717,-0.0002625,59.605,0.000382,1,-2.95419e-06,-0.00199753,0.0002625,1199.98
0,642316,5,phononTS,0.00380875,-0.000296101,-0.00253144,0.000210215,818.175,0.000764,1,1.07361e-06,-0.00200157,0.0002625,1638.72
0,642316,8,phononTS,0.0021201,0.000423147,-0.00190456,1.59622e-08,1638.72,0.00161665,1,0.000489495,-0.0019384,-0.0002625,1910.21
0,644723,4,phononTF,0.000454761,-0.000112335,-0.00214716,-0.0002625,717.724,0.000382,1,5.50408e-07,-0.00200266,0.0002625,1877.67
0,656375,7,phononTS,0.000927731,-3.58781e-05,-0.00190711,-0.0002625,2227.56,0.000382,1,-8.31951e-07,-0.00199744,0.0002625,3017.31
0,659048,6,phononTF,0.00108989,-0.00287752,0.00298346,-0.0002625,63.3134,0.000382,1,-0.00200249,0.00199618,0.0002625,5921.13
0,703218,4,phononTS,0.000775563,1.99143e-06,-0.00344179,-0.0002625,70.9981,0.000382,1,0.000998112,-0.00299807,0.0002625,956.762
0,730216,5,phononTS,0.00108443,-8.47923e-06,-0.00254024,-0.0002625,1241.59,0.000382,1,-3.07923e-06,-0.00200295,0.0002625,1779.68
0,730216,6,phononTF,0.000696352,-3.07923e-06,-0.00200295,0.000262498,1779.68,0.000581097,1,0.000267193,-0.00225046,-0.0002625,1975.79
0,735353,13,phononTS,0.000494016,0.000944705,-0.00306976,-0.0002625,2160.76,0.000382,1,0.00100271,-0.00300401,0.0002625,2949.57
0,792371,9,phononTS,0.000440664,-4.83503e-06,-0.00199849,0.000262498,4060.44,0.000440664,1,0.000726837,-0.0018435,-0.0002625,4398.96
0,805884,9,phononTF,0.0004027,-0.000885734,-0.00280026,-0.0002625,5782.14,0.000382,1,1.41188e-06,-0.00200039,0.0002625,6537.02
0,830362,9,phononTS,0.00119668,-0.00021957,-0.00185436,-0.0002625,518.132,0.000382,1,-1.57297e-06,-0.00200051,0.0002625,1481.62
0,850031,6,phononTF,0.00134024,0.000178235,-0.0018572,-0.0002625,27.0148,0.000382,1,-1.67371e-06,-0.00200149,0.0002625,2625.97
0,850031,7,phononTS,0.000594837,-1.67371e-06,-0.00200149,0.000262498,2625.97,0.000594837,1,-0.000777159,-0.000677161,-0.0002625,3212.66
0,850031,5,phononTF,0.000709508,-0.000915768,-0.00390045,0.000262498,27.0148,0.000709508,1,-0.000276744,-0.00331783,-0.0002625,329.341
0,850031,4,phononTS,0.000487206,-0.000915768,-0.00390045,0.000262498,27.0148,0.000487206,1,-0.00121955,-0.00393098,-0.0002625,251.529
0,850031,3,phononTF,0.00203565,-0.000915768,-0.00390045,0.000262498,27.0148,0.00105087,1,-0.000421533,-0.00347083,-0.0002625,276.614
0,859538,6,phononTS,0.000559409,-9.60615e-05,7.21329e-05,-0.000262498,2262.67,0.000382,1,-4.91391e-06,4.38839e-07,0.0002625,2417.09
0,888957,8,phononTS,0.00131242,-0.00208273,0.00186246,-0.0002625,1186.09,0.000382,1,-0.00200054,0.00199672,0.0002625,8834.55
0,888957,2,phononTS,0.00325439,-0.000961652,-0.00402401,0.000128642,199.863,0.00310469,1,-0.00174933,-0.00369994,-0.0002625,548.593
0,899821,4,phononTS,0.00134316,1.12847e-05,-0.00248353,-0.0002625,37.0856,0.000382,1,0.00099972,-0.000997017,0.0002625,1343.49
0,899821,7,phononL,0.000597651,0.00099972,-0.000997017,0.000262498,1343.49,0.000597651,1,0.000828379,-0.00121775,-0.0002625,1460.52
0,918459,8,phononL,0.000993064,0.00299893,0.00100265,0.000262498,3140.1,0.000677333,1,0.00308437,0.00168931,-0.0002625,3299.76
0,918459,5,phononTF,0.00138505,-0.000911332,-0.00391459,0.000262498,7.30498,0.000719789,1,-0.00156871,-0.00475681,-0.0002625,378.957
0,936584,6,phononTS,0.000437343,0.000995328,-0.0010046,0.000262498,1645.95,0.000437343,1,0.000990901,-0.000940329,-0.0002625,1809.61
0,960466,8,phononTS,0.000519297,-0.00102678,0.00316422,-0.0002625,2278.89,0.000382,1,-0.000999363,0.00300117,0.0002625,6290.1
0,960466,4,phononTS,0.00190084,-0.000984933,-0.00390105,0.000262498,35.4063,0.00135125,1,-0.000909523,-0.003957,-0.0002625,190.347
0,988778,5,phononTS,0.000537244,-0.00100483,-0.000996429,0.0002625,34.4214,0.000537244,1,-0.000961318,-0.00108619,-0.0002625,10171.8
0,988778,4,phononTS,0.000661529,-0.005,-0.0014124,0.00015415,34.4214,0.000542402,1,-0.0042906,-0.00151655,-0.0002625,1922.3
0,996811,8,phononL,0.0004654,-0.000997017,-0.00100481,0.000262498,1953.15,0.0004654,1,-0.000705754,-0.00126789,-0.0002625,2078.41
0,1001994,9,phononTS,0.00080808,0.00225903,0.005,4.0747e-05,717.706,0.000747585,1,0.00206989,0.00230897,-0.0002625,8166.13
0,1001994,7,phononTS,0.000630743,-0.0012353,-0.00347545,0.000262498,204.924,0.000630743,1,-0.00192183,-0.00484407,-0.0002625,809.242
0,1018440,11,phononTS,0.000449844,0.00306607,0.00112862,-0.0002625,1352.89,0.000382,1,0.00300384,0.000995184,0.0002625,6003.85
0,1030361,4,phononTF,0.000846597,-0.00149602,-0.00463589,-0.0002625,2088.69,0.000382,1,-2.47379e-07,-0.00200479,0.0002625,3570.41
0,1030361,2,phononTF,0.00643217,-0.00068507,-0.00381909,-0.000100802,639.788,0.0034227,1,-0.000663766,-0.00379213,-0.0002625,1575.71
0,1041569,8,phononTS,0.000867773,0.00200261,-0.00200492,0.0002625,44.6532,0.000739116,1,0.00193619,-0.00220727,-0.0002625,2024.24
0,1052093,6,phononTS,0.00133258,-9.99767e-05,0.00032825,-0.0002625,14.7004,0.000382,1,-0.0010001,-0.00100028,0.0002625,3809.84
0,1052093,7,phononTF,0.000728829,-0.0010001,-0.00100028,0.000262498,3809.84,0.000728829,1,-0.00117157,-0.00118096,-0.0002625,3984.58
0,1052093,5,phononTF,0.000634724,-0.00090158,-0.00394803,0.000262498,14.7004,0.000634724,1,-0.00154999,-0.00434826,-0.0002625,316.069
0,1052093,4,phononTF,0.0004655,-0.00090158,-0.00394803,0.000262498,14.7004,0.0004655,1,-0.000664032,-0.00424307,-0.0002625,206.91
0,1141695,5,phononTS,0.00101085,-0.00155334,-0.00291143,-0.0002625,666.8,0.000382,1,-0.00200283,-0.00199809,0.0002625,1499.54
0,1145419,10,phononTF,0.000813046,0.00160516,-0.0023356,-0.0002625,1132.33,0.000382,1,0.00200057,-0.00199767,0.0002625,3206.86
0,1154293,6,phononTF,0.00134482,-0.000142392,-0.00206607,-0.0002625,344.587,0.000382,1,0.000999098,-0.00100261,0.0002625,2449.38
0,1222269,8,phononTS,0.000547349,0.00213067,-0.000717607,-0.0002625,903.472,0.000382,1,0.00200418,2.73787e-06,0.0002625,6344.57
0,1222269,6,phononTF,0.000687996,-0.000971883,-0.00337753,0.000262498,725.572,0.000133967,1,-0.000748958,-0.00359313,-0.0002625,907.71
0,1235165,5,phononL,0.000613634,0.00143119,-0.00105687,-0.0002625,1645.68,0.000382,1,0.00199519,3.15498e-06,0.0002625,2416.15
0,1237816,2,phononTS,0.000717594,0.000537284,-0.00296553,-0.0002625,18.6212,0.000382,1,0.00200091,-0.00199908,0.0002625,1321.22
0,1243815,6,phononTF,0.000430916,-0.00393262,-0.0018657,-0.0002625,824.213,0.000382,1,-0.00299894,-0.00100225,0.0002625,9865.04
0,1252765,6,phononTF,0.0009509,0.000513825,-0.00173212,-0.0002625,11.8423,0.000382,1,0.000998666,-0.00100066,0.0002625,1326.02
0,1326104,5,phononTS,0.000493021,0.000996299,-0.00100257,0.000262498,1324.4,0.000493021,1,0.00100172,-0.000304242,-0.0002625,1644.16
0,1326104,2,phononTF,0.00156827,-0.000921849,-0.00388701,0.000262498,129.013,0.000943835,1,-0.00129221,-0.00358538,-0.0002625,339.459
0,1328895,5,phononL,0.000387305,-0.000444502,-0.00163358,-0.0002625,449.983,0.000382,1,-9.45473e-07,-2.45627e-06,0.0002625,1804.45
0,1343082,10,phononTS,0.000437132,9.8239e-07,-0.00200206,0.000262498,2008.57,0.000437132,1,-4.89393e-05,-0.00226499,-0.0002625,2220.74
0,1365490,5,phononTF,0.00212566,-0.00199801,0.00199872,0.0002625,1396.92,0.00119793,1,-0.00297874,0.00266338,-0.0002625,5701.25
0,1444144,9,phononTF,0.000988832,0.00100077,-0.00299893,0.000262498,3220.15,0.000988832,1,0.000761346,-0.00329746,-0.0002625,3412.95
0,1485770,6,phononTS,0.000870251,-5.1374e-05,-0.00193619,-0.000262498,1246.71,0.000382,1,-1.78804e-06,-0.0020024,0.0002625,1402.15
0,1491183,8,phononTS,0.00058451,-2.4802e-05,2.53192e-05,-0.000262498,1678.1,0.000382,1,2.23597e-07,-3.76269e-06,0.0002625,1856.28
0,1511526,11,phononTF,0.000421387,2.34003e-05,-0.0021573,-0.0002625,1538.92,0.000382,1,1.45895e-06,-0.0020003,0.0002625,2047.07
0,1517541,10,phononTS,0.001285,0.00221813,0.00331421,-0.0002625,848.83,0.000382,1,0.00200088,0.00199915,0.0002625,6064.85
0,1528244,5,phononTS,0.00128897,0.000110643,-0.00271989,-0.0002625,25.5911,0.000382,1,1.29504e-07,-0.00200301,0.0002625,2086.16
0,1593340,13,phononTS,0.000643552,0.000938715,-0.00149063,-0.000262498,1867.27,0.000382,1,0.000995218,-0.000998861,0.0002625,2135.8
0,1604156,9,phononTS,0.000783099,0.000998396,0.00100198,0.0002625,470.732,0.000286769,1,0.000821409,0.000320319,-0.0002625,7398.71
0,1608481,2,phononTS,0.00116066,0.00429646,0.000300202,-0.0002625,165.94,0.000382,1,0.00199721,-0.00199905,0.0002625,7676.77
0,1617115,8,phononTS,0.000601203,-0.00192209,-0.00191144,-0.000262498,1591.99,0.000382,1,-0.00199857,-0.00200074,0.0002625,1746.14
0,1629030,6,phononTS,0.000401961,-0.00234847,-0.00361513,-0.0002625,1001.72,0.000382,1,-0.00199845,-0.00199895,0.0002625,2856.15
0,1655173,4,phononTS,0.000401765,-0.00105466,-0.0013635,-0.0002625,18.8584,0.000382,1,-0.000995151,-0.000995406,0.0002625,2038.98
0,1655173,3,phononTS,0.00107723,-0.000929446,-0.00392874,0.000262498,18.8584,0.000452971,1,-0.00123822,-0.00479917,-0.0002625,412.65
0,1655624,4,phononTF,0.00273815,-0.00143604,-0.00149001,-0.0001061,116.228,0.001146,1,-0.00200078,-0.00200149,0.0002625,2951.14
0,1677743,9,phononTS,0.000943613,-2.72563e-06,-0.0019971,0.0002625,2699.08,0.000527572,1,-5.97034e-06,-0.00196179,-0.0002625,3033.58
0,1682734,6,phononTS,0.0020283,0.000202525,-0.00368482,-0.0002625,1146.31,0.000382,1,0.000996576,-0.00300342,0.0002625,1628.34
0,1682734,10,phononTS,0.00119737,-0.00228442,-0.005,0.000195392,1628.34,0.000504068,1,-0.00234418,-0.00496268,-0.0002625,3054.72
0,1682734,11,phononTF,0.000693303,-0.00231987,-0.005,-0.000253724,3054.72,0.000693303,1,-0.00229482,-0.0049757,-0.0002625,3079.48
0,1696487,4,phononTF,0.000516531,-4.69479e-05,-0.0041362,-0.0002625,44.1563,0.000382,1,0.00099865,-0.00299896,0.0002625,1262.47
0,1696487,3,phononTS,0.00219374,-0.000981086,-0.00387236,0.000262498,44.1563,0.00151374,1,-0.00102509,-0.00380011,-0.0002625,199.392
0,1696487,2,phononL,0.0012475,-0.000981086,-0.00387236,0.000262498,44.1563,0.0012475,1,-0.00109133,-0.00421787,-0.0002625,166.517
0,1706603,3,phononTS,0.00057168,0.000234963,-0.00328613,-0.0002625,18.0599,0.000382,1,0.0010011,-0.00299966,0.0002625,1671.66
0,1768557,8,phononTS,0.00048735,0.000732422,-0.00286761,-0.0002625,1375.07,0.000382,1,-0.00100482,-0.00100048,0.0002625,3992.85
0,1768557,3,phononL,0.000425645,-0.00092191,-0.00391219,0.000262498,26.9863,0.000425645,1,-0.00158767,-0.00417387,-0.0002625,193.128
0,1768557,2,phononL,0.00108477,-0.00092191,-0.00391219,0.000262498,26.9863,0.000396006,1,-0.000818736,-0.00427035,-0.0002625,150.097
0,1787521,6,phononTF,0.000505662,0.00167253,-0.000274132,-0.000262499,2845.28,0.000382,1,0.000999634,-0.00100236,0.0002625,3179.83
0,1801022,7,phononTS,0.000528383,-2.37032e-06,-0.00200284,0.000262498,1959.48,0.000528383,1,-0.000473307,-0.00190887,-0.0002625,2220.37
0,1829812,8,phononTS,0.00263656,-0.00199858,-0.00200295,0.0002625,1118.17,0.00149817,1,-0.00207422,-0.0023478,-0.0002625,2248.31
0,1829977,6,phononTF,0.000754115,0.000674851,-0.0031491,-0.0002625,103.147,0.000382,1,0.0010003,-0.00299965,0.0002625,1341.66
0,1829977,5,phononTS,0.00111243,-0.000952385,-0.00389634,0.000262498,103.147,0.00111243,1,-0.000908954,-0.00382944,-0.0002625,258.623
0,1829977,4,phononTS,0.00146937,-0.000952385,-0.00389634,0.000262498,103.147,0.000382337,1,0.000227455,-0.0040059,-0.0002625,579.1
0,1836583,5,phononTS,0.000552679,0.00299593,0.00100081,0.0002625,2010.48,0.000552679,1,0.00354526,0.00196166,-0.0002625,5852.11
0,1844525,12,phononTS,0.000393546,0.000998327,-0.0029988,0.000262498,6385.01,0.000393546,1,0.00108514,-0.00297618,-0.0002625,6550.57
0,1844525,3,phononTS,0.000406098,-0.000877503,-0.00395335,0.000262498,126.501,0.000406098,1,-0.000796949,-0.00407719,-0.0002625,309.321
0,1844525,2,phononTF,0.00103048,-0.000877503,-0.00395335,0.000262498,126.501,0.00103048,1,0.00372228,-0.00354605,-0.0002625,1605.32
0,1848777,11,phononTF,0.000514158,0.000995308,0.00100205,0.000262498,3549.46,0.000514158,1,0.000671243,0.000736989,-0.0002625,3748.92
0,1860691,12,phononTF,0.000466782,-0.00200035,-0.0020043,0.000262498,1687.29,0.000466782,1,-0.00183611,-0.00180939,-0.0002625,1865.37
0,1863868,7,phononTF,0.000755628,-0.000381659,0.00371142,-0.0002625,713.21,0.000382,1,-0.00100356,0.00300439,0.0002625,5719
0,1906709,7,phononTF,0.000430289,-0.00279847,-0.000795106,-0.0002625,4635.49,0.000382,1,-0.00299819,-0.000996988,0.0002625,6240.29
0,1907596,8,phononTS,0.00138124,0.00226469,-0.005,0.000146499,1316.25,0.00128866,1,-0.000184956,-0.00256659,-0.0002625,4272.42
0,1914909,3,phononTS,0.000636573,4.99928e-05,-0.00248827,-0.0002625,29.9169,0.000382,1,0.000998347,-0.000999819,0.0002625,1348.44
0,1918364,3,phononTS,0.00166983,-0.000469919,-0.00295923,-0.0002625,13.3853,0.000764,1,3.90911e-06,-0.0020001,0.0002625,881.803
0,1932118,2,phononTS,0.000800505,0.005,0.00117115,0.000165828,95.676,0.000382,1,-3.7805e-06,-0.00200339,0.0002625,4262.75
0,1932226,4,phononTS,0.00109596,-0.000628222,-0.00312715,-0.0002625,279.677,0.000382,1,4.72242e-06,-0.00200101,0.0002625,1222.92
0,1945279,8,phononTS,0.000795061,-0.00208158,0.00191114,-0.0002625,2436.26,0.000382,1,-0.00200442,0.00199638,0.0002625,8668.3
0,1945279,6,phononTS,0.000856902,-0.005,-0.000459742,0.000174329,1406.82,0.000757339,1,-0.00380843,0.000301555,-0.0002625,2911.46
0,1945279,4,phononTS,0.00189124,-0.00060628,-0.0036903,-0.000101377,426.536,0.00168175,1,-0.000795916,-0.00419822,-0.0002625,633.239
0,1947621,8,phononTS,0.000743305,-0.000877077,-0.00177374,-0.0002625,111.533,0.000382,1,-0.00100481,-0.00100255,0.0002625,3994.32
0,1960289,2,phononTS,0.00124423,0.00106606,-0.00314084,-0.0002625,16.031,0.000382,1,0.00100085,-0.00300068,0.0002625,990.228
0,1960289,5,phononTS,0.000547056,0.00100085,-0.00300068,0.000262498,990.228,0.000547056,1,0.000990908,-0.00304745,-0.0002625,1157.21
0,1985877,11,phononTS,0.000430801,-0.00120516,-0.00262771,-0.0002625,2305.2,0.000382,1,0.000999976,0.0010038,0.0002625,4269.16
0,1985877,4,phononTS,0.000658711,-0.000907561,-0.0039051,0.000262498,15.1914,0.000658711,1,-0.000970476,-0.00343262,-0.0002625,290.109
0,1985877,3,phononTF,0.00059497,-0.00196692,-0.005,5.81644e-05,15.1914,0.00059497,1,-0.00405774,-0.00293802,-0.0002625,1358.26
0,1985877,2,phononL,0.000690538,-0.000907561,-0.0039051,0.000262498,15.1914,0.000690538,1,-0.000822083,-0.00465523,-0.0002625,184.18
0,2000639,13,phononTF,0.000575353,0.00199684,0.00200384,0.0002625,8828.53,0.000575353,1,0.000192207,0.000291021,-0.0002625,10346.3
0,2053334,10,phononTF,0.000433617,-1.23777e-06,-0.00200108,0.000262498,1916.77,0.000433617,1,0.0012098,-0.00148897,-0.0002625,2384.23
0,2053334,6,phononTS,0.000710277,-0.00138301,-0.00345819,0.000262498,1135.8,0.000290118,1,-0.00133809,-0.00427858,-0.0002625,1495.73
0,2110906,3,phononTF,0.00266195,1.499e-05,-0.00199039,0.000253278,4.40584,0.00230978,1,-0.000926419,-0.00297473,-0.0002625,1321.18
0,2110906,2,phononTF,0.000642876,-0.000922941,-0.00393221,0.000262498,4.40584,0.000642876,1,-0.00103771,-0.00380803,-0.0002625,169.143
0,2111264,6,phononL,0.000948782,0.0030032,0.000995941,0.000262498,4110.32,0.000946271,1,0.00342225,0.00159858,-0.0002625,4282.54
0,2118102,11,phononTF,0.000583589,0.00100014,-0.0029996,0.000262498,3832.27,0.000583589,1,0.000758692,-0.00269962,-0.0002625,4025.52
0,2118102,9,phononTS,0.00093529,-0.000481631,-0.00454542,0.000262498,1102.89,0.00093529,1,-0.000480613,-0.00457124,-0.0002625,1270.88
0,2158740,6,phononTS,0.00111707,-0.00136372,-0.0026094,-0.0002625,232.002,0.000382,1,-0.00200204,-0.00200415,0.0002625,1565.61
0,2166673,8,phononTF,0.000503355,-4.86292e-06,-0.00199894,0.000262498,3970.62,0.000503355,1,-0.000243927,-0.00170463,-0.0002625,4162.99
0,2192168,8,phononTS,0.000819889,-8.12517e-07,-0.00200338,0.000262498,1581.51,0.000819889,1,-9.72242e-05,-0.00192035,-0.0002625,1759.21
0,2192168,2,phononTS,0.000929748,-0.000992374,-0.00393059,0.000262498,51.2377,0.000687314,1,-0.000930174,-0.00383878,-0.0002625,206.405
0,2193381,6,phononTF,0.00108789,-0.000867736,0.005,2.44317e-05,383.691,0.000382,1,-0.00100294,0.00100267,0.0002625,7269.18
0,2193381,5,phononTS,0.00243926,-0.000621608,-0.005,-0.000108518,383.691,0.00180021,1,-0.000525822,-0.0046668,-0.0002625,731.761
0,2221961,6,phononTS,0.000822663,0.00199708,-0.0020005,0.000262498,2977.59,0.000822663,1,0.0018439,-0.0028294,-0.0002625,3333.1
0,2227362,3,phononTF,0.00248261,-0.00103885,-0.00312627,0.000115023,50.7664,0.000382,1,-0.00100072,-0.000995029,0.0002625,968.695
0,2232344,4,phononTS,0.00130053,-2.70039e-07,1.21841e-06,0.0002625,10.3116,0.00106045,1,-0.00173908,0.000810771,-0.0002625,7589.4
0,2233074,9,phononTS,0.000424243,-2.77462e-06,-0.00200396,0.000262498,3048.37,0.000424243,1,4.08676e-05,-0.00203849,-0.0002625,3210.2
0,2272114,4,phononTF,0.00117705,0.000852106,-0.00240556,-0.0002625,997.983,0.000382,1,-3.38142e-06,-0.00200143,0.0002625,1955.19
0,2275134,7,phononTS,0.00130303,0.00291896,0.00105745,-0.0002625,241.498,0.000382,1,0.0030046,0.000998128,0.0002625,4663.14
0,2291442,4,phononTS,0.00110551,0.00105915,-0.00311028,0.000200549,757.733,0.000382,1,0.00100405,-0.00299956,0.0002625,8554.21
0,2291442,5,phononTS,0.000613934,0.00100405,-0.00299956,0.000262498,8554.21,0.000613934,1,0.00108968,-0.00291679,-0.0002625,8708.15
0,2299057,6,phononTF,0.000564531,0.00100429,-0.00299523,0.0002625,579.498,0.000564531,1,0.00134469,-0.00259465,-0.0002625,1906.21
0,2299057,3,phononTF,0.00059372,-0.000935176,-0.00394223,0.000262498,13.3523,0.000528871,1,-0.00147126,-0.00444717,-0.0002625,290.404
0,2299057,2,phononTF,0.00128895,-0.000935176,-0.00394223,0.000262498,13.3523,0.00101208,1,-7.50251e-05,-0.00309383,-0.0002625,406.852
0,2307539,6,phononTS,0.000855805,0.0014501,-0.005,6.36351e-05,1183.47,0.000382,1,-0.00199978,-0.00199942,0.0002625,7423.54
0,2307539,5,phononTF,0.000617421,-0.000770202,-0.00215173,0.000262498,1183.47,0.000139903,1,5.83546e-05,-0.0029817,-0.0002625,1570.69
0,2371722,7,phononTF,0.000414366,-3.52335e-07,-0.00199833,0.000262498,1433,0.000414366,1,0.000761366,-0.00259048,-0.0002625,1777.19
0,2383524,6,phononTS,0.00124944,-0.00300437,-0.00099513,0.0002625,61.0646,0.00124944,1,-0.0030507,-0.000213835,-0.0002625,2590.46
0,2396379,8,phononTS,0.000446948,0.00108257,-0.00296636,-0.0002625,2380.84,0.000382,1,0.000995881,-0.00299713,0.0002625,2714.38
0,2474908,4,phononTF,0.00116586,-0.00247501,-0.00174012,-0.0002625,95.544,0.000382,1,-0.0030047,-0.00099943,0.0002625,1430.87
0,2482341,3,phononTF,0.000412162,-0.00162103,-0.00266535,-0.0002625,8.89328,0.000382,1,-0.00199539,-0.00199522,0.0002625,1868.48
0,2484838,7,phononTF,0.00128209,-0.00299998,-0.000996559,0.0002625,2146.88,0.00098528,1,-0.00327796,-0.00109582,-0.0002625,3776.89
0,2528746,9,phononTS,0.000764485,-0.000701384,-0.00136529,-0.0002625,1593.04,0.000382,1,-0.000995264,-0.000995448,0.0002625,3120.01
0,2603788,5,phononTF,0.000401507,-0.00085014,-0.005,0.000115191,487.122,0.000382,1,0.00100397,-0.00100286,0.0002625,2380.14
0,2616434,5,phononTS,0.00127213,0.000686251,0.00362358,-0.0002625,73.2216,0.000382,1,-1.90451e-06,0.00200453,0.0002625,4807.27
0,2631359,10,phononTS,0.000416093,-0.000117979,-0.00143157,-0.0002625,3004.4,0.000382,1,-0.00200476,0.00200449,0.0002625,5803.06
0,2634572,6,phononTS,0.000400388,0.000998638,-0.00299685,0.0002625,799.506,0.000400388,1,0.00104592,-0.00308262,-0.0002625,1138.2
0,2654032,7,phononTS,0.00122648,-2.22169e-06,-0.00200226,0.000262498,4172,0.00122648,1,8.76143e-05,-0.0020088,-0.0002625,4355.57
0,2654032,5,phononTF,0.00101033,0.00103577,-0.00293139,0.000262498,2321.02,0.00101033,1,0.0015915,-0.00341981,-0.0002625,2591.24
0,2654032,4,phononTS,0.0003821,0.00103577,-0.00293139,0.000262498,2321.02,0.0003821,1,0.00142741,-0.00195586,-0.0002625,2772.75
0,2660273,5,phononTF,0.000409442,0.00223807,0.00170608,-0.0002625,617.202,0.000382,1,0.00199682,0.00199631,0.0002625,5618.99
0,2664775,3,phononL,0.00122473,0.00075905,-0.00312723,-0.0002625,158.036,0.000382,1,0.00100354,-0.00299871,0.0002625,1092.47
0,2707670,6,phononTF,0.000416013,-4.99544e-06,-0.00199749,0.0002625,471.501,0.000416013,1,0.00173449,-0.000167956,-0.0002625,2010.66
0,2707670,4,phononTS,0.00129325,-0.00100607,-0.00395166,0.000262498,140.311,0.00110486,1,-0.00101131,-0.00403841,-0.0002625,302.048
0,2742342,11,phononL,0.00054446,0.000821374,-0.00146316,-0.000262498,1918.73,0.000382,1,-4.29762e-06,-0.0019978,0.0002625,2136.08
0,2758774,9,phononTS,0.000974172,0.000250423,-0.00206891,-0.000262498,1003.78,0.000382,1,4.49234e-06,-0.00200187,0.0002625,1212.36
0,2758774,4,phononTS,0.00065767,-0.000845443,-0.0032837,0.000262498,295.116,0.00065767,1,-0.000832242,-0.00232831,-0.0002625,693.983
0,2768511,2,phononTS,0.000429282,0.00116043,-0.00186334,-0.0002625,20.9505,0.000382,1,0.00100146,-0.00100193,0.0002625,1753.49
0,2791949,4,phononTS,0.000563926,-0.000313694,-0.00386895,-0.0002625,9.53662,0.000382,1,-0.00200126,-0.00200246,0.0002625,2769.03
0,2804577,6,phononTS,0.00130144,-0.00308573,-0.000880511,-0.0002625,336.286,0.000382,1,-0.00300364,-0.00100498,0.0002625,1670.68
0,2880794,8,phononTS,0.00148405,-0.000555423,-0.00421725,-0.000115156,353.03,0.000764,1,0.00099784,-0.00100047,0.0002625,1708.27
0,2891801,7,phononTF,0.000570552,-0.000336268,-0.005,6.27102e-05,305.101,0.000382,1,-2.28126e-06,-0.00199902,0.0002625,1627.51
0,2891801,4,phononTF,0.00109809,-0.000885936,-0.00395462,0.000262498,47.7852,0.000965693,1,-0.00123086,-0.0036615,-0.0002625,254.382
0,2898966,2,phononL,0.00343973,-0.00283391,-0.00097897,-1.62755e-05,276.739,0.001528,1,-0.00299943,-0.00100041,0.0002625,1920.93
0,2907518,6,phononTF,0.000399971,0.00245613,0.00156562,-0.000262498,2619.17,0.000382,1,0.002003,0.00200283,0.0002625,2867.11
0,2907518,2,phononTS,0.000395417,-0.000921898,-0.00400725,0.000262498,216.767,0.000395417,1,-0.00106202,-0.00371035,-0.0002625,461.187
0,2926660,7,phononTS,0.000699521,-3.61463e-06,-0.00199546,0.0002625,1242.07,0.000699521,1,-4.53211e-05,-0.000978715,-0.0002625,2074.16
0,3022198,2,phononTS,0.000500348,-0.00145002,-0.00296503,-0.0002625,60.3103,0.000382,1,-0.00200055,-0.00200124,0.0002625,941.794
0,3030426,11,phononTS,0.000694639,-0.00100441,-0.000996903,0.0002625,172.541,0.000694639,1,-0.000989693,3.55782e-07,-0.0002625,1820.92
0,3038664,3,phononTF,0.00135908,0.00103312,-0.00296434,0.000224766,4.71952,0.000764,1,0.000996207,-0.00300015,0.0002625,909.907
0,3040840,5,phononTS,0.00130733,-0.00117523,-0.005,0.000172214,18.7266,0.000764,1,0.00199556,3.609e-06,0.0002625,2748.85
0,3127744,6,phononTS,0.000541306,0.000998256,-0.000998793,0.0002625,3549.56,0.000541306,1,-1.09848e-05,-0.00103975,-0.0002625,4377.3
0,3150773,6,phononTS,0.000413108,-0.00100033,-0.000997664,0.000262498,2018.25,0.000413108,1,-0.00108565,-0.00104974,-0.0002625,2174.59
0,3150773,3,phononTF,0.00408867,-0.000932078,-0.00393968,2.27101e-05,65.2191,0.00295154,1,-0.000751925,-0.003794,-0.0002625,247.191
0,3192084,3,phononTS,0.000417913,0.00222625,-0.00203762,-0.0002625,54.3302,0.000382,1,0.00200045,-0.00199581,0.0002625,1729.89
0,3192084,2,phononTF,0.00124522,-0.000920082,-0.00393893,0.000262498,54.3302,0.000878818,1,-0.000591621,-0.00355416,-0.0002625,281.243
0,3192238,6,phononTS,0.00071336,-0.000265943,-0.00284776,-0.0002625,1593.84,0.000382,1,1.92399e-07,-0.00200057,0.0002625,2361.22
0,3225682,6,phononTF,0.000488013,0.00171303,-0.00167654,-0.0002625,520.686,0.000382,1,0.00199939,-0.0020013,0.0002625,2189.1
0,3292225,13,phononTS,0.000558069,-0.000526385,-0.00206462,-0.000262498,1569.26,0.000382,1,-1.64098e-06,-0.00199863,0.0002625,1845.7
0,3292299,4,phononL,0.0011284,0.000769223,-0.00137741,-0.0002625,147.223,0.000382,1,0.000995278,-0.0010016,0.0002625,1183.36
0,3319751,2,phononTS,0.00430695,-0.00293967,-0.000986586,-0.000256272,244.623,0.000764,1,-0.00299733,-0.000997773,0.0002625,3569.7
0,3319751,8,phononTF,0.000662576,-0.00299733,-0.000997773,0.000262498,3569.7,0.000658525,1,-0.002763,-0.00118791,-0.0002625,3749.93
0,3341207,6,phononTS,0.000387572,0.000951573,-0.00271688,-0.0002625,583.669,0.000382,1,0.00100037,-0.00299527,0.0002625,3550.49
0,3348998,5,phononTS,0.000672582,-0.00063585,-0.00465262,-0.0002625,920.251,0.000382,1,0.000995387,-0.00299998,0.0002625,4059.01
0,3381740,7,phononTS,0.00048691,-0.00199573,7.284e-07,0.000262498,2206.16,0.00048691,1,-0.00194518,-3.62172e-06,-0.0002625,2377.37
0,3381740,2,phononTF,0.00161186,-0.000925005,-0.00393192,0.000262498,3.2065,0.000961894,1,-0.00140167,-0.0044114,-0.0002625,258.919
0,3381740,8,phononTS,0.000649962,-0.00140167,-0.0044114,-0.000262498,258.919,0.000649962,1,-0.000915931,-0.005,0.000103045,588.809
0,3440072,3,phononTS,0.00111033,-0.00144025,-0.00298106,-0.0002625,120.067,0.000382,1,-0.00199649,-0.00200122,0.0002625,1013.63
0,3440072,2,phononL,0.00168873,-0.000884018,-0.0039609,0.000262498,120.067,0.000915131,1,-0.000467106,-0.00377396,-0.0002625,251.194
0,3446097,7,phononTS,0.00262278,-0.00125655,-0.00429437,-0.000262498,507.371,0.000382,1,0.00100282,-0.00299911,0.0002625,1438.52
0,3467102,4,phononTF,0.000624635,-0.00262233,-0.0013196,-0.0002625,1053.75,0.000382,1,-0.00299536,-0.000996332,0.0002625,9513.28
0,3470613,8,phononTF,0.000654479,-0.000277593,-0.00166711,-0.000262498,2041.09,0.000382,1,-4.93309e-06,-0.00199624,0.0002625,2242.39
0,3511358,9,phononTS,0.000444206,-0.00299832,-0.000996584,0.0002625,1884.42,0.000444206,1,-0.00198782,-0.00249185,-0.0002625,3274.85
0,3511358,3,phononL,0.00103787,-0.000913751,-0.00395757,0.000262498,20.1632,0.000870284,1,-0.00127034,-0.00354023,-0.0002625,163.54
0,3511358,2,phononTF,0.000684008,-0.000913751,-0.00395757,0.000262498,20.1632,0.000684008,1,-0.000750653,-0.00378705,-0.0002625,193.233
0,3518034,7,phononTF,0.000387163,-0.00217229,-0.00178555,-0.0002625,3044.15,0.000382,1,-0.00200296,-0.00200061,0.0002625,3589.08
0,3557478,9,phononTS,0.000692791,0.00200268,-0.00199539,0.000262498,4616.96,0.000692791,1,0.00199645,-0.00207245,-0.0002625,4772.13
0,3629149,12,phononTS,0.000528254,-4.33881e-06,-1.01615e-06,0.000262498,3829.52,0.000528254,1,0.000735772,-0.000188061,-0.0002625,4189.27
0,3629149,2,phononTS,0.000579854,-0.000920303,-0.00400029,0.000262498,113.206,0.000579854,1,-0.000979,-0.00402312,-0.0002625,269.877
0,3630195,2,phononTS,0.000550546,-0.000978145,-0.00173423,-0.0002625,12.8537,0.000382,1,-0.000995606,-0.00100076,0.0002625,1361.42
0,3651719,3,phononTS,0.00095862,-0.00163743,-0.00383912,-0.0002625,1.97739,0.000382,1,-0.00299531,-0.00100087,0.0002625,1447.09
0,3651719,5,phononTS,0.000518108,-0.00299531,-0.00100087,0.000262498,1447.09,0.000518108,1,-0.00292331,-0.000909872,-0.0002625,1601.49
0,3651719,2,phononTS,0.000403555,-0.0009267,-0.00393179,0.000262498,1.97739,0.000403555,1,-0.00293373,-0.0047602,-0.0002625,806.009
0,3656158,7,phononTS,0.000418977,-0.000996844,-0.000999345,0.000262498,2403.77,0.000418977,1,-0.00100481,-0.000960855,-0.0002625,2568.34
0,3659594,3,phononTS,0.0013761,-0.00186665,-0.00123212,-0.0002625,109.984,0.000764,1,-0.00200122,-0.00200182,0.0002625,3478.31
0,3669005,8,phononL,0.000610668,0.00165945,-0.00327171,-0.000262498,2601.83,0.000382,1,0.00100205,-0.00300224,0.0002625,2767.4
0,3675326,4,phononTF,0.000870399,0.00267491,0.000625269,-0.0002625,33.1623,0.000382,1,0.00299838,0.00100258,0.0002625,4865.71
0,3675326,3,phononL,0.0047514,-0.000935616,-0.00391791,-0.000208695,33.1623,0.00191767,1,-0.000946046,-0.00382434,-0.0002625,196.381
0,3704554,5,phononTS,0.00106664,0.000472761,-0.00310182,-0.0002625,834.931,0.000764,1,0.000995658,-0.00300476,0.0002625,2330.18
0,3704554,3,phononTF,0.000434071,-0.000969296,-0.00389396,0.000262498,442.24,0.000434071,1,-0.00129827,-0.00423985,-0.0002625,659.62
0,3704554,2,phononTF,0.000627206,-0.000969296,-0.00389396,0.000262498,442.24,0.000627206,1,-0.00145801,-0.00430526,-0.0002625,687.539
0,3706304,15,phononTS,0.000582586,-3.94563e-06,2.71284e-06,0.000262498,4224.55,0.000582586,1,0.000463907,0.000678859,-0.0002625,4613.21
0,3723776,7,phononTF,0.000384261,-0.00350478,-0.000507261,-0.000262498,1502.79,0.000382,1,-0.00300121,-0.000995317,0.0002625,1767.59
0,3730819,3,phononTS,0.000587552,0.000518111,-0.00294474,-0.0002625,82.5966,0.000382,1,0.0020015,-0.00199749,0.0002625,1378.38
0,3732660,7,phononTS,0.00058877,0.000995585,0.00100415,0.000262498,4238.35,0.00058877,1,0.0010743,0.00108685,-0.0002625,4412.97
0,3732660,2,phononTF,0.00344604,-0.000896234,-0.00389731,0.000224083,36.7359,0.002369,1,-0.000901529,-0.0039037,-0.0002625,182.117
0,3760317,5,phononTF,0.000617703,0.00132033,-0.000737181,-0.0002625,125.527,0.000382,1,0.00100203,-0.000995011,0.0002625,1520.71
0,3873535,8,phononTS,0.000915071,-0.00100212,-0.000997422,0.000262498,1710.79,0.000915071,1,-0.000429901,-0.00170701,-0.0002625,2127.61
0,3881458,8,phononTF,0.0011613,-3.1244e-06,-0.00362713,-0.0002625,1698.67,0.000764,1,0.00100235,-0.00299565,0.0002625,2528.26
0,3900323,4,phononTS,0.00113255,0.000102373,-0.00346029,-0.0002625,234.155,0.000764,1,0.00100466,-0.0029996,0.0002625,1060.27
0,3900323,3,phononTF,0.000485888,-0.000799915,-0.00392098,0.000262498,234.155,0.000485888,1,-0.000927009,-0.00383245,-0.0002625,400.038
0,3900323,2,phononTS,0.00273001,0.00011054,-0.00310287,-5.55544e-05,234.155,0.00204795,1,0.000211985,-0.00308275,-0.0002625,825.593
0,3911254,4,phononTF,0.000576425,2.27428e-06,-0.00199718,0.0002625,5.02625,0.000576425,1,0.00045967,-0.00102626,-0.0002625,1192.12
0,3937957,10,phononTF,0.000627547,-0.00299773,-0.00100116,0.000262498,2327.52,0.000627547,1,-0.00173244,-0.00230284,-0.0002625,2893.04
0,3938589,6,phononTS,0.00119594,0.000602189,-0.00276072,-0.0002625,1840.02,0.000764,1,0.000996527,-0.00300483,0.0002625,2405.83
0,3938589,2,phononTS,0.00160737,-0.000923024,-0.00393146,0.000262498,4.63246,0.000920489,1,-0.000993805,-0.004012,-0.0002625,159.763
0,3989002,6,phononTS,0.000858668,-0.00200348,-0.00199635,0.000262498,1303.6,0.000796808,1,-0.00206838,-0.00196703,-0.0002625,1470.82
0,4030751,8,phononTS,0.00038226,0.00410753,0.000634572,-0.0002625,3615.06,0.000382,1,0.00299791,0.00100283,0.0002625,8920.99
0,4052248,8,phononTF,0.000408023,-3.75326e-06,-0.00199958,0.0002625,869.735,0.000408023,1,0.000269167,-0.00177496,-0.0002625,1623.25
0,4072877,5,phononL,0.000526458,-0.00164364,7.71759e-06,-0.0002625,1565.34,0.000382,1,-0.00199747,4.6092e-06,0.0002625,2213.69
0,4085260,7,phononTF,0.000431113,-0.000291947,-0.00235054,-0.0002625,1003.98,0.000382,1,-4.35561e-06,-0.00199656,0.0002625,1999.02
0,4087033,5,phononTS,0.000678235,0.00412986,-0.000334511,-0.0002625,1566.45,0.000382,1,0.00299951,0.000998485,0.0002625,4893.1
0,4118382,6,phononTS,0.000575965,-0.000185748,-0.005,-0.000240596,3437.72,0.000575965,1,-7.88518e-06,-0.00479258,-0.0002625,4796.73
0,4123953,9,phononTS,0.000838306,-0.0023137,-0.00208328,-0.000262498,1117.97,0.000382,1,-0.000995121,-0.000997164,0.0002625,1726.93
0,4158248,14,phononTF,0.000465452,-0.000996673,-0.00100417,0.000262498,1710.77,0.000465452,1,-0.00159743,-0.000272465,-0.0002625,2047.57
0,4158248,2,phononTS,0.000393269,-0.000916091,-0.00393985,0.000262498,31.6865,0.000393269,1,-0.000999447,-0.0040179,-0.0002625,207.414
0,4159983,9,phononTS,0.000932436,-0.000931586,-0.00153785,-0.0002625,2225.45,0.000382,1,-0.000997278,-0.001001,0.0002625,7738.89
0,4206003,8,phononTS,0.000432305,-0.00104648,0.00276648,-0.0002625,1156.19,0.000382,1,-0.000998708,0.0030033,0.0002625,6590.39
0,4227449,8,phononTS,0.00100512,-0.0030046,-0.000997693,0.000262498,5091.23,0.000824698,1,-0.00228732,-0.00208068,-0.0002625,5586.16
0,4241806,7,phononTS,0.0012618,-0.000570422,-0.0029842,-0.0002625,443.132,0.000382,1,1.47454e-06,-0.00200417,0.0002625,1338.71
0,4263660,6,phononTS,0.00124314,-0.000124147,0.00104621,-0.0002625,128.141,0.000382,1,1.98416e-06,0.00199826,0.0002625,2481.68
0,4263660,5,phononTS,0.000444894,-0.000754804,-0.00371406,0.000262498,128.141,0.000444894,1,-0.000799418,-0.00368684,-0.0002625,284.418
0,4263660,4,phononTF,0.00141829,-0.000754804,-0.00371406,0.000262498,128.141,0.00141829,1,-0.000664358,-0.00356053,-0.0002625,297.694
0,4263660,2,phononTS,0.00549367,0.000410892,-0.00453478,-0.000234594,9.6422,0.00404553,1,0.000332869,-0.00446489,-0.0002625,1502.21
0,4358707,10,phononTF,0.000549707,0.00165694,0.00477534,-0.0002625,4258.01,0.000382,1,0.000998202,-0.00300004,0.0002625,8560.99
0,4396438,7,phononTS,0.000509039,0.00200351,-3.37101e-06,0.000262498,5186.33,0.000509039,1,0.00217171,-3.1391e-05,-0.0002625,5381.98
0,4396438,4,phononTS,0.00139083,-0.00093976,-0.00394535,0.000262498,9.09946,0.000568441,1,-0.000949086,-0.00369211,-0.0002625,219.505
0,4396941,5,phononTS,0.000747265,0.00100449,-0.0031703,-0.0002625,190.99,0.000382,1,0.000997328,-0.00300351,0.0002625,1202.41
0,4397325,6,phononL,0.000444388,0.000999835,-0.00299653,0.0002625,3449.93,0.000444388,1,0.00153372,-0.00198594,-0.0002625,3941.15
0,4400906,6,phononTS,0.000601296,-0.00200056,-0.00200162,0.0002625,518.098,0.000601296,1,-0.00206318,-0.00117825,-0.0002625,1258.39
0,4435943,8,phononTS,0.000391772,-2.52846e-05,7.59825e-05,-0.0002625,1303.73,0.000382,1,1.53037e-06,3.97502e-06,0.0002625,3837.39
0,4521245,4,phononTS,0.000526945,-3.301e-06,-0.00200077,0.0002625,1702.48,0.000526945,1,0.000510251,-0.000998367,-0.0002625,2659.1
0,4539225,8,phononTS,0.000501545,-0.00200392,-3.91749e-06,0.0002625,2961.29,0.000501545,1,-0.0020828,0.000506019,-0.0002625,4048.41
0,4539225,4,phononTS,0.00278311,-0.000405131,-0.00397165,-0.000201779,859.774,0.00230716,1,-0.000408078,-0.00398228,-0.0002625,880.803
0,4568725,4,phononTS,0.000660485,0.000644849,2.21673e-05,-0.0002625,1257.19,0.000382,1,0.000998548,0.00100044,0.0002625,2977.81
0,4580958,2,phononTS,0.00114841,0.00105174,-0.00288411,-0.0002625,134.548,0.000382,1,0.00100342,-0.00299948,0.0002625,1589.17
0,4590409,5,phononTS,0.0010264,-1.20459e-06,-0.00199852,0.0002625,190.087,0.0010264,1,0.00132983,0.00023268,-0.0002625,2082.58
0,4590409,4,phononTS,0.00085859,-0.0010244,-0.00380234,0.000262498,190.087,0.00085859,1,-0.00109084,-0.00373403,-0.0002625,345.2
0,4590409,3,phononTS,0.00110664,-0.0010244,-0.00380234,0.000262498,190.087,0.00110664,1,-0.000975145,-0.00481623,-0.0002625,604.82
0,4617612,9,phononTS,0.0034361,-0.00031972,-0.00262853,-0.0002625,1004.38,0.000764,1,-4.23547e-06,-0.00200375,0.0002625,1803.58
0,4617612,10,phononTS,0.00222918,-4.23547e-06,-0.00200375,0.000262499,1803.58,0.00175866,1,-0.00134489,-0.00241509,-0.0002625,2359.46
0,4639871,7,phononTS,0.001357,4.53711e-06,-0.00199934,0.000262498,1944.88,0.001357,1,1.10004e-05,-0.00194502,-0.0002625,2109.01
0,4646211,5,phononTS,0.00065859,-0.00165435,-0.00247844,-0.0002625,44.2734,0.000382,1,-0.00200391,-0.00199805,0.0002625,2337.68
0,4646211,4,phononTS,0.000612944,-0.00291937,-0.005,0.000135948,44.2734,0.000612944,1,-0.00132194,-0.00325646,-0.0002625,3187.15
0,4646211,3,phononTS,0.000813791,-0.000956605,-0.00385527,0.000262498,44.2734,0.000813791,1,-0.0010179,-0.00327727,-0.0002625,327.503
0,4652461,4,phononTS,0.000866234,0.00193093,-0.00163757,-0.0002625,1034.06,0.000382,1,0.00200004,-0.00200401,0.0002625,2887.76
0,4652461,2,phononTS,0.0052685,-0.000835553,-0.00385706,-0.000158649,41.3657,0.00159595,1,-0.000828307,-0.00384858,-0.0002625,427.469
0,4689739,6,phononTS,0.000701125,-0.000999157,-0.00100466,0.0002625,536.16,0.000701125,1,-0.00166799,-0.00134704,-0.0002625,5433.86
0,4704032,5,phononTS,0.000717553,0.00101331,-0.00307535,-0.000262498,710.327,0.000382,1,0.00100372,-0.00300476,0.0002625,865.821
0,4704032,3,phononTS,0.000892043,-0.000934767,-0.00395104,0.000262498,8.30448,0.000412574,1,-0.00100739,-0.00396633,-0.0002625,163.781
0,4724715,8,phononTF,0.000405973,0.00100341,-0.000996319,0.000262498,2562.89,0.000405973,1,-0.000814024,-0.00156286,-0.0002625,3210.52
0,4764159,11,phononTS,0.000871173,-0.00200414,-0.00200025,0.000262499,2805.63,0.000871173,1,-0.00193359,-0.00195168,-0.0002625,2976.18
0,4806658,9,phononTS,0.000855579,0.0010033,-0.00300048,0.000262498,1839.14,0.000855579,1,-0.000548753,-0.00251618,-0.0002625,2462.59
0,4806658,4,phononTF,0.00112523,-0.000882894,-0.00393018,0.000262498,102.933,0.000576022,1,-0.00053923,-0.00420878,-0.0002625,306.564
0,4880855,8,phononTS,0.000383101,-0.000997641,-0.00100244,0.000262498,2504.94,0.000383101,1,-0.000968707,-0.00130223,-0.0002625,2728.68
0,4893662,8,phononTS,0.000508624,0.00214767,-0.00202674,-0.0002625,3811.83,0.000382,1,0.00199833,-0.00199839,0.0002625,5132.8
0,4902217,3,phononTS,0.00139642,-3.04771e-06,-0.00200381,0.0002625,53.9267,0.0012862,1,0.000274136,-0.00179952,-0.0002625,2319.78
0,4902217,2,phononTS,0.000978674,-0.000914306,-0.00389365,0.000262498,53.9267,0.000782137,1,-0.000995463,-0.00392763,-0.0002625,212.558
0,4928711,9,phononTS,0.00109046,-0.0011483,-0.00389863,-0.0002625,578.274,0.000382,1,-0.0019981,-0.00200226,0.0002625,1557.54
0,4928711,10,phononTS,0.000585178,-0.0019981,-0.00200226,0.000262498,1557.54,0.000585178,1,-0.00203083,-0.00203278,-0.0002625,1714.02
0,4952222,2,phononTF,0.00417719,0.00244547,-0.00253476,-8.94227e-05,301.993,0.00298673,1,0.00275098,-0.00223912,-0.0002625,3256.22
0,4964230,9,phononL,0.000590377,-0.00200306,-0.00199769,0.0002625,3646.14,0.000590377,1,-0.0027189,-0.0019911,-0.0002625,4029.36
0,5024991,9,phononTS,0.000482031,-0.000103149,-0.005,6.72685e-05,6009.4,0.000482031,1,0.000516721,-0.00416416,-0.0002625,9257.45
0,5046492,9,phononTF,0.00201075,-0.00188798,-0.00187831,8.34546e-05,139.007,0.000764,1,-0.00200025,-0.00200026,0.0002625,6922.86
0,5058933,4,phononTS,0.000593902,0.0043595,0.00293937,-0.0002625,7.33047,0.000382,1,0.0020031,0.0019972,0.0002625,5667.71
0,5063245,5,phononTS,0.00135507,-0.00186325,-0.000466495,-0.0002625,279.937,0.000382,1,-0.00200436,-2.15823e-06,0.0002625,2252.66
0,5103693,6,phononTS,0.00101617,0.00037579,-0.00306187,-0.0002625,45.3698,0.000382,1,0.000996322,-0.00300269,0.0002625,978.176
0,5123764,5,phononTS,0.00048918,-0.000119263,0.00124703,-0.0002625,181.823,0.000382,1,3.51188e-06,0.0020011,0.0002625,2865.19
0,5123764,4,phononTS,0.00150365,-0.00168867,-0.005,0.000162904,181.823,0.00150365,1,-0.000292141,-0.00349209,-0.0002625,1148.46
0,5243800,16,phononTS,0.000549257,-2.67074e-06,-0.0020041,0.0002625,3237.45,0.000549257,1,-0.000410567,-0.000587061,-0.0002625,4392.21
0,5252878,8,phononTS,0.000695646,0.00106046,-0.00113103,-0.0002625,1572.71,0.000382,1,0.0029994,0.00100067,0.0002625,5274.15
0,5268528,4,phononTS,0.00120132,1.09258e-05,0.00135602,-0.0002625,7.33233,0.000764,1,0.00199955,0.00200143,0.0002625,5162.64
0,5350698,5,phononTS,0.00126648,-5.54342e-07,-0.00200088,0.0002625,185.096,0.000749093,1,-0.000948189,-0.00215011,-0.0002625,2524.63
0,5392485,6,phononTS,0.00104242,-0.00100395,0.000995918,0.000262499,5227.79,0.00104242,1,-0.00101343,0.000919024,-0.0002625,5382.97
0,5401233,9,phononTS,0.000389457,-2.05397e-06,-0.00200494,0.0002625,5349.38,0.000389457,1,0.000233465,-0.00215883,-0.0002625,5897.45
0,5464281,9,phononTF,0.000559442,-0.00122722,-0.00281666,-0.0002625,258.745,0.000382,1,-0.00200469,-0.00199619,0.0002625,1161.24
0,5469387,5,phononTF,0.00115553,0.000118712,-0.00215336,-0.0002625,887.977,0.000382,1,-3.23615e-06,-0.00199932,0.0002625,3068.28
0,5469387,7,phononTS,0.000739865,-3.23615e-06,-0.00199932,0.000262498,3068.28,0.000739865,1,-6.92047e-05,-0.00192537,-0.0002625,3223.64
0,5469387,4,phononTS,0.000389588,-0.000842199,-0.00350894,0.000262498,887.977,0.000389588,1,-0.000821988,-0.00357148,-0.0002625,1044.3
0,5469387,2,phononTS,0.00233933,0.00193511,-0.00228147,-0.000127914,39.7136,0.0013476,1,0.00131387,-0.00173777,-0.0002625,1852.88
0,5481405,5,phononTS,0.000555908,0.00100367,-0.000998065,0.0002625,440.345,0.000555908,1,0.00115216,-0.000173391,-0.0002625,3096.99
0,5482542,5,phononTS,0.00091257,-0.000941394,-0.005,2.28364e-05,389.293,0.000382,1,0.00299734,0.000999611,0.0002625,2917.45
0,5482542,4,phononTS,0.000764033,-0.00125752,-0.005,-8.93478e-06,389.293,0.000764033,1,-0.00149268,-0.00452711,-0.0002625,947.573
0,5489770,11,phononTF,0.000447197,2.50043e-06,-0.00200204,0.000262498,2440.88,0.000447197,1,0.000218859,-0.00183199,-0.0002625,2623.09
0,5497555,3,phononTS,0.00130187,0.000869024,-0.00180765,-0.0002625,44.4551,0.000382,1,0.00100324,-0.00100334,0.0002625,2375.22
0,5497555,11,phononTF,0.000816712,0.00100324,-0.00100334,0.000262498,2375.22,0.000298063,1,0.000794438,-0.00078984,-0.0002625,2555.65
0,5497978,10,phononTS,0.000491488,-0.000998999,-0.00100073,0.000262498,5243.11,0.000491488,1,-0.00353592,-0.00300584,-0.0002625,6398.91
0,5508176,4,phononTS,0.00113575,-0.0020046,-3.44013e-06,0.0002625,309.514,0.00113575,1,0.00224344,0.00340324,-0.0002625,6422.53
0,5546401,9,phononTF,0.000384548,-0.00221527,-0.00217227,-0.000262498,3073.98,0.000382,1,-0.00200204,-0.00200448,0.0002625,3249.7
0,5547062,4,phononTS,0.000812984,-0.00162067,-0.00212363,-0.0002625,66.7152,0.000382,1,-0.00300482,-0.000996875,0.0002625,3655.66
0,5558887,15,phononTF,0.000424775,0.000598024,-0.00351623,-0.0002625,345.93,0.000382,1,0.000999975,-0.00299693,0.0002625,1699.62
0,5561358,3,phononTS,0.00132015,0.000677761,-0.0038018,-0.0002625,112.214,0.000382,1,0.00100134,-0.00300031,0.0002625,2186.15
0,5561358,9,phononTS,0.00069137,0.00376754,-0.005,0.000221453,2186.15,0.00069137,1,0.00400521,-0.00494635,-0.0002625,3511.7
0,5584711,7,phononTF,0.000455892,0.00166822,0.00171061,-0.0002625,6399.88,0.000382,1,0.00199896,0.00199958,0.0002625,7760.52
0,5589391,7,phononTS,0.000655857,-0.00199804,-0.00200232,0.0002625,411.666,0.000655857,1,-0.00266996,-0.00040091,-0.0002625,2703.81
0,5589391,6,phononTS,0.000527765,-0.00135235,-0.00404531,0.000262498,411.666,0.000527765,1,-0.00127598,-0.00342722,-0.0002625,708.719
0,5589391,3,phononTS,0.000721778,-0.000568106,-0.005,-0.000135932,5.02924,0.000671384,1,-0.00120656,-0.00474096,-0.0002625,733.908
0,5645292,5,phononTS,0.00097295,-0.00200437,-0.00199899,0.0002625,3.28808,0.00043986,1,-0.00205938,-0.00182105,-0.0002625,2197.95
0,5647341,4,phononL,0.00184881,-0.00299682,-0.00228196,-0.0002625,1.64793,0.000382,1,-0.00300255,-0.00100305,0.0002625,1472.83
0,5656302,10,phononTF,0.000656687,-0.0010036,-0.00100346,0.0002625,1192.18,0.000299875,1,-0.000564137,-0.000530655,-0.0002625,2102.08
0,5660944,7,phononTS,0.000504103,-0.00105248,-0.00402741,-0.000262498,1007.44,0.000382,1,0.00100199,-0.00299663,0.0002625,1855.66
0,5772166,10,phononTS,0.000470508,0.00100068,-0.0030025,0.000262498,3408.46,0.000470508,1,0.000764248,-0.00373769,-0.0002625,3773.58
0,5774902,7,phononTS,0.000461988,-0.00302146,-0.00137997,-0.0002625,628.338,0.000382,1,-0.003001,-0.00100227,0.0002625,8882.61
0,5780225,6,phononTF,0.000411095,-0.00200391,-0.00200197,0.000262498,1866.69,0.000411095,1,-0.00174024,-0.00178883,-0.0002625,2052.49
0,5784978,3,phononTF,0.000827955,0.00085852,-0.00286921,-0.0002625,71.9792,0.000764,1,0.000995549,-0.00299555,0.0002625,1354.22
0,5784978,2,phononTS,0.00360164,-0.000858789,-0.00394175,0.000262498,71.9792,0.002883,1,-0.000770556,-0.00394578,-0.0002625,234.864
0,5789344,11,phononTF,0.000413568,-0.000768353,-0.00118869,-0.000262498,5294.02,0.000382,1,-0.000997438,-0.00100159,0.0002625,5473.36
0,5789344,3,phononTS,0.00109207,-0.000919745,-0.00392623,0.000262498,14.6472,0.000386955,1,-0.000592176,-0.00358154,-0.0002625,302.545
0,5812092,7,phononTS,0.000703997,-0.005,0.000541077,-0.000236109,1281.66,0.000382,1,-0.0030032,-0.00099802,0.0002625,7941.28
0,5821299,8,phononTF,0.000492548,0.005,0.00271691,0.000162325,1289.05,0.000492548,1,-0.00396787,0.00431426,-0.0002625,7436.93
0,5829091,3,phononTS,0.00406044,0.000210726,-0.00207967,-0.000176203,65.6016,0.001146,1,4.24529e-06,-0.00200165,0.0002625,1066.18
0,5832787,5,phononTS,0.000426301,0.0030027,0.000996955,0.000262498,2380.56,0.000426301,1,0.00278152,0.0011853,-0.0002625,2617.7
0,5841701,7,phononTS,0.000902065,-0.000967338,-0.005,-0.000248392,708.358,0.000382,1,0.000996765,-0.00300196,0.0002625,1958.53
0,5841701,2,phononTS,0.00243652,-0.000888767,-0.00401339,0.000198898,59.1619,0.00212708,1,-0.00126318,-0.00371612,-0.0002625,329.019
0,5850356,12,phononTS,0.000704348,0.000973199,-0.00265782,-0.000262498,1145.87,0.000382,1,0.000996151,-0.00299863,0.0002625,1376.14
0,5859039,13,phononTS,0.000707693,0.00100008,-0.00299942,0.000262498,3359.06,0.000707693,1,0.00106633,-0.00299654,-0.0002625,3522.46
0,5916067,2,phononTS,0.00250319,-0.00126304,0.00296543,8.37883e-05,9.42245,0.001146,1,-0.000997929,0.00299694,0.0002625,1572.47
0,5942458,2,phononTS,0.00508593,-0.00204458,-0.00202621,-2.44584e-05,146.307,0.000764,1,-0.00200228,-0.00199793,0.0002625,1497.29
0,5948030,5,phononTS,0.000767004,-0.00199796,-0.00200485,0.0002625,844.323,0.000157855,1,-0.00207364,-0.00204966,-0.0002625,1783.2
0,5948183,8,phononTS,0.000557731,-0.00309078,-0.00102146,-0.000262498,3978.58,0.000382,1,-0.00300124,-0.00100181,0.0002625,4138.35
0,5969775,9,phononTS,0.000446413,-0.00100339,-0.00100373,0.000262498,1949.95,0.000446413,1,-0.000543027,0.00051162,-0.0002625,2559.67
0,5969775,2,phononTS,0.0022947,2.75626e-05,-0.00438761,-0.000194573,533.192,0.00086253,1,-0.000450499,-0.00400943,-0.0002625,1086.25
0,5979297,7,phononTS,0.000594511,-0.00056527,0.0032878,-0.000262498,4385.76,0.000382,1,0.00100066,0.00100479,0.0002625,5389.9
0,6041308,11,phononTF,0.000912824,0.00199625,-0.00199604,0.0002625,1530.64,0.000912824,1,0.00346198,-0.000494654,-0.0002625,2822.64
0,6060957,9,phononTS,0.000550426,-0.000917892,-0.00107844,-0.000262498,1377.83,0.000382,1,-0.00100316,-0.000996738,0.0002625,1531.83
0,6080978,7,phononTS,0.000516328,0.0011444,-0.00236907,-0.0002625,572.03,0.000382,1,0.00199693,-0.00200196,0.0002625,2520.9
0,6080978,5,phononTF,0.000418527,-0.000989488,-0.00400284,0.000262498,88.9499,0.000418527,1,-0.000763363,-0.00376646,-0.0002625,275.571
0,6080978,4,phononTS,0.00230292,-0.000989488,-0.00400284,0.000262498,88.9499,0.00144813,1,-0.000908352,-0.00394756,-0.0002625,245.096
0,6103097,10,phononTS,0.00040969,0.00200307,0.00199885,0.0002625,3536.76,0.00040969,1,0.00192157,0.00208229,-0.0002625,9989.66
0,6108495,6,phononTF,0.000421483,-0.005,0.00189011,-0.000166434,2861.56,0.000421483,1,-0.00348114,0.00217705,-0.0002625,4398.78
0,6108495,4,phononTF,0.00210881,-0.000944181,-0.00396774,0.000262498,14.7315,0.000494292,1,-0.00115715,-0.00377042,-0.0002625,193.864
0,6147896,5,phononTS,0.00317684,0.000760143,-0.00322219,-4.9441e-05,775.525,0.000382,1,0.000996687,-0.00300243,0.0002625,1621.09
0,6147896,7,phononTF,0.000844871,0.000996687,-0.00300243,0.000262498,1621.09,0.000844871,1,0.00120522,-0.00326502,-0.0002625,1806.07
0,6186110,6,phononTF,0.000604061,-0.00336497,-0.000693922,-0.0002625,717.848,0.000382,1,-0.00300394,-0.000999852,0.0002625,3665.2
0,6198766,9,phononTS,0.000430526,0.000565437,-0.00276318,-0.000262498,1941.42,0.000382,1,0.000995399,-0.00300017,0.0002625,2231.12
0,6237725,8,phononL,0.000474794,0.00100043,-0.00299865,0.000262498,1172.44,0.000474794,1,0.000819877,-0.00376699,-0.0002625,1348.21
0,6237725,6,phononL,0.00145128,-0.000897809,-0.00368656,0.000262498,261.023,0.0011558,1,-0.00072286,-0.00406749,-0.0002625,388.388
0,6237725,5,phononTS,0.000665423,-0.000897809,-0.00368656,0.000262498,261.023,0.000665423,1,-0.000907562,-0.00368678,-0.0002625,423.402
0,6242666,4,phononTF,0.00235606,-0.00049258,-0.00244214,-0.000128601,34.4775,0.000764,1,-3.81714e-06,-0.0020024,0.0002625,2480.43
0,6242666,6,phononTF,0.000937367,-3.81714e-06,-0.0020024,0.000262498,2480.43,0.000670245,1,-4.22512e-05,-0.00191373,-0.0002625,2641.51
0,6249157,2,phononTS,0.00393652,0.000707433,-0.00306422,-0.00015813,337.086,0.001146,1,0.00100227,-0.0030028,0.0002625,2687.72
0,6249157,7,phononTS,0.00204933,0.00100227,-0.0030028,0.000262499,2687.72,0.00136364,1,0.000916359,-0.00332432,-0.0002625,2929.62
0,6250581,12,phononTF,0.000536949,-0.00215651,-0.00218999,-0.0002625,1364.46,0.000382,1,-0.00199788,-0.00199757,0.0002625,1896.88
0,6266021,3,phononTS,0.000827029,0.000851272,0.00130697,-0.0002625,200.64,0.000764,1,-2.33596e-07,9.7627e-08,0.0002625,7856.78
0,6266109,9,phononTS,0.000998534,-3.04384e-06,-0.00199724,0.0002625,598.236,0.000998534,1,-3.56341e-05,-0.0019511,-0.0002625,993.783
0,6266109,7,phononTF,0.00193255,-0.00102802,-0.00390494,0.000262498,137.928,0.001337,1,-0.0015326,-0.0043301,-0.0002625,388.042
0,6273379,7,phononL,0.000753851,-3.20081e-05,-0.00261539,-0.0002625,2423.6,0.000382,1,5.77764e-07,-0.00199924,0.0002625,3829.92
0,6273379,6,phononTS,0.000438402,-0.000388222,-0.00320984,0.000262498,2423.6,0.000438402,1,-0.000295091,-0.00216993,-0.0002625,2856.92
0,6273379,5,phononTS,0.000421497,-0.000388222,-0.00320984,0.000262498,2423.6,0.000421497,1,-0.000300996,-0.00384462,-0.0002625,2726.21
0,6273379,4,phononL,0.00156109,-0.000388222,-0.00320984,0.000262498,2423.6,0.00156109,1,-0.000790778,-0.00275704,-0.0002625,2575.39
0,6321200,9,phononTS,0.000728831,0.000852146,-0.0029186,-0.0002625,863.45,0.000382,1,0.000997345,-0.00299821,0.0002625,1523.87
0,6351938,10,phononL,0.000434169,0.000354485,-0.00237203,-0.0002625,1870.69,0.000382,1,-3.55053e-06,-0.00199897,0.0002625,3414.9
0,6351938,3,phononTF,0.000755042,-0.000937968,-0.0039319,0.000262498,11.3835,0.000164913,1,-0.00128443,-0.00415207,-0.0002625,224.66
0,6382009,13,phononTS,0.00070705,2.36241e-05,-0.00205886,-0.0002625,826.539,0.000382,1,-1.80256e-06,-0.00199942,0.0002625,3144.06
0,6418706,9,phononTF,0.000552033,0.00154119,0.00137181,-0.0002625,1255.07,0.000382,1,0.0020013,0.00199779,0.0002625,4535.97
0,6418706,7,phononTS,0.00048601,0.000610625,-0.00499476,-0.0002625,713.921,0.00048601,1,0.000623602,-0.005,-0.000258064,1359.42
0,6418706,5,phononTS,0.00404078,-0.000301002,-0.00480361,-2.23102e-06,500.287,0.00272001,1,-0.000324082,-0.0046,-0.0002625,1297.74
0,6444470,13,phononL,0.000416629,0.00100083,0.00100447,0.000262498,5361.79,0.000416629,1,0.000656209,0.00128702,-0.0002625,5492.29
0,6456785,6,phononTS,0.00108001,0.00199883,1.2998e-06,0.000262498,1657.33,0.00030602,1,0.00245087,-0.00104572,-0.0002625,2137.48
0,6473678,8,phononTF,0.000493419,-0.0020459,0.00194735,-0.0002625,384.91,0.000382,1,-0.00199812,0.0020047,0.0002625,6324.32
0,6486567,10,phononTS,0.00158286,-0.000387646,-0.000526066,-0.0002625,450.899,0.000382,1,-0.00100482,0.000999411,0.0002625,2433.42
0,6486567,11,phononTF,0.00113041,-0.00100482,0.000999411,0.000262498,2433.42,0.00104893,1,-0.00100275,0.0010459,-0.0002625,2591.39
0,6577616,2,phononTS,0.000775351,0.00199525,-2.38731e-06,0.0002625,36.5263,0.000775351,1,0.00292525,-0.000153708,-0.0002625,2497.67
0,6594328,5,phononTS,0.00076028,-0.00112308,0.000223216,-0.0002625,569.284,0.000382,1,-0.000996902,0.00100058,0.0002625,2694.8
0,6636456,5,phononTF,0.00107441,0.005,-0.000813132,-3.58947e-05,0.949914,0.000382,1,-1.44305e-06,-0.00200171,0.0002625,3669.71
0,6640375,8,phononTS,0.000638426,-0.00100139,-0.000995384,0.000262498,4893.65,0.000638426,1,-0.000170154,-0.00108734,-0.0002625,5250.76
0,6640375,2,phononL,0.00132746,-0.000919366,-0.00393351,0.000262498,1.84708,0.000753266,1,-0.000235703,-0.00397803,-0.0002625,160.217
0,6650927,7,phononTS,0.000526187,1.91971e-06,-0.00199845,0.000262498,2943.41,0.000526187,1,-1.10308e-05,-0.00101099,-0.0002625,3352.74
0,6650927,2,phononTS,0.00535004,-0.00201599,-0.00308656,-0.000213441,231.409,0.00412761,1,-0.0020153,-0.00308272,-0.0002625,1004.62
0,6661808,8,phononTF,0.00061626,0.000849859,-0.00312645,-0.0002625,2960.4,0.000382,1,0.000996217,-0.00299542,0.0002625,4466.68
0,6661808,5,phononTS,0.000470049,-0.000894895,-0.00393269,0.000262498,51.4727,0.000470049,1,-0.00115673,-0.00395323,-0.0002625,267.474
0,6670611,4,phononTF,0.0024718,0.001007,-0.00295547,0.000153938,1557.45,0.000382,1,0.000995145,-0.00300171,0.0002625,2650.65
0,6678495,13,phononL,0.00071489,-0.00134861,-0.000131935,-0.0002625,357.207,0.000382,1,-0.00200395,1.88081e-06,0.0002625,1317.71
0,6694480,8,phononTS,0.000595099,0.00100307,-0.000995378,0.000262498,16399.1,9.60767e-05,1,0.000715903,-0.00224309,-0.0002625,16912.9
0,6697596,6,phononTF,0.000573498,0.000693294,-0.00126247,-0.0002625,659.306,0.000382,1,1.43596e-06,-0.00200434,0.0002625,1932.33
0,6727124,11,phononTS,0.000477384,-0.00200276,-3.3311e-07,0.000262498,8576.09,0.000477384,1,-0.00203954,-4.39156e-05,-0.0002625,8732.32
0,6727124,6,phononTF,0.00312012,-0.00104104,-0.005,0.000106244,1071.55,0.00246144,1,-0.00145609,-0.00452598,-0.0002625,1331.06
0,6735384,6,phononTS,0.000694706,-0.000207174,-0.00320457,-0.0002625,290.45,0.000382,1,0.00200055,-0.00200246,0.0002625,1482.26
0,6744958,4,phononTS,0.000406356,-0.0019972,-0.00199882,0.0002625,366.19,0.000406356,1,-0.00198469,-0.00269055,-0.0002625,4004.07
0,6798692,7,phononTS,0.000590022,-0.000326227,-0.00202851,-0.000262498,1793.02,0.000382,1,-2.53099e-06,-0.00200364,0.0002625,2027.77
0,6798692,3,phononTS,0.00122982,-0.000954582,-0.00396278,0.000262498,105.608,0.00122982,1,-0.00083686,-0.00494583,-0.0002625,524.86
0,6820448,14,phononTS,0.000395936,7.26941e-05,-0.00193113,-0.0002625,1123.69,0.000382,1,-2.29402e-06,-0.00199579,0.0002625,1588.21
0,6820448,11,phononTS,0.000836328,-0.00121917,-0.00394188,0.000262498,95.613,0.000836328,1,-0.00130073,-0.00400926,-0.0002625,250.67
0,6823391,11,phononTS,0.000790399,-0.00204291,0.00141039,-0.0002625,2524.7,0.000382,1,-0.001997,0.00199765,0.0002625,4048.18
0,6823391,2,phononTS,0.002252,-0.00209691,-0.005,0.000259425,16.6864,0.0018295,1,-0.00269577,-0.00367541,-0.0002625,1081.69
0,6829875,8,phononTF,0.000482082,0.00170733,-0.00235735,-0.0002625,1427.47,0.000382,1,0.00199753,-0.00200479,0.0002625,2264.08
0,6829875,7,phononTF,0.00133582,0.0014569,-0.00344616,0.000262498,1427.47,0.000635239,1,0.0016851,-0.00316046,-0.0002625,1617.37
0,6846010,10,phononTF,0.0004825,-0.00300123,-0.000995209,0.000262498,3293.53,0.0004825,1,-0.00230256,-0.000212129,-0.0002625,3642.66
0,6875249,2,phononTS,0.00118449,-0.00349916,-0.00117721,-0.0002625,11.4371,0.000382,1,-0.00199669,-0.00199781,0.0002625,3098.92
0,6878686,6,phononTS,0.000433848,-0.00204911,7.05768e-05,-0.000262498,4485.36,0.000382,1,-0.00200485,1.01327e-06,0.0002625,4642.9
0,6884484,8,phononTF,0.000462578,0.00180992,-0.000146784,-0.0002625,1976.69,0.000382,1,0.00199621,1.70257e-06,0.0002625,3178
0,6884484,2,phononTF,0.00540611,-0.000855773,-0.00426174,-8.36794e-05,71.2842,0.00458074,1,-0.0010208,-0.00441477,-0.0002625,1103.93
0,6912727,6,phononTS,0.00160341,0.000175939,-0.00233504,-0.0002625,462.725,0.000382,1,0.00299856,0.00099545,0.0002625,2613.94
0,6912727,7,phononTF,0.000559295,0.00299856,0.00099545,0.000262498,2613.94,0.000559295,1,0.00301877,0.000920651,-0.0002625,2773.75
0,6922294,7,phononTS,0.000401096,-0.000696432,-0.000916939,-0.0002625,529.349,0.000382,1,-0.00099886,-0.00100163,0.0002625,2831.45
0,6959222,5,phononTF,0.00116859,-0.00199958,-0.00199502,0.000262498,3033.91,0.00116859,1,-0.00197254,-0.00173891,-0.0002625,3222.26
0,6959222,3,phononTS,0.00131837,-0.000925434,-0.00392898,0.000262498,8.17002,0.00131837,1,-0.00158182,-0.00391081,-0.0002625,326.484
0,6959222,2,phononTS,0.00414166,-0.00116555,-0.0042942,6.23586e-05,8.17002,0.003413,1,-0.00125143,-0.00432606,-0.0002625,401.553
0,7014218,8,phononTF,0.000561793,1.16024e-06,-0.00199643,0.000262498,1518.18,0.000561793,1,-0.000466293,-0.00159939,-0.0002625,1757.93
0,7026620,10,phononL,0.00233982,-0.00088477,-0.00243343,-0.0002625,841.949,0.000764,1,-3.95477e-06,-0.00199987,0.0002625,1447.87
0,7026620,11,phononTS,0.000496661,-3.95477e-06,-0.00199987,0.000262498,1447.87,0.000496661,1,-8.51956e-05,-0.00209272,-0.0002625,1625.01
0,7026620,9,phononTS,0.000912081,-0.00126551,-0.00338146,3.83237e-05,841.949,0.000790564,1,-0.00125505,-0.00340023,-0.0002625,936.396
0,7061111,7,phononTS,0.000613373,-3.15514e-07,3.41378e-06,0.0002625,1742.32,0.000613373,1,-2.58669e-05,0.00104278,-0.0002625,2596.15
0,7061111,2,phononTS,0.00216484,-0.000887118,-0.00388527,0.000262498,146.122,0.00216484,1,-7.2508e-05,-0.0039597,-0.0002625,501.409
0,7061169,8,phononTS,0.000496376,-0.000596896,-0.00397562,-0.000262498,1592.01,0.000382,1,-0.00200018,-0.00199714,0.0002625,2486.32
0,7092795,6,phononTF,0.00102215,0.00200065,-0.0020009,0.0002625,4.41992,0.000763916,1,0.000944941,-0.00284369,-0.0002625,2570.88
0,7094659,7,phononTF,0.000597614,0.000999446,0.000995851,0.000262498,3063.15,0.000597614,1,0.00322297,0.00216855,-0.0002625,3868.43
0,7094992,6,phononTF,0.00101222,0.00011199,-0.005,-4.06765e-05,19.9094,0.000382,1,-0.00199564,0.00200469,0.0002625,2658.79
0,7103751,8,phononTS,0.000519089,0.000996943,-0.00299658,0.0002625,1035.14,0.000519089,1,0.00257149,-0.00257024,-0.0002625,2367.18
0,7126875,4,phononTS,0.00113208,-0.000583023,-0.00463379,-0.0002625,635.631,0.000764,1,0.00100003,-0.00300452,0.0002625,1740.44
0,7132792,5,phononTF,0.000532214,0.00199847,-0.00199807,0.0002625,49.8008,0.000532214,1,0.00157179,-0.00159942,-0.0002625,1896.24
0,7132792,4,phononTF,0.000435592,-0.000909,-0.00390466,0.000262498,49.8008,0.000435592,1,-0.000825566,-0.00399821,-0.0002625,211.006
0,7132792,3,phononTF,0.000482436,-0.000909,-0.00390466,0.000262498,49.8008,0.000482436,1,-0.000670253,-0.00382421,-0.0002625,234.748
0,7160878,3,phononTF,0.00479237,0.00107335,-0.00292086,0.000204881,34.4503,0.000382,1,0.000997393,-0.00300415,0.0002625,1805.55
0,7170416,9,phononTS,0.000442264,0.00371554,0.000882214,-0.0002625,805.308,0.000382,1,0.00300038,0.00100169,0.0002625,4717.46
0,7179370,6,phononL,0.000479237,-0.00200193,-0.00200214,0.0002625,1284.72,0.000479237,1,-0.00154706,-0.00241055,-0.0002625,1589.99
0,7181854,14,phononTF,0.00045093,0.00199798,0.00199879,0.0002625,10640.9,0.00045093,1,0.00168698,0.00172701,-0.0002625,11040.5
0,7204284,8,phononTS,0.00056292,-0.00204073,0.000877269,-0.0002625,474.652,0.000382,1,-0.000995651,0.000998371,0.0002625,4035.67
0,7204284,7,phononTS,0.000818665,-0.00080301,-0.00344597,0.000262499,474.652,0.000360145,1,-0.000841771,-0.00351123,-0.0002625,632.883
0,7261465,4,phononTS,0.000859821,-0.00192059,0.00236345,-0.0002625,321.104,0.000382,1,-0.00200456,0.00200271,0.0002625,5161.79
0,7302940,8,phononTS,0.000579543,0.005,0.00110894,-0.000248433,744.825,0.000539864,1,0.00447411,0.00159949,-0.0002625,3808.94
0,7303339,10,phononTS,0.000803672,0.000980126,-0.00108732,-0.0002625,2922.69,0.000764,1,0.00100242,-0.00100127,0.0002625,7565.16
0,7335582,7,phononTS,0.000445355,-0.00327241,-0.00310565,-0.0002625,2352.52,0.000382,1,-0.00100307,-0.000997617,0.0002625,4306.65
0,7335582,2,phononTS,0.0053829,-0.000970816,-0.00421325,-0.000213347,100.175,0.00369414,1,-0.00109189,-0.00416617,-0.0002625,624.375
0,7349238,3,phononTF,0.00444866,8.48861e-06,-0.00200553,0.000247793,20.9697,0.000764,1,3.17177e-06,-0.00199536,0.0002625,3312.01
0,7349238,6,phononTS,0.000524111,3.17177e-06,-0.00199536,0.000262498,3312.01,0.000524111,1,0.00154026,-0.00144142,-0.0002625,3943.03
0,7354233,9,phononTF,0.000490706,-0.00180685,-0.000170134,-0.000262498,2899.73,0.000382,1,-0.00199953,-7.48006e-07,0.0002625,3074.09
0,7356336,11,phononL,0.000463076,0.000325558,0.00100662,-0.0002625,10378.1,0.000382,1,0.00100006,0.00099518,0.0002625,10848.4
0,7356336,4,phononL,0.00271422,0.000964867,-0.00408883,0.000221539,243.494,0.00079391,1,0.00117249,-0.00280701,-0.0002625,1379.06
0,7410607,15,phononTS,0.00101665,0.000984634,-0.00344155,-0.0002625,969.776,0.000764,1,0.000995807,-0.0030013,0.0002625,5158.33
0,7418334,9,phononTF,0.000607949,0.00200362,0.00199729,0.000262498,12488.1,0.000607949,1,0.00241045,0.00158035,-0.0002625,12725.8
0,7418334,4,phononTF,0.000423767,-0.000921672,-0.00374298,0.000262498,700.363,0.000423767,1,-0.00156254,-0.00320164,-0.0002625,1007.88
0,7428090,9,phononTF,0.000878313,0.00100422,0.000995742,0.0002625,847.149,0.000878313,1,0.0012703,0.000696139,-0.0002625,5845.7
0,7428090,7,phononTS,0.00227137,-0.000834318,-0.00405901,0.000201201,293.074,0.00227137,1,-0.0017389,-0.005,-7.72205e-05,732.318
0,7431903,11,phononTS,0.000627117,-0.00199779,-0.00200149,0.0002625,3096.92,0.000627117,1,-0.00191806,-0.0020601,-0.0002625,3431.5
0,7441630,8,phononTS,0.00072722,-0.00397048,-0.000896263,-0.0002625,1578.05,0.000382,1,-0.00300299,-0.00100055,0.0002625,4426.31
0,7460483,9,phononTS,0.000429267,0.00100298,-0.00300492,0.000262498,939.155,0.000429267,1,0.000780291,-0.00400903,-0.0002625,1343.13
0,7472826,12,phononTF,0.00073986,0.0020015,-0.00199713,0.000262498,1980.21,0.00073986,1,0.00219631,-0.0017554,-0.0002625,2161.57
0,7483709,5,phononTS,0.0013592,-0.00199597,-0.00200282,0.0002625,1883.39,0.0013592,1,-0.00209016,-0.00316761,-0.0002625,3065.64
0,7483709,4,phononTS,0.00040142,-0.00083639,-0.00366806,0.000262498,1883.39,0.00040142,1,-0.000834586,-0.00431233,-0.0002625,2188.86
0,7501659,7,phononTS,0.000644168,0.00183856,-0.00118053,-0.0002625,1977.04,0.000382,1,0.0020042,-0.0019986,0.0002625,4359.88
0,7501659,5,phononTS,0.00103922,-0.000865239,-0.00395223,0.000262498,67.6614,0.00068072,1,-0.000797034,-0.00382767,-0.0002625,251.437
0,7501659,4,phononTS,0.0011903,-0.000865239,-0.00395223,0.000262498,67.6614,0.0011903,1,-0.000788295,-0.00403538,-0.0002625,221.987
0,7519515,3,phononTF,0.00359083,-0.000476757,-0.0022557,9.91856e-05,21.4557,0.001146,1,3.917e-06,-0.00200258,0.0002625,822.699
0,7524150,7,phononTS,0.000498519,0.000999724,-0.00299779,0.000262498,2087.91,0.000498519,1,0.00108812,-0.00300896,-0.0002625,2248.8
0,7524150,3,phononTS,0.00143797,-0.000914711,-0.00392207,0.000262498,7.51892,0.000908206,1,-0.000552835,-0.00484102,-0.0002625,418.924
0,7533025,5,phononTS,0.000477124,0.00086516,-0.00332331,-0.0002625,304.522,0.000382,1,0.00199803,-0.00199585,0.0002625,2382.73
0,7533025,2,phononTF,0.00138115,-0.000980659,-0.00389274,0.000262498,94.5707,0.00138115,1,-0.00117101,-0.0037248,-0.0002625,269.16
0,7573655,7,phononTF,0.000396671,-0.000996413,-0.000995376,0.0002625,2562.37,0.000396671,1,-0.000755445,-0.000782121,-0.0002625,11991
0,7590791,7,phononTS,0.000894012,0.00188658,-0.00261303,-0.0002625,1529.41,0.000382,1,0.0019985,-0.00199991,0.0002625,2421.74
0,7590791,2,phononL,0.00111213,-0.000924773,-0.00394187,0.000262498,88.954,0.000745203,1,-0.00120706,-0.00368063,-0.0002625,213.518
0,7600456,4,phononTF,0.000844334,-0.00138135,0.00345542,-0.0002625,124.162,0.000382,1,-0.00100159,0.0030015,0.0002625,5241.62
0,7613968,12,phononTS,0.000491207,0.00100015,-0.00300371,0.000262498,2789.28,0.000491207,1,0.000948625,-0.00302942,-0.0002625,2956.23
0,7628730,7,phononTS,0.000418531,-0.00199769,-0.00199644,0.000262498,3518.94,0.000418531,1,-0.00191892,-0.00176793,-0.0002625,3722.98
0,7628730,4,phononTS,0.0013649,-0.00224971,-0.000893391,0.000262498,2390.24,0.00105575,1,-0.0022947,-0.000964369,-0.0002625,2545.64
0,7644828,9,phononTF,0.000855859,-0.00165468,-0.0023974,-0.0002625,592.542,0.000382,1,-0.00199582,-0.00199915,0.0002625,1475.22
0,7646372,4,phononL,0.000511133,-0.000121882,-0.000564111,-0.0002625,1812.04,0.000382,1,1.89952e-07,4.10839e-06,0.0002625,2681.62
0,7648035,3,phononL,0.00134705,-0.00235685,-0.00227977,-0.0002625,37.3295,0.000382,1,-0.00199939,-0.00199596,0.0002625,1311
0,7648035,6,phononL,0.00050604,-0.00199939,-0.00199596,0.000262498,1311,0.00050604,1,-0.00220965,-0.0015869,-0.0002625,1442.61
0,7661993,12,phononTS,0.000392689,-1.62167e-08,-0.00200218,0.000262499,1800.21,0.000392689,1,-7.19142e-05,-0.00207523,-0.0002625,1955.04
0,7675631,12,phononTS,0.000440857,0.00200086,4.58523e-06,0.0002625,6365.02,0.000440857,1,0.00207426,7.69212e-05,-0.0002625,9673.2
0,7677780,10,phononTF,0.00121013,-0.000317969,-0.00228426,-0.0002625,1686.43,0.000382,1,-1.61729e-06,-0.00199995,0.0002625,2607.29
0,7713824,7,phononTS,0.000417147,0.00125437,-0.00104772,-0.000262498,2280.01,0.000382,1,0.000999801,-0.00099873,0.0002625,2491.86
0,7744299,5,phononTF,0.000443917,0.000989409,-0.00263772,-0.0002625,928.86,0.000382,1,0.00100146,-0.0029991,0.0002625,2231.32
0,7744299,4,phononTS,0.000714361,-0.000482687,-0.00363431,0.000262498,928.86,0.000714361,1,-0.000769678,-0.00355365,-0.0002625,1145.72
0,7776955,8,phononTS,0.000445797,0.00100009,0.00100463,0.000262498,2910.32,0.000445797,1,0.0011689,0.000951584,-0.0002625,3102.54
0,7829721,9,phononTS,0.000412661,-0.00210971,-0.000799085,-0.0002625,2233.26,0.000382,1,-0.00100169,-0.000999291,0.0002625,4916.24
0,7829721,3,phononTS,0.00189811,-0.00113985,-0.00388593,0.000262498,198.957,0.00171932,1,0.00069009,-0.00494311,-0.0002625,990.36
0,7829721,2,phononTF,0.00430817,-0.000955149,-0.00407779,0.000226197,198.957,0.00199951,1,-0.000717476,-0.00415261,-0.0002625,516.771
0,7843645,9,phononTS,0.000936571,0.000564873,-0.00308265,-0.0002625,3190.69,0.000382,1,0.00100122,-0.00299992,0.0002625,4532.61
0,7889374,2,phononL,0.00428855,0.0010026,-0.00301574,0.000254095,13.0013,0.00191,1,0.00100482,-0.00300001,0.0002625,1024.79
0,7905698,10,phononTS,0.000566079,-0.00054674,-0.00189179,-0.0002625,1699.78,0.000382,1,0.000995515,0.00100135,0.0002625,4829.08
0,7908712,7,phononTS,0.000500093,-0.00199909,-0.00200373,0.0002625,220.098,0.000500093,1,-0.00208936,-0.00207799,-0.0002625,2265.66
0,7908712,3,phononL,0.000689112,-0.000901733,-0.00388649,0.000262498,65.9078,0.000689112,1,-0.000576932,-0.00434094,-0.0002625,210.383
0,7908712,2,phononTS,0.00249362,-0.000901733,-0.00388649,0.000262498,65.9078,0.00114397,1,-0.000459522,-0.00354707,-0.0002625,376.723
0,7911560,5,phononTS,0.000985005,-0.000364657,-0.00481449,-0.0002625,105.071,0.000382,1,0.00300189,0.00099823,0.0002625,2852.18
0,7918633,7,phononTS,0.00039377,-0.000977365,0.00292834,-0.000262498,2407.3,0.000382,1,-0.00099769,0.00300002,0.0002625,2573.55
0,7940812,6,phononTS,0.000589752,0.000882303,-0.00328613,-0.0002625,1313.55,0.000382,1,0.000999293,-0.00299551,0.0002625,2439.68
0,7946350,6,phononTS,0.000909549,-0.00161732,-0.00264155,-0.0002625,259.734,0.000382,1,-0.00100197,-0.00100057,0.0002625,12036.8
0,7946350,7,phononTS,0.000522926,-0.00100197,-0.00100057,0.000262498,12036.8,0.000522926,1,-0.00107171,-0.00199901,-0.0002625,12445.7
0,7946350,5,phononTS,0.00134544,-0.000752592,-0.00409037,0.000262498,259.734,0.00103574,1,-0.000670203,-0.00383699,-0.0002625,469.01
0,7951218,8,phononTF,0.000759225,-0.00200342,-2.99119e-06,0.000262498,2241.47,0.000225926,1,-0.00197044,3.59851e-05,-0.0002625,2399.05
0,7967763,7,phononTF,0.00135848,-0.00300464,-0.000995382,0.000262498,2975.91,0.00135848,1,-0.00240859,-0.00128277,-0.0002625,3259.7
0,7967763,4,phononTS,0.0011032,-0.000987102,-0.00349202,0.000262498,905.153,0.0011032,1,-0.00101862,-0.00333465,-0.0002625,1098.34
0,7970413,8,phononTS,0.000796351,-0.000350617,-0.00223358,-0.0002625,754.448,0.000382,1,2.6543e-06,-0.00200084,0.0002625,1842.29
0,7970436,12,phononTS,0.00208799,0.00187402,-0.0019161,-0.0002625,961.13,0.000764,1,0.00200385,-0.00199838,0.0002625,2767.62
0,7970436,13,phononTS,0.000655333,0.00200385,-0.00199838,0.000262498,2767.62,0.000195095,1,0.00203136,-0.00205996,-0.0002625,2935.72
0,8001733,4,phononTS,0.00135014,0.000547699,-0.00295907,-0.0002625,63.4014,0.000382,1,0.000995747,-0.00299508,0.0002625,1507.85
0,8001733,6,phononTF,0.000903085,0.000995747,-0.00299508,0.000262498,1507.85,0.000903085,1,0.000973377,-0.0029953,-0.0002625,1664.95
0,8060788,3,phononTS,0.000435727,-0.00300281,-0.0010033,0.0002625,17.4424,0.000435727,1,-0.00248105,-0.00104083,-0.0002625,3056.47
0,8081441,5,phononTS,0.0010321,0.000893545,-0.00205326,-0.0002625,102.196,0.000382,1,-1.94208e-06,-0.00200356,0.0002625,1654.56
0,8081441,7,phononTF,0.000410469,-1.94208e-06,-0.00200356,0.000262498,1654.56,0.000410469,1,-0.000297774,-0.00175533,-0.0002625,1848.47
0,8113082,5,phononTF,0.00176766,0.000831558,-0.00110054,0.000219891,1806.23,0.000382,1,0.00100377,-0.00100048,0.0002625,1869.75
0,8122698,10,phononTS,0.000416525,0.00200489,5.06119e-07,0.000262498,4313.94,0.000416525,1,0.00406671,0.00230565,-0.0002625,5425.1
0,8130468,7,phononTS,0.000480769,0.00100901,-0.00309094,-0.0002625,1657.3,0.000382,1,0.00100047,-0.00300308,0.0002625,2147.86
0,8130468,5,phononTS,0.000440269,-0.000578994,-0.00341897,0.000262498,1339.95,0.000440269,1,-0.000692934,-0.00428761,-0.0002625,1718.86
0,8137622,2,phononTS,0.00058692,0.00192668,-0.005,-0.000248266,13.3659,0.000382,1,-0.00200334,-0.00200311,0.0002625,3171.93
0,8139781,7,phononTF,0.000427722,-1.38272e-06,1.16868e-07,0.000262498,4239.22,0.000427722,1,-0.000266032,-0.000247615,-0.0002625,4431.46
0,8190154,3,phononTS,0.00136795,0.00193897,0.000617131,-0.0002625,865.886,0.000382,1,0.00100217,0.0010021,0.0002625,5383.03
0,8201247,9,phononTS,0.002547,-2.24355e-06,-0.00200129,0.0002625,357.84,0.00160807,1,-8.99743e-05,-0.00204186,-0.0002625,2013.18
0,8208033,7,phononTF,0.00280444,0.00084945,-0.00286175,-0.0002625,1398.37,0.000382,1,0.00100079,-0.00299543,0.0002625,1989.34
0,8208033,10,phononTS,0.000484681,0.00100079,-0.00299543,0.000262498,1989.34,0.000484681,1,0.00101045,-0.00295861,-0.0002625,2151.54
0,8208033,9,phononTS,0.000607494,0.00100079,-0.00299543,0.000262498,1989.34,0.000607494,1,-0.00203521,-0.00475619,-0.0002625,3216.22
0,8208033,8,phononTS,0.00132738,0.00100079,-0.00299543,0.000262498,1989.34,0.00132738,1,0.00124843,-0.00332443,-0.0002625,2258.81
0,8224767,10,phononTS,0.000944747,-0.000382874,-0.00200167,-0.0002625,824.263,0.000764,1,3.76405e-06,-0.00200402,0.0002625,1317.74
0,8225174,8,phononTS,0.000665307,0.00113381,-0.0034607,-0.0002625,2713.91,0.000382,1,0.00200414,-0.00200354,0.0002625,5010.2
0,8225174,2,phononTS,0.00510198,-0.000792283,-0.00354704,-0.000125775,166.837,0.00358464,1,-0.000768734,-0.00355815,-0.0002625,561.985
0,8255720,5,phononTS,0.00134776,-0.00189027,-0.00205876,-0.0002625,331.852,0.000382,1,-0.00200269,-0.00199623,0.0002625,2588.35
0,8255720,9,phononTS,0.000765572,-0.00200269,-0.00199623,0.000262498,2588.35,0.000765572,1,-0.00246336,-0.00194776,-0.0002625,2858.67
0,8260203,6,phononTF,0.00118691,-0.000776424,-0.005,0.000210681,375.066,0.000382,1,-0.00200079,1.59182e-06,0.0002625,2283.73
0,8263307,5,phononTF,0.000710815,-0.000998842,-0.000999162,0.0002625,35.1571,0.000710815,1,0.00028552,0.00248885,-0.0002625,2908.81
0,8263307,4,phononTS,0.00104475,-0.000914641,-0.00392612,0.000262498,35.1571,0.000354464,1,0.000155819,-0.00377279,-0.0002625,459.081
0,8275798,8,phononTS,0.000576088,0.000168767,-0.00261849,-0.0002625,1896.12,0.000382,1,0.00100398,-0.00299997,0.0002625,4186.34
0,8275798,2,phononTS,0.00452109,-0.00125326,-0.00395123,-0.00010898,286.722,0.000728094,1,-0.00122191,-0.00432542,-0.0002625,657.55
0,8309716,7,phononTS,0.000885018,0.000948387,-0.00295428,-0.000262498,1431.54,0.000382,1,0.000998329,-0.00300384,0.0002625,1587.49
0,8310995,5,phononTS,0.000596897,0.00190915,0.00204307,-0.000262498,3248.96,0.000382,1,0.00199511,0.00199918,0.0002625,3417.77
0,8440808,13,phononTS,0.000478787,0.00200143,-0.0020033,0.0002625,2248.77,0.000478787,1,0.00195741,-0.00192033,-0.0002625,2563.63
0,8472017,6,phononTS,0.000662726,-0.005,0.00192932,-0.000228478,212.295,0.000662726,1,-0.00483142,0.00208817,-0.0002625,7499.53
0,8475333,10,phononTS,0.000624813,-0.000996398,-0.000998784,0.000262498,4490.73,0.000624813,1,-0.00108297,-0.000983803,-0.0002625,4655.2
0,8485020,5,phononTS,0.000388726,0.000139819,-0.00196206,-0.0002625,626.734,0.000382,1,-3.14111e-06,-0.00200202,0.0002625,1571.46
0,8506586,6,phononTF,0.000883898,0.00139307,-0.00237518,-0.0002625,97.6359,0.000382,1,0.00200149,-0.00200215,0.0002625,1718.24
0,8506586,5,phononTF,0.00170591,-0.000851259,-0.00389289,0.000262498,97.6359,0.00137986,1,-0.000506436,-0.00416408,-0.0002625,312.113
0,8546249,5,phononTS,0.000936154,0.001376,0.00103906,-0.0002625,2.66083,0.000382,1,0.00199667,-1.20691e-06,0.0002625,6445.37
0,8554880,9,phononTS,0.000463033,-0.00208684,0.000210621,-0.000262498,8094.05,0.000382,1,-0.00200445,-1.17049e-06,0.0002625,8294.32
0,8616959,13,phononTS,0.000424787,-0.00200351,8.31638e-07,0.000262498,2771.97,0.000424787,1,-0.00205414,0.000979905,-0.0002625,3183.84
0,8631113,5,phononTS,0.000954013,0.000125944,-9.95652e-05,-0.0002625,1282.56,0.000382,1,1.9895e-06,-1.06777e-06,0.0002625,3621.5
0,8631113,6,phononTF,0.000518061,1.9895e-06,-1.06777e-06,0.000262498,3621.5,0.000518061,1,5.87682e-05,5.65298e-05,-0.0002625,3780.38
0,8642317,9,phononTS,0.000631857,0.0030579,0.00106201,-0.000262498,2821.14,0.000382,1,0.00299714,0.000998286,0.0002625,2993.33
0,8642372,7,phononTF,0.000401243,-0.00300495,-0.000995297,0.0002625,5624.22,0.000401243,1,-0.00253262,-0.00174639,-0.0002625,7170.18
0,8642372,4,phononTS,0.00374311,-0.000653392,-0.00357044,0.000119283,568.179,0.0022534,1,-0.000712398,-0.00343887,-0.0002625,709.203
0,8655472,14,phononTS,0.000575616,0.00168445,-0.000946317,-0.000262498,1452.17,0.000382,1,0.0010049,-0.00100375,0.0002625,1763.84
0,8666922,4,phononTS,0.000493516,-0.00209148,-0.00202451,-0.000262498,2569,0.000382,1,-0.00200214,-0.00200206,0.0002625,2728.45
0,8666922,2,phononL,0.00560985,-0.00105118,-0.00377329,-6.45577e-05,483.795,0.00405885,1,-0.000687228,-0.00403778,-0.0002625,659.279
0,8669849,6,phononTF,0.00229128,0.00117723,-0.00278358,-0.0002625,561.072,0.000382,1,0.00200365,-0.00199572,0.0002625,1936.01
0,8680664,7,phononTS,0.000620734,0.000837933,-0.00384824,-0.000262498,1510.81,0.000382,1,0.00100338,-0.00300394,0.0002625,1896.2
0,8685692,6,phononTF,0.000526693,0.00200499,-0.00200292,0.0002625,2145.2,0.000526693,1,0.00129949,-0.0026655,-0.0002625,2802.32
0,8720773,7,phononTF,0.00081555,0.00146631,-0.000414763,-0.0002625,1608.43,0.000382,1,0.00199806,4.74662e-06,0.0002625,3230.37
0,8743157,8,phononTS,0.00042939,2.41292e-05,-0.00300447,-0.000262498,3420.39,0.000382,1,4.00323e-06,-0.00200184,0.0002625,3833.34
0,8768457,6,phononTS,0.00128953,-0.00191673,-0.00261614,-0.0002625,977.961,0.000382,1,-0.0019962,-0.00199872,0.0002625,2199.17
0,8768457,7,phononL,0.000493383,-0.0019962,-0.00199872,0.000262498,2199.17,0.000493383,1,-0.00172157,-0.00203618,-0.0002625,2315.93
0,8768457,5,phononTS,0.0004074,-0.0010849,-0.00375056,0.000262498,977.961,0.0004074,1,-0.000737936,-0.00290352,-0.0002625,1364.55
0,8781341,5,phononTF,0.00122776,-0.005,-3.09534e-05,9.21591e-05,2.92571,0.000764,1,-5.9394e-07,0.00199762,0.0002625,8247.93
0,8781341,7,phononTS,0.000511386,-0.005,0.000358176,0.000173442,167.875,0.000511386,1,-0.00492926,0.000457742,-0.0002625,2192.83
0,8787901,5,phononTS,0.000494986,-0.00200204,-0.00200314,0.000262498,1853.74,0.000494986,1,-0.00197,-0.0019678,-0.0002625,2022.41
0,8938981,9,phononTF,0.000594252,0.000999811,-0.0029981,0.000262498,1308.85,0.000594252,1,0.00108558,-0.00291098,-0.0002625,1469.88
0,8938981,2,phononTS,0.000959809,-0.000934423,-0.003919,0.000262498,19.9303,0.000883094,1,-0.000718224,-0.00342097,-0.0002625,322.177
0,8942966,7,phononTS,0.000781981,-0.000727466,-0.000138937,-0.0002625,1195.58,0.000382,1,3.18427e-07,-4.5497e-06,0.0002625,2245.31
0,8942966,4,phononTS,0.00089035,-0.000924854,-0.00393576,0.000262498,6.5638,0.000570817,1,-0.00104095,-0.00478331,-0.0002625,387.313
0,8942966,3,phononTF,0.00181015,-0.000189583,-0.005,-0.000256714,6.5638,0.000963344,1,-0.000188221,-0.00499766,-0.0002625,447.24
0,8945561,10,phononTS,0.00047928,-0.00199704,-0.00200318,0.000262498,2697.83,0.00047928,1,-0.00194373,-0.00199044,-0.0002625,2874.77
0,8952288,6,phononL,0.000679719,0.00199848,3.32264e-06,0.000262498,3955.22,0.000679719,1,0.0019711,0.0005108,-0.0002625,4090.88
0,8954423,9,phononTS,0.000940696,0.005,0.00224609,8.51141e-05,1013.51,0.000382,1,0.00300424,0.00100064,0.0002625,4703.64
0,8962668,8,phononTS,0.000486813,4.06914e-05,-0.00197412,-0.0002625,827.266,0.000382,1,-2.53265e-06,-0.0019976,0.0002625,3461.62
0,8964417,6,phononTF,0.00058694,-0.000118755,-0.00213677,-0.0002625,545.279,0.000382,1,2.282e-06,-0.00199882,0.0002625,2205.59
0,8985886,6,phononTF,0.000947881,8.39543e-05,-0.00208907,-0.0002625,1681.25,0.000382,1,4.40673e-06,-0.00199513,0.0002625,2003.44
0,8997766,7,phononTS,0.000428798,-0.00299889,-0.000998463,0.000262498,3719.51,0.000428798,1,-0.00308274,-0.000912892,-0.0002625,3873.39
0,9019684,7,phononTS,0.00090596,-0.00178164,-0.000944014,-0.0002625,595.755,0.000382,1,-0.000995049,-0.00100234,0.0002625,3228.17
0,9099600,5,phononTS,0.00118322,-0.005,-0.00307896,-0.000246279,57.9632,0.000764,1,-0.00300293,-0.00100307,0.0002625,4395.32
0,9099600,4,phononTS,0.000976774,-0.000839652,-0.00392724,0.000262498,57.9632,0.000437597,1,-0.000928423,-0.00390375,-0.0002625,217.319
0,9109380,4,phononTS,0.00102967,-0.000914758,-0.00410277,-0.0002625,154.393,0.000764,1,-3.29286e-08,-0.00199815,0.0002625,1178.49
0,9130584,11,phononTF,0.000417009,-0.00167311,-0.00162245,-0.0002625,4881.32,0.000382,1,-0.00200182,-0.00200105,0.0002625,8941.95
0,9169938,9,phononTF,0.00087742,-0.00200111,1.14688e-06,0.000262498,8038.93,0.00018424,1,-0.00177448,0.000267745,-0.0002625,8227.26
0,9170330,4,phononTS,0.000903137,-0.000432352,-0.00287089,-0.0002625,597.251,0.000382,1,-4.7616e-06,-0.00200317,0.0002625,1395.26
0,9170330,3,phononTS,0.00138364,-0.000859942,-0.00373861,0.000262498,597.251,0.00134119,1,-0.000507085,-0.00374042,-0.0002625,835.958
0,9170330,2,phononTS,0.00089686,-0.000859942,-0.00373861,0.000262498,597.251,0.000667594,1,-0.000941383,-0.00381193,-0.0002625,751.857
0,9170331,3,phononTF,0.00515706,-0.000746995,-0.00359893,1.43273e-05,58.1202,0.00309627,1,-0.000715272,-0.00355823,-0.0002625,404.407
0,9178728,4,phononTS,0.00063838,-0.00117928,-0.00260261,-0.0002625,12.0185,0.000382,1,3.55724e-06,-3.27644e-06,0.0002625,2692.17
0,9237814,10,phononTF,0.000383322,-0.0010017,0.000998489,0.0002625,5186.56,0.000383322,1,-0.000538759,0.00154336,-0.0002625,5712.93
0,9317720,12,phononL,0.000539034,0.000582148,-0.00175879,-0.0002625,3417.43,0.000382,1,0.000998909,-0.00100063,0.0002625,4387.52
0,9327079,4,phononTS,0.00055626,0.00361191,0.000988229,-0.0002625,8.65474,0.000382,1,0.00300181,0.000996063,0.0002625,3794.81
0,9327079,3,phononTS,0.000796087,-0.000902908,-0.00395194,0.000262498,8.65474,0.000796087,1,-0.000989609,-0.00392965,-0.0002625,174.177
0,9327079,2,phononTS,0.0020214,-0.000902908,-0.00395194,0.000262498,8.65474,0.00179171,1,-0.000845312,-0.00380414,-0.0002625,197.652
0,9341224,7,phononTS,0.000407354,-0.000299593,-0.00208919,-0.000262498,771.61,0.000382,1,-3.60437e-06,-0.00200452,0.0002625,990.374
0,9400684,7,phononTS,0.000677003,-0.00194445,-0.00208404,-0.000262498,1806.27,0.000382,1,-0.00199898,-0.00199873,0.0002625,1976.79
0,9410725,6,phononTF,0.00127559,-0.00211827,-0.00214216,-0.0002625,81.7556,0.000382,1,-0.0019991,-0.00200334,0.0002625,1509.49
0,9410725,9,phononTF,0.000842451,-0.0019991,-0.00200334,0.000262498,1509.49,0.000668408,1,-0.00127322,-0.00153107,-0.0002625,1835.82
0,9410725,5,phononTS,0.00126132,-0.000898111,-0.0039356,0.000262498,81.7556,0.000739625,1,-0.000829921,-0.00395659,-0.0002625,242.859
0,9429276,5,phononTS,0.000526858,0.00299698,0.00100061,0.000262498,2742.51,0.000526858,1,0.00141413,8.34473e-05,-0.0002625,3434.98
0,9438097,6,phononTS,0.00121286,-0.005,-0.000707548,-0.000157796,1667.69,0.000382,1,-0.00200306,-1.87235e-06,0.0002625,4687.51
0,9438097,7,phononTS,0.000621347,-0.00200306,-1.87235e-06,0.000262498,4687.51,0.000621347,1,-0.00194072,6.21761e-05,-0.0002625,4842.85
0,9461137,10,phononTS,0.000618933,-0.000996073,-0.000997615,0.000262498,5109.89,0.000530363,1,0.000305253,-0.000245405,-0.0002625,5679.49
0,9470077,7,phononL,0.000424547,-0.00200205,-0.0019984,0.000262498,873.991,0.000424547,1,-0.00165569,-0.00141991,-0.0002625,1035.55
0,9500924,5,phononTF,0.000686,-0.00243784,-0.00162541,-0.0002625,613.473,0.000382,1,-0.00300467,-0.00100421,0.0002625,1799.03
0,9500924,4,phononTS,0.000671309,-0.000737352,-0.00348901,0.000262498,613.473,0.000671309,1,-0.000548265,-0.00350589,-0.0002625,814.427
0,9500924,2,phononTF,0.0049914,-0.000619794,-0.00420883,-1.01615e-05,160.822,0.00172531,1,-0.000405724,-0.00452891,-0.0002625,1956.81
0,9520939,8,phononTS,0.000688458,-0.0019069,0.00207381,-0.0002625,947.664,0.000382,1,-0.00199605,0.00199525,0.0002625,3560.55
0,9604131,10,phononTS,0.000449556,0.0010047,-0.00300008,0.000262498,3185.8,0.000449556,1,0.00101449,-0.00308611,-0.0002625,3349.57
0,9609493,13,phononTS,0.000436651,0.000991773,-0.00312636,-0.0002625,326.326,0.000382,1,0.000995167,-0.0030041,0.0002625,1861.07
0,9609493,2,phononTS,0.0013402,-0.000916967,-0.003922,0.000262498,8.24543,0.0011817,1,-0.00177313,-0.00376252,-0.0002625,371.288
0,9629396,11,phononTF,0.000672233,0.000673106,-0.00261508,-0.0002625,780.216,0.000382,1,0.00100445,-0.00299707,0.0002625,2108.27
0,9637837,6,phononTF,0.000540372,1.11244e-06,-0.00199747,0.0002625,1944.9,0.000540372,1,4.93316e-05,-0.00205693,-0.0002625,2261.82
0,9645264,5,phononTF,0.00115687,0.00339704,0.000837928,0.000131049,10.7919,0.000382,1,0.00300151,0.00100102,0.0002625,3058.14
0,9645264,6,phononTF,0.00038677,0.00300151,0.00100102,0.000262498,3058.14,0.00038677,1,0.00300004,0.00133914,-0.0002625,3266.78
0,9646391,8,phononTS,0.00227132,1.23225e-06,-0.00200355,0.000262498,992.171,0.000661696,1,-0.00101682,-0.00201697,-0.0002625,1410.21
0,9661827,12,phononTS,0.00043745,0.000996119,-0.0029989,0.000262498,1439.93,0.00043745,1,0.00108701,-0.00294054,-0.0002625,1595.49
0,9661827,2,phononTF,0.00103449,-0.000909526,-0.00394139,0.000262498,95.8201,0.000544275,1,-0.00120068,-0.00367682,-0.0002625,292.934
0,9717990,4,phononTS,0.0012134,-0.00367429,0.00106513,-0.0002625,565.478,0.000382,1,-0.00200311,-2.80811e-06,0.0002625,4591.95
0,9798115,2,phononTS,0.000873912,4.84232e-05,-0.00313848,-0.0002625,5.7672,0.000382,1,-2.79435e-06,-0.0020048,0.0002625,2689.74
0,9809402,11,phononTS,0.000491457,-0.0016925,-0.005,-0.000141663,483.608,0.000382,1,0.00199541,-1.40151e-06,0.0002625,2666.45
0,9829727,2,phononTS,0.00126262,0.00104166,-0.00266106,-0.0002625,12.1744,0.000382,1,3.20057e-06,-0.00200136,0.0002625,2149.12
0,9829727,10,phononTF,0.000766872,3.20057e-06,-0.00200136,0.000262498,2149.12,0.000710727,1,-0.00151107,-0.00255479,-0.0002625,2706.93
0,9841427,11,phononTS,0.00047883,3.58503e-07,-0.00199821,0.000262498,3984.37,0.00047883,1,-0.000303773,-0.00175127,-0.0002625,4248.58
0,9844668,16,phononTS,0.000386108,-0.00299674,-0.000998732,0.000262498,3823.23,0.000386108,1,-0.00099652,-0.00167197,-0.0002625,4604.53
0,9844668,9,phononTS,0.000527286,-0.000889256,-0.00395502,0.000262498,49.0031,0.000527286,1,-0.000208281,-0.0039164,-0.0002625,369.321
0,9844668,8,phononTF,0.00207498,-0.000889256,-0.00395502,0.000262498,49.0031,0.00158257,1,-0.00148854,-0.004516,-0.0002625,341.449
0,9862093,7,phononTS,0.000895733,-0.000439701,0.00228075,-0.000262498,4986.56,0.000382,1,-0.000999706,0.00299922,0.0002625,5402.98
0,9885550,10,phononTF,0.000743447,-0.00204288,-0.00202999,-0.0002625,180.059,0.000382,1,-0.00200224,-0.00199724,0.0002625,2980.21
0,9905275,2,phononTS,0.00113323,-0.000735582,-0.00285061,-0.0002625,25.9816,0.000764,1,-0.00199672,-0.00200369,0.0002625,1351.7
0,9918452,9,phononTS,0.000444958,-0.00254176,-0.00108789,-0.0002625,5096.92,0.000382,1,-0.00299758,-0.00100426,0.0002625,6383.73
0,9918452,5,phononTS,0.00132978,-3.73588e-05,-0.00480639,0.000262498,562.413,0.00104417,1,1.29263e-05,-0.00481717,-0.0002625,724.288
0,9918452,2,phononTF,0.00417402,-0.000862924,-0.0039786,0.000262498,39.3318,0.00265819,1,-0.000659029,-0.00375862,-0.0002625,223.393
0,9925054,5,phononL,0.00137214,-0.000209238,-0.0025004,-0.0002625,147.957,0.000382,1,-1.17073e-06,-0.00199628,0.0002625,713.67
0,9932999,4,phononTS,0.000773273,-3.89493e-05,-0.00198896,-0.0002625,441.007,0.000382,1,5.65601e-07,-0.0019951,0.0002625,1088.92
0,9941358,7,phononTF,0.000558694,0.00100135,-0.00300455,0.000262498,1961.29,0.000558694,1,0.00120652,-0.00317795,-0.0002625,2137.38
0,9969785,9,phononL,0.000748066,0.00134216,-0.00333029,-0.0002625,1824.14,0.000382,1,0.000996421,-0.0029977,0.0002625,2312.75
0,9994674,2,phononTS,0.000959703,-0.001464,-0.00297226,-0.0002625,45.4457,0.000382,1,-0.0019997,-0.00200368,0.0002625,927.572
