Run ID,Event ID,Track ID,Particle Name,Start Energy [eV],Start X [m],Start Y [m],Start Z [m],Start Time [ns],Energy Deposited [eV],Track Weight,End X [m],End Y [m],End Z [m],Final Time [ns]
0,33952,6,phononTS,0.000392534,-0.000323928,-0.00304099,-0.0002625,298.814,0.000382,1,4.33003e-06,-0.00200184,0.0002625,2816.67
0,42874,5,phononL,0.000671674,2.5456e-06,-0.00199947,0.0002625,409.305,0.000671674,1,0.000152244,-0.00159873,-0.0002625,1170.02
0,50132,5,phononTF,0.000783115,-0.000998573,-0.00100236,0.000262498,2111.57,0.000163794,1,-0.00134327,-0.000686115,-0.0002625,2309.36
0,54657,5,phononTS,0.000669892,0.00100329,-0.00299655,0.0002625,1034.45,0.000669892,1,0.00090164,-0.00300984,-0.0002625,1701.35
0,75626,7,phononTS,0.00166517,0.00205145,-0.00194473,-0.000246037,793.069,0.000382,1,0.00200394,-0.0020016,0.0002625,2626.95
0,85910,7,phononTF,0.000426074,-0.00300266,-0.000995174,0.000262498,4201.25,0.000426074,1,-0.00269678,-0.000670703,-0.0002625,4395.44
0,85910,9,phononTF,0.00303653,0.000225755,-0.00437646,-0.00016373,1877.72,0.000941694,1,0.000305208,-0.00434828,-0.0002625,1917.81
0,97035,6,phononTS,0.000473908,0.000209349,-0.00281042,-0.000262498,1077.25,0.000382,1,0.00100275,-0.00299877,0.0002625,1402.34
0,139365,8,phononTS,0.000673617,-0.00205603,-1.51065e-05,-0.000262498,2525.62,0.000382,1,-0.00199662,-3.09364e-06,0.0002625,2675.1
0,161447,4,phononTF,0.00162804,-0.00176795,-0.0035943,0.000217421,376.521,0.000764,1,-0.000997902,-0.000995216,0.0002625,2896.04
0,175088,5,phononL,0.00109853,6.5261e-07,0.00200004,0.0002625,804.995,0.00109853,1,0.000478457,0.00273455,-0.0002625,4041.19
0,193731,4,phononTS,0.000444054,0.000634257,-0.00420434,-0.0002625,75.0073,0.000382,1,0.000995215,-0.003004,0.0002625,1339.24
0,198390,4,phononTS,0.00155917,0.00180259,-0.00227265,8.8108e-05,12.0667,0.000382,1,0.000996443,-0.00299965,0.0002625,1919.97
0,244452,7,phononTF,0.000886223,0.000606968,-0.003387,-0.0002625,230.196,0.000382,1,0.000998146,-0.00300109,0.0002625,3876.21
0,257656,5,phononTS,0.000657473,-0.000997694,0.00100353,0.0002625,6766,0.000657473,1,-0.000694193,0.000952986,-0.0002625,9416.69
0,268303,3,phononTS,0.000600618,-0.000696059,-0.00347894,-0.000262499,704.374,0.000382,1,0.00200311,-0.00200407,0.0002625,1736.84
0,307759,3,phononTS,0.00281503,-0.000428813,-0.00176691,-0.000138667,27.18,0.000382,1,-2.67861e-07,-0.00200285,0.0002625,1745.75
0,315965,7,phononTF,0.000410214,-4.74933e-06,-0.00200086,0.000262498,2061.22,0.000410214,1,-9.7138e-05,-0.00209669,-0.0002625,2214.14
0,319645,7,phononTS,0.000401853,-5.30614e-07,-0.00200053,0.000262498,1608.93,0.000401853,1,-4.08408e-05,-0.00203877,-0.0002625,1757.5
0,344752,9,phononL,0.00080656,-0.00172892,-0.00246146,-0.0002625,872.339,0.000382,1,-0.00199529,-0.0020047,0.0002625,1566.49
0,354628,7,phononTS,0.00098472,0.000561158,-0.005,-0.000230046,4517.1,0.000875496,1,0.000754582,-0.00479396,-0.0002625,9252.8
0,420975,8,phononTS,0.000693293,-0.00199495,-0.00195627,-0.0002625,1131.12,0.000382,1,-0.00199769,-0.00200412,0.0002625,1886.77
0,460075,8,phononTS,0.000544201,0.00200467,0.00199913,0.0002625,5485.02,0.000544201,1,0.00197738,0.00208145,-0.0002625,7596.88
0,480098,7,phononTS,0.000444718,-0.004767,-0.00439475,-0.0002625,4012.05,0.000382,1,-0.00100265,-0.000997963,0.0002625,8247.19
0,480098,2,phononTF,0.000457332,-0.000917889,-0.00391066,0.000262498,53.8844,0.000457332,1,-5.7219e-05,-0.00309423,-0.0002625,422.462
0,490116,3,phononTF,0.000967876,0.00141284,-0.00260081,-0.0002625,3.08701,0.000382,1,0.00100205,-0.00300363,0.0002625,6864.83
0,497857,2,phononTS,0.00156163,0.000132822,-0.00266421,-0.0002625,31.1116,0.000382,1,-2.15845e-06,-0.00200099,0.0002625,2012.61
0,497857,7,phononL,0.000540532,-2.15845e-06,-0.00200099,0.000262498,2012.61,0.000540532,1,-0.000587763,-0.00120968,-0.0002625,2228.29
0,525200,5,phononTF,0.00217045,-0.000996068,-0.00100042,0.000262498,8212.74,0.00114446,1,-0.00140835,-0.000747586,-0.0002625,8425.71
0,546497,4,phononTS,0.000451002,1.47528e-06,-0.00199647,0.0002625,56.5529,0.000451002,1,6.3977e-05,-0.00194634,-0.0002625,1299.81
0,546497,2,phononTF,0.00261727,-0.000915198,-0.00392687,0.000243502,18.2652,0.0012503,1,-0.000651925,-0.00368267,-0.0002625,193.034
0,546497,5,phononTS,0.00116096,0.005,0.000757798,-0.000261566,193.034,0.00116096,1,0.0049922,0.00076607,-0.0002625,3465.22
0,566400,6,phononTS,0.000684132,-0.000965328,0.000200124,-0.0002625,1727.51,0.000382,1,-0.00100364,0.000998339,0.0002625,3324.65
0,566777,6,phononL,0.000999239,-0.00233833,-0.000737776,-0.000262498,2471.41,0.000382,1,-0.00199571,-9.7423e-07,0.0002625,2652.97
0,586765,4,phononTF,0.000420924,0.000701042,-0.00267275,-0.0002625,1394.52,0.000382,1,0.000998227,-0.00299651,0.0002625,1937.79
0,643473,6,phononTS,0.000432698,0.000999899,-0.00299973,0.0002625,2186.4,0.000432698,1,0.000952011,-0.0029475,-0.0002625,2479.97
0,645560,6,phononL,0.000853215,0.000324637,-0.00261085,-0.0002625,226.658,0.000382,1,-4.21722e-06,-0.00200045,0.0002625,966.908
0,671836,8,phononTF,0.000401869,-0.000323648,-0.00230219,-0.0002625,463.595,0.000382,1,8.86402e-07,-0.00200299,0.0002625,1440.11
0,694099,10,phononTS,0.000495971,0.001996,3.71989e-06,0.000262498,4577.4,0.000495971,1,0.00202359,-0.000335199,-0.0002625,4785.57
0,696672,5,phononTS,0.000889646,0.00289309,-0.005,-4.65584e-05,1376.56,0.000382,1,0.00100111,-0.00299712,0.0002625,3013.58
0,754101,4,phononTF,0.00162495,-0.00172967,-0.004171,-0.0002625,56.7455,0.000764,1,-0.00200233,-0.00199971,0.0002625,1406.36
0,813100,4,phononTS,0.000517327,-0.00199661,0.00199938,0.0002625,33.5574,0.000517327,1,-0.00259066,0.00201856,-0.0002625,2776.22
0,826761,6,phononL,0.00106176,-0.00125686,-0.00261711,-0.0002625,4646.76,0.000382,1,4.19424e-06,-0.00199694,0.0002625,5890.13
0,843592,8,phononL,0.000501217,-0.00138992,0.00145935,-0.0002625,697.571,0.000382,1,-0.00100482,0.00099687,0.0002625,1941.72
0,883334,6,phononTS,0.000630164,0.005,-0.00076071,-3.07477e-05,2892.05,0.000382,1,0.00299648,0.00100339,0.0002625,7189.95
0,908022,8,phononTS,0.000446459,0.000244888,0.00194861,-0.000262498,5569.21,0.000382,1,1.79068e-06,0.00200085,0.0002625,5757.63
0,916381,5,phononTS,0.00185087,-0.00299544,-0.00100308,0.000262498,1784.16,0.000830532,1,-0.00295956,-0.00102211,-0.0002625,1931.67
0,918485,2,phononTS,0.00156977,-0.000114215,-0.00331392,-0.0002625,1.89887,0.000764,1,0.000996626,-0.00299556,0.0002625,997.803
0,922742,2,phononTS,0.000444535,-0.00199895,-0.00199555,0.0002625,15.0426,0.000444535,1,-0.00205039,-0.00193476,-0.0002625,2589.68
0,932849,8,phononTS,0.000585924,-0.00100414,-0.000998243,0.000262498,4596.51,0.000585924,1,-0.000917495,-0.000942421,-0.0002625,4768.19
0,932849,5,phononTS,0.000396717,-0.00111243,-0.000238569,-0.0002625,330.71,0.000396717,1,-0.00182737,0.005,4.83366e-05,4354.1
0,964282,2,phononTS,0.000821842,-0.005,0.00010845,-0.000133547,0.874808,0.000382,1,-0.00199685,1.60781e-06,0.0002625,2746.55
0,1000675,10,phononTS,0.000652114,-0.00330454,-0.00425968,-0.0002625,1607.8,0.000382,1,0.000996915,-0.000997442,0.0002625,4022.96
0,1001566,6,phononTS,0.00133575,0.000856962,0.000822385,-0.0002625,2132.75,0.000382,1,0.000996755,0.000999724,0.0002625,2721.42
0,1004622,4,phononL,0.000560244,-0.000140606,-0.00252177,-0.0002625,248.874,0.000382,1,-3.3455e-06,-0.00199536,0.0002625,1031.43
0,1014195,6,phononTS,0.000512853,-0.00199993,-0.00200281,0.0002625,1141.99,0.000512853,1,-0.00140111,-0.000589097,-0.0002625,3150.9
0,1014195,4,phononTS,0.00275176,-0.000942642,-0.00393015,3.76067e-06,31.7375,0.00234747,1,-0.000958144,-0.00395174,-0.0002625,192.73
0,1024692,5,phononTS,0.000764203,-0.00199878,-4.60336e-06,0.000262498,4059.35,0.000764203,1,-0.00229347,0.000211398,-0.0002625,4286.98
0,1024693,3,phononTF,0.00398308,-0.000620013,-0.00330457,-0.000213766,6.27262,0.00297464,1,-0.000592686,-0.00333371,-0.0002625,417.817
0,1029616,5,phononTS,0.00066079,9.46542e-07,-7.30278e-07,0.000262498,2270.71,0.00039844,1,5.70728e-05,3.09313e-05,-0.0002625,2418.54
0,1029616,2,phononTF,0.00237235,-0.000925913,-0.0039652,0.000262498,113.959,0.00178187,1,-0.00147307,-0.00340586,-0.0002625,381.449
0,1067523,5,phononTS,0.000511473,0.00210887,-0.00357873,-0.0002625,3941.91,0.000382,1,0.000998869,-0.00300213,0.0002625,5278.27
0,1067523,2,phononTF,0.000407781,-0.000925066,-0.00392452,0.000262498,21.1443,0.000407781,1,-0.000705487,-0.00391986,-0.0002625,188.957
0,1077102,3,phononTS,0.0005235,-0.000140737,-0.00205191,-0.0002625,5.64223,0.000382,1,3.3085e-06,-0.00199757,0.0002625,7918.95
0,1092860,8,phononTS,0.000802429,0.000215849,-0.000871651,-0.0002625,643.807,0.000382,1,0.00100402,-0.000997041,0.0002625,2418.81
0,1092860,2,phononTS,0.0038488,-0.00168575,-0.0036586,-0.000230895,83.2184,0.00211904,1,-0.00168754,-0.00365493,-0.0002625,1138.13
0,1115677,5,phononTF,0.00220567,0.000136688,-0.00342579,0.000154918,466.12,0.000848512,1,-4.27342e-05,-0.00358855,-0.0002625,2403.58
0,1139953,6,phononTF,0.0024093,0.000939949,-0.00306437,0.000119177,5.05336,0.000382,1,0.00100131,-0.00299779,0.0002625,2023.21
0,1139953,7,phononTS,0.00138012,0.00100131,-0.00299779,0.000262498,2023.21,0.000833651,1,0.00102668,-0.00300365,-0.0002625,2175.68
0,1142740,5,phononL,0.00236586,-0.00145265,-0.000903855,0.000237295,4902.93,0.00137866,1,-0.0010603,-0.000257248,-0.0002625,5469.48
0,1150138,3,phononTS,0.000454367,-0.000129297,-0.00371774,-0.0002625,8.01031,0.000382,1,0.00199523,2.49628e-06,0.0002625,2244.8
0,1150138,2,phononTS,0.00219931,-0.000807181,-0.00459068,-0.000102674,8.01031,0.00219931,1,-0.000508891,-0.00448748,-0.0002625,383.776
0,1159344,9,phononTS,0.000459839,-0.00185293,0.00246148,-0.0002625,10152.7,0.000382,1,-0.00200198,0.00200251,0.0002625,11409.9
0,1202643,4,phononTS,0.000584678,0.0020369,-0.00228353,-0.000262498,2656.13,0.000382,1,0.00200432,-0.00199785,0.0002625,2853.92
0,1202643,6,phononTF,0.00422945,-0.000870007,-0.00400119,-0.00020413,255.598,0.000956503,1,-0.000810163,-0.00406474,-0.0002625,640.753
0,1242644,6,phononTS,0.00151202,-0.000606628,-0.00201677,-0.0002625,3941.95,0.000764,1,-2.23232e-07,-0.00200294,0.0002625,4733.25
0,1273170,13,phononTS,0.000720914,0.00109233,-0.00172006,-0.000262498,10240.4,0.000382,1,-8.66074e-07,-0.00199634,0.0002625,10660.3
0,1299693,6,phononTS,0.000587739,0.0048478,0.005,-3.22495e-05,793.16,0.000587739,1,0.005,0.00467988,-0.000163677,5275.51
0,1347804,5,phononTF,0.000424643,0.000998036,-0.00300107,0.0002625,2752.14,0.000424643,1,-0.000195359,-0.00420273,-0.0002625,3753.76
0,1348346,4,phononTF,0.00237261,0.000760296,-0.00275128,0.000201069,3.37641,0.000382,1,0.00100489,-0.00299574,0.0002625,1708.51
0,1368017,3,phononL,0.0012445,-0.000615034,-0.000934048,-0.0002625,21.2103,0.000382,1,-0.000995317,-0.000999844,0.0002625,1591.03
0,1382167,6,phononTS,0.00253159,-0.00200968,-0.00212232,0.000159791,65.3577,0.000382,1,-0.00199593,-0.00200069,0.0002625,1467.15
0,1401446,2,phononTS,0.000436336,-2.60392e-05,-0.00220521,-0.0002625,3.10456,0.000382,1,-3.7775e-06,-0.00199928,0.0002625,1373.82
0,1403478,5,phononTS,0.00192529,-0.00300032,-0.000995713,0.000262499,1449.11,0.00144648,1,-0.00303265,-0.00104389,-0.0002625,1596.12
0,1477873,9,phononTS,0.000877899,-0.00135535,-0.00134233,-0.0002625,1660.51,0.000382,1,-0.000998847,-0.00099721,0.0002625,3249.01
0,1477873,7,phononTS,0.000634384,0.00011302,-0.005,0.000140121,1267.35,0.000634384,1,0.000201483,-0.00426485,-0.0002625,2726.53
0,1522446,12,phononTF,0.000498523,0.000997515,0.00100241,0.0002625,8887.75,0.000498523,1,0.000669594,0.000786402,-0.0002625,9273.11
0,1530896,2,phononTS,0.00163184,-0.00202075,-0.00213993,-0.0002625,11.0403,0.000382,1,-0.00199789,-0.0019961,0.0002625,1349.08
0,1530896,5,phononTS,0.00118177,-0.00199789,-0.0019961,0.000262498,1349.08,0.000333665,1,-0.002064,-0.00193907,-0.0002625,1507.79
0,1537131,5,phononTS,0.00164453,-0.00199706,-3.47626e-06,0.000262498,2588.73,0.00164453,1,-0.00251918,0.00150304,-0.0002625,3144.28
0,1537131,2,phononTF,0.0030391,-0.000921728,-0.0039367,0.000262498,1.7975,0.000864859,1,-0.000937268,-0.00369114,-0.0002625,174.241
0,1578250,7,phononL,0.00148603,8.07134e-07,-0.00199774,0.000262498,1937.76,0.000971452,1,1.61128e-05,-0.00224205,-0.0002625,2051.28
0,1667550,10,phononTS,0.000464054,-0.0020043,-2.68176e-06,0.000262498,4704.35,0.000464054,1,-0.00229569,-0.00124977,-0.0002625,5166.66
0,1672040,5,phononTS,0.000551045,-0.005,-0.00164583,4.1176e-05,167.113,0.000382,1,-0.00200482,0.00200427,0.0002625,3071.05
0,1702022,4,phononTF,0.000480275,-0.00214798,-0.001834,-0.0002625,3516.5,0.000382,1,-0.00200048,-0.00199751,0.0002625,4406.93
0,1708727,5,phononTS,0.000584891,3.32951e-06,-0.00199963,0.0002625,1364.55,0.000584891,1,0.000165977,-0.00176071,-0.0002625,1836.24
0,1708727,3,phononTS,0.000497026,0.005,0.000446067,0.000236263,5.28719,0.000497026,1,0.0042801,0.000283068,-0.0002625,2489.89
0,1708727,2,phononL,0.000630896,-0.000922988,-0.00392894,0.000262498,5.28719,0.000630896,1,-0.001301,-0.00419868,-0.0002625,136.555
0,1712156,9,phononTS,0.00046359,4.33133e-05,0.00263145,-0.0002625,4922.94,0.000382,1,-0.00100137,0.00300166,0.0002625,7011.95
0,1716726,7,phononTS,0.00062394,-0.000828038,-0.00380116,-0.000262498,237.34,0.000382,1,0.00200026,-0.00199872,0.0002625,1311.21
0,1718231,2,phononL,0.000517658,0.000617314,-0.00325366,-0.0002625,3.96468,0.000382,1,0.000999061,-0.00299792,0.0002625,6899.78
0,1732799,2,phononTF,0.000421686,0.00160925,-0.00209339,-0.0002625,2.88744,0.000382,1,0.00200252,-0.00199653,0.0002625,1420.44
0,1753873,6,phononTS,0.000545752,-1.05423e-06,-0.000213726,-0.000262498,1664.28,0.000382,1,-3.84305e-06,-4.8957e-07,0.0002625,1850.32
0,1767281,6,phononTF,0.000511835,-0.00200263,-0.00200032,0.000262498,998.964,0.000511835,1,-0.00226643,-0.00215655,-0.0002625,1176.83
0,1784608,5,phononTS,0.000555861,0.00196701,-0.00203175,-0.0002625,3598.48,0.000382,1,0.00199807,-0.0019973,0.0002625,4380.28
0,1797748,3,phononTF,0.00277219,0.000896771,-0.00289048,7.42671e-05,23.97,0.000382,1,0.00100205,-0.00299778,0.0002625,600.645
0,1797748,5,phononTS,0.00135107,0.00100205,-0.00299778,0.000262498,600.645,0.00135107,1,0.00104997,-0.00304643,-0.0002625,747.485
0,1797748,4,phononTS,0.000509543,0.00100205,-0.00299778,0.000262498,600.645,0.000509543,1,0.00122408,-0.00192324,-0.0002625,1018.06
0,1797748,2,phononL,0.000731754,-0.00092618,-0.00391337,0.000262498,23.97,0.000731754,1,-0.000946876,-0.00376999,-0.0002625,133.787
0,1799910,6,phononTF,0.00075204,-0.000494014,-0.00187216,-0.0002625,169.088,0.000382,1,-0.00100124,-0.000996565,0.0002625,2434.27
0,1815284,5,phononTS,0.00106942,0.000190728,-0.00279529,-0.000262498,2420.99,0.000382,1,0.00100328,-0.00300454,0.0002625,2752.56
0,1815284,7,phononTS,0.000531387,0.00100328,-0.00300454,0.000262498,2752.56,0.000531387,1,0.00106696,-0.00304404,-0.0002625,2899.65
0,1815284,3,phononTS,0.000558883,-0.000917511,-0.0038907,0.000262498,80.1098,0.000558883,1,-0.00102155,-0.00391404,-0.0002625,246.383
0,1815284,2,phononTS,0.000415603,-0.000917511,-0.0038907,0.000262498,80.1098,0.000415603,1,-0.000969543,-0.0038429,-0.0002625,226.904
0,1875128,2,phononL,0.00229578,-0.00103645,-0.00134043,2.78067e-05,7.55229,0.000764,1,-0.000999155,-0.00100011,0.0002625,1139.94
0,1875128,5,phononTF,0.000690756,-0.000999155,-0.00100011,0.000262498,1139.94,0.000371091,1,-0.00073057,-0.00124454,-0.0002625,1319.55
0,1891154,5,phononTF,0.000622477,0.00112085,-0.00285912,-0.0002625,695.352,0.000382,1,0.00199694,-0.00200003,0.0002625,2142.16
0,1891154,3,phononTS,0.00136677,-0.000859387,-0.005,5.43028e-05,21.7174,0.000780959,1,-0.000250561,-0.00425819,-0.0002625,809.682
0,1931109,2,phononTF,0.00241017,-0.00303274,-0.00102477,0.000219161,134.143,0.001146,1,-0.00300489,-0.000998606,0.0002625,1681.42
0,1933351,6,phononTF,0.000692927,-0.00166144,-0.00208375,-0.0002625,1756.86,0.000382,1,-0.00200387,-0.00199926,0.0002625,3202.55
0,1933351,4,phononTF,0.00151176,-0.000671573,-0.005,-0.000236288,667.283,0.000707025,1,-0.000657137,-0.00498459,-0.0002625,878.755
0,1936818,5,phononTF,0.000629597,0.000602456,-0.00154042,-0.0002625,183.054,0.000382,1,0.000997074,-0.000996215,0.0002625,1439.41
0,1940597,4,phononTF,0.000511541,0.00235464,0.000260024,-0.0002625,3356.47,0.000382,1,0.00299767,0.000996309,0.0002625,4949.72
0,1940597,2,phononTF,0.000806731,-0.000918843,-0.00391083,0.000262498,16.1095,0.000502398,1,-0.00128993,-0.0019241,-0.0002625,652.797
0,1965827,7,phononTS,0.000514737,-0.00138358,-0.00146428,-0.0002625,2284.36,0.000382,1,-0.00200497,-1.44529e-06,0.0002625,4172.23
0,1966552,4,phononTS,0.000565714,-0.00223577,-0.00198146,-0.000262498,3795.33,0.000382,1,-0.00200462,-0.00200477,0.0002625,3986.92
0,1966552,2,phononTF,0.00175712,-0.000649993,-0.00344895,4.45466e-05,21.5206,0.00110774,1,-0.000444274,-0.00367389,-0.0002625,336.791
0,1998053,7,phononTS,0.000462512,0.00099822,-0.0010037,0.000262498,5852.59,0.000462512,1,0.000797813,-0.000849152,-0.0002625,6054.67
0,1998053,2,phononTF,0.000838117,-0.000932595,-0.0039479,0.000262498,33.053,0.000298329,1,-0.000406077,-0.00444432,-0.0002625,284.703
0,2006993,6,phononTF,0.000529322,-0.000806969,0.000706158,-0.000262498,1142.94,0.000382,1,-0.000995187,0.000999806,0.0002625,1327.58
0,2006993,4,phononTS,0.00108386,-0.000919627,-0.0039431,0.000262498,8.84647,0.000965628,1,-0.000822882,-0.00397769,-0.0002625,179.491
0,2023571,7,phononTS,0.000483274,-0.00142616,0.00259769,-0.000143403,260.335,0.000483274,1,-0.0015733,0.00298069,-0.0002625,4141.3
0,2085476,5,phononL,0.0011467,0.00280163,8.50432e-05,-0.0002625,319.886,0.000382,1,0.00200107,-4.30688e-06,0.0002625,4820.72
0,2104101,5,phononTS,0.00063045,0.000921969,0.005,8.63663e-05,3844.39,0.000382,1,-0.000997891,0.00299974,0.0002625,9950.57
0,2110624,7,phononTF,0.00127663,0.000998367,-0.00100081,0.000262498,4348.8,0.000527876,1,0.000722608,-0.000946485,-0.0002625,4527.27
0,2125527,4,phononTS,0.00133646,-3.5986e-05,-0.00224365,-0.0002625,111.223,0.000382,1,-2.2925e-06,-0.00199944,0.0002625,2076.26
0,2125527,5,phononTS,0.000533815,-2.2925e-06,-0.00199944,0.000262499,2076.26,0.000533815,1,0.000466481,-0.00197499,-0.0002625,2314.07
0,2173791,4,phononTF,0.00267905,0.000435045,-0.00129824,0.000192619,3.61172,0.001146,1,0.000999065,-0.00100374,0.0002625,2317.71
0,2240055,5,phononTF,0.00206007,-0.00211517,-0.00188557,-0.0002625,256.875,0.000382,1,-0.00200025,-0.00200295,0.0002625,2917.1
0,2240055,6,phononTS,0.00124338,-0.00246646,-0.00134276,-0.000227703,2917.1,0.001024,1,-0.00252418,-0.00133437,-0.0002625,3218.87
0,2251651,5,phononTS,0.000938629,5.94895e-05,-0.00195854,-0.0002625,2918.34,0.000382,1,-6.37763e-07,-0.00199824,0.0002625,3886.22
0,2261458,2,phononTF,0.00217422,-0.00300034,-0.000997222,0.0002625,12.2523,0.00208158,1,-0.00367084,-0.000307028,-0.0002625,5994.89
0,2261459,5,phononTF,0.00525616,-0.00102649,-0.00386397,-0.000210965,133.039,0.0035127,1,-0.000964231,-0.00392154,-0.0002625,860.935
0,2312533,3,phononTF,0.00264624,-0.000167953,-0.00216225,7.36736e-05,26.2972,0.000764,1,9.20808e-07,-0.00199799,0.0002625,2493.22
0,2312533,5,phononTS,0.000643294,9.20808e-07,-0.00199799,0.000262498,2493.22,0.000643294,1,-5.19877e-05,-0.00190248,-0.0002625,2656.31
0,2312533,4,phononTS,0.000641544,9.20808e-07,-0.00199799,0.000262498,2493.22,0.000641544,1,-9.72514e-05,-0.00205356,-0.0002625,2656.56
0,2314516,6,phononTF,0.000510281,-0.00199902,2.99969e-06,0.0002625,1096.51,0.000510281,1,-0.00320908,0.00117615,-0.0002625,2091.11
0,2388174,4,phononTS,0.00157707,-0.0043022,-0.00148204,0.000121452,6.15029,0.000382,1,-0.000998158,0.00100204,0.0002625,5694.22
0,2388174,6,phononTS,0.000470419,-0.000998158,0.00100204,0.000262498,5694.22,0.000470419,1,-0.00194374,0.000441286,-0.0002625,6114.48
0,2397775,8,phononTF,0.000398123,0.000996443,-0.00300294,0.000262498,2340.5,0.000398123,1,0.00130868,-0.00328905,-0.0002625,2530.27
0,2407821,5,phononTS,0.000470748,0.000997396,-0.0029969,0.0002625,1069.1,0.000470748,1,0.00103114,-0.00275419,-0.0002625,3024.64
0,2456061,5,phononTF,0.00105616,0.000310814,-0.00233609,-0.000262498,1654.74,0.000382,1,-2.75084e-06,-0.00199843,0.0002625,1851.41
0,2469687,11,phononTF,0.000403054,-0.00099559,0.00299934,0.0002625,1851.5,0.000403054,1,-0.00166176,0.00373431,-0.0002625,4714.04
0,2518089,7,phononTS,0.000473599,-0.00209824,-0.00217376,-0.0002625,234.052,0.000382,1,-0.00200391,-0.00199938,0.0002625,1112.51
0,2528629,5,phononTS,0.000620252,-0.0020481,5.79382e-05,-0.000262498,6704.59,0.000382,1,-0.00199855,3.06844e-06,0.0002625,6861.17
0,2543223,7,phononTS,0.000533383,-0.00200117,-0.00200287,0.000262498,1904.35,0.000533383,1,-0.00195376,-0.00199607,-0.0002625,2055.12
0,2553574,5,phononTS,0.00118547,0.00188283,0.00217195,-2.9181e-05,6205.96,0.000382,1,0.00200355,0.00199594,0.0002625,10948.6
0,2553574,6,phononTS,0.000410835,0.00200355,0.00199594,0.000262499,10948.6,0.000410835,1,0.0020602,0.00191834,-0.0002625,11109
0,2604035,6,phononL,0.00197884,-0.00300416,-0.000996189,0.000262498,1872,0.00122162,1,-0.00318728,-0.000582008,-0.0002625,2001.48
0,2618748,2,phononTS,0.000697646,-0.00272297,-0.00195064,-0.0002625,22.5978,0.000382,1,-0.00200199,-0.00200051,0.0002625,2990.82
0,2654890,3,phononTS,0.00251898,0.000517067,-0.00147214,0.000152946,44.7502,0.000382,1,-3.79941e-06,-0.00200347,0.0002625,1559.7
0,2654890,6,phononTF,0.000642618,-3.79941e-06,-0.00200347,0.000262498,1559.7,0.000642618,1,0.000680073,0.0022432,-0.0002625,2833.05
0,2654890,5,phononTS,0.000415886,-3.79941e-06,-0.00200347,0.000262498,1559.7,0.000415886,1,-0.000598793,-0.00198159,-0.0002625,1820.31
0,2664891,7,phononTF,0.000392526,-0.00200215,-0.00200249,0.000262498,2430.2,0.000392526,1,-0.00157254,-0.00273854,-0.0002625,2731.61
0,2683716,8,phononTF,0.00054758,-0.000217244,-0.00236238,-0.0002625,174.351,0.000382,1,-4.77263e-06,-0.00199991,0.0002625,1175.09
0,2698107,5,phononTS,0.00115997,3.01759e-05,-0.0035237,-0.0002625,856.069,0.000382,1,0.00100247,-0.00299842,0.0002625,1617.8
0,2698107,6,phononTS,0.000744756,0.00100247,-0.00299842,0.000262498,1617.8,0.000744756,1,0.00102433,-0.00308706,-0.0002625,1780.34
0,2698107,2,phononTF,0.00148383,-0.000900374,-0.00395914,0.000262498,122.375,0.00148383,1,-0.00145979,-0.00453842,-0.0002625,393.205
0,2727720,7,phononTF,0.000421834,0.00100466,-0.00299512,0.0002625,1227.98,0.000421834,1,0.00116524,-0.00282009,-0.0002625,1872.68
0,2747873,6,phononL,0.00227066,0.000248773,-0.000414091,-0.000129652,4817.63,0.00198506,1,0.000237674,-0.000531802,-0.0002625,4972.61
0,2748943,9,phononL,0.000420338,0.000998709,-0.00300468,0.000262498,3288.11,0.000420338,1,0.000469631,-0.00378666,-0.0002625,3495.72
0,2782330,5,phononTS,0.000726749,-0.000999456,-0.00100453,0.0002625,1442.08,0.00058269,1,-0.000968357,-0.000830803,-0.0002625,1806.51
0,2787913,7,phononTS,0.000518665,0.00200178,-0.00200452,0.000262498,1573.61,0.000518665,1,0.00323725,-0.00451359,-0.0002625,2483.19
0,2787913,3,phononL,0.00104448,-0.000458414,-0.00348744,-0.000152164,2.08637,0.000577149,1,-0.000421282,-0.00326117,-0.0002625,264.848
0,2799431,6,phononTS,0.000687014,0.00388834,-0.00391742,-0.0002625,5089.58,0.000382,1,9.85523e-07,1.36278e-06,0.0002625,7503.4
0,2809829,6,phononTF,0.000563833,-0.0017071,0.00230252,-0.000262498,3507.99,0.000382,1,-0.00199632,0.00200197,0.0002625,3697.36
0,2871947,4,phononTS,0.000778551,1.77893e-06,-0.00200102,0.0002625,880.637,0.000778551,1,1.74414e-05,-0.0010368,-0.0002625,2670.48
0,2871947,2,phononTS,0.000970235,-0.00092191,-0.00393369,0.000262498,1.18434,0.000970235,1,-0.000937332,-0.00396469,-0.0002625,155.39
0,2876598,6,phononTS,0.000677768,-5.13066e-05,-0.0019715,-0.000262498,946.417,0.000382,1,2.47801e-06,-0.00199912,0.0002625,1094.93
0,2882729,10,phononTS,0.000603472,3.88012e-06,-0.00200167,0.0002625,2197.65,0.000385096,1,-0.000949758,-0.00180287,-0.0002625,2949.59
0,2882945,5,phononTF,0.00104727,-0.00196361,-0.00199607,-0.000262498,1965.71,0.000382,1,-0.00100171,-0.00100044,0.0002625,2382.83
0,2882945,6,phononTS,0.00047502,-0.00100171,-0.00100044,0.000262498,2382.83,0.00047502,1,-0.000984823,-0.000962821,-0.0002625,2543.93
0,2883822,7,phononTF,0.000576707,0.001887,0.00219602,-0.0002625,2489.44,0.000382,1,0.00200293,0.0019977,0.0002625,3011.17
0,2883822,4,phononTS,0.00181443,-0.000923078,-0.00394052,0.000262498,4.95588,0.001357,1,-0.00107478,-0.00355282,-0.0002625,241.637
0,2919071,9,phononTF,0.000554253,-0.000997802,0.00100149,0.000262498,5800.87,0.000554253,1,-0.000584674,0.00143815,-0.0002625,6025.78
0,2930748,6,phononTF,0.00082881,-0.00147262,-0.00196904,-0.0002625,26.3262,0.000382,1,-0.00199719,9.9372e-07,0.0002625,1300.11
0,2963672,10,phononTF,0.000431871,-0.00100485,0.00099748,0.0002625,2559.89,0.000431871,1,-0.00122291,0.000767154,-0.0002625,3298.62
0,2992592,2,phononTS,0.000703197,0.00109004,-0.0030121,-0.0002625,8.72112,0.000382,1,0.000997759,-0.00299918,0.0002625,1199.4
0,3035411,6,phononTF,0.00052892,0.000995824,-0.000997042,0.000262499,2299.45,0.00052892,1,0.000535458,-0.000666437,-0.0002625,2527.06
0,3035411,3,phononL,0.000382451,-0.000922363,-0.00393365,0.000262498,5.0152,0.000382451,1,-0.000904656,-0.00353236,-0.0002625,128.987
0,3036333,5,phononTF,0.00115832,0.0017093,-0.00217489,-0.0002625,592.865,0.000382,1,0.00199589,-0.00199939,0.0002625,1987.82
0,3058131,5,phononTS,0.00159109,-0.002839,-0.00188894,-0.0002625,2.56768,0.000382,1,-0.00299922,-0.000998861,0.0002625,2881.9
0,3058131,6,phononTS,0.00072112,-0.00299922,-0.000998861,0.000262498,2881.9,0.000685838,1,-0.000962779,0.00065514,-0.0002625,3707.36
0,3090070,6,phononL,0.000776846,-1.85675e-07,-0.0020002,0.0002625,1313.71,0.0002066,1,-5.45495e-05,-0.00156405,-0.0002625,1568.67
0,3094385,6,phononTF,0.000535922,0.000854794,-0.000849932,-0.0002625,2068.81,0.000382,1,0.00100357,-0.000995421,0.0002625,2570.79
0,3095190,4,phononTF,0.0010462,-0.00209859,-0.00210359,-0.0002625,142.521,0.000382,1,-0.0019996,-0.00200462,0.0002625,2359.78
0,3095190,5,phononTS,0.000555195,-0.0019996,-0.00200462,0.000262498,2359.78,0.000555195,1,-0.00233023,-0.00193508,-0.0002625,2575.27
0,3095190,7,phononL,0.00400102,-0.000924941,-0.00353012,-0.000246116,61.2183,0.00312923,1,-0.000913341,-0.00354447,-0.0002625,745.778
0,3124478,8,phononTS,0.000960658,-0.00299842,-0.00100495,0.000262498,1520.15,0.000385754,1,-0.00305036,-0.00129428,-0.0002625,1717.68
0,3155536,5,phononTF,0.000647793,0.00200277,-0.00200263,0.000262498,1883.72,0.000647793,1,0.001538,-0.00244136,-0.0002625,2116.58
0,3157499,4,phononTS,0.00199816,0.00100142,-0.00300012,0.0002625,128.418,0.00199816,1,0.00224169,-0.0027282,-0.0002625,1932.44
0,3191212,3,phononTS,0.00219747,-0.00199717,-0.0020019,0.000262446,4.45176,0.001146,1,-0.00199742,-0.00200165,0.0002625,980.826
0,3191212,2,phononTF,0.00232514,-0.00143446,-0.00297881,-0.000240325,4.45176,0.00205448,1,-0.00145059,-0.00299898,-0.0002625,697.362
0,3200808,10,phononTS,0.000653197,0.00101022,-0.00326487,-0.000262498,2470.83,0.000382,1,0.00100405,-0.00300267,0.0002625,2666.78
0,3207294,6,phononTF,0.000561233,-0.00100405,-0.000997557,0.000262498,1469.06,0.000561233,1,-0.0012816,-0.000731661,-0.0002625,1654.03
0,3207294,3,phononL,0.000590251,-0.000984361,-0.0046308,-0.0002625,18.0656,0.000590251,1,-0.00101385,-0.005,1.69344e-05,261.507
0,3207294,2,phononTF,0.000974957,-0.00326202,-0.005,0.00012863,18.0656,0.000575132,1,-0.00309704,-0.00478717,-0.0002625,887.884
0,3228311,7,phononTF,0.000422294,-0.000326854,-0.00166734,-0.0002625,2862.89,0.000382,1,-2.85656e-06,-0.00199808,0.0002625,3397.54
0,3238923,5,phononTF,0.00174164,-0.00198708,-0.00204512,-0.000262498,1759.73,0.000382,1,-0.00199839,-0.00199592,0.0002625,1908.78
0,3275672,4,phononL,0.0010985,-0.000992903,-0.00237035,-0.0002625,893.591,0.000382,1,-0.00100493,-0.000998661,0.0002625,1434.65
0,3296649,2,phononTS,0.00221072,0.00256654,-0.00452646,3.77559e-05,8.15265,0.000382,1,0.00100012,-0.00300199,0.0002625,2615.3
0,3296649,8,phononTF,0.000738764,0.00100012,-0.00300199,0.000262498,2615.3,0.000738764,1,0.00147311,-0.00255655,-0.0002625,2850.44
0,3296649,7,phononTF,0.000412469,0.00100012,-0.00300199,0.000262498,2615.3,0.000412469,1,0.000701565,-0.00272224,-0.0002625,2802.74
0,3310288,8,phononTS,0.00102583,-3.77401e-06,-0.00199575,0.000262498,3217.33,0.000158897,1,-0.000339504,-0.00194284,-0.0002625,3424.37
0,3321077,7,phononTS,0.000782329,0.000895445,-0.00341785,-0.0002625,476.518,0.000382,1,0.000997056,-0.00299941,0.0002625,1393.28
0,3321077,6,phononTS,0.00143488,-0.000931382,-0.0042647,0.000262498,476.518,0.00143488,1,-0.00101493,-0.00345761,-0.0002625,794.007
0,3322921,6,phononTS,0.000743441,0.00100077,-0.00299841,0.000262498,1383.22,0.000743441,1,0.00106047,-0.0019444,-0.0002625,1791.07
0,3322921,4,phononTF,0.00147131,-0.0009254,-0.00394292,0.000262498,10.4663,0.00104955,1,-0.000789569,-0.00409276,-0.0002625,168.927
0,3388867,6,phononTS,0.000450005,-2.76954e-06,-4.5263e-06,0.0002625,7456.79,0.000450005,1,-0.000320185,-5.65863e-05,-0.0002625,8575.81
0,3438072,3,phononTF,0.00266162,-0.00235707,-0.00339226,0.000199578,6.5398,0.000382,1,-0.00199874,-0.00200104,0.0002625,1840.86
0,3453409,4,phononTF,0.0025268,-0.00168576,-0.00300393,-0.000121741,2.68899,0.0016703,1,-0.00170374,-0.00298393,-0.0002625,3454.06
0,3457739,7,phononTF,0.000764237,0.00106112,-0.000944471,-0.0002625,1148.09,0.000382,1,0.00099847,-0.00100068,0.0002625,3064.6
0,3458572,4,phononTF,0.00151985,0.000537597,-0.00296919,-0.0002625,4.04208,0.000764,1,0.00199744,-0.00200333,0.0002625,1069.61
0,3458572,3,phononTF,0.00212028,-0.000922237,-0.00393503,0.000262498,4.04208,0.00075056,1,-0.000964124,-0.00399854,-0.0002625,153.969
0,3475314,8,phononTF,0.000487672,-0.00235952,-0.000344384,-0.0002625,2188.82,0.000382,1,-0.00200406,-8.69933e-07,0.0002625,2799.92
0,3475314,4,phononL,0.00238888,-0.000852278,-0.00392913,0.000262498,119.114,0.00152741,1,-0.000416887,-0.00382104,-0.0002625,247.698
0,3517347,6,phononTS,0.000633437,-0.00100303,0.000996757,0.0002625,517.954,0.000633437,1,-0.00101194,0.00093375,-0.0002625,3518.82
0,3560527,5,phononTS,0.00223142,-0.00200388,-0.00200052,0.000262498,1511.2,0.00151121,1,-0.0019218,-0.00201037,-0.0002625,1677.24
0,3631058,4,phononL,0.000688787,0.00077767,0.00242317,-0.0002625,163.694,0.000382,1,0.0010012,0.00100418,0.0002625,2688.59
0,3668019,4,phononTS,0.00118051,-0.000510075,-0.005,-6.8772e-05,48.2738,0.000382,1,0.000997814,-0.00300451,0.0002625,1241.86
0,3668019,5,phononTS,0.000564991,0.000997814,-0.00300451,0.000262498,1241.86,0.000564991,1,0.000972147,-0.00298955,-0.0002625,1396.43
0,3668019,3,phononTF,0.00105709,-0.000932069,-0.00389456,0.000262498,48.2738,0.000613546,1,-0.00147765,-0.0031852,-0.0002625,351.011
0,3676504,8,phononTS,0.000491274,-0.00188883,-0.00191606,-0.0002625,1911.77,0.000382,1,-0.00200217,-0.00199612,0.0002625,2446.98
0,3701226,7,phononTF,0.000509185,-0.00100401,-0.00100349,0.0002625,1779.75,0.000509185,1,-0.00169093,-0.000346623,-0.0002625,2391.48
0,3701366,8,phononTS,0.00111172,-0.000993487,0.00261656,-0.0002625,2907.59,0.000382,1,-0.000997605,0.00300182,0.0002625,7091.1
0,3831314,8,phononTS,0.000450063,-0.00124621,-0.005,-7.2963e-05,496.007,0.000382,1,0.000997145,-0.00299505,0.0002625,1918.94
0,3836552,13,phononTS,0.00050711,-0.00199875,-0.00200443,0.000262498,2332.97,0.00050711,1,-0.00193982,-0.001946,-0.0002625,2490.68
0,3842712,6,phononTF,0.00106486,0.00042926,-0.005,-0.000209692,941.547,0.000382,1,0.00199899,-0.00200398,0.0002625,2464.06
0,3854730,2,phononL,0.00191898,-0.000235531,-0.000547802,-0.0002625,7.26695,0.000764,1,-4.88816e-06,-3.21701e-06,0.0002625,2051.54
0,3860633,5,phononTS,0.00052657,-0.00100438,0.000997101,0.000262498,4971.98,0.00052657,1,-0.00101187,0.00149799,-0.0002625,5219.28
0,3875710,8,phononTS,0.000536138,0.000266689,0.0026456,-0.0002625,3862.58,0.000382,1,-0.00099535,0.00300251,0.0002625,11171.4
0,3894090,7,phononTS,0.000673261,-0.00299592,-0.000995491,0.0002625,304.699,0.000231314,1,-0.00296023,-0.00093409,-0.0002625,8046.18
0,3898648,7,phononTS,0.000508004,0.00087334,-0.0038965,-0.0002625,759.29,0.000382,1,0.000997284,-0.00299986,0.0002625,1813.29
0,3898648,2,phononL,0.00132869,-0.00094447,-0.00394833,0.000262498,25.9403,0.00132869,1,-0.000980676,-0.00356132,-0.0002625,148.834
0,3925059,7,phononTF,0.000386213,0.00200401,-0.00200307,0.000262498,1348.48,0.000386213,1,0.00227582,-0.00175358,-0.0002625,1529.08
0,3947629,5,phononTS,0.000512702,8.05752e-05,-0.00205904,-0.000262498,2034.06,0.000382,1,-4.1729e-06,-0.0020027,0.0002625,2195.41
0,4049674,7,phononTS,0.00130425,0.000948128,-0.00302986,-0.0002625,1822.96,0.000382,1,0.000995811,-0.00299894,0.0002625,2966.78
0,4071710,8,phononL,0.000578817,1.19489e-06,-0.0019954,0.0002625,805.434,0.000578817,1,-0.000525254,-0.00205035,-0.0002625,1056.32
0,4141732,3,phononTS,0.00150979,-0.00199348,-0.00220382,0.0001024,78.4501,0.000382,1,-0.00200409,-0.0020034,0.0002625,934.733
0,4141732,4,phononTF,0.000964144,-0.00200409,-0.0020034,0.000262498,934.733,0.000711879,1,-0.0007137,-0.00329137,-0.0002625,1469.5
0,4173795,4,phononTS,0.000760314,2.25306e-06,-0.00200352,0.0002625,3.95372,0.000760314,1,0.000234049,-0.00152094,-0.0002625,1339.96
0,4236690,4,phononTF,0.00220741,-0.0010028,-0.00100279,0.0002625,9.18311,0.000884691,1,-0.000584372,-0.00124166,-0.0002625,1684.33
0,4266685,3,phononTS,0.00194744,-0.00301096,-0.00100594,0.000153107,38.6955,0.000764,1,-0.00300095,-0.000995292,0.0002625,1425.49
0,4271088,2,phononTF,0.00101475,-0.00200441,8.0067e-07,0.0002625,5.07631,0.00101475,1,-0.00184042,5.88176e-05,-0.0002625,5121.62
0,4318922,3,phononL,0.000725907,-0.000929022,0.000625285,-0.0002625,32.2862,0.000382,1,-0.00099883,0.00099721,0.0002625,1261.3
0,4318922,2,phononTF,0.00080425,-0.000914929,-0.00394392,0.000262498,32.2862,0.000452659,1,-0.000697086,-0.00402726,-0.0002625,200.397
0,4340416,5,phononTS,0.000435733,0.00103643,4.60789e-05,-0.0002625,2111.42,0.000382,1,-2.77269e-06,9.51834e-07,0.0002625,6214.08
0,4340416,2,phononTS,0.00302456,-0.000885466,-0.00396988,0.000198125,3.64572,0.000965254,1,-0.00102355,-0.00396688,-0.0002625,179.353
0,4356035,5,phononTS,0.00051161,0.000881001,-0.0030167,-0.0002625,189.265,0.000382,1,0.000997599,-0.00300423,0.0002625,1461.12
0,4378236,3,phononTF,0.00287041,-0.00207746,-0.0020834,-6.42741e-06,2.43113,0.000764,1,-0.00200153,-0.00199986,0.0002625,1202.85
0,4378236,4,phononTF,0.00151181,-0.00200153,-0.00199986,0.000262498,1202.85,0.000969515,1,-0.0014205,-0.00144325,-0.0002625,1473.67
0,4537178,5,phononTS,0.000417605,-0.000109238,-9.97016e-05,-0.0002625,173.297,0.000382,1,1.93365e-06,2.52973e-06,0.0002625,2618.07
0,4537178,2,phononTS,0.000877416,-0.000926869,-0.00393114,0.000262498,2.11076,0.000535546,1,-0.000934161,-0.00397772,-0.0002625,149.336
0,4551855,6,phononTF,0.000716839,0.000658249,-0.00323658,-0.0002625,176.917,0.000382,1,0.0010013,-0.00300287,0.0002625,1159.77
0,4593469,3,phononTF,0.000965421,0.00064555,-0.00267077,-0.0002625,4.1348,0.000764,1,1.20216e-07,-0.00199574,0.0002625,5913.9
0,4626672,8,phononTF,0.000454023,-0.000999994,-0.000997187,0.0002625,6560.06,0.000454023,1,-0.00229895,0.000263928,-0.0002625,7622.21
0,4689340,8,phononTF,0.00060008,-0.00115476,-0.00113351,-0.0002625,3209.76,0.000382,1,-0.00100358,-0.000997222,0.0002625,4056.85
0,4689846,2,phononL,0.0022021,0.000897752,-0.00318634,6.5336e-05,4.04656,0.000764,1,0.00100337,-0.00300372,0.0002625,988.232
0,4700371,4,phononL,0.000450573,0.00156291,-0.00335916,-0.0002625,958.476,0.000382,1,0.000998259,-0.00300397,0.0002625,1588.82
0,4730208,4,phononTS,0.00141758,0.00184801,0.00243921,-1.36448e-05,25.1815,0.000764,1,0.00199657,0.00199559,0.0002625,6085.84
0,4742879,9,phononTF,0.000512249,-0.000874502,-0.00111384,-0.0002625,891.912,0.000382,1,-0.000998439,-0.000997431,0.0002625,3544.59
0,4743736,4,phononTF,0.00183369,0.000962777,-0.000957094,0.000240361,4.21867,0.000382,1,0.00100292,-0.000996666,0.0002625,1018
0,4743736,5,phononTS,0.00105933,0.00100292,-0.000996666,0.000262498,1018,0.000244973,1,0.000965182,-0.000963759,-0.0002625,1173.68
0,4751722,2,phononTS,0.00169951,0.000981575,-0.00112538,-0.0002625,12.1567,0.000382,1,0.000999232,-0.000997722,0.0002625,5877.26
0,4754660,2,phononTF,0.00237215,-0.00321894,-0.00121819,-0.00023301,82.556,0.000382,1,-0.00300256,-0.000998581,0.0002625,4073.51
0,4754660,8,phononTS,0.00110926,-0.00300256,-0.000998581,0.000262499,4073.51,0.000912847,1,-0.00374034,-0.00120487,-0.0002625,4396.05
0,4781607,4,phononL,0.00230102,0.000671176,-0.00251303,0.000176806,5.5898,0.000764,1,1.49084e-06,-0.0019956,0.0002625,4156.64
0,4781607,5,phononTS,0.000745705,1.49084e-06,-0.0019956,0.000262498,4156.64,0.000136697,1,-0.000748202,-0.00194294,-0.0002625,4460.4
0,4914229,6,phononTF,0.00128245,0.00200301,-0.00200248,0.000262498,4266.65,0.001189,1,0.00176074,-0.00175061,-0.0002625,4444.74
0,4935654,3,phononTF,0.00190044,-0.00205899,-0.00191574,0.000219879,9.08397,0.000764,1,-0.00199567,-1.97994e-06,0.0002625,1534.8
0,4967954,3,phononTF,0.00102046,3.45345e-07,-6.04551e-07,0.0002625,18.2107,0.000884146,1,-0.000505563,0.000464369,-0.0002625,2092.28
0,4991919,13,phononTS,0.000464971,-0.00159326,-0.000735284,-0.000262498,2787.62,0.000382,1,3.16494e-06,-0.00199631,0.0002625,3441.9
0,5030682,4,phononTF,0.000477855,-0.00334813,-0.00138015,-0.0002625,2819.8,0.000382,1,-0.0029969,-0.00100314,0.0002625,8393.76
0,5031110,5,phononTF,0.000496552,0.00110923,-0.00310381,-0.0002625,1213.15,0.000382,1,0.000997485,-0.00299513,0.0002625,1676.23
0,5063028,5,phononTF,0.00136522,-0.00200258,-0.00199905,0.000262498,2939.3,0.000553427,1,-0.00167702,-0.00230956,-0.0002625,3134.41
0,5082009,5,phononTS,0.000653012,9.98606e-05,7.25152e-06,-0.000262498,2755.97,0.000382,1,-2.01117e-06,4.73879e-06,0.0002625,2923.65
0,5082009,3,phononTS,0.00069468,-0.000923093,-0.00393458,0.000262498,0.858793,0.000621809,1,-0.00090896,-0.00397935,-0.0002625,153.939
0,5082009,2,phononTF,0.00100815,-0.000923093,-0.00393458,0.000262498,0.858793,0.00100815,1,-0.00122868,-0.00341664,-0.0002625,241.4
0,5120381,5,phononTS,0.000526799,-0.00133297,-0.00263259,-0.0002625,1856.78,0.000382,1,1.08877e-06,-0.00200289,0.0002625,3059.42
0,5120381,3,phononTF,0.00235866,-0.000648069,-0.005,-0.000249166,7.68695,0.000862575,1,-0.000656096,-0.0049922,-0.0002625,410.87
0,5168063,8,phononTS,0.000593588,-9.52158e-05,-0.00194942,-0.000262498,2340.77,0.000382,1,-1.98159e-08,-0.00199634,0.0002625,2503.91
0,5174624,2,phononTS,0.00299129,-0.000173138,-0.00215875,6.34588e-05,13.8101,0.001146,1,1.25968e-06,-0.00200462,0.0002625,4683.38
0,5201423,2,phononTS,0.00235999,0.00101718,-0.0028672,0.000110297,9.66032,0.000764,1,0.00100142,-0.00299976,0.0002625,3948.19
0,5204919,5,phononTF,0.000485419,0.00199525,3.45479e-06,0.0002625,1222.07,0.000485419,1,0.00216991,-0.000189845,-0.0002625,3031.87
0,5298025,9,phononTS,0.000648766,-0.00300391,-0.000996028,0.000262498,8827.66,0.000648766,1,-0.00296167,-0.000207541,-0.0002625,9142.86
0,5320339,7,phononTS,0.000395183,0.00194306,-0.0019475,-0.000262498,1990.42,0.000382,1,0.0020025,-0.00200319,0.0002625,2136.71
0,5358749,4,phononL,0.00236205,-0.00209703,-0.00186494,8.41685e-05,12.9877,0.000764,1,-0.00200062,-0.00199514,0.0002625,1682.24
0,5391871,12,phononTS,0.000552537,0.00199933,-0.00199914,0.000262498,1793.15,0.000552537,1,0.00123088,-0.00215188,-0.0002625,2109.29
0,5404748,4,phononTF,0.0025928,0.000116251,-0.00211207,-0.0002625,4.01213,0.000382,1,2.88345e-06,-0.00200239,0.0002625,1511.49
0,5404748,7,phononTS,0.000481627,2.88345e-06,-0.00200239,0.000262498,1511.49,0.000481627,1,0.00018883,-0.00201313,-0.0002625,1692.03
0,5415932,4,phononTF,0.00293058,0.000861243,-0.00313056,-0.000166724,4.61732,0.000382,1,0.000999234,-0.00299948,0.0002625,1156.35
0,5439887,4,phononTF,0.000789244,-0.00300248,-0.00100363,0.0002625,1278.68,0.000789244,1,-0.00323067,-0.000774889,-0.0002625,1627.73
0,5439887,2,phononTF,0.000970791,-0.000934353,-0.00393994,0.000262498,15.9182,0.000639177,1,-0.000845396,-0.00403001,-0.0002625,168.318
0,5441685,7,phononTS,0.000498059,0.00199917,-0.00200468,0.000262498,1307.6,0.000498059,1,0.00205718,-0.00201924,-0.0002625,1456.87
0,5442007,9,phononTS,0.000497707,5.49616e-05,0.00135739,-0.0002625,2716.36,0.000382,1,1.34549e-06,0.00199696,0.0002625,5331.11
0,5505817,2,phononTF,0.00136644,0.000142869,-0.0021745,-0.0002625,5.88188,0.000382,1,0.00100162,-0.00300071,0.0002625,2928.93
0,5505817,4,phononTS,0.000779113,0.00100162,-0.00300071,0.000262498,2928.93,0.000779113,1,0.00127697,-0.00183653,-0.0002625,3366.55
0,5527988,6,phononTS,0.00105937,-0.00200085,-2.10843e-06,0.0002625,7442.82,0.000388963,1,-0.00192339,-0.000662446,-0.0002625,8005.36
0,5538657,11,phononTF,0.000448942,0.0013691,-0.00227579,-0.0002625,1820.17,0.000382,1,0.00200355,2.07323e-06,0.0002625,3756.84
0,5592623,10,phononTS,0.000446467,0.000980306,-0.00288096,-0.0002625,2595.05,0.000382,1,0.00100046,-0.00300328,0.0002625,7044.65
0,5637998,6,phononTS,0.000752427,-0.000279856,-0.00211436,-0.0002625,373.628,0.000382,1,-1.9208e-06,-0.00200036,0.0002625,1190.69
0,5676116,8,phononTS,0.000539626,0.00100447,-0.00300281,0.000262498,3455.86,0.000539626,1,0.00140117,-0.00305788,-0.0002625,3683.74
0,5693029,4,phononTS,0.00180663,0.000999615,-0.00100228,0.0002625,163.106,0.00144558,1,0.00198435,0.000475425,-0.0002625,1941.22
0,5722438,17,phononTS,0.000607457,-0.00205631,4.07932e-05,-0.000262498,6266.21,0.000382,1,-0.0020002,-3.59196e-06,0.0002625,6413.35
0,5764189,3,phononTS,0.0026905,0.000998947,-0.00308499,0.000163609,7.19923,0.000382,1,0.000995824,-0.00300184,0.0002625,4729.27
0,5770124,4,phononL,0.000973472,-7.60258e-05,-0.00287478,-0.0002625,1178.14,0.000382,1,4.3529e-06,-0.0020027,0.0002625,1680.05
0,5779518,4,phononTF,0.0021448,0.000230485,-0.00178919,-0.0002625,4.26924,0.001146,1,-4.91737e-06,-0.00200463,0.0002625,2065.24
0,5779518,5,phononL,0.000384135,-4.91737e-06,-0.00200463,0.000262498,2065.24,0.000384135,1,-0.000721881,-0.00198104,-0.0002625,2227.09
0,5800728,7,phononTS,0.000461014,-0.00300401,-0.00100004,0.000262498,6915.01,0.000461014,1,-0.00366243,-0.0010416,-0.0002625,7202.55
0,5825540,10,phononTF,0.000749075,-0.00213282,-0.00185342,-0.0002625,1604.94,0.000382,1,-0.0019953,-0.00199661,0.0002625,4436.97
0,5849403,12,phononTF,0.000402871,0.00114268,-0.00284898,-0.0002625,338.614,0.000382,1,0.00100475,-0.00300216,0.0002625,1193.9
0,5856182,4,phononTF,0.00135645,-0.00180906,-0.00223632,0.000169166,887.414,0.000382,1,-0.00200015,-0.00200243,0.0002625,2518.4
0,5863954,7,phononTS,0.00237807,-0.0020739,-0.00212167,0.000219528,248.728,0.000382,1,-0.00200131,-0.00199937,0.0002625,1799.38
0,5863954,9,phononTF,0.000542073,-0.00200131,-0.00199937,0.000262498,1799.38,0.000542073,1,-0.00184441,-0.00217253,-0.0002625,1961.2
0,5890340,11,phononTS,0.00109366,0.00199968,-0.00200428,0.0002625,1809.62,0.00109366,1,0.00205909,-0.00195937,-0.0002625,2103.26
0,5891166,7,phononTF,0.000416689,0.000755627,-0.00132746,-0.0002625,2663.95,0.000382,1,0.00100105,-0.000996225,0.0002625,3583.6
0,6050546,5,phononTF,0.00256721,0.000981645,-0.00102372,0.000199138,1345.65,0.001528,1,0.00100161,-0.00100201,0.0002625,3772.64
0,6075387,13,phononTF,0.000435536,0.00100253,0.00100136,0.000262498,1980.32,0.000435536,1,0.000902721,0.000911632,-0.0002625,2133
0,6135073,9,phononL,0.000455072,0.000770221,-8.71731e-05,-0.000262498,2241.57,0.000382,1,-3.8634e-06,-1.0285e-06,0.0002625,2412.99
0,6135073,7,phononTF,0.00238242,-0.000718497,-0.00349042,-0.000174136,1315.45,0.00117705,1,-0.000755041,-0.0035303,-0.0002625,1344.61
0,6177659,5,phononTF,0.000740964,-0.00343695,-0.000580003,-0.000262498,3753.11,0.000382,1,-0.00299938,-0.000997842,0.0002625,3978.74
0,6177659,3,phononTS,0.000513005,-0.000920717,-0.00393635,0.000262498,1.70822,0.000513005,1,-0.000963904,-0.00369253,-0.0002625,190.501
0,6177659,2,phononTS,0.00144967,-0.000920717,-0.00393635,0.000262498,1.70822,0.00144967,1,-0.000967399,-0.00398988,-0.0002625,157.951
0,6186484,5,phononTF,0.000527065,-0.000249894,-0.00211603,-0.0002625,759.527,0.000382,1,-4.41507e-07,-0.00200016,0.0002625,1282.26
0,6186484,2,phononTF,0.00055328,-0.000920114,-0.00394243,0.000262498,7.11536,0.00055328,1,-0.0012829,-0.0044499,-0.0002625,247.671
0,6218684,9,phononTS,0.000641778,-0.00193956,-0.00280113,-0.000262498,2057.34,0.000382,1,-0.00199809,-0.00200417,0.0002625,2380.94
0,6253148,7,phononTF,0.000541493,-0.00190609,-0.00236634,-0.0002625,631.907,0.000382,1,-0.00199836,-0.00200419,0.0002625,1225.18
0,6268515,3,phononTF,0.00209054,-0.00200287,-0.00200397,0.0002625,26.5608,0.00182838,1,-0.00218782,-0.00205167,-0.0002625,2767.91
0,6287987,6,phononTS,0.000505229,-0.00268766,-0.00372338,-0.000262498,2980.44,0.000382,1,-0.00200175,-0.00200441,0.0002625,3634.04
0,6290027,7,phononTS,0.000386509,-7.32361e-05,-0.000168826,-0.0002625,440.257,0.000382,1,4.03773e-06,2.7747e-06,0.0002625,2236.36
0,6290369,6,phononTS,0.000504054,-2.81808e-06,3.9581e-06,0.0002625,2254.06,0.000504054,1,0.000842667,0.000194536,-0.0002625,2949.14
0,6290369,4,phononTS,0.000679285,-0.000912215,-0.00390259,0.000262498,32.0101,0.000679285,1,-0.00115717,-0.00317585,-0.0002625,356.374
0,6311894,2,phononTS,0.00131538,9.34204e-05,-0.00103425,-0.0002625,18.1176,0.000764,1,-2.86292e-06,9.0015e-07,0.0002625,2549.31
0,6328392,2,phononTF,0.00237799,-0.00226564,-0.000417824,0.000110205,19.3743,0.00212346,1,-0.00203569,-0.000184471,-0.0002625,3532.89
0,6331470,4,phononTS,0.00171094,-0.00193512,-0.00204354,-0.0002625,1241.06,0.000382,1,-0.00199903,-0.00200114,0.0002625,3716.74
0,6331470,8,phononTF,0.00106144,-0.00199903,-0.00200114,0.000262499,3716.74,0.000390313,1,-0.00251553,-0.00248357,-0.0002625,3964.43
0,6335324,8,phononTS,0.000848588,-0.00199663,-0.00199816,0.0002625,848.539,0.000848588,1,-0.00328063,0.000156718,-0.0002625,2521.76
0,6403022,6,phononTF,0.000861602,0.00156859,-0.0018858,-0.0002625,993.321,0.000382,1,0.00199875,-0.00200081,0.0002625,1829
0,6466720,5,phononTS,0.0020207,-0.000386048,-0.00218226,-0.0002625,827.395,0.000382,1,7.5459e-07,-0.00199523,0.0002625,1985.48
0,6466720,6,phononTF,0.000931222,7.5459e-07,-0.00199523,0.000262498,1985.48,0.000733534,1,4.07316e-05,-0.00195793,-0.0002625,2134.26
0,6510725,4,phononTF,0.00242273,-0.00218119,-0.00219468,-5.43109e-05,16.4842,0.000764,1,-0.00199605,-0.00199618,0.0002625,1510.92
0,6536252,8,phononTF,0.000547601,0.00223775,0.00312728,-0.0002625,372.826,0.000382,1,0.00100247,0.00100056,0.0002625,5061.44
0,6538075,6,phononTS,0.000513111,0.000779663,-0.00231019,-0.000262498,808.013,0.000382,1,9.07056e-07,-0.00200301,0.0002625,1152.58
0,6547900,3,phononTS,0.00108475,0.000976331,-0.00334575,-0.000103468,2.47271,0.000382,1,0.00100456,-0.00300495,0.0002625,3831.23
0,6552386,5,phononTS,0.00051729,-0.000126491,0.00127764,-0.0002625,762.881,0.000382,1,-4.375e-06,0.00200384,0.0002625,3251.67
0,6638173,7,phononL,0.00150077,-0.00200004,-0.00200369,0.0002625,1679.85,0.00150077,1,-0.00170981,-0.000841824,-0.0002625,2771.51
0,6638173,5,phononTF,0.00243985,-0.00114087,-0.005,-0.000179986,1127.06,0.00154787,1,-0.00130581,-0.0042294,-0.0002625,1991.65
0,6662990,3,phononTF,0.00259396,-0.00201334,-0.00199147,0.000106381,9.38977,0.000382,1,-0.00200155,-0.00200388,0.0002625,6312.17
0,6676492,4,phononTS,0.00242311,0.00186074,2.03361e-05,0.000168466,35.3972,0.000764,1,0.00199588,3.64899e-06,0.0002625,2860.27
0,6748763,5,phononTS,0.000418602,0.000995219,0.00100079,0.000262498,9087.17,0.000418602,1,0.000728631,0.00104592,-0.0002625,9280.48
0,6753148,3,phononTF,0.000436084,0.00199896,-0.00200302,0.000262498,1509.76,0.000436084,1,0.00182226,-0.00184127,-0.0002625,1672.28
0,6810041,9,phononTS,0.000477419,0.000999949,-0.00100437,0.000262498,1423.3,0.000477419,1,0.00105576,-0.000961318,-0.0002625,1580.96
0,6810041,7,phononL,0.00057529,-0.000924707,-0.00393093,0.000262498,3.72846,0.00057529,1,-0.000521283,-0.00415709,-0.0002625,134.524
0,6822487,6,phononTF,0.000426898,-8.52397e-06,-0.00213213,-0.0002625,706.238,0.000382,1,-6.04413e-07,-0.00200437,0.0002625,2101.07
0,6824018,6,phononTS,0.000817665,-2.14147e-06,-0.00199624,0.000262498,1952.36,0.000242666,1,0.000248749,-0.001767,-0.0002625,2174.4
0,6873419,3,phononTF,0.00183284,-0.000801839,-0.00117772,-0.0002625,2.36441,0.000382,1,-0.00100309,-0.000995756,0.0002625,4596.98
0,6873419,5,phononTS,0.000533063,-0.00431665,0.005,0.000221821,4596.98,0.000533063,1,-0.00431243,0.00420408,-0.0002625,7090.84
0,6889235,4,phononTS,0.000841664,-0.00129822,-0.001315,-0.0002625,1349.27,0.000382,1,-0.00200344,-4.25024e-06,0.0002625,3664.56
0,6909592,4,phononTF,0.000437833,-0.000515577,-0.000489672,-0.0002625,750.933,0.000382,1,4.83345e-06,4.80372e-07,0.0002625,1500.06
0,6915158,6,phononTS,0.00115313,-0.005,-0.00441892,-4.09902e-05,2261.76,0.000767606,1,-0.00483624,-0.00441007,-0.0002625,5848.91
0,6925862,6,phononTS,0.000741448,0.00300136,0.0010034,0.0002625,2188.89,0.000519106,1,0.00328903,0.000936463,-0.0002625,2602.24
0,6976985,4,phononTS,0.000553549,0.00106043,-0.00298411,-0.0002625,362.706,0.000382,1,0.00100121,-0.00300008,0.0002625,2044.47
0,6980810,7,phononTF,0.000854741,-0.00200235,-0.00200332,0.000262498,2106.91,0.000854741,1,-0.0022611,-0.00227952,-0.0002625,2291.22
0,6986541,5,phononTS,0.000636383,0.00199885,-1.48457e-06,0.0002625,2540.1,0.000636383,1,0.00203715,-1.55984e-05,-0.0002625,3461.24
0,7012976,7,phononTS,0.000969107,2.19991e-06,-4.95943e-06,0.000262499,3255.48,0.000969107,1,0.000958617,0.00107539,-0.0002625,3775.03
0,7018396,7,phononTF,0.000500264,0.00300026,0.000999383,0.000262499,3542.71,0.000500264,1,0.00423213,-0.000533876,-0.0002625,4126.35
0,7032750,9,phononTF,0.000421786,-1.95019e-06,-0.00199906,0.000262498,2938.92,0.000421786,1,-0.000168169,-0.00179268,-0.0002625,3107.16
0,7051342,6,phononTF,0.000532303,-0.00100216,-0.00100266,0.0002625,2641.39,0.000532303,1,-0.0010073,-0.00073166,-0.0002625,2995.98
0,7057770,6,phononTF,0.000520331,-0.00104114,-0.00328353,-0.000262498,1093.68,0.000382,1,0.0010043,-0.00299733,0.0002625,1744.89
0,7059081,10,phononTS,0.000446946,-0.00197062,-0.00250029,-0.000262499,662.357,0.000382,1,-0.00300347,-0.000995747,0.0002625,1267.54
0,7088433,3,phononTS,0.00195442,0.000896412,-0.00317232,0.000193407,86.8835,0.000764,1,0.000995626,-0.00299568,0.0002625,1106.37
0,7105531,3,phononTF,0.0019556,0.000454718,-0.00358585,-0.0002625,10.1149,0.000764,1,0.00199672,-0.00200465,0.0002625,2328
0,7105531,8,phononL,0.00075853,0.00199672,-0.00200465,0.000262499,2328,0.00075853,1,0.00200061,-0.00244062,-0.0002625,2455.07
0,7105793,2,phononTF,0.00223447,-0.0015123,-0.00290904,-0.0002625,10.8331,0.000382,1,-0.00200149,-0.00199867,0.0002625,947.074
0,7105793,4,phononTF,0.00156297,-0.00200149,-0.00199867,0.000262498,947.074,0.00113392,1,-0.00249737,-0.00147417,-0.0002625,1198.34
0,7107067,5,phononTS,0.00191709,0.00199908,2.36759e-06,0.000262498,3003.71,0.00191709,1,0.00205556,-0.000414687,-0.0002625,3236.13
0,7117391,5,phononTF,0.00212348,0.00183492,-0.00247884,-0.0002625,36.5443,0.001146,1,0.00100372,-0.00300067,0.0002625,1385.65
0,7160524,9,phononTS,0.00050741,0.00100279,-0.00300494,0.000262498,4458.94,0.00050741,1,0.000753675,-0.00297045,-0.0002625,4648.9
0,7187739,4,phononTS,0.00259669,-0.0030001,-0.000996312,0.0002625,8.54931,0.00259669,1,-0.00308013,-0.00100705,-0.0002625,2023.36
0,7197187,4,phononTF,0.00055762,0.000390404,-0.00159013,-0.0002625,589.66,0.000382,1,0.000996243,-0.000999479,0.0002625,1431.45
0,7222179,6,phononTS,0.000917756,0.00110436,7.02583e-06,-0.0002625,294.91,0.000382,1,0.00200489,0.00199521,0.0002625,2479.01
0,7267768,5,phononTF,0.000490648,-0.00300422,-0.000995766,0.0002625,1385.08,0.000490648,1,-0.00321759,-0.000769749,-0.0002625,2771.63
0,7267768,3,phononTS,0.0010963,-0.00092229,-0.00392917,0.000262498,10.6127,0.000320155,1,-0.0010993,-0.00395273,-0.0002625,188.629
0,7268581,7,phononTS,0.000509762,-0.00145146,-0.0018249,-0.000262498,2911.16,0.000382,1,-0.00200142,-0.00199824,0.0002625,3185.72
0,7310263,7,phononTS,0.000478342,-0.005,-0.00267712,-0.000261247,4239.92,0.000478342,1,-0.004998,-0.00267756,-0.0002625,7990.8
0,7310263,3,phononTS,0.00111771,-0.000912083,-0.00392473,0.000262498,5.62081,0.000443749,1,-0.001041,-0.00434838,-0.0002625,247.081
0,7345455,8,phononTS,0.000503139,0.00299519,0.000996427,0.000262498,11953.7,0.000503139,1,0.00230784,-0.000404688,-0.0002625,12500.5
0,7354266,3,phononTS,0.00195538,-0.00194308,-0.00198885,0.000163806,3.4313,0.000382,1,-0.00199753,-0.00199787,0.0002625,1558.26
0,7363335,8,phononTS,0.000389374,-0.00199607,-0.00199822,0.000262498,2157.93,0.000389374,1,-0.00158347,-0.00204072,-0.0002625,2381.77
0,7366542,9,phononTF,0.000558433,0.00300198,0.00100192,0.0002625,4025.55,0.000558433,1,0.00352763,0.000306422,-0.0002625,4503.42
0,7388211,6,phononTF,0.000815711,-0.0019977,-0.00199516,0.000262498,1277.5,0.000815711,1,-0.00180338,-0.00196949,-0.0002625,1441.28
0,7390480,5,phononTS,0.000389265,0.00100065,-0.00299775,0.000262498,1162.32,0.000389265,1,0.00058083,-0.00294154,-0.0002625,1387.48
0,7410248,5,phononTS,0.000738952,-0.000478919,-0.00396189,-0.000262498,1061.89,0.000382,1,0.002001,-0.00200222,0.0002625,2049.13
0,7412000,2,phononTS,0.00155107,0.000103708,-0.00205314,6.9349e-05,12.0991,0.000764,1,2.69422e-06,-0.00199647,0.0002625,2172.89
0,7447175,6,phononTS,0.00107066,-0.000932703,-0.00399542,-0.000262498,227.034,0.000764,1,0.000998203,-0.00299914,0.0002625,953.701
0,7455734,7,phononTF,0.000687471,0.00188688,-0.00195381,-0.0002625,3461.96,0.000382,1,0.00199888,-0.00199702,0.0002625,4536.97
0,7473494,5,phononTS,0.000562962,-0.00189747,-0.00423371,-0.0002625,1917.74,0.000382,1,-0.00200191,-0.00199583,0.0002625,3754.12
0,7483424,5,phononTS,0.000992503,-0.00108008,-0.00169568,-0.0002625,371.194,0.000764,1,-0.00100366,-0.00100437,0.0002625,1238.22
0,7485321,2,phononL,0.0015927,0.000857527,-0.00103123,0.000115069,17.1868,0.000764,1,0.000997356,-0.000999804,0.0002625,1656.97
0,7534009,3,phononTS,0.000396959,0.00113547,-0.00392547,-0.0002625,2.54117,0.000382,1,0.00200228,-0.00199962,0.0002625,1704.14
0,7542051,11,phononTF,0.000440706,-0.00166199,-0.00235704,-0.0002625,398.353,0.000382,1,-0.00200207,-0.00199595,0.0002625,1009.02
0,7548821,8,phononTS,0.000457016,-0.00362462,-0.00104056,-0.0002625,1856.06,0.000382,1,-0.00300024,-0.00100353,0.0002625,4164.19
0,7599589,6,phononTF,0.000422284,-0.00200384,0.00199804,0.000262499,5580.83,0.000422284,1,-0.00221371,0.00180654,-0.0002625,5748.91
0,7603650,7,phononTS,0.000830527,4.46648e-06,-3.37517e-06,0.000262498,1666.89,0.000830527,1,-0.00081214,0.000229524,-0.0002625,2011.71
0,7603650,2,phononTS,0.001613,-0.000938849,-0.00393774,0.000262498,38.9397,0.000429342,1,-0.00101874,-0.00381799,-0.0002625,218.248
0,7634271,6,phononTS,0.000420398,0.00100323,-0.00100075,0.000262498,1293.63,0.000420398,1,0.00106214,-0.00105659,-0.0002625,1450.91
0,7682247,4,phononTS,0.00151268,-0.001997,-0.00199964,0.0002625,551.98,0.00151268,1,-0.00207561,-0.00205328,-0.0002625,3478.69
0,7739000,5,phononTS,0.000980763,0.00200309,-0.00200126,0.0002625,4854.16,0.000852197,1,0.0020141,-0.00268008,-0.0002625,5787.04
0,7739000,2,phononTS,0.000426163,-0.000926462,-0.0039473,0.000262498,68.8589,0.000426163,1,-0.000301102,-0.0035104,-0.0002625,397.909
0,7785040,6,phononTF,0.00132569,0.000140468,0.00235784,-0.0002625,252.26,0.000382,1,0.0010042,-0.00300266,0.0002625,6749.99
0,7840684,3,phononTS,0.00291215,0.00104932,-0.00309808,0.000137294,21.8058,0.000764,1,0.00100414,-0.00299691,0.0002625,1290.19
0,7845015,4,phononTS,0.000812341,-0.000111628,-0.00317487,-0.0002625,380.13,0.000382,1,1.96138e-06,-0.00200062,0.0002625,1974.31
0,7872508,3,phononTF,0.000695805,0.000997423,-0.00299515,0.0002625,1352.34,0.000695805,1,0.0030594,-0.0030052,-0.0002625,2659.63
0,7896421,7,phononTF,0.00100767,0.00199682,-2.38499e-07,0.000262498,8642.7,0.000683721,1,0.0011914,0.00142502,-0.0002625,9150.68
0,7908628,9,phononTS,0.00103825,-2.02272e-06,-0.00305573,-0.000262498,1295.03,0.000382,1,-1.44878e-06,-0.00200104,0.0002625,1702.89
0,7950012,6,phononTS,0.00108339,-0.000273708,-0.00286451,-0.0002625,156.109,0.000764,1,0.0019955,-0.00199563,0.0002625,1586.44
0,7962025,7,phononTS,0.00054543,-0.00364901,-0.00093927,-0.0002625,2182.97,0.000382,1,-0.00200297,-2.73794e-06,0.0002625,3884.36
0,7977739,6,phononTF,0.000564123,-0.00237034,-0.001357,-0.0002625,1262.64,0.000382,1,-0.00300128,-0.00100163,0.0002625,2617.68
0,7987064,5,phononL,0.000788104,-0.000962152,-0.00246919,-0.0002625,17.5026,0.000382,1,-0.00100064,-0.000999586,0.0002625,593.604
0,7987064,4,phononTS,0.000898602,-0.000923659,-0.0039388,0.000262498,17.5026,0.000333907,1,-0.00130077,-0.00480373,-0.0002625,391.905
0,8064464,2,phononTS,0.000430741,0.00188295,-0.00204718,-0.0002625,49.5991,0.000382,1,0.0019965,-0.0019955,0.0002625,2803.42
0,8139714,6,phononTS,0.000504658,-0.000997113,-0.00100423,0.0002625,1085.8,0.000504658,1,-0.000442199,7.19031e-05,-0.0002625,2544
0,8145522,8,phononTS,0.000819767,4.8599e-06,0.00199526,0.0002625,4121.27,0.000819767,1,-0.000301079,0.00134735,-0.0002625,5177.25
0,8231709,6,phononTS,0.000832243,0.00300153,0.000999953,0.000262498,3151.25,0.000818866,1,0.00328409,0.00096525,-0.0002625,3347.78
0,8240587,4,phononTS,0.000620831,-0.000999433,-0.00100485,0.0002625,886.037,0.000271432,1,-0.00291603,-2.73367e-05,-0.0002625,2326.76
0,8257882,2,phononL,0.00256865,-0.000251315,-0.00238958,-0.0002625,20.108,0.001146,1,-1.76944e-06,-0.00200423,0.0002625,3036.97
0,8260815,5,phononTS,0.000470291,-0.00337774,-0.000951973,-0.0002625,598.926,0.000382,1,-0.00300385,-0.000999828,0.0002625,2862.16
0,8290612,10,phononL,0.000795507,-0.00200444,-0.00200061,0.0002625,1777.9,0.000287236,1,-0.00247482,-0.00217577,-0.0002625,2312.01
0,8294472,12,phononTF,0.000475732,-0.0019971,-0.00199876,0.0002625,788.036,0.000475732,1,-0.00217634,-0.00182909,-0.0002625,1115.27
0,8302087,5,phononTS,0.0012224,-0.00203109,-0.00195158,-0.000262498,1208.13,0.000764,1,-0.00200369,-0.00199564,0.0002625,1356.51
0,8348397,8,phononTS,0.000446941,-0.000998565,-0.00100221,0.0002625,1276.59,0.000446941,1,-0.000670657,-0.000500868,-0.0002625,1847.43
0,8348397,2,phononL,0.00165061,-0.000944984,-0.00394681,0.000262498,17.9616,0.00157835,1,-0.000709024,-0.00350443,-0.0002625,153.202
0,8416181,7,phononTS,0.000410126,0.00200196,-1.91227e-06,0.000262498,1793.8,0.000410126,1,0.000965528,-9.69883e-05,-0.0002625,2183.13
0,8416181,4,phononTS,0.00101291,-0.000918185,-0.00393645,0.000262498,8.12545,0.000467449,1,-0.00116806,-0.00458441,-0.0002625,314.576
0,8426534,5,phononL,0.000511262,0.0014301,-0.00276506,-0.000262498,835.514,0.000382,1,0.00100425,-0.00300103,0.0002625,969.082
0,8448374,9,phononTS,0.000584449,-0.00207883,-0.00216314,-0.000262498,1506.93,0.000382,1,-0.00199872,-0.0020046,0.0002625,1692.19
0,8463319,5,phononL,0.00224708,0.000993295,-0.00303435,0.000173816,173.975,0.001146,1,0.00100289,-0.00300198,0.0002625,1954.87
0,8472289,6,phononTS,0.000881081,0.00198982,-0.0038154,-0.000262498,1129.09,0.000382,1,-0.00100342,-0.000997072,0.0002625,2426.48
0,8472552,5,phononL,0.00158716,0.000374946,-0.00317233,-0.0002625,888.963,0.000764,1,0.000996529,-0.00299956,0.0002625,2834.64
0,8482727,9,phononTS,0.000949819,-0.000484381,-0.00326856,-0.000262498,1145.65,0.000382,1,0.00199885,-0.00200475,0.0002625,2051.58
0,8482727,10,phononTS,0.000535809,0.00199885,-0.00200475,0.000262498,2051.58,0.000535809,1,0.0020157,-0.00194902,-0.0002625,2214.87
0,8503939,7,phononTS,0.000414446,0.000782197,-0.000960648,-0.000262498,1907.73,0.000382,1,0.00100076,-0.00100402,0.0002625,2091.94
0,8516735,7,phononL,0.00121735,0.00200328,-0.0019992,0.000262498,3289.09,0.000686401,1,0.00249254,-0.00153602,-0.0002625,3450.19
0,8518194,3,phononTF,0.0022354,-0.000958097,-0.00104319,0.00017633,5.44072,0.000382,1,-0.00100097,-0.000997227,0.0002625,6155.86
0,8518194,5,phononTS,0.000567861,-0.005,-0.00404362,-0.000179287,6155.86,0.000567861,1,-0.00498948,-0.00395867,-0.0002625,7749.93
0,8564244,7,phononTS,0.0013956,-0.00188858,0.00189573,-5.73124e-05,1829.32,0.000382,1,-0.00199952,0.00199591,0.0002625,4544.05
0,8564244,9,phononTS,0.000447683,-0.00199952,0.00199591,0.000262498,4544.05,0.000447683,1,-0.00194297,0.00209425,-0.0002625,4707.39
0,8564244,8,phononTS,0.00043145,-0.00199952,0.00199591,0.000262498,4544.05,0.00043145,1,-0.00197253,0.00204133,-0.0002625,4691.21
0,8565161,3,phononTS,0.00207333,-0.0030181,-0.000962042,-0.00025406,1.63176,0.000764,1,-0.00300337,-0.000996922,0.0002625,2581.26
0,8645225,8,phononL,0.000839876,0.00073224,0.000323238,-0.000262498,3315.59,0.000382,1,0.000995672,0.00100197,0.0002625,3482.24
0,8645225,9,phononTS,0.000412836,0.000995672,0.00100197,0.000262498,3482.24,0.000412836,1,0.00105672,0.00106379,-0.0002625,3651.32
0,8645225,2,phononTS,0.00206712,-0.000936108,-0.00393239,0.000241092,33.4374,0.0019719,1,-0.000532593,-0.00427626,-0.0002625,296.707
0,8655616,7,phononTS,0.000901925,0.00199521,-0.00200298,0.000262498,1721.79,0.000901925,1,0.0036599,-0.000845861,-0.0002625,2388.25
0,8655616,3,phononTS,0.000618211,-0.000923711,-0.00393859,0.000262498,2.26452,0.000618211,1,-0.00171235,-0.00400621,-0.0002625,320.204
0,8663980,2,phononTS,0.0017042,0.000352671,-0.00218492,-0.0002625,13.7124,0.000382,1,-1.29871e-06,-0.00199972,0.0002625,2272.67
0,8719701,3,phononTS,0.0012584,7.58109e-05,-0.00205191,-0.0002625,2.28917,0.000382,1,-4.76374e-06,-0.00200295,0.0002625,2818.81
0,8719701,2,phononTS,0.000383727,-0.000926773,-0.00393188,0.000262498,2.28917,0.000383727,1,-0.0012335,-0.0037037,-0.0002625,233.984
0,8725444,5,phononTS,0.000605702,0.00179988,-0.000428816,-0.000262498,2213.52,0.000382,1,-4.21244e-06,-0.00199522,0.0002625,2961.79
0,8725444,3,phononTS,0.000711359,-0.000929953,-0.00395205,0.000262498,11.6489,0.000711359,1,-0.000556608,-0.0039679,-0.0002625,231.074
0,8733795,5,phononL,0.000397522,-0.0023961,-0.002151,-0.0002625,1369.57,0.000382,1,-0.00199731,-0.00199516,0.0002625,3489.77
0,8738999,5,phononTS,0.000934084,-0.00200212,-0.0019957,0.000262498,1232.43,0.000268238,1,-0.00281649,-0.00195036,-0.0002625,1556.75
0,8742159,7,phononTS,0.000497955,0.00199966,-4.63258e-06,0.0002625,5079.34,0.000497955,1,0.00284589,0.0017357,-0.0002625,10138
0,8742159,3,phononTS,0.000797229,0.005,0.000810351,-0.000138481,2.52597,0.000797229,1,0.00392988,0.00198493,-0.0002625,2581.82
0,8828496,10,phononTS,0.00141186,-0.00249718,-0.00139523,-6.50826e-05,1659.94,0.00135493,1,-0.00291961,-0.00117422,-0.0002625,2028.59
0,8837029,4,phononTS,0.00196805,-9.19e-05,-0.00355823,-0.0002625,1085.74,0.000764,1,0.00100228,-0.00299692,0.0002625,2410.71
0,8870654,8,phononTS,0.000437452,-0.000998426,0.00295902,-0.0002625,9110.83,0.000382,1,-0.00100044,0.00299613,0.0002625,9870.53
0,8891791,6,phononTF,0.000481203,-2.93843e-05,-0.00287398,-0.0002625,1154.32,0.000382,1,-1.16432e-06,0.00199789,0.0002625,3329.14
0,8894651,4,phononTS,0.000430928,-9.96852e-05,-0.00215313,-0.000262498,1036.21,0.000382,1,3.7473e-06,-0.00199662,0.0002625,1224.13
0,8906338,9,phononTS,0.000615001,0.000854335,-0.00265596,-0.0002625,585.028,0.000382,1,0.00200406,-0.00199506,0.0002625,2378.99
0,8910830,5,phononTS,0.000452314,0.00201516,1.8128e-05,-0.000262498,2807.43,0.000382,1,0.00200283,-2.98135e-06,0.0002625,2955.25
0,8914658,12,phononTS,0.000898296,0.00199995,-0.00200201,0.000262498,1894.94,0.000898296,1,0.00203521,-0.00158484,-0.0002625,2120.47
0,8918441,10,phononTS,0.000553493,-0.000996796,-0.00100302,0.0002625,1597.17,0.000553493,1,-0.0020883,-0.000759846,-0.0002625,2429.56
0,8936596,2,phononTS,0.00038491,-0.00146576,-0.00295494,-0.0002625,11.1523,0.000382,1,-0.00200371,-0.00199797,0.0002625,849.955
0,8938500,7,phononTS,0.000560269,-0.0030379,-0.0010995,-0.0002625,2285.81,0.000382,1,-0.00300474,-0.000999751,0.0002625,3116.15
0,8938500,4,phononTS,0.000644908,-0.000875732,-0.00397985,0.000262498,79.8666,0.000644908,1,-0.000666226,-0.00402745,-0.0002625,262.112
0,8951502,5,phononTS,0.000631201,0.000851802,0.00187908,-0.0002625,2349.41,0.000382,1,0.0010013,0.000996494,0.0002625,6698.89
0,8953793,4,phononTS,0.0026573,-0.0014835,-0.000634602,0.000161032,17.3635,0.000382,1,-0.00200233,6.36239e-07,0.0002625,2668.73
0,8953793,10,phononTS,0.000930351,-0.0020922,9.64409e-05,-0.000252333,2668.73,0.000930351,1,-0.00209241,9.76635e-05,-0.0002625,2821.37
0,8953793,9,phononTS,0.000829926,-0.00200233,6.36239e-07,0.000262498,2668.73,0.00075275,1,0.000582588,-0.00129856,-0.0002625,3606.63
0,8977163,5,phononTS,0.000523388,-0.0010006,-0.000997881,0.000262498,1268.39,0.000523388,1,-0.000987945,-0.00105247,-0.0002625,1428.71
0,8998603,10,phononTS,0.000413941,-0.00309916,3.92141e-05,-0.0002625,1592.21,0.000382,1,-0.00300261,-0.000997886,0.0002625,5318.73
0,9005315,6,phononTS,0.00198153,-0.00187253,-0.00233916,-0.0002625,368.087,0.000382,1,-0.00199891,-0.0020011,0.0002625,1752.12
0,9005315,7,phononTS,0.00122047,0.0013422,-0.005,-0.00015107,1752.12,0.000891245,1,0.00324258,-0.00317353,-0.0002625,3938.56
0,9071063,10,phononTS,0.000584693,0.00206678,1.22174e-05,-0.000262498,4623.47,0.000382,1,0.00200429,-1.58234e-06,0.0002625,4772.7
0,9071063,2,phononTS,0.000679701,-0.000919546,-0.00392927,0.000262498,15.6921,0.000679701,1,-0.00157618,-0.00370885,-0.0002625,320.502
0,9137129,6,phononTS,0.000483149,0.000280731,-0.00315263,-0.000262498,917.498,0.000382,1,-0.00299717,-0.00100208,0.0002625,2158.24
0,9154938,5,phononTF,0.000448345,7.38526e-05,-0.00185954,-0.0002625,1156.74,0.000382,1,3.03846e-06,-0.00199572,0.0002625,1750.52
0,9197129,2,phononTS,0.00160557,0.00299307,-0.00128321,-7.40856e-05,7.46017,0.000890063,1,0.00323458,-0.00170555,-0.0002625,2019.59
0,9197970,2,phononTF,0.000997619,0.00100336,-0.00299946,0.0002625,3.09297,0.000346211,1,0.00198758,-0.00202983,-0.0002625,1586.22
0,9216254,5,phononTS,0.00047518,-0.0011495,0.00406758,-0.0002625,355.976,0.000382,1,-0.00100326,0.00300224,0.0002625,5144.55
0,9293842,10,phononTS,0.00257153,-0.000997936,-0.00100403,0.000262499,2630.19,0.00241682,1,-0.000477845,-0.00103316,-0.0002625,2878.6
0,9295497,10,phononTS,0.000555134,-0.00199011,-4.64195e-05,-0.000262499,6488.43,0.000382,1,-0.00199828,-4.14097e-06,0.0002625,6635.94
0,9301586,4,phononTS,0.000871785,-0.005,-0.00220147,-0.000114589,126.251,0.000382,1,-0.00099503,0.0010023,0.0002625,3399.66
0,9301586,2,phononTF,0.00445041,-0.000568384,-0.00387118,-0.0001807,21.639,0.00268166,1,-0.000597672,-0.00391286,-0.0002625,480.195
0,9338826,8,phononTS,0.000420085,-1.3386e-06,-2.30695e-06,0.000262498,3528.78,0.000420085,1,5.17805e-05,1.18341e-05,-0.0002625,3678.2
0,9338826,3,phononTF,0.000431033,-0.00196666,-0.005,-0.000261866,10.3519,0.000431033,1,-0.00196576,-0.00499898,-0.0002625,460.008
0,9342563,9,phononTF,0.000471843,0.000998382,-0.00299781,0.000262498,4231.78,0.000471843,1,0.00119067,-0.00281003,-0.0002625,4398.01
0,9342563,2,phononTF,0.00284232,-0.000920686,-0.00393406,0.000262498,1.32543,0.00185507,1,-0.00118025,-0.0041731,-0.0002625,179.397
0,9358608,8,phononTS,0.000546187,0.00211979,-0.005,-6.09887e-06,231.711,0.000546187,1,0.005,-0.00279977,-0.000158936,2998.81
0,9358608,2,phononTF,0.000810379,-0.000932023,-0.00392679,0.000262498,17.7141,0.000810379,1,-0.000445502,-0.00323875,-0.0002625,310.526
0,9373508,11,phononTS,0.000515194,0.000836951,0.000846384,-0.000262498,3883.29,0.000382,1,0.000996076,0.000997463,0.0002625,4078.33
0,9373508,2,phononTF,0.00111623,-0.000929381,-0.00389337,0.000232419,64.7607,0.00102514,1,-0.00182347,-0.00298781,-0.0002625,449.594
0,9383204,7,phononL,0.000481235,0.00200203,-0.00200021,0.000262498,2267.25,0.000481235,1,0.00305166,-0.00202135,-0.0002625,2482.06
0,9391903,8,phononTF,0.000969604,2.52237e-06,0.00199567,0.0002625,1745.58,0.000969604,1,0.00029383,0.00215596,-0.0002625,3507.22
0,9395607,6,phononTS,0.000606299,-0.00200354,-0.00199564,0.000262498,1723.17,0.000606299,1,-0.00206078,-0.001433,-0.0002625,1981.22
0,9452770,2,phononTS,0.00153127,3.19039e-06,0.00200138,0.0002625,9.6886,0.00144691,1,-5.2487e-05,0.00194795,-0.0002625,6600.98
0,9474297,7,phononTS,0.000496679,2.44934e-06,-4.47172e-07,0.000262498,4251.01,0.000496679,1,-5.63738e-05,6.10987e-06,-0.0002625,4402.38
0,9474297,3,phononTS,0.0016281,-0.000919568,-0.00394223,0.000262498,6.11138,0.00143159,1,-0.00140619,-0.00399612,-0.0002625,246.535
0,9482602,7,phononTF,0.000517466,-1.1566e-06,-0.0020032,0.000262498,2226.36,0.000517466,1,0.000229432,-0.00175423,-0.0002625,2402.45
0,9482602,3,phononTF,0.00299128,-0.000839606,-0.00386315,-1.95874e-05,4.72566,0.00227385,1,-0.000715296,-0.00398025,-0.0002625,662.622
0,9508944,6,phononTF,0.000518986,-0.00165357,-0.00238626,-0.0002625,3153.42,0.000382,1,-0.00200327,-0.00199665,0.0002625,3791.41
0,9532141,9,phononTS,0.000750545,-0.00200455,-0.00199859,0.000262498,2966.29,0.000750545,1,-0.00199189,-0.00199585,-0.0002625,3117.29
0,9532141,2,phononTS,0.000612402,-0.000910733,-0.003948,0.000262498,27.2289,0.00025724,1,-0.000774927,-0.00393471,-0.0002625,197.141
0,9542460,8,phononTF,0.000456485,-0.00164196,-0.00291841,-0.0002625,552.375,0.000382,1,-0.00199669,-0.00200246,0.0002625,1398.79
0,9573134,6,phononTF,0.00255456,-0.000146218,-0.00217367,-0.000242882,6.33576,0.00153835,1,-0.000150344,-0.00216867,-0.0002625,3849.5
0,9579406,2,phononTS,0.00107148,-0.0018015,0.00329683,-0.000214495,6.58083,0.000530295,1,-0.00176226,0.00328401,-0.0002625,5218.84
0,9593858,5,phononTS,0.000528848,-3.32724e-06,-0.00200191,0.000262498,1603.3,0.000528848,1,5.80343e-05,-0.00201382,-0.0002625,1752.74
0,9598506,5,phononTS,0.000391469,-0.000712942,-0.00398814,-0.000262498,214.553,0.000382,1,-0.00299694,-0.00100288,0.0002625,1382.56
0,9598506,2,phononTS,0.000550854,-0.000915917,-0.00395497,0.000262498,33.2224,0.000550854,1,-0.0006867,-0.00444719,-0.0002625,302.137
0,9605730,6,phononTF,0.000600843,-0.00200132,0.00200267,0.000262498,13855.6,0.000446024,1,-0.00205314,0.00219053,-0.0002625,14018.6
0,9625706,3,phononTF,0.00201496,-4.11517e-05,-0.00404206,-0.000236569,4.8879,0.000764,1,0.000995544,-0.00300098,0.0002625,804.435
0,9698639,5,phononL,0.000992397,-0.00196682,-0.00229022,-0.000262499,625.379,0.000382,1,-0.00200418,-0.00199549,0.0002625,741.724
0,9700489,6,phononTS,0.000411652,0.0029969,0.00100253,0.000262499,7184.17,0.000411652,1,0.00303466,0.00103016,-0.0002625,7333.75
0,9708029,7,phononL,0.000499418,0.00100372,-0.00300039,0.0002625,1694.99,0.000499418,1,0.00154522,-0.00279254,-0.0002625,1984.35
0,9745903,6,phononTS,0.000471771,-0.00100412,-0.000997948,0.0002625,4000.41,0.000471771,1,-0.000437204,-0.000992048,-0.0002625,4504.91
0,9773776,7,phononTF,0.00063019,0.00199788,-0.0019975,0.000262499,2553.42,0.00063019,1,0.00209126,-0.00202713,-0.0002625,2705.26
0,9773776,2,phononTS,0.00173962,-0.000926285,-0.00393668,0.000262498,2.14679,0.00159508,1,-0.00092771,-0.00394493,-0.0002625,153.6
0,9785337,4,phononL,0.000671744,-0.00264873,-0.00168128,-0.0002625,686.979,0.000382,1,-0.00299719,-0.0010014,0.0002625,1556.72
0,9792668,7,phononTS,0.000848438,-1.77992e-05,-0.00198957,-0.000262498,1139.79,0.000382,1,4.64497e-06,-0.00200475,0.0002625,1289.5
0,9829053,7,phononTF,0.000399491,0.00143316,-0.00254137,-0.000262498,2354.55,0.000382,1,0.00200478,-0.00199994,0.0002625,2620.96
0,9830126,4,phononTF,0.0019993,-0.00033474,-0.00235878,-8.31429e-05,6.08662,0.000382,1,4.99533e-06,-0.00199901,0.0002625,1650.09
0,9839148,6,phononTS,0.000503872,-5.2175e-05,-0.00189672,-0.0002625,2163.82,0.000382,1,3.29077e-06,-0.00200469,0.0002625,3953.05
0,9845578,9,phononL,0.000561535,-0.00100403,-0.000152824,-0.0002625,1564.86,0.000382,1,-0.00200244,-1.29892e-06,0.0002625,2104.76
0,9897089,4,phononTF,0.00155704,-0.00214776,-0.00184313,8.53861e-06,89.9522,0.000764,1,-0.00199765,-0.0019997,0.0002625,1339.93
0,9906749,6,phononTS,0.000390669,0.000357249,-0.00302971,-0.0002625,2787.07,0.000382,1,0.000998203,-0.00299575,0.0002625,8133.32
0,9913437,7,phononTS,0.000473239,1.04057e-06,-0.00199972,0.0002625,1776.51,0.000473239,1,0.000281683,-0.00215094,-0.0002625,2207.81
0,9917209,5,phononTF,0.00285452,0.000612224,-0.00295778,0.000243987,622.978,0.001146,1,0.00099964,-0.00300029,0.0002625,3144.08
0,9918161,5,phononTF,0.00142021,-0.00107011,-0.00111016,-0.0002625,1329.77,0.000764,1,-0.000997183,-0.000996456,0.0002625,2716.64
0,9929916,7,phononL,0.00250451,-0.00131788,-0.00215708,-0.00016356,1207.73,0.000764,1,-0.000996273,-0.000998235,0.0002625,4418.54
0,9929916,8,phononTF,0.00121522,-0.000996273,-0.000998235,0.000262498,4418.54,0.00117712,1,0.000930054,-0.00196621,-0.0002625,5072.02
0,9965142,12,phononTS,0.000452383,-0.00199537,-0.00199884,0.000262498,2322.3,0.000452383,1,-0.00292276,-0.00199479,-0.0002625,2671.26
0,9966809,2,phononTS,0.0027133,0.00202944,-0.00200132,0.000241014,1.98567,0.000382,1,0.00200298,-0.00200381,0.0002625,2826.75
0,9966809,7,phononTS,0.00119932,0.00200298,-0.00200381,0.000262498,2826.75,0.000551001,1,0.00197078,-0.00206171,-0.0002625,2981.07
