Run ID,Event ID,Track ID,Particle Name,Start Energy [eV],Start X [m],Start Y [m],Start Z [m],Start Time [ns],Energy Deposited [eV],Track Weight,End X [m],End Y [m],End Z [m],Final Time [ns]
0,4162,8,phononTS,0.000485607,0.00199968,-0.0019985,0.000262498,1784.36,0.000485607,1,0.00219425,-0.00190621,-0.0002625,1977.03
0,25830,3,phononTF,0.00143408,0.005,-0.00203262,0.000207306,0.821091,0.000382,1,0.00199825,-0.00200054,0.0002625,2218.17
0,109172,4,phononTS,0.00112516,0.00193156,-0.00298677,-0.0002625,293.64,0.000382,1,0.0010032,-0.00300122,0.0002625,1354.06
0,109172,6,phononL,0.000498693,0.0010032,-0.00300122,0.000262498,1354.06,0.000498693,1,0.00146853,-0.00329335,-0.0002625,1495.77
0,109172,2,phononL,0.00070425,0.00376437,-0.00323626,0.000262498,75.2645,0.00070425,1,0.00395967,-0.00282019,-0.0002625,205.539
0,125892,4,phononTF,0.000394776,-0.000683949,-0.000690058,-0.0002625,3434.97,0.000382,1,-0.00100397,-0.00100338,0.0002625,3980.43
0,140865,7,phononTS,0.000442096,-0.00249065,0.00289515,-0.0002625,1006.89,0.000382,1,-0.000995139,0.00100483,0.0002625,6907.91
0,173613,5,phononTS,0.000572914,0.00200293,-1.47203e-06,0.0002625,3282.45,0.000572914,1,0.00127765,0.00149087,-0.0002625,4437.13
0,285621,7,phononTF,0.000532946,0.00191194,-0.0021029,-0.0002625,711.84,0.000382,1,0.00200279,-0.00200261,0.0002625,2866.16
0,301639,7,phononTS,0.000396915,0.00100398,0.000998409,0.000262498,3319.96,0.000396915,1,0.00233474,0.00147332,-0.0002625,3823.7
0,301639,3,phononTF,0.000900869,0.00378445,-0.00324953,0.000262498,1.22515,0.000900869,1,0.00291518,-0.00234215,-0.0002625,384.709
0,379718,7,phononTS,0.000689111,0.000945214,-0.000944623,-0.000262499,6069.01,0.000382,1,0.0010021,-0.000999793,0.0002625,6215.41
0,379718,4,phononTS,0.00267115,0.00334657,-0.00311439,-0.000177732,25.0609,0.00219001,1,0.00357578,-0.00352485,-0.0002625,322.932
0,383270,7,phononTF,0.000739083,0.000435679,-0.00153666,-0.0002625,74.2058,0.000382,1,-1.19243e-06,-0.00200089,0.0002625,2066.78
0,408852,8,phononTS,0.000631326,0.000999962,0.000997958,0.000262498,7356.32,0.000631326,1,-0.000313794,0.000281731,-0.0002625,7876.43
0,474852,6,phononL,0.000531315,-0.00200443,2.72548e-06,0.000262498,3482.15,0.000531315,1,-0.00195472,0.000441418,-0.0002625,3609.81
0,511956,4,phononTF,0.00188691,0.00219177,0.000203716,-0.0002625,895.719,0.000382,1,0.00200353,3.60257e-06,0.0002625,3868.31
0,511956,8,phononTS,0.000715525,0.00200353,3.60257e-06,0.000262498,3868.31,0.000715525,1,-0.00309926,-0.00423669,-0.0002625,5756.63
0,554468,5,phononTF,0.00101233,0.00100373,-0.00299602,0.000262499,1972.96,0.00101233,1,0.00102112,-0.00304601,-0.0002625,2122.06
0,573804,11,phononTS,0.000884854,0.00371925,-0.00240058,-0.000262498,4412.01,0.000382,1,0.00100191,-0.00100449,0.0002625,5397.78
0,642477,5,phononTS,0.00045238,0.000996818,-0.00100028,0.0002625,1513.36,0.00045238,1,0.00101909,-0.000994908,-0.0002625,1821.05
0,708858,5,phononTS,0.000382727,0.00305074,-0.00235021,-0.0002625,376.24,0.000382,1,0.0019959,-0.00199715,0.0002625,1711.06
0,708858,3,phononTS,0.00155768,0.00378648,-0.00325897,0.000262498,5.91819,0.000828129,1,0.00408011,-0.00198875,-0.0002625,474.724
0,762573,8,phononTF,0.000646076,0.00213159,-0.000247135,-0.0002625,1752.07,0.000382,1,0.00200322,2.21211e-06,0.0002625,4234.2
0,771139,8,phononTF,0.000567202,0.000143069,0.00162107,-0.0002625,1179.31,0.000382,1,4.83414e-06,0.00200146,0.0002625,7350.08
0,800014,3,phononTF,0.00153493,0.000673997,-0.000633352,-0.0002625,27.2829,0.000764,1,-4.5056e-06,-1.72101e-06,0.0002625,1752.87
0,800014,2,phononTF,0.000579691,0.00378565,-0.00325034,0.000262498,27.2829,0.000579691,1,0.00428315,-0.00133651,-0.0002625,647.751
0,825710,6,phononTF,0.00133374,0.00236952,-0.00136561,0.000146356,1105.07,0.0010153,1,0.00257106,-0.0013435,-0.0002625,2393.3
0,836623,3,phononTS,0.00136256,0.00134051,-0.00295,-0.0002625,21.022,0.000382,1,0.00100346,-0.00299896,0.0002625,1807.92
0,836623,4,phononTF,0.000895171,0.00100346,-0.00299896,0.000262498,1807.92,0.000895171,1,0.00150175,-0.00352913,-0.0002625,2060.46
0,849476,4,phononTS,0.00283875,0.00199583,-0.00200121,0.000244088,2.17188,0.000382,1,0.00199672,-0.0019966,0.0002625,2500.5
0,856828,5,phononL,0.000439672,-0.000405811,-0.000229963,-0.000262498,6004.38,0.000382,1,-2.35793e-06,2.04296e-06,0.0002625,6135.53
0,892028,5,phononTF,0.00199477,0.00189047,-0.00177596,-0.000188138,1.28884,0.000764,1,0.00199901,-0.00199539,0.0002625,2652.66
0,892028,7,phononTS,0.000624303,0.00199901,-0.00199539,0.000262498,2652.66,7.43129e-05,1,0.00194614,-0.00241341,-0.0002625,2877.5
0,895053,9,phononTS,0.000667559,-0.005,0.00396638,-3.64827e-05,129.377,0.000382,1,-2.20198e-06,-0.00200326,0.0002625,6082.97
0,895053,8,phononTS,0.00118479,0.0035854,-0.00313121,0.000262498,129.377,0.000496981,1,0.00356651,-0.00367505,-0.0002625,374.779
0,907534,7,phononTS,0.000553851,0.00192242,0.00110244,-0.0002625,405.325,0.000382,1,1.49371e-07,0.00200227,0.0002625,4941.91
0,910094,9,phononTS,0.000504278,0.00167201,0.00198171,-0.0002625,1901.64,0.000382,1,0.00200006,0.00199629,0.0002625,3311.34
0,910094,2,phononTF,0.00169944,0.00376597,-0.00325509,0.000262498,31.3148,0.00156371,1,0.0033448,-0.00370898,-0.0002625,259.67
0,1004650,6,phononTF,0.000907581,0.00089299,-0.0011153,-0.0002625,1368.01,0.000382,1,0.000999855,-0.00100464,0.0002625,3213.53
0,1004650,2,phononTS,0.00237012,0.00378595,-0.00324777,0.000262498,22.2902,0.00209217,1,0.00402951,-0.00301181,-0.0002625,244.181
0,1021879,7,phononTS,0.00139471,0.000958312,-0.000923116,-0.000262498,2233.9,0.000382,1,0.00100447,-0.00099585,0.0002625,2394.12
0,1031050,3,phononTF,0.000576666,0.0020037,-0.00199778,0.000262498,1014.89,0.000576666,1,0.00205063,-0.00192249,-0.0002625,1165.56
0,1034496,4,phononTS,0.000653161,0.00102168,-0.00391378,-0.000262498,2641.26,0.000382,1,0.0010014,-0.00300246,0.0002625,2989.81
0,1094640,5,phononTS,0.000539791,4.03981e-05,-0.00036638,-0.0002625,2018.34,0.000382,1,2.63123e-06,-2.59209e-06,0.0002625,3084.85
0,1097074,4,phononL,0.00206993,0.00206646,-0.00158079,0.000102058,7.14526,0.000382,1,0.00200495,-0.0019962,0.0002625,1769.97
0,1104922,7,phononTS,0.00204054,0.00201515,0.00188656,-0.0002625,1359.75,0.000382,1,0.00200119,0.00199731,0.0002625,5263.59
0,1122301,2,phononTS,0.00149857,0.00012449,0.000371133,-0.0002625,3.11743,0.000764,1,-1.17377e-06,1.47442e-06,0.0002625,2048.99
0,1156077,6,phononTS,0.000609305,0.00192845,-0.00132606,-0.000262498,882.671,0.000382,1,0.00199541,-0.00199747,0.0002625,1166.67
0,1214911,6,phononTF,0.00226348,0.00167681,0.000354263,-0.000127461,1588.22,0.000770462,1,0.00174352,0.000283487,-0.0002625,3437.93
0,1243072,6,phononTS,0.000642563,0.00202808,-0.00032911,-0.0002625,1537.41,0.000382,1,0.00200302,2.02221e-06,0.0002625,2108.96
0,1243072,4,phononTF,0.000601203,0.00292951,-0.00307251,-5.95183e-05,222.577,0.000601203,1,0.00254905,-0.00343166,-0.0002625,381.949
0,1251130,5,phononTS,0.00064134,0.00207653,-5.69607e-05,-0.000262498,3712.7,0.000382,1,0.00200279,-4.10111e-07,0.0002625,3872.49
0,1251130,3,phononTS,0.000817785,0.00379571,-0.00325409,0.000262498,24.1992,0.000817785,1,0.00448207,-0.00320695,-0.0002625,312.661
0,1251130,2,phononTS,0.000585091,0.00379571,-0.00325409,0.000262498,24.1992,0.000585091,1,0.00432892,-0.00348283,-0.0002625,301.962
0,1259282,10,phononTF,0.000494993,-0.00100068,0.00100226,0.000262498,11743.6,0.000494993,1,-0.000664053,0.00131786,-0.0002625,11940.6
0,1264820,6,phononTS,0.000466112,0.00200434,8.50621e-07,0.000262498,1945.61,0.000466112,1,0.00200547,-3.40735e-05,-0.0002625,2093.67
0,1266980,3,phononTF,0.00193171,0.00188613,-0.003917,-0.0002625,54.3183,0.001146,1,0.00100418,-0.00299779,0.0002625,1455.99
0,1391590,2,phononTS,0.00147005,0.00200481,-0.00205072,-0.0002625,20.5237,0.000382,1,0.00199729,-0.00199546,0.0002625,1125.26
0,1479110,2,phononTS,0.00189757,0.0012986,-0.000570173,4.57253e-05,1.56454,0.000764,1,0.002005,6.07889e-08,0.0002625,1797.3
0,1479110,7,phononTS,0.000728753,0.002005,6.07889e-08,0.000262498,1797.3,0.000728753,1,0.00205196,-5.75704e-05,-0.0002625,1955.46
0,1492121,8,phononTF,0.000586238,0.00199767,-0.00200411,0.000262498,2292.19,0.000586238,1,0.00223195,-0.00224315,-0.0002625,2468.7
0,1506140,6,phononTF,0.000420992,0.0007241,-0.00322365,-0.0002625,1531.97,0.000382,1,0.000998343,-0.00299871,0.0002625,2078.74
0,1535488,4,phononTS,0.0026507,0.00196608,-0.00203062,0.000213439,1522.81,0.000382,1,0.00199566,-0.00200055,0.0002625,2504.74
0,1535488,9,phononTS,0.000712547,0.00199566,-0.00200055,0.000262498,2504.74,0.000712547,1,0.00251742,-0.00203504,-0.0002625,2754.3
0,1535488,8,phononTS,0.000614874,0.00199566,-0.00200055,0.000262498,2504.74,0.000614874,1,-0.00129279,0.00107043,-0.0002625,3916.35
0,1547003,8,phononTF,0.00070774,-0.00156294,-0.00152175,-0.0002625,10969.2,0.000382,1,-0.00200302,-0.00199515,0.0002625,11671.9
0,1585877,7,phononL,0.000726585,0.00100181,-0.000995793,0.000262498,3891.53,0.000726585,1,0.00156546,-0.000406767,-0.0002625,4076.95
0,1612205,7,phononTS,0.000828877,0.00200368,0.00200352,0.000262498,3004.22,0.000828877,1,0.00197725,0.00193949,-0.0002625,3152.29
0,1648394,2,phononL,0.00217439,0.00131938,-0.00138375,-0.0002625,1.23773,0.000382,1,0.00100406,-0.000997658,0.0002625,1916.42
0,1648394,6,phononTF,0.000452833,0.00100406,-0.000997658,0.000262498,1916.42,0.000452833,1,0.000485054,-0.00051033,-0.0002625,2165.39
0,1648394,5,phononTS,0.00113991,0.00100406,-0.000997658,0.000262498,1916.42,0.000559018,1,0.00104616,-0.00129455,-0.0002625,2115.93
0,1688341,3,phononTF,0.00209377,0.00169855,-0.00173077,-0.0002625,75.2112,0.000382,1,0.00100062,-0.00100434,0.0002625,2840
0,1688341,4,phononL,0.00124034,0.00100062,-0.00100434,0.000262498,2840,0.00124034,1,0.00091673,-0.00128295,-0.0002625,2956.03
0,1688341,2,phononTS,0.00121716,0.0037586,-0.00322575,0.000262498,75.2112,0.00057879,1,0.00449294,-0.00395471,-0.0002625,479.786
0,1697873,6,phononTS,0.00164434,-0.00212027,0.00103561,-0.0002625,20.4364,0.000764,1,-0.00200002,1.89675e-06,0.0002625,4619.26
0,1697873,7,phononTS,0.000792676,-0.00200002,1.89675e-06,0.000262498,4619.26,0.000792676,1,-0.00194471,-4.64806e-05,-0.0002625,4765.97
0,1737537,9,phononTS,0.000436641,0.00200118,1.40291e-06,0.000262499,3064.14,0.000436641,1,0.00191789,-0.000823778,-0.0002625,3387.1
0,1737537,5,phononTF,0.00263827,0.00375693,-0.003292,0.000176645,48.3282,0.00124377,1,0.00357548,-0.00349111,-0.0002625,210.24
0,1857279,6,phononTF,0.00041582,0.00135733,-0.00141405,-0.0002625,1234.59,0.000382,1,0.000996876,-0.0010033,0.0002625,2763.05
0,1876574,12,phononTS,0.000406631,0.00199583,-2.70681e-06,0.000262498,4914.04,0.000406631,1,0.00190442,4.69233e-05,-0.0002625,5076.55
0,1894084,3,phononTF,0.00158138,0.00127105,-0.0011274,-0.0002625,34.2934,0.000382,1,0.00100115,-0.000996615,0.0002625,1993.22
0,2026512,7,phononTF,0.000860151,0.00245132,-0.000477123,-0.000262498,2962.26,0.000382,1,4.28859e-06,0.00200193,0.0002625,3955.12
0,2037675,6,phononTS,0.000462134,-0.000547214,-0.000856065,-0.0002625,1385.08,0.000382,1,-0.00200401,2.29611e-06,0.0002625,4425.74
0,2081572,4,phononTS,0.00180749,0.00392392,-0.00285348,-0.000102327,9.58473,0.000382,1,4.87981e-06,0.00199676,0.0002625,2471.32
0,2100661,6,phononTS,0.00109056,-0.00083703,-0.00210984,-0.0002625,3685.39,0.000382,1,0.00200261,1.5122e-06,0.0002625,5668.09
0,2102714,7,phononL,0.00110403,-0.00100043,0.00300199,0.0002625,252.266,0.00110403,1,-0.000775036,0.00270041,-0.0002625,4881.33
0,2105668,9,phononTS,0.000618715,0.00200372,-0.00199517,0.000262498,2905.48,0.000618715,1,0.000839473,-0.000969409,-0.0002625,3456.12
0,2128792,4,phononTS,0.000394088,0.00288851,-0.00163236,-0.0002625,7.6275,0.000382,1,0.00199661,1.07184e-06,0.0002625,1261.73
0,2130407,9,phononTF,0.00147441,0.00261828,-0.00335747,-0.0002625,97.4815,0.000764,1,-0.000995781,-0.00099786,0.0002625,5267.81
0,2131844,10,phononTS,0.00277997,0.00101921,-0.00294236,0.000209887,243.831,0.000764,1,0.00099724,-0.00300039,0.0002625,4611.96
0,2149186,6,phononTS,0.000478752,-0.00199941,0.0019954,0.000262498,3175.76,0.000478752,1,-0.00195115,0.00194405,-0.0002625,3322.92
0,2166726,2,phononTS,0.000439062,0.00187582,-0.0030711,-0.0002625,25.6271,0.000382,1,0.000996579,-0.00299765,0.0002625,1488.69
0,2167985,4,phononTF,0.00189225,-0.000965964,-0.00104005,0.000170421,30.46,0.000764,1,-0.00100373,-0.00100341,0.0002625,1648.48
0,2218395,5,phononTF,0.00132378,-0.00199664,3.87251e-06,0.000262498,3268.23,0.000786572,1,-0.00198446,-0.00323018,-0.0002625,4247.09
0,2333321,9,phononTF,0.000551281,0.00199793,-0.00200402,0.000262498,1555.53,0.000551281,1,0.00159733,-0.00157131,-0.0002625,1777.61
0,2338474,2,phononL,0.00113352,0.0018441,-0.000365971,-0.0002625,35.1432,0.000764,1,0.00199561,3.99651e-06,0.0002625,4086.57
0,2341228,12,phononTS,0.00045664,0.00200447,-0.00199553,0.0002625,2029.35,0.00045664,1,0.00277174,-0.00182634,-0.0002625,2661.73
0,2341734,11,phononL,0.000604232,0.00199912,-0.00199551,0.0002625,4751.7,0.000604232,1,0.00177347,-0.00152223,-0.0002625,5027.45
0,2362631,9,phononTF,0.00071408,0.00119925,-0.00116913,-0.000262498,2411.89,0.000382,1,0.000997562,-0.000999101,0.0002625,2579.55
0,2404076,6,phononTS,0.00101522,0.00203677,-0.00210094,-0.0002625,10.8107,0.000382,1,0.00199945,-0.00200193,0.0002625,1722.47
0,2490974,7,phononTF,0.000485759,0.00121641,0.000775015,-0.0002625,3413.51,0.000382,1,0.00100417,0.00100469,0.0002625,6656.63
0,2494934,3,phononL,0.00232267,0.00134191,0.000120971,-0.0002625,6.13397,0.000382,1,0.00199976,-7.96637e-07,0.0002625,1926.91
0,2494934,5,phononTS,0.000692169,0.00199976,-7.96637e-07,0.000262498,1926.91,0.000500193,1,0.00204469,4.66696e-05,-0.0002625,2073.89
0,2516846,7,phononTS,0.000461686,0.005,-0.00476227,-0.000179371,1760.41,0.000382,1,4.16141e-06,-4.42845e-06,0.0002625,4476.28
0,2557093,2,phononTS,0.00240449,0.00193357,-0.00201057,0.000183017,18.9666,0.000382,1,0.00200474,-0.0020007,0.0002625,899.553
0,2562788,7,phononTS,0.000494824,0.00199777,4.01461e-06,0.0002625,1506.94,0.000494824,1,0.00179264,2.55995e-05,-0.0002625,1873.19
0,2596152,8,phononTS,0.00169793,-0.000295982,0.00200116,-0.0002625,223.831,0.000382,1,-3.57298e-06,0.00200479,0.0002625,3430.67
0,2604701,4,phononTS,0.000974891,0.00306475,0.0010513,-0.0002625,780.867,0.000382,1,0.00299525,0.000996018,0.0002625,2776.21
0,2635645,4,phononTF,0.00240575,-0.00127804,-0.00186156,-0.000111884,61.8928,0.00154488,1,-0.00131811,-0.00181789,-0.0002625,3163.37
0,2728730,7,phononTF,0.000481289,0.00200291,-0.00200362,0.0002625,766.096,0.000481289,1,0.00190896,-0.00191085,-0.0002625,1071.66
0,2752355,6,phononTS,0.00055876,0.00252265,0.00199372,-0.000262498,7306.19,0.000382,1,0.00200048,0.00200073,0.0002625,7558.42
0,2770577,8,phononL,0.000639149,-0.000303644,-0.00114638,-0.0002625,2837.88,0.000382,1,-0.00100165,-0.00099541,0.0002625,4236.34
0,2828659,2,phononTS,0.00164294,0.00183906,-0.0031114,-0.0002625,64.9344,0.000764,1,0.00100164,-0.00299612,0.0002625,3349.85
0,2856454,4,phononTF,0.000625091,0.00228468,-0.00218742,-0.000262498,833.261,0.000382,1,0.00199531,-0.00199513,0.0002625,1017.18
0,2856454,2,phononL,0.000809859,0.00378312,-0.00325153,0.000262498,5.77041,0.000371644,1,0.00379474,-0.00445786,-0.0002625,247.35
0,2860704,2,phononL,0.00159957,0.00225018,-0.00167818,-0.0002625,12.6904,0.000764,1,0.00199924,-0.00200376,0.0002625,1747.37
0,2996343,5,phononTS,0.000506311,0.00205747,0.00201959,-0.0002625,3934.97,0.000382,1,0.00200214,0.00199526,0.0002625,7039.09
0,3048488,6,phononL,0.000477366,-0.000998612,0.00100099,0.0002625,411.421,0.000477366,1,-0.00223375,0.00219751,-0.0002625,1856.21
0,3069001,6,phononTS,0.000449343,0.00200165,-0.00200283,0.0002625,869.679,0.000449343,1,0.00194254,-0.00194262,-0.0002625,1185.38
0,3112976,2,phononL,0.000651503,0.00289396,-0.00261751,-0.0002625,81.5096,0.000382,1,0.00199639,-0.00199624,0.0002625,552.412
0,3119378,9,phononTS,0.000530072,-0.00100403,-0.000998929,0.0002625,165.292,0.000530072,1,-0.00109067,-0.00104669,-0.0002625,4343.38
0,3128216,2,phononL,0.00123152,0.00239941,-0.00313007,-0.0002625,79.4023,0.000382,1,0.00100068,-0.00300149,0.0002625,633.931
0,3128216,13,phononTS,0.000782278,0.00100068,-0.00300149,0.000262498,633.931,0.000145967,1,0.000905489,-0.0030953,-0.0002625,811.609
0,3155071,6,phononTS,0.000439372,-0.000597288,-8.67776e-05,-0.0002625,3788.24,0.000382,1,-0.00199793,0.00199967,0.0002625,6271.21
0,3292507,5,phononTF,0.000728101,0.000497922,0.00148926,-0.000262498,2768.46,0.000382,1,-7.22325e-07,0.00200228,0.0002625,3020.65
0,3323172,10,phononTS,0.00129037,-0.00355591,-0.00329701,1.95945e-05,4121.15,0.000789489,1,-0.00354046,-0.00370333,-0.0002625,6047.47
0,3326527,2,phononTF,0.000685929,-0.00310851,-0.000348882,-0.0002625,25.4267,0.000382,1,-0.00199988,-2.89721e-06,0.0002625,5302.46
0,3353231,8,phononTF,0.000446353,0.00199681,-0.0019972,0.0002625,2571.49,0.000446353,1,0.002191,-0.00221169,-0.0002625,2908.94
0,3413520,9,phononTS,0.000526251,0.000996419,-0.00343059,-0.000262498,1914.67,0.000382,1,0.000999079,-0.00299853,0.0002625,2143.15
0,3413520,2,phononTS,0.00160095,0.00379415,-0.00326502,0.000242193,56.9219,0.00160095,1,0.0049624,-0.00175991,-0.0002625,704.914
0,3421045,5,phononTF,0.00140733,-0.000145436,0.000131719,-0.0002625,3.91009,0.000764,1,0.000998398,-0.000998763,0.0002625,2244.03
0,3421045,4,phononTF,0.000911934,0.003781,-0.00325469,0.000262498,3.91009,0.000911934,1,0.00391059,-0.00306308,-0.0002625,168.788
0,3434526,6,phononTS,0.000437434,0.00191725,-0.00100638,-0.0002625,1434.24,0.000382,1,0.00100098,-0.000997853,0.0002625,2220.23
0,3454600,11,phononTS,0.000565585,-2.94431e-06,-0.00200047,0.000262498,1723.13,0.000565585,1,-0.000739414,-0.00184927,-0.0002625,2029.35
0,3458978,7,phononTS,0.000521807,0.000999545,-0.00299758,0.000262498,4198.63,0.000521807,1,0.000928225,-0.00305591,-0.0002625,4358.02
0,3458978,4,phononTF,0.00267079,0.00388495,-0.00387662,-0.000158449,122.741,0.0012969,1,0.00393011,-0.00382719,-0.0002625,1498.97
0,3466799,6,phononTF,0.000602495,0.00297926,-0.00294477,-0.000262498,621.132,0.000382,1,0.00199893,-0.00200177,0.0002625,1031.79
0,3542462,5,phononTS,0.00183936,0.00133239,-0.0021103,-0.0002625,275.043,0.000382,1,-0.00100432,-0.00100156,0.0002625,1970.1
0,3542462,7,phononTS,0.000491812,-0.00100432,-0.00100156,0.000262498,1970.1,0.000491812,1,-0.000817992,-0.000964202,-0.0002625,2148.37
0,3542462,6,phononTS,0.000852177,-0.00100432,-0.00100156,0.000262498,1970.1,0.000852177,1,-0.00119956,-0.000912301,-0.0002625,2162.51
0,3542462,4,phononTF,0.00188812,0.0036691,-0.00321903,0.000262498,275.043,0.00150863,1,0.00333608,-0.00352407,-0.0002625,469.84
0,3563460,3,phononL,0.00170077,-0.000995024,0.00300143,0.0002625,1.90804,0.000327193,1,-0.00109061,0.00298476,-0.0002625,8780.9
0,3587301,6,phononTS,0.00050846,0.001998,-0.00200227,0.000262498,6940.31,0.00050846,1,0.00251088,-0.00195466,-0.0002625,7186.83
0,3587301,3,phononTF,0.000557697,0.00431208,-0.005,0.000201147,3.36882,0.000557697,1,0.00345747,-0.00442181,-0.0002625,1103.28
0,3587301,2,phononTS,0.000616924,0.0037823,-0.0032585,0.000262498,3.36882,0.000616924,1,0.00382552,-0.00309146,-0.0002625,178.403
0,3608615,12,phononTS,0.00070664,0.00200063,-0.00222723,-0.000262498,2581.76,0.000382,1,0.00200034,-0.00199918,0.0002625,2770.76
0,3640758,5,phononTS,0.00245099,-0.000276364,-8.1497e-05,-9.78751e-05,952.477,0.000382,1,-1.9121e-06,-3.84968e-06,0.0002625,3575.3
0,3728123,5,phononTS,0.00060173,0.00100365,-0.00299798,0.0002625,529.257,0.00060173,1,0.000978966,-0.00298965,-0.0002625,1741.9
0,3751804,4,phononTF,0.00154362,-1.25015e-06,-0.00200254,0.0002625,13.7939,0.00154362,1,-0.000692702,-0.00234966,-0.0002625,2892.17
0,3752459,8,phononTS,0.000697477,0.00257721,0.000890144,-0.0002625,2903.65,0.000382,1,0.00199978,0.00199558,0.0002625,4235.9
0,3759148,2,phononTS,0.00152633,0.00286955,-0.00262414,-0.0002625,43.4848,0.000382,1,0.00199744,-0.00199553,0.0002625,873.183
0,3771208,5,phononL,0.0021219,0.00114717,-0.00301131,-0.0002625,156.093,0.000382,1,0.000997411,-0.00300383,0.0002625,1609.85
0,3771208,7,phononL,0.000924673,0.000891794,-0.00289506,0.000240056,1609.85,0.000924673,1,0.00146032,-0.00355545,-0.0002625,1846.99
0,3820793,4,phononTF,0.00114822,-0.005,-0.00164915,4.47678e-05,58.281,0.000382,1,-0.000997424,-0.000996746,0.0002625,4777.96
0,3826668,7,phononTS,0.00056122,0.000945036,-0.00340939,-0.000262498,2302.65,0.000382,1,-1.96752e-06,-0.00199501,0.0002625,2871.49
0,3826668,4,phononTF,0.00133899,0.00378787,-0.0032023,0.000262498,78.8742,2.35413e-05,1,0.00379087,-0.00316374,-0.0002625,227.505
0,3848253,5,phononTS,0.0011206,-0.00278782,-0.00104786,-0.000262498,2380.74,0.000382,1,-0.00299536,-0.00100134,0.0002625,2562.77
0,3848253,6,phononTS,0.000464427,-0.00299536,-0.00100134,0.000262498,2562.77,0.000464427,1,-0.00304534,-0.000939436,-0.0002625,2709.24
0,3848254,5,phononTF,0.00318514,0.00394937,-0.00338764,-0.000102448,162.168,0.001525,1,0.00400325,-0.00343714,-0.0002625,411.224
0,3858610,7,phononTS,0.00213723,-4.44179e-06,-0.00199768,0.000262498,1247.48,0.000782676,1,-5.53919e-05,-0.00205809,-0.0002625,1393.94
0,3908857,12,phononTS,0.000524676,-0.0010019,0.00299849,0.000262498,5168.16,0.000524676,1,-0.00104663,0.00304032,-0.0002625,5325
0,3912324,6,phononTS,0.000401639,0.00102339,-0.000425299,-0.000262498,3104.62,0.000382,1,0.000997332,-0.000997525,0.0002625,3370.09
0,3946317,6,phononTS,0.00248194,0.00200333,-0.00199868,0.000206157,541.796,0.001146,1,0.00199796,-0.00199912,0.0002625,2105.85
0,3946317,7,phononTF,0.000673365,0.00199796,-0.00199912,0.000262498,2105.85,0.000673365,1,0.001703,-0.00179918,-0.0002625,2291.14
0,3946317,5,phononTS,0.000579638,0.00360402,-0.00326879,0.000262498,541.796,0.000579638,1,0.00359398,-0.00315432,-0.0002625,710.703
0,3997853,6,phononTS,0.000490114,-0.005,0.0011101,-0.000190225,1583.52,0.000490114,1,-0.00484499,0.00143405,-0.0002625,3612.74
0,4054893,6,phononTS,0.000621996,0.0009988,-0.00100318,0.000262499,1915.79,0.000228656,1,0.000976102,-0.000916198,-0.0002625,2079.64
0,4107513,5,phononTF,0.000590833,0.00104526,-0.000960988,-0.000262498,2004.97,0.000382,1,0.000998618,-0.00100286,0.0002625,2153.99
0,4115206,4,phononTS,0.00160927,0.00205294,3.75665e-05,-0.0002625,116.283,0.000382,1,0.00200172,4.79568e-06,0.0002625,1491.27
0,4115206,5,phononTS,0.000778985,0.00200172,4.79568e-06,0.000262498,1491.27,0.000280073,1,0.00206592,4.7498e-05,-0.0002625,1638.11
0,4118829,2,phononTS,0.000509305,0.000989006,-0.00150082,-0.0002625,12.6804,0.000382,1,0.00199958,4.25676e-06,0.0002625,4044.91
0,4143601,6,phononTF,0.00188304,0.00113333,-0.00288604,-0.0002625,2053.22,0.000382,1,0.00100425,-0.00300242,0.0002625,3643.75
0,4143601,8,phononTS,0.000788261,0.00100425,-0.00300242,0.000262498,3643.75,0.000788261,1,0.00115697,-0.00295281,-0.0002625,3815.94
0,4147291,4,phononTF,0.00204,0.00235892,-0.00228991,-0.0002625,547.89,0.000764,1,0.00199833,-0.00199689,0.0002625,1461.8
0,4175095,8,phononTS,0.000438552,0.00197946,-0.00202504,-0.000262498,4525.72,0.000382,1,0.00200337,-0.0020033,0.0002625,4673.46
0,4205650,5,phononTS,0.000823384,0.000855679,-0.0030475,-0.0002625,1516.09,0.000382,1,0.001001,-0.00299507,0.0002625,2028.8
0,4208268,2,phononTS,0.000577046,0.00303849,0.00155811,-0.0002625,37.0054,0.000382,1,0.00200028,0.00200451,0.0002625,12366
0,4269158,7,phononTS,0.000508967,0.00200246,0.00200132,0.000262498,1787.63,0.000508967,1,0.00195212,0.00205632,-0.0002625,1934.26
0,4319631,7,phononTF,0.000476328,-0.00211985,0.00189678,-0.0002625,322.262,0.000382,1,-0.0019969,0.0020039,0.0002625,3987.9
0,4342422,8,phononTS,0.000384782,-0.000166126,-0.000760877,-0.000262498,4546.12,0.000382,1,2.39131e-06,-1.66918e-06,0.0002625,4859.86
0,4392588,5,phononTS,0.000574528,0.00199951,-0.0019979,0.0002625,7391.05,0.000574528,1,0.0019689,-0.00201616,-0.0002625,8147.03
0,4438287,3,phononTS,0.0018843,0.0014168,-0.00104826,-0.0002625,5.80735,0.001146,1,0.00100325,-0.0010027,0.0002625,1296.81
0,4438287,2,phononTS,0.00294955,0.00331156,-0.00328509,-9.07452e-05,5.80735,0.000676779,1,0.0034678,-0.00320919,-0.0002625,559.893
0,4480387,2,phononTS,0.00170726,0.00267011,-0.00160909,-0.0002625,62.9192,0.000382,1,0.000995242,-0.000996914,0.0002625,1967.98
0,4529474,11,phononTS,0.000498784,0.00200288,-0.00199653,0.0002625,1107.87,0.000498784,1,0.000226936,-0.00107036,-0.0002625,2462.53
0,4556276,6,phononTS,0.000464628,0.00037438,-0.000955495,-0.0002625,1111.51,0.000382,1,0.000999464,-0.000999548,0.0002625,6063.95
0,4625583,7,phononTF,0.000667352,-0.00300374,-0.00100128,0.000262498,2741.6,0.000427801,1,-0.00307618,-0.00126078,-0.0002625,2917.06
0,4664082,5,phononTS,0.000683049,-0.00110463,-5.47646e-05,-0.0002625,2376.44,0.000382,1,-0.00199711,-2.74882e-06,0.0002625,3600.6
0,4684655,11,phononTF,0.000559129,0.00300171,0.00100184,0.000262498,3593.92,0.000559129,1,0.00302528,0.00122979,-0.0002625,3763.22
0,4752881,6,phononL,0.000665964,0.000997921,-0.00299856,0.000262498,1668.78,0.000665964,1,0.00053041,-0.00294606,-0.0002625,1799.34
0,4752881,2,phononTS,0.000712791,0.00375574,-0.00329365,0.000262498,211.232,0.000691657,1,0.00406027,-0.00266355,-0.0002625,520.959
0,4793484,10,phononTS,0.000506217,-0.000389704,-0.000611589,-0.0002625,5018.36,0.000382,1,-3.38765e-06,-0.00199595,0.0002625,6543.92
0,4794574,8,phononL,0.000451663,-0.00200215,0.00199825,0.000262498,5491.07,0.000451663,1,-0.00146698,0.00251974,-0.0002625,5664.53
0,4802462,7,phononL,0.000832548,4.07106e-06,7.43153e-07,0.000262498,5045.99,0.000832548,1,0.000585506,-0.000278874,-0.0002625,5200.67
0,4848704,10,phononTF,0.000518482,-0.00360427,-5.30241e-05,-0.0002625,975.264,0.000382,1,-0.00200021,0.00199583,0.0002625,5873.28
0,4931745,6,phononTF,0.00181602,0.00199821,-1.37344e-07,0.000262498,5755.87,0.000499559,1,0.0015081,-0.00115884,-0.0002625,6171.42
0,5036933,2,phononTS,0.000471372,0.00115953,-0.0048392,-0.0002625,4.07977,0.000382,1,-2.27002e-06,-0.00200197,0.0002625,2130.79
0,5040055,5,phononL,0.00162951,0.00192001,-1.03013e-05,-0.0002625,89.977,0.000764,1,0.00200084,-2.50034e-06,0.0002625,1698.02
0,5058432,9,phononTF,0.000451698,0.0030001,0.00100028,0.0002625,5889.92,0.000451698,1,0.00295549,0.00130089,-0.0002625,6256.99
0,5058432,7,phononTF,0.000488757,0.00375104,-0.00312658,0.000262498,95.7026,0.000488757,1,0.00354764,-0.00331125,-0.0002625,262.52
0,5101128,9,phononTS,0.000425052,0.000703917,-0.00323782,-0.0002625,4010.64,0.000382,1,0.00100322,-0.00299849,0.0002625,5171.22
0,5101128,2,phononTF,0.00057299,0.00235502,-0.005,-0.000181861,11.9689,0.00057299,1,0.00245129,-0.00490353,-0.0002625,6336.65
0,5111085,13,phononTS,0.000472328,0.00153464,-0.00216796,-0.0002625,1618.67,0.000382,1,0.00100115,-0.000999542,0.0002625,3372.11
0,5161399,6,phononTF,0.00060622,0.00145447,-0.00348656,-0.000262498,1070.03,0.000382,1,0.000997274,-0.00299863,0.0002625,1309.31
0,5161399,3,phononTF,0.000816087,0.00378273,-0.00325683,0.000262498,15.0525,0.000816087,1,0.00402788,-0.00349155,-0.0002625,191.522
0,5161399,2,phononTS,0.00183887,0.00443309,-0.00265686,0.000262335,15.0525,0.000847884,1,0.00444508,-0.00256186,-0.0002625,564.91
0,5234825,6,phononTF,0.000660469,0.00100484,-0.00299583,0.000262499,6543.88,0.000660469,1,0.00153101,-0.00378098,-0.0002625,6863.97
0,5235045,4,phononTF,0.000440285,0.00133577,-0.000691284,-0.000262499,1377.83,0.000382,1,0.00100025,-0.000999868,0.0002625,1573.44
0,5260086,6,phononL,0.000667418,0.00180484,-0.00138939,-0.0002625,2985.83,0.000382,1,0.00199719,-0.00199579,0.0002625,3441.9
0,5263531,7,phononTS,0.000421656,0.00200133,1.63614e-06,0.000262498,2683.5,0.000421656,1,0.00126598,0.000490761,-0.0002625,3044.87
0,5313303,12,phononTS,0.000459074,4.79375e-06,-1.59276e-07,0.000262498,8175.23,0.000459074,1,0.000230899,5.00158e-05,-0.0002625,8360.5
0,5404101,3,phononTF,0.00062586,0.000135365,-0.000158317,-0.0002625,42.102,0.000382,1,-0.00100059,0.00100042,0.0002625,2992.37
0,5405996,6,phononTF,0.000486402,0.00200058,-0.00199645,0.000262498,1439.5,0.000486402,1,0.00177619,-0.00177641,-0.0002625,1611.95
0,5405996,2,phononTF,0.00203901,0.00427359,-0.00328694,-0.000149269,13.4015,0.00176196,1,0.00442794,-0.00344487,-0.0002625,305.269
0,5493694,2,phononTF,0.00130991,0.00277208,0.00079143,1.29768e-05,4.83997,0.000382,1,0.00299841,0.00100473,0.0002625,3272.9
0,5527553,4,phononTS,0.000388574,-0.0020385,0.001935,-0.000262499,4108.54,0.000382,1,-0.00199656,0.00200021,0.0002625,4255.4
0,5548522,2,phononTS,0.000742588,-0.00100433,0.00100417,0.0002625,34.8025,0.000194858,1,-0.000598386,0.000989336,-0.0002625,7804.3
0,5576035,4,phononTF,0.000617357,0.00278546,-0.00277241,-0.0002625,161.047,0.000382,1,0.00200447,-0.00199671,0.0002625,1027.54
0,5577005,3,phononL,0.00299102,0.0011297,-0.00320221,3.42917e-05,1.69188,0.000382,1,0.00100297,-0.00300331,0.0002625,1843.54
0,5627712,7,phononL,0.000764203,0.00200322,-0.00199609,0.000262498,2038.33,0.000764203,1,0.00149774,-0.00177805,-0.0002625,2179.35
0,5631511,6,phononTS,0.00129915,-2.58892e-06,-4.98649e-06,0.0002625,1846.82,0.000660274,1,-0.000477079,0.000184552,-0.0002625,2573.8
0,5646122,2,phononTS,0.000513571,0.00300246,0.00112611,-0.0002625,5.02314,0.000382,1,0.0029974,0.00100447,0.0002625,2027.79
0,5651306,4,phononTS,0.00125958,-0.00214539,0.00112529,-0.0002625,4.33906,0.000382,1,-0.0020027,0.00199939,0.0002625,4893.85
0,5664395,4,phononTF,0.000520343,0.00319471,0.000625427,-0.0002625,829.615,0.000382,1,0.00299634,0.00100463,0.0002625,2662
0,5664395,2,phononTF,0.000965644,0.00378036,-0.00323408,0.000262498,75.0443,0.000386847,1,0.00371471,-0.00329444,-0.0002625,225.134
0,5666522,3,phononTF,0.0030042,0.00204164,-0.00197544,0.000182552,3.90065,0.000382,1,0.00200177,-0.0020006,0.0002625,1238.39
0,5666522,5,phononTS,0.000872216,0.00200177,-0.0020006,0.000262498,1238.39,0.000872216,1,0.00201825,-0.00195649,-0.0002625,1391.77
0,5690746,8,phononL,0.000481704,-0.00186624,-0.0024457,-0.0002625,1248.7,0.000382,1,-0.00200199,-0.00200416,0.0002625,3223.6
0,5690746,2,phononTF,0.00392809,0.00420695,-0.00249639,-0.000124846,3.70332,0.00279769,1,0.00421907,-0.00250494,-0.0002625,1270.02
0,5736357,6,phononTS,0.000905254,0.00279851,0.00104083,-0.0002625,18.5594,0.000382,1,0.00300017,0.00100478,0.0002625,1931.02
0,5740914,6,phononTS,0.00221609,0.00108734,-0.00290587,9.31131e-05,901.839,0.000382,1,0.000997166,-0.00299968,0.0002625,3557.44
0,5740914,11,phononTS,0.000534181,0.000997166,-0.00299968,0.000262498,3557.44,0.000534181,1,-0.000838667,-0.00444114,-0.0002625,4333.8
0,5741589,3,phononTS,0.00207417,0.00113715,-0.00096122,-0.0002625,11.9818,0.000382,1,0.00099884,-0.00100354,0.0002625,2750.43
0,5741589,4,phononTS,0.00110362,0.00099884,-0.00100354,0.000262498,2750.43,0.00088438,1,0.000985397,-0.000968195,-0.0002625,2897.97
0,5741589,2,phononTF,0.00161082,0.00377892,-0.00323963,0.000262498,11.9818,0.00151243,1,0.00321498,-0.0038144,-0.0002625,284.73
0,5761102,5,phononTS,0.000404807,-0.0017065,-0.000634885,-0.0002625,170.846,0.000382,1,-3.67557e-06,3.55771e-06,0.0002625,12684.4
0,5779097,8,phononTF,0.000465491,0.00200068,-0.00199611,0.000262498,2691.81,0.000465491,1,0.00323536,-0.00156398,-0.0002625,3125.25
0,5780419,2,phononTS,0.00132089,-0.000483344,-0.00113716,-0.0002625,4.34399,0.000382,1,-0.000995195,-0.000996158,0.0002625,3992.12
0,5780419,7,phononTF,0.000391718,-0.000995195,-0.000996158,0.000262498,3992.12,0.000391718,1,-0.00126927,-0.00102216,-0.0002625,4170.08
0,5792294,5,phononTS,0.00205646,-0.00115701,0.00101177,0.000143385,6.55557,0.000764,1,-0.00100273,0.000999416,0.0002625,2098.47
0,5792294,7,phononTS,0.000420691,-0.00100273,0.000999416,0.000262498,2098.47,0.000420691,1,-0.00103537,0.00100277,-0.0002625,2246.71
0,5792294,6,phononTS,0.000445045,-0.00100273,0.000999416,0.000262498,2098.47,0.000445045,1,-0.000778971,0.000960595,-0.0002625,2290.21
0,5792294,4,phononTS,0.00135058,0.0040048,-0.00358562,-8.57809e-05,6.55557,0.000637369,1,0.00400302,-0.00356643,-0.0002625,248.773
0,5829240,5,phononTS,0.00167562,-0.000422362,-0.00119105,0.000181431,183.987,0.000382,1,-2.60085e-06,-2.22057e-06,0.0002625,2167.83
0,5829240,6,phononTS,0.00127035,-2.60085e-06,-2.22057e-06,0.000262498,2167.83,0.0011632,1,-0.00324172,-0.00317281,-0.0002625,3589.17
0,5847602,7,phononTS,0.000660837,0.00213892,-0.00329967,-0.0002625,3525.85,0.000382,1,0.00199826,-0.0020019,0.0002625,6952.31
0,5856591,6,phononL,0.000422047,-0.00247547,0.0022249,-0.000262498,2390.22,0.000382,1,-0.00199626,0.00199804,0.0002625,2528.83
0,5889210,4,phononTS,0.00156705,0.00111299,-0.000967483,-0.0002625,28.7676,0.000764,1,0.000996772,-0.00100387,0.0002625,2701.14
0,5889210,3,phononTS,0.00145401,0.00379365,-0.0032548,0.000262498,28.7676,0.00145401,1,0.00375892,-0.00330286,-0.0002625,175.762
0,5891009,7,phononTS,0.000436191,1.16649e-06,-0.00200094,0.000262498,3879.02,0.000436191,1,-0.000795083,-0.00216794,-0.0002625,4203.69
0,5908145,2,phononTF,0.000697921,0.0016219,-0.00113576,-0.0002625,2.49358,0.000382,1,-0.00100209,0.00100081,0.0002625,2630.72
0,5964234,6,phononTF,0.000502892,0.00346321,0.00143313,-0.0002625,1914.73,0.000382,1,0.00300143,0.0010027,0.0002625,6528.38
0,5985166,9,phononTS,0.000686773,0.000997585,-0.000999051,0.0002625,6613.92,0.000686773,1,-0.000420536,-0.000581605,-0.0002625,7655.33
0,6031105,5,phononTS,0.00059642,-0.000995461,0.00299508,0.0002625,2083.94,0.00059642,1,-0.00218478,0.00351035,-0.0002625,3029.03
0,6031105,2,phononTF,0.00210121,0.00378128,-0.00325073,0.000262498,1.92096,0.00090498,1,0.00328947,-0.00249421,-0.0002625,312.332
0,6058277,2,phononTS,0.000739327,0.00229841,0.00112259,-0.0002625,12.8889,0.000382,1,0.00200443,0.0019971,0.0002625,2209.96
0,6066029,2,phononTS,0.00301974,0.0020996,-0.00291326,-5.10346e-05,1.67491,0.000382,1,0.0019984,-0.00200341,0.0002625,1699.22
0,6070056,5,phononTS,0.000538391,0.00254559,-0.00353051,-0.000262498,1050.82,0.000382,1,0.000998633,-0.00299602,0.0002625,1618.56
0,6075815,6,phononTF,0.000876774,0.00113749,-0.000869557,-0.0002625,355.6,0.000382,1,-0.000998749,0.000995172,0.0002625,2142.2
0,6075815,4,phononTS,0.000658004,0.00385712,-0.00326346,-0.0002625,95.9802,0.000658004,1,0.005,-0.003371,0.000110479,669.423
0,6147097,4,phononTS,0.000915275,-0.000968868,0.00236224,-0.0002625,19.9059,0.000382,1,-0.000996265,0.00300105,0.0002625,4617.03
0,6185905,4,phononTS,0.000557793,0.000895122,-0.00378877,-0.0002625,2020.38,0.000382,1,0.00099566,-0.00299841,0.0002625,6912.8
0,6216752,4,phononTS,0.00130217,0.00200225,-0.00200169,0.0002625,1522.28,0.000362343,1,0.00174999,-0.00109376,-0.0002625,4046.41
0,6295377,7,phononTS,0.000595571,0.00200181,9.81874e-07,0.000262498,1296.01,0.000595571,1,0.0019392,-7.37391e-06,-0.0002625,1445.77
0,6307109,3,phononTF,0.00138805,0.00203674,-0.0015095,-0.00017668,4.83333,0.000764,1,0.00100079,-0.00299956,0.0002625,2553.7
0,6307109,2,phononTS,0.000701652,0.00378219,-0.00325439,0.000262498,4.83333,0.000701652,1,0.00402226,-0.00330657,-0.0002625,192.68
0,6357767,5,phononTS,0.000394775,0.00241766,-0.00087212,-0.0002625,501.367,0.000382,1,0.00200398,1.85914e-06,0.0002625,3150.3
0,6396213,10,phononTS,0.000588028,0.00199999,-0.00199642,0.000262498,1960.91,0.000588028,1,0.00215384,-0.000957821,-0.0002625,2355.19
0,6409266,8,phononTF,0.000572473,0.00211465,0.00212497,-0.0002625,385.453,0.000382,1,0.00200169,0.0019998,0.0002625,3321.71
0,6416483,6,phononTS,0.00209352,0.00101065,-0.00117713,0.000125333,190.262,0.000382,1,0.000999543,-0.000997335,0.0002625,3789.58
0,6419448,10,phononTS,0.000496934,-3.17473e-06,4.31163e-06,0.000262498,2243.53,0.000496934,1,-0.000473402,-0.000810154,-0.0002625,2619.57
0,6445105,4,phononTF,0.00038477,0.000352741,-0.000367018,-0.0002625,413.18,0.000382,1,0.00199922,0.00200103,0.0002625,6873.66
0,6446958,8,phononTF,0.000433856,0.000999901,-0.00100115,0.0002625,2465.83,0.000433856,1,0.000939877,-0.000908844,-0.0002625,5010.56
0,6457654,8,phononTS,0.000505366,0.00100375,-0.00299613,0.000262498,1441.7,0.000505366,1,0.000914128,-0.003839,-0.0002625,1769.06
0,6478868,5,phononL,0.000492649,2.34298e-06,-0.00200432,0.0002625,2114.74,0.000492649,1,5.62716e-05,-0.00109122,-0.0002625,2768.51
0,6515438,7,phononTS,0.000382929,-0.00112037,0.000792751,-0.0002625,3798.16,0.000382,1,2.13193e-06,1.86086e-06,0.0002625,8905.86
0,6551351,2,phononL,0.000914293,0.00289789,-0.00262668,-0.0002625,17.333,0.000764,1,0.00200229,-0.00199882,0.0002625,489.274
0,6565511,12,phononTS,0.000667991,-4.51579e-07,9.14748e-07,0.0002625,5631.96,0.000667991,1,-8.13422e-05,-5.63125e-05,-0.0002625,5940.49
0,6580388,9,phononTS,0.000570482,2.35692e-06,4.92749e-07,0.000262498,8875.24,0.000570482,1,3.0935e-05,4.84708e-05,-0.0002625,9024.04
0,6595984,8,phononTS,0.000867691,0.00200123,-2.65023e-06,0.000262498,3615.3,0.000364758,1,0.00308207,0.000305662,-0.0002625,4037.51
0,6600128,3,phononTS,0.0012228,0.00300148,-0.002143,-0.0002625,5.04075,0.000382,1,0.00199978,-0.0020034,0.0002625,1134.73
0,6610333,2,phononL,0.0010739,0.00264974,0.000644028,-0.0002625,22.7604,0.000382,1,0.00300015,0.000995234,0.0002625,1772.29
0,6618546,4,phononTS,0.00161137,0.00194125,-0.00214484,-0.0002625,2.4258,0.000382,1,0.00199547,-0.00199776,0.0002625,3768.17
0,6766112,7,phononTF,0.000638024,0.00128324,-0.00275902,-0.000262498,2891.32,0.000382,1,0.000995688,-0.00299619,0.0002625,3076.65
0,6822477,4,phononTS,0.00149306,0.00212334,-0.00223203,-0.0002625,236.643,0.000382,1,0.00200337,-0.00199653,0.0002625,3444.08
0,6822477,7,phononTF,0.000562275,0.00200337,-0.00199653,0.000262498,3444.08,0.000562275,1,0.0015596,-0.002471,-0.0002625,3679.13
0,6829046,4,phononTS,0.000491972,-0.00111561,0.0029127,-0.0002625,467.156,0.000382,1,4.64264e-06,0.00200062,0.0002625,7972.66
0,6903511,2,phononL,0.000730165,0.00225986,0.000243026,-0.0002625,10.3275,0.000382,1,0.00200265,-4.93855e-06,0.0002625,1418.26
0,6908490,4,phononTS,0.000813691,-0.00104117,0.00371839,-0.0002625,3.22343,0.000382,1,-0.000997885,0.00299506,0.0002625,4155.09
0,6908490,5,phononTS,0.000387217,-0.000997885,0.00299506,0.000262498,4155.09,0.000387217,1,-0.00177097,0.00293443,-0.0002625,4465.48
0,6909938,2,phononTS,0.00166049,0.000852478,-0.00252538,-0.0002625,29.5771,0.000764,1,0.00200342,-0.00199826,0.0002625,3306.42
0,7046118,6,phononTS,0.000681531,0.00196535,-0.00190637,-0.000262498,1225.82,0.000382,1,0.002,-0.00199798,0.0002625,1389.45
0,7055591,5,phononTS,0.00208922,0.000983759,-0.00321137,-8.69661e-05,228.071,0.000764,1,0.00100333,-0.00300486,0.0002625,2176.06
0,7055591,6,phononTS,0.000529289,0.00100333,-0.00300486,0.000262498,2176.06,0.000529289,1,0.000942315,-0.00303285,-0.0002625,2324.07
0,7055591,4,phononTF,0.00082087,0.00358649,-0.00318723,0.000262498,228.071,0.00023836,1,0.00309509,-0.00449341,-0.0002625,683.198
0,7067580,6,phononL,0.000421441,0.00185017,-0.00301314,-0.0002625,204.792,0.000382,1,0.00100025,-0.00300149,0.0002625,750.923
0,7069005,2,phononTF,0.00227836,0.00100234,-0.00299553,0.0002625,1.28784,0.00166852,1,0.00123548,-0.00280347,-0.0002625,1257.78
0,7082879,8,phononTS,0.00101011,0.00100321,0.00100088,0.000262498,12370.7,0.00101011,1,0.000298034,0.000945025,-0.0002625,12664
0,7095341,4,phononTS,0.000588044,0.00196706,0.00195246,-0.0002625,181.059,0.000382,1,0.0020036,0.00200499,0.0002625,3838.74
0,7119541,2,phononL,0.00067279,0.000412444,-0.00185998,-0.0002625,50.9893,0.000382,1,1.96349e-06,-0.00199957,0.0002625,1397.12
0,7125440,6,phononTS,0.000690172,0.00142398,0.00388486,-0.0002625,1125.77,0.000382,1,2.0765e-06,0.00199821,0.0002625,6753.37
0,7156929,7,phononTF,0.00108252,0.00100406,-0.00299877,0.0002625,1287.04,0.000544228,1,0.000471473,-0.00355844,-0.0002625,1813.08
0,7184963,6,phononTS,0.000725978,0.00214994,-0.00204209,-0.0002625,1417.9,0.000382,1,0.00200244,-0.00199671,0.0002625,2619.3
0,7184963,3,phononTS,0.000828524,0.00377521,-0.00326744,0.000262498,12.3534,0.000702148,1,0.00370867,-0.00321969,-0.0002625,171.367
0,7214355,7,phononTS,0.000406002,-0.00316686,1.22694e-05,-0.000262498,11464.1,0.000382,1,-0.00299942,-0.000995851,0.0002625,11850
0,7216111,9,phononTS,0.000383401,0.000997453,0.00100363,0.0002625,1298.06,0.000383401,1,0.00094102,0.000946621,-0.0002625,1590.75
0,7271314,6,phononTS,0.000447751,0.00203539,-0.00210998,-0.0002625,308.231,0.000382,1,0.00200154,-0.0019952,0.0002625,1409.71
0,7418311,7,phononTS,0.000829294,-0.00215365,0.00109282,-0.000262498,3084.1,0.000382,1,-0.00200134,0.00199821,0.0002625,3443.3
0,7418626,7,phononTF,0.00106628,3.76944e-06,0.00199732,0.000262498,4502.78,0.000385808,1,0.000335235,0.00169138,-0.0002625,4697.58
0,7486672,7,phononTS,0.000450695,0.000829491,-0.00118152,-0.000262498,2005.4,0.000382,1,0.000997759,-0.00100452,0.0002625,2205.78
0,7500620,7,phononTS,0.000530757,0.00479814,-0.00351818,-0.000262498,504.46,0.000382,1,0.00200286,-0.00200483,0.0002625,1526.58
0,7523664,6,phononTF,0.000468539,0.00369083,0.00199475,-0.0002625,3872.71,0.000382,1,0.00299876,0.00099954,0.0002625,5630.02
0,7605775,6,phononTF,0.00166801,0.00196707,-0.00178317,-9.03063e-05,2793.02,0.000923829,1,0.00204834,-0.0018155,-0.0002625,3075.57
0,7746835,2,phononTS,0.00161418,0.00350198,-0.0035357,-4.55414e-05,65.7602,0.000764,1,0.00200254,-0.00200231,0.0002625,846.217
0,7803437,7,phononL,0.000570576,0.000353354,-0.000305808,-0.0002625,797.353,0.000382,1,-4.177e-06,1.42915e-06,0.0002625,1797.15
0,7817034,5,phononTF,0.000554064,0.00344285,-0.00371887,-0.000262498,310.415,0.000382,1,0.00100474,-0.00300333,0.0002625,1084.18
0,7921794,9,phononTF,0.00144185,0.000268128,-0.00174729,-0.0002625,31.3905,0.000382,1,-4.49446e-06,-0.0019954,0.0002625,1842.79
0,7921794,10,phononTS,0.000728326,-4.49446e-06,-0.0019954,0.000262498,1842.79,0.000546575,1,-1.36277e-05,-0.0020422,-0.0002625,2004.18
0,7921794,8,phononTS,0.000443571,0.00386045,-0.00328437,0.000262498,31.3905,0.000443571,1,0.00391,-0.00323413,-0.0002625,178.53
0,7925324,4,phononTS,0.00106712,-0.000892326,-0.00187837,-0.0002625,1.29489,0.000764,1,-0.000996283,-0.00100436,0.0002625,4095.03
0,7925324,3,phononTF,0.00203702,0.00378226,-0.00325221,0.000262498,1.29489,0.00170097,1,0.00405736,-0.0029436,-0.0002625,192.65
0,7925324,2,phononTS,0.000522802,0.00378226,-0.00325221,0.000262498,1.29489,0.000522802,1,0.00334469,-0.00219882,-0.0002625,418.928
0,7961828,8,phononTF,0.000481402,0.0034712,-0.00175243,-0.000262498,1245.55,0.000382,1,0.00200012,-0.00199971,0.0002625,1739.07
0,8051281,6,phononTS,0.000604756,-5.37081e-06,-0.0019659,-0.000262498,8048.34,0.000382,1,-4.27695e-06,-0.00199789,0.0002625,8206.99
0,8076941,9,phononL,0.000520017,0.00100081,-0.00299624,0.000262498,10344.4,0.000520017,1,0.00118017,-0.00320546,-0.0002625,10459.6
0,8095374,6,phononTF,0.000530461,3.6956e-06,1.07104e-06,0.0002625,1328.1,0.000530461,1,0.000402594,-0.000429247,-0.0002625,4025.82
0,8095374,3,phononTS,0.00108236,0.00378426,-0.00325462,0.000262498,4.57147,0.00108236,1,0.003663,-0.00318376,-0.0002625,182.976
0,8098639,4,phononTF,0.000877689,0.00420894,-0.00100564,-0.0002625,314.808,0.000382,1,0.00299562,0.000998598,0.0002625,2520.12
0,8124316,10,phononTS,0.000531846,0.00199999,4.95705e-06,0.0002625,3368.71,0.000531846,1,0.00196805,-0.000696906,-0.0002625,3954.99
0,8124316,2,phononTS,0.000841193,0.00378223,-0.00324893,0.000262498,10.4962,0.000841193,1,0.00375427,-0.00301668,-0.0002625,197.33
0,8141146,5,phononTS,0.00183662,0.00136908,-0.00255666,-0.0002625,191.759,0.000382,1,1.54099e-06,-0.00200208,0.0002625,2944.88
0,8150857,6,phononTF,0.000680799,0.00153548,-0.000441317,-0.000262498,3061.42,0.000382,1,0.00200438,-3.21904e-06,0.0002625,3294.75
0,8174666,3,phononTS,0.000414871,-0.00010107,-0.00394381,-0.0002625,12.9123,0.000382,1,-0.00300036,-0.00100192,0.0002625,3727.6
0,8174666,2,phononTS,0.0009204,0.00378141,-0.0032467,0.000262498,12.9123,0.000880686,1,0.00375319,-0.00274909,-0.0002625,257.16
0,8177306,4,phononTF,0.000903015,-3.55857e-06,-7.57952e-07,0.000262498,1589.44,0.000903015,1,-0.00115408,-0.00116648,-0.0002625,2074.19
0,8178746,8,phononTS,0.000569021,-2.74834e-06,-0.00200055,0.0002625,5719.29,0.000569021,1,-0.000257117,-0.000785615,-0.0002625,7775.68
0,8204542,3,phononTF,0.00197152,0.00256499,-0.000121892,9.88675e-06,534.892,0.0013125,1,0.0022559,-0.000281547,-0.0002625,5121.21
0,8288378,4,phononTS,0.000578738,0.00225225,-0.00204146,-0.000262498,4424.51,0.000382,1,0.0020007,-0.00200367,0.0002625,4615.28
0,8380571,4,phononTS,0.00121372,0.00337045,-0.000635654,-0.0002625,31.7813,0.000382,1,0.000999779,-0.00300139,0.0002625,4743.37
0,8380571,7,phononTF,0.000772422,0.000999779,-0.00300139,0.000262499,4743.37,0.000330574,1,0.00154726,-0.00258408,-0.0002625,4996.86
0,8414562,4,phononTF,0.000690351,-0.005,-0.00107631,9.986e-05,864.053,0.000382,1,0.00100011,-0.000999866,0.0002625,6158.27
0,8441794,3,phononTS,0.00046084,-6.75465e-07,-0.00199815,0.0002625,5.43268,0.00046084,1,-0.000413635,-0.00165944,-0.0002625,2259.29
0,8441794,2,phononTF,0.000971354,0.00378746,-0.00325343,0.000262498,5.43268,0.000971354,1,0.00352749,-0.00341202,-0.0002625,182.645
0,8484018,6,phononL,0.000485475,0.00189576,-0.00229502,-0.0002625,1120.35,0.000382,1,0.00200418,-0.00200096,0.0002625,1775.99
0,8502224,4,phononTS,0.00153446,-0.000996836,-0.00100373,0.0002625,62.4069,0.000498506,1,-0.000651116,-0.000973362,-0.0002625,2285.96
0,8529709,4,phononTF,0.000437961,0.00134747,-0.00055521,-0.000262498,2109.34,0.000382,1,0.000995013,-0.00100318,0.0002625,2335.22
0,8529709,2,phononTF,0.00146703,0.00443782,-0.00376258,-0.000230523,20.0569,0.00111971,1,0.0032968,-0.00378945,-0.0002625,616.281
0,8545476,6,phononTS,0.00179767,0.00166525,-0.00231832,-0.000197897,1150.89,0.00179767,1,0.00166833,-0.00232565,-0.0002625,1590.88
0,8545476,3,phononTS,0.000493882,0.00378989,-0.00326406,0.000262498,10.2163,0.000493882,1,0.00383308,-0.00321856,-0.0002625,157.278
0,8552010,9,phononTS,0.000814696,0.000999031,-0.000998228,0.0002625,620.271,0.000814696,1,0.000221614,-7.34226e-05,-0.0002625,2183.76
0,8555817,4,phononTS,0.00179018,0.00310214,-0.00155456,-0.0002625,158.034,0.000382,1,0.00200436,-0.00200297,0.0002625,2272.16
0,8574553,6,phononTF,0.00108458,-0.000111663,0.000310524,0.000135094,1365.99,0.00108458,1,0.005,0.000259044,7.07353e-05,2923.47
0,8586603,3,phononTS,0.00103313,-0.000995636,0.00299839,0.0002625,14.6617,0.00103313,1,-0.00149806,0.000693376,-0.0002625,4617.3
0,8586603,2,phononTS,0.00124528,0.00377402,-0.00325172,0.000262498,14.6617,0.000838606,1,0.00445854,-0.00434684,-0.0002625,489.336
0,8599861,2,phononTF,0.0028336,0.00251847,-0.000368261,-0.0002625,0.270765,0.00191,1,0.00200398,1.12941e-06,0.0002625,2567.11
0,8664598,2,phononTS,0.000711426,0.00174605,-0.000967682,-0.0002625,3.32866,0.000382,1,3.25413e-07,-1.20941e-06,0.0002625,2407.31
0,8672079,5,phononTS,0.00117283,0.00199663,-0.00199793,0.0002625,1470.6,0.00117283,1,0.00143584,-0.00197024,-0.0002625,2522.02
0,8672079,3,phononL,0.00274095,0.00379723,-0.00428983,-0.00024422,0.893836,0.00235632,1,0.00376759,-0.00428444,-0.0002625,441.538
0,8679668,8,phononL,0.000482597,0.0019472,-0.0015634,-0.0002625,7210.87,0.000382,1,0.00200276,-0.00200208,0.0002625,7594.09
0,8705434,7,phononTF,0.000810896,-2.99989e-05,2.24487e-06,-0.0002625,2781.2,0.000382,1,-0.00100267,0.000998413,0.0002625,4039.04
0,8705434,8,phononTS,0.000391145,-0.00100267,0.000998413,0.000262498,4039.04,0.000391145,1,-0.00096116,0.00117678,-0.0002625,4215.83
0,8722495,7,phononTF,0.00131366,0.000942854,-0.00291528,3.11468e-05,179.28,0.000382,1,0.00100287,-0.00299764,0.0002625,2987.74
0,8722495,10,phononTS,0.000670311,0.00100287,-0.00299764,0.000262498,2987.74,0.000670311,1,0.000654584,-0.00308333,-0.0002625,3208.54
0,8743955,8,phononTF,0.000484536,0.00172593,0.000271906,-0.000262498,1718.41,0.000382,1,0.00200213,-2.53134e-06,0.0002625,1902.64
0,8774806,8,phononTS,0.000497011,-0.00200099,0.00199915,0.000262498,10551,0.000497011,1,-0.00196786,0.00203851,-0.0002625,10700
0,8786764,7,phononTF,0.000728377,0.00199837,-0.00200452,0.0002625,1006.13,0.000728377,1,0.00175235,-0.00173408,-0.0002625,1366.12
0,8797806,9,phononTS,0.000868446,0.005,0.00107114,-0.00016841,1294.58,0.000382,1,0.00199917,-0.00199696,0.0002625,5106.18
0,8848448,6,phononTS,0.00122599,-0.000995017,-0.000995317,0.0002625,1381.56,0.000510936,1,-0.00117396,-5.5128e-05,-0.0002625,2656.28
0,8891620,6,phononTS,0.000395182,0.00179868,-0.00309591,-0.0002625,677.337,0.000382,1,0.00100251,-0.00300358,0.0002625,1422.77
0,8911667,6,phononTS,0.000472934,0.00200358,-0.00199882,0.0002625,767.862,0.000472934,1,0.00151942,-0.00200524,-0.0002625,1248.33
0,8922597,6,phononL,0.000614706,-3.25609e-06,-3.98722e-06,0.0002625,398.196,0.000614706,1,-0.00117691,0.00109641,-0.0002625,1753.84
0,8926675,3,phononL,0.00279932,0.00197604,-0.000206224,0.000120348,13.2801,0.000382,1,0.00200288,-2.22386e-07,0.0002625,3735.09
0,9053352,4,phononL,0.00175734,0.00194136,-0.00195086,0.000174105,334.441,0.000382,1,0.00199961,-0.00199749,0.0002625,1416.45
0,9053352,5,phononTF,0.00092401,0.00199961,-0.00199749,0.000262498,1416.45,0.00092401,1,0.00206044,-0.00192758,-0.0002625,1566.97
0,9053352,2,phononL,0.000645119,0.0037874,-0.00326482,0.000262498,50.0073,0.000645119,1,0.00425126,-0.00320589,-0.0002625,180.291
0,9073113,5,phononTS,0.000529012,-0.0013781,0.00151634,-0.0002625,298.254,0.000382,1,-0.00100189,0.00100305,0.0002625,6358.37
0,9084498,2,phononTS,0.000914472,3.34018e-06,-0.00200155,0.0002625,16.5637,0.000914472,1,1.49757e-05,-0.00203179,-0.0002625,1966.17
0,9125221,4,phononTS,0.000519981,0.00197739,1.36936e-08,-0.0002625,152.027,0.000382,1,0.00200431,4.11777e-07,0.0002625,8020.75
0,9125221,2,phononTS,0.0015041,0.00378005,-0.00324607,0.000262498,4.0669,0.0015041,1,0.00384056,-0.00323281,-0.0002625,156.118
0,9134106,8,phononTS,0.000452833,0.00335508,-0.00256267,-0.0002625,210.467,0.000382,1,-3.94501e-07,-4.86195e-06,0.0002625,3920.77
0,9155749,5,phononTF,0.000468187,0.00358906,-0.00154423,-0.0002625,961.671,0.000382,1,0.00200078,-0.00200232,0.0002625,2455.58
0,9155749,3,phononL,0.000979799,0.00378715,-0.00325183,0.000262498,4.00936,0.000467659,1,0.00400632,-0.0030778,-0.0002625,119.511
0,9182333,16,phononTS,0.000765852,0.00199675,-0.00199983,0.0002625,1735.6,0.000765852,1,0.00198198,-0.0023473,-0.0002625,2155.74
0,9189961,6,phononTS,0.000703239,0.000997868,-0.00299642,0.000262498,2860.55,0.000703239,1,0.00098045,-0.00304357,-0.0002625,3019.54
0,9207731,5,phononTS,0.000571442,0.000733933,-0.00185769,-0.0002625,1265.55,0.000382,1,-5.85379e-07,-0.00200396,0.0002625,2181.89
0,9207731,3,phononTS,0.000712369,0.00287042,-0.005,-0.000157483,11.9523,0.000712369,1,0.00150044,-0.00421498,-0.0002625,1248.18
0,9210401,2,phononTS,0.00150768,-0.000996619,0.000998352,0.0002625,3.06154,0.000960289,1,-0.000258174,0.000926758,-0.0002625,2935.45
0,9224872,9,phononTF,0.000633141,0.0034482,0.0014516,-0.0002625,24.0822,0.000382,1,0.00299645,0.0010048,0.0002625,1957.38
0,9272081,7,phononTF,0.000615801,0.00210334,-0.00208156,-0.0002625,2367.36,0.000382,1,0.00200355,-0.00199735,0.0002625,2831.5
0,9303921,5,phononTS,0.00209638,0.00097276,-0.00189415,-0.0002625,1880.01,0.001146,1,0.00100029,-0.000997422,0.0002625,4633.32
0,9353179,4,phononL,0.00264367,0.000875309,-0.00238473,-0.0002625,1.46529,0.000764,1,0.00100165,-0.00299851,0.0002625,2604.42
0,9366713,4,phononTS,0.000496059,0.000995031,-0.00100217,0.0002625,1229.07,0.000496059,1,-0.00355789,0.00447506,-0.0002625,5409.68
0,9394998,5,phononTS,0.00228918,0.00203712,0.00198487,0.000184376,27.3143,0.000764,1,0.00200258,0.00200069,0.0002625,3641.8
0,9440238,8,phononTF,0.000887771,0.00207035,-0.00206654,-0.0002625,1854.06,0.000382,1,0.00200203,-0.00200496,0.0002625,2304.68
0,9440238,2,phononL,0.00219689,0.00362085,-0.00295705,0.000181717,10.7102,0.00213376,1,0.0039177,-0.00351846,-0.0002625,270.856
0,9465878,5,phononTS,0.000764789,0.00014549,0.000285738,-0.0002625,2082.31,0.000382,1,-7.77028e-07,-4.62163e-06,0.0002625,3120.59
0,9475673,11,phononTS,0.000452573,0.000999231,-0.000998677,0.000262498,4336.84,0.000452573,1,0.000935233,-0.00102177,-0.0002625,4485.19
0,9508742,4,phononL,0.00272207,0.00161398,-0.000266259,-0.0002625,15.4084,0.000764,1,0.00199567,3.94651e-06,0.0002625,3000.47
0,9553895,6,phononTF,0.00122694,0.000995153,-0.00300416,0.0002625,323.358,0.00122694,1,0.000841313,-0.00315644,-0.0002625,2412.43
0,9554079,4,phononTS,0.00236061,0.00158421,0.00158683,-0.0002625,6.85211,0.000382,1,0.00200436,0.00199619,0.0002625,2644.33
0,9554398,7,phononTF,0.000471201,0.0031748,-0.00318667,-0.000262498,1767.74,0.000382,1,0.000996466,-0.00100099,0.0002625,2650.02
0,9564904,4,phononTF,0.00174851,0.000795285,-0.00274532,-0.0002625,14.348,0.000382,1,0.00100082,-0.00299984,0.0002625,2126.49
0,9596681,6,phononTS,0.00112618,0.00200368,4.99341e-06,0.0002625,2846.73,0.000549496,1,0.00179612,-0.000187966,-0.0002625,3309.67
0,9596681,4,phononTS,0.00269287,0.00430574,-0.00231184,-0.000161974,20.3613,0.00269287,1,0.00431534,-0.00232391,-0.0002625,583.63
0,9608889,4,phononTS,0.001162,0.00100372,-0.00300033,0.0002625,1217.45,0.000710683,1,0.00168089,-0.00292206,-0.0002625,2135.68
0,9614628,2,phononTS,0.00148188,0.00199706,0.00250561,-7.42684e-05,3.7499,0.000382,1,0.00200049,0.00199757,0.0002625,3043.56
0,9618157,7,phononTS,0.000752042,0.00165144,-0.00300382,-0.0002625,868.91,0.000382,1,0.000997327,-0.00300439,0.0002625,2192.56
0,9716530,6,phononTS,0.000404837,0.000238277,-0.00212993,-0.0002625,655.53,0.000382,1,4.05128e-06,-0.00200005,0.0002625,2794.4
0,9716530,3,phononTS,0.00250466,0.00327592,-0.00225429,-0.000246036,15.3023,0.0015693,1,0.00326462,-0.00228306,-0.0002625,315.38
0,9741423,3,phononTS,0.00142654,0.000938291,-0.00163912,-0.0002625,99.6308,0.000382,1,0.000997057,-0.00100461,0.0002625,6420.63
0,9747023,7,phononTS,0.00041131,0.000869997,-0.00320384,-0.0002625,2641.21,0.000382,1,0.000996447,-0.00300022,0.0002625,6758.94
0,9886474,9,phononTF,0.000405201,-0.00100431,-0.00100176,0.0002625,12194.8,0.000405201,1,-0.000706989,-0.001285,-0.0002625,12570.3
0,9886474,4,phononTS,0.00183783,0.0037805,-0.00325105,0.000262498,2.893,0.00123668,1,0.00381874,-0.00333196,-0.0002625,164.758
0,9891457,8,phononTF,0.000530551,-0.00376794,0.000645277,-0.0002625,3533.3,0.000382,1,-0.00200488,-3.81251e-06,0.0002625,9532.08
0,9891457,5,phononTS,0.00182594,0.00376655,-0.00324243,0.000262498,19.2588,0.00182594,1,0.00366169,-0.00244218,-0.0002625,335.042
0,9900248,4,phononTF,0.00242226,0.00113158,-0.000956634,1.19234e-05,4.16268,0.000382,1,0.00100001,-0.000996199,0.0002625,2110.37
0,9913243,5,phononTF,0.00116019,0.00141365,0.005,-0.000252587,719.857,0.000382,1,0.00099795,-0.000999116,0.0002625,4958.99
0,9953427,9,phononL,0.000761897,0.005,-0.0034049,0.000176702,1610.23,0.000761897,1,0.00472096,-0.00303279,-0.0002625,4075.92
0,9953427,6,phononTF,0.0010534,0.00368334,-0.00329865,0.000187861,125.261,0.000459959,1,0.0042176,-0.00273735,-0.0002625,377.616
0,9971574,12,phononTF,0.000487759,-0.00212311,0.00213862,-0.0002625,336.09,0.000382,1,-0.00199773,0.00200187,0.0002625,3772.72
0,9997732,3,phononTS,0.000418139,-0.00337821,0.00246452,-0.0002625,8.54533,0.000382,1,-0.00200155,0.00199707,0.0002625,6969.9
