Run ID,Event ID,Track ID,Particle Name,Start Energy [eV],Start X [m],Start Y [m],Start Z [m],Start Time [ns],Energy Deposited [eV],Track Weight,End X [m],End Y [m],End Z [m],Final Time [ns]
0,3130,9,phononL,0.00086449,0.000400593,-0.00146702,-0.000262498,395.911,0.000382,1,-3.49354e-06,-0.00200071,0.0002625,557.535
0,3735,6,phononTF,0.000408914,0.000995639,0.000998166,0.000262498,1085.76,0.000408914,1,0.00134733,0.00140711,-0.0002625,1310.06
0,3858,22,phononTS,0.00216776,0.00100471,-0.00100403,0.000262498,1484.29,0.00126867,1,0.00127332,-0.00108773,-0.0002625,1696.89
0,4863,11,phononTS,0.000603728,0.00132021,-0.00108794,-0.000262498,700.155,0.000382,1,0.000997397,-0.0010047,0.0002625,925.182
0,5429,18,phononTF,0.00110712,-0.000159539,0.000136243,-0.0002625,732.893,0.000382,1,-1.89752e-06,4.44149e-06,0.0002625,1094.97
0,7190,2,phononTS,0.00281706,0.00100412,0.00100393,0.0002625,5.6668,0.00173108,1,0.000928166,0.0010267,-0.0002625,1242.11
0,8696,2,phononTF,0.00596017,0.00101214,-0.00100795,0.000228126,13.4631,0.001528,1,0.00100156,-0.000996247,0.0002625,200.027
0,12076,17,phononTS,0.00046587,-4.31217e-07,-4.42526e-06,0.000262498,1313.01,0.00046587,1,3.65106e-05,-4.97007e-05,-0.0002625,1495.18
0,13399,4,phononTS,0.000603598,0.000996542,-0.000998693,0.0002625,590.806,0.000427253,1,0.000922783,-0.000995762,-0.0002625,901.513
0,15647,13,phononTF,0.000607715,-4.36121e-06,-0.00199952,0.000262498,1588.88,0.000607715,1,-0.000181904,-0.00222406,-0.0002625,1766.65
0,15647,9,phononTS,0.000665489,-0.000954332,-0.005,-3.50312e-05,1261.36,0.000665489,1,-0.000797012,-0.00446501,-0.0002625,2659.95
0,15647,8,phononTS,0.00074692,8.5562e-05,-0.00200219,0.000262498,1261.36,0.00074692,1,0.000668908,-0.0019445,-0.0002625,1551.96
0,22627,2,phononTF,0.000798532,0.000818009,-0.00106191,-0.0002625,34.516,0.000382,1,0.00100295,-0.00099575,0.0002625,383.159
0,27299,6,phononTS,0.00247493,0.00111693,-0.000893937,-8.14966e-05,909.182,0.000382,1,3.37376e-06,-0.00199523,0.0002625,1369.12
0,29594,4,phononTS,0.00293301,0.000975359,-0.000963095,-0.0002625,79.1393,0.000382,1,0.00099518,-0.00100367,0.0002625,538.648
0,29594,14,phononTS,0.000542109,0.00099518,-0.00100367,0.000262498,538.648,0.000542109,1,0.000338779,-0.00106518,-0.0002625,850.636
0,34015,10,phononTS,0.000505631,-0.00200323,0.00199782,0.0002625,3374.82,0.000505631,1,-0.00168965,0.00207057,-0.0002625,9863.75
0,34257,8,phononTS,0.000531825,0.000939633,-0.000905447,-0.000262498,1496.51,0.000382,1,0.000998866,-0.000995445,0.0002625,1652.03
0,41427,3,phononTS,0.00628099,0.000842033,-0.000964695,0.000170899,137.802,0.002292,1,0.00100256,-0.000995586,0.0002625,368.274
0,44595,12,phononTS,0.000909105,0.000918649,-0.00102947,-0.0002625,353.234,0.000382,1,0.00100335,-0.00100379,0.0002625,990.163
0,44595,11,phononTF,0.000943012,0.000664541,-0.0011065,0.000262498,353.234,0.000533315,1,0.00100696,-0.00141639,-0.0002625,561.784
0,58234,3,phononTF,0.00593057,0.00105848,-0.00106603,0.000194042,54.6251,0.000382,1,0.000995966,-0.000999693,0.0002625,307.63
0,60568,10,phononTS,0.000578359,0.000912566,-0.0010268,-0.000262498,196.272,0.000382,1,0.00100043,-0.000998666,0.0002625,355.14
0,66582,3,phononTS,0.00275772,0.0006992,-0.00105849,1.95666e-05,5.06963,0.001146,1,0.000998292,-0.00100165,0.0002625,225.205
0,69678,14,phononTF,0.000649333,0.00121554,-0.00123682,-0.000262498,713.019,0.000382,1,0.000998515,-0.000999621,0.0002625,896.782
0,70985,6,phononTS,0.00135876,0.000999376,-0.000997735,0.0002625,38.5968,0.00135876,1,-0.000777564,-0.0028437,-0.0002625,2675.22
0,70985,5,phononTF,0.00257208,0.000621997,-0.00113501,0.000262498,38.5968,0.00101315,1,0.000445146,-0.000965857,-0.0002625,211.615
0,71907,7,phononTF,0.00103283,0.00156355,-0.00177027,-0.0002625,246.576,0.000382,1,0.00200201,-0.00199993,0.0002625,961.104
0,72376,12,phononL,0.000847869,0.000999676,-0.00100411,0.000262498,454.677,0.000847869,1,0.000978457,-0.000540377,-0.0002625,585.702
0,73269,19,phononTS,0.000678169,-0.00200238,-0.00200372,0.000262498,2824.51,0.000613902,1,-0.00280383,-3.46053e-05,-0.0002625,3610.04
0,76380,11,phononTS,0.00114101,-9.20481e-06,0.00194072,-0.0002625,1484.28,0.000382,1,-1.11132e-06,0.00200341,0.0002625,1796.98
0,80579,6,phononTF,0.000384188,0.00110873,-0.00100391,-0.0002625,196.657,0.000382,1,0.00100317,-0.000998939,0.0002625,707.949
0,80579,4,phononTS,0.00189868,0.000634049,-0.00112889,0.000262498,12.7721,0.00139868,1,0.000571524,-0.00117681,-0.0002625,170.071
0,93724,2,phononTF,0.00510107,0.00101957,-0.000990404,0.000200747,2.17452,0.001146,1,0.00100433,-0.000998463,0.0002625,541.529
0,93896,2,phononL,0.00489162,0.000389741,-0.00111928,0.000143191,11.2618,0.001528,1,0.000997978,-0.000999877,0.0002625,246.199
0,93896,12,phononTS,0.000579598,0.000997978,-0.000999877,0.000262498,246.199,0.000579598,1,0.00105527,-0.00105717,-0.0002625,401.836
0,98351,15,phononTF,0.000719011,0.000698538,-0.0013417,-0.000262499,296.153,0.000382,1,0.000995346,-0.00100388,0.0002625,502.116
0,103420,10,phononTF,0.00051296,0.00100454,-0.00100415,0.000262498,1491.07,0.00051296,1,0.00198045,-0.00192975,-0.0002625,1922.01
0,103420,7,phononTS,0.00101534,0.000519395,-0.00107447,0.000262498,489.973,0.000213002,1,0.000434217,-0.00100193,-0.0002625,644.531
0,103759,3,phononTS,0.0049264,0.00100367,-0.000997062,0.000237421,123.542,0.00191,1,0.000999321,-0.000999099,0.0002625,296.946
0,106017,12,phononTS,0.000548798,-3.70845e-06,-0.00199673,0.000262498,2065.11,0.000548798,1,-7.09349e-05,-0.00193151,-0.0002625,2220.29
0,108657,11,phononTF,0.00163281,-0.00137847,-0.000556767,-0.0002625,2149.46,0.000764,1,-0.000996554,-0.00100005,0.0002625,2617.7
0,108762,10,phononTF,0.000536356,0.000996806,-0.000996611,0.000262498,513.919,0.000536356,1,0.00127874,-0.000765839,-0.0002625,703.877
0,109922,8,phononTS,0.000470447,-0.000922419,-0.00104097,-0.000262498,1011.23,0.000382,1,-0.00100225,-0.000997453,0.0002625,1168.6
0,111032,14,phononTS,0.000585996,0.00124652,-0.000676887,-0.0002625,249.817,0.000382,1,0.000999893,-0.00099924,0.0002625,1049.17
0,118350,4,phononTF,0.00458123,0.000156086,9.79692e-05,0.000141487,144.748,0.00191,1,-2.47495e-06,-3.92847e-06,0.0002625,1594.96
0,118350,6,phononTF,0.00150442,-2.47495e-06,-3.92847e-06,0.000262498,1594.96,0.00150442,1,-0.000247482,0.000197419,-0.0002625,1777.63
0,118836,15,phononTS,0.000753397,0.000860503,-0.000995406,-0.0002625,104.123,0.000382,1,0.00100463,-0.000997076,0.0002625,492.584
0,122396,11,phononTS,0.000642184,0.000998146,-0.000997198,0.000262498,390.654,0.000603009,1,0.00105537,-0.000964319,-0.0002625,549.699
