Run ID,Event ID,Track ID,Particle Name,Start Energy [eV],Start X [m],Start Y [m],Start Z [m],Start Time [ns],Energy Deposited [eV],Track Weight,End X [m],End Y [m],End Z [m],Final Time [ns]
0,2421,3,phononTS,0.00166431,-0.00195126,-4.0831e-07,-0.0002625,23.1298,0.000764,1,-0.00200339,-3.16649e-06,0.0002625,204.334
0,4617,17,phononTS,0.000457084,0.00246555,0.000536167,-0.000262498,3533.03,0.000382,1,0.00300499,0.000995421,0.0002625,3720.36
0,5420,16,phononTF,0.00114536,-0.00200226,1.44896e-06,0.000262498,1015.63,0.00114536,1,-0.00167901,-0.00200674,-0.0002625,1401.67
0,5645,9,phononTS,0.00042727,-0.00288216,-0.00119087,-0.0002625,2955.32,0.000382,1,-0.00300365,-0.000998708,0.0002625,3524.68
0,6267,10,phononTF,0.000481309,0.000422605,-0.000441304,-0.000262498,1634.26,0.000382,1,-1.37627e-06,-1.0199e-06,0.0002625,1772.09
0,7277,1,phononTF,0.01,-0.00195153,-5.11247e-05,0.000140002,0,0.002674,1,-0.00199974,2.55665e-06,0.0002625,160.483
0,7283,1,phononTF,0.01,-0.00201127,6.69745e-06,0.00022467,0,0.001146,1,-0.00199943,-2.76914e-06,0.0002625,35.5141
0,7673,1,phononTS,0.01,-0.00185513,-0.000145532,-0.000205191,0,0.00262271,1,-0.00181254,-0.000170222,-0.0002625,952.586
0,9161,7,phononTS,0.000390559,-0.000660441,0.00299913,-0.0002625,828.161,0.000382,1,-0.00100405,0.00300239,0.0002625,1738.3
0,10485,12,phononTS,0.000466561,-0.00103948,0.00295799,-0.000262498,6370.37,0.000382,1,-0.001002,0.00299805,0.0002625,6459.66
0,11144,1,phononTS,0.01,-0.00199339,1.44252e-06,0.000216212,0,0.003056,1,-0.00199762,3.42262e-06,0.0002625,149.017
0,11159,6,phononTS,0.000847321,-0.005,-0.00223715,2.9384e-05,30.2907,0.000382,1,-0.00200069,-0.00200147,0.0002625,1408.2
0,12631,11,phononTF,0.00055136,-0.00259768,0.005,0.000258527,5135.21,0.00055136,1,-0.00109741,0.00329826,-0.0002625,6454.39
0,12986,3,phononTS,0.00687369,-0.00231742,3.46744e-05,1.59522e-05,279.602,0.001528,1,-0.00200422,3.21714e-06,0.0002625,359.131
0,12986,8,phononTS,0.00105636,-0.00200422,3.21714e-06,0.000262498,359.131,0.000578138,1,-0.00203889,-2.1182e-05,-0.0002625,451.941
0,13097,8,phononTS,0.000647602,0.000979299,0.000961079,-0.000262498,1033.35,0.000382,1,0.00100126,0.00100429,0.0002625,1123.28
0,13097,4,phononTS,0.00179347,-0.0018637,-6.25059e-05,0.000262498,70.0774,0.000689528,1,-0.00167491,3.80733e-05,-0.0002625,184.79
0,13999,11,phononTS,0.000522576,0.0023897,0.00497916,-0.0002625,663.494,0.000522576,1,0.005,0.00334443,0.000155582,2222.56
0,14405,6,phononTS,0.00130104,-0.00190444,-2.30398e-06,-0.0002625,893.869,0.000764,1,-0.00199656,-1.90635e-06,0.0002625,1184.42
0,14405,7,phononTS,0.000384142,-0.00199656,-1.90635e-06,0.000262498,1184.42,0.000384142,1,-0.00253654,-1.36679e-05,-0.0002625,1330.57
0,15296,24,phononL,0.000900962,0.00255943,0.00193443,-0.000262498,3065.84,0.000382,1,0.00200432,0.00199965,0.0002625,3148.35
0,15296,25,phononTF,0.000464034,0.00200432,0.00199965,0.000262498,3148.35,0.000464034,1,0.00179305,0.00203084,-0.0002625,3249.02
0,17598,3,phononTS,0.000923137,-0.00198666,6.24656e-06,-0.000262498,151.452,0.000382,1,-0.00200492,-1.47166e-06,0.0002625,242.894
0,18491,23,phononTS,0.00134207,-0.000278649,-0.000264888,-0.000262499,875.214,0.000382,1,4.20681e-06,-3.28513e-06,0.0002625,1013.56
0,18656,15,phononTS,0.000684285,-0.0018493,-0.00212635,-0.0002625,1362.09,0.000382,1,-0.00199513,-0.00200201,0.0002625,1766.77
0,19420,1,phononTF,0.01,-0.00193384,-6.07651e-05,0.000184888,0,0.003056,1,-0.00200058,1.50525e-06,0.0002625,40.6668
0,19682,1,phononTS,0.01,-0.00202041,5.78732e-06,0.000256385,0,0.001146,1,-0.00199689,-4.98086e-06,0.0002625,76.2027
0,19682,8,phononTF,0.000629114,-0.00199689,-4.98086e-06,0.000262498,76.2027,0.000629114,1,-0.00198644,-3.9326e-06,-0.0002625,166.109
0,20709,1,phononTS,0.01,-0.00200522,-2.47221e-06,0.000158646,0,0.001146,1,-0.00199659,4.54072e-06,0.0002625,110.61
0,20709,4,phononTS,0.00364668,-0.00199659,4.54072e-06,0.000262498,110.61,0.00105451,1,-0.00132626,-0.00157355,-0.0002625,463.839
0,21761,1,phononTS,0.01,-0.00200173,4.78932e-06,0.000225119,0,0.00191,1,-0.00199822,2.72676e-06,0.0002625,1881.96
0,22591,2,phononTS,0.00443294,-0.00199908,-7.56126e-07,0.0002625,349.929,0.00321337,1,-0.00202812,3.4211e-05,-0.0002625,602.94
0,23822,5,phononTF,0.00136982,-0.00260689,0.00140896,-0.0002625,60.2502,0.000382,1,-0.00200308,0.00199764,0.0002625,1503.74
0,24140,16,phononTS,0.000617337,-0.000225247,-0.00285514,-0.0002625,6760.33,0.000382,1,-7.80126e-09,-0.00199864,0.0002625,8289.78
0,24420,7,phononTS,0.000864368,-0.002998,-0.00099841,0.0002625,943.266,0.000363235,1,-0.00302639,-0.00115653,-0.0002625,1151.6
0,27018,12,phononTF,0.000542285,0.00226902,-0.000275949,-0.000262498,2361.18,0.000382,1,0.00200164,1.24439e-06,0.0002625,2472.61
0,27018,2,phononTS,0.00113315,-0.00191136,7.87064e-05,0.000262498,17.8299,0.000174818,1,-0.00194875,3.01985e-05,-0.0002625,106.979
0,28242,11,phononTS,0.00109872,9.03837e-06,-0.000391885,-0.0002625,941.129,0.000764,1,2.49407e-06,1.46377e-06,0.0002625,1803.68
0,28242,7,phononL,0.000889277,-0.00187249,5.49364e-05,0.000262498,15.3259,0.000580193,1,-0.00158949,-0.00019339,-0.0002625,86.8577
0,29388,1,phononTS,0.01,-0.00198727,2.43174e-06,0.000238838,0,0.000382,1,-0.00199983,2.90608e-06,0.0002625,138.13
0,29715,25,phononTS,0.00137928,-0.00216278,-0.000767183,-0.0002625,451.067,0.000382,1,-0.00199857,4.58331e-06,0.0002625,1188.74
0,29715,33,phononTS,0.000787867,-0.00199857,4.58331e-06,0.000262498,1188.74,0.000787867,1,-0.00194721,0.000779286,-0.0002625,1374.8
0,33158,10,phononTF,0.000683446,-0.00226969,-0.000171139,-0.000262498,121.938,0.000382,1,-0.00199866,3.68742e-06,0.0002625,230.523
0,35642,1,phononTF,0.01,-0.00199033,4.47298e-06,0.000255514,0,0.00191,1,-0.00200012,-2.26088e-06,0.0002625,22.6254
0,35670,1,phononTF,0.01,-0.00238405,0.00133597,-0.000163232,0,0.00227336,1,-0.00229074,0.00123938,-0.0002625,1597.98
0,35793,11,phononTS,0.000666992,-0.000999272,0.000962848,-0.000262498,3572.16,0.000382,1,-0.000997206,0.00100327,0.0002625,3667.55
0,36101,1,phononTF,0.01,-0.00200509,2.9076e-06,0.00024935,0,0.001528,1,-0.00200316,4.80266e-06,0.0002625,104.519
0,37214,1,phononTS,0.01,-0.00199995,2.64631e-05,0.000236404,0,0.00382,1,-0.00200221,4.06961e-06,0.0002625,51.8934
0,37231,1,phononTS,0.01,-0.00199792,-2.14548e-05,0.000251461,0,0.00191,1,-0.00199502,-3.22666e-06,0.0002625,50.8935
0,37242,5,phononTS,0.00143169,-0.000421276,0.000932113,-0.000262498,428.958,0.000764,1,-0.000996787,0.00100109,0.0002625,580.994
0,38513,1,phononTF,0.01,-0.00199605,1.84408e-05,0.000209962,0,0.00191,1,-0.00200476,-4.33648e-06,0.0002625,120.987
0,38992,1,phononTF,0.01,-0.00200194,1.25589e-05,0.000254559,0,0.002674,1,-0.00199768,3.17009e-06,0.0002625,27.0158
0,38992,5,phononTF,0.000615707,-0.00199768,3.17009e-06,0.000262498,27.0158,0.000615707,1,-0.0019691,-2.39858e-05,-0.0002625,117.157
0,40543,1,phononTF,0.01,-0.00195089,4.97331e-05,0.000217046,0,0.001528,1,-0.00199916,2.98255e-06,0.0002625,37.104
0,42598,12,phononTF,0.00103385,0.000655507,-0.000537082,-0.000262498,2314.87,0.000382,1,0.00100066,-0.000995461,0.0002625,2452.31
0,44057,8,phononL,0.00140731,-0.00249003,-0.000231212,-0.000262499,704.903,0.000382,1,-0.002003,1.70274e-06,0.0002625,786.833
0,44448,3,phononTS,0.00458041,-0.00198552,7.77934e-06,0.000129383,67.748,0.000382,1,-0.00199819,-1.4143e-06,0.0002625,90.3539
0,44583,10,phononTF,0.000742512,-0.00100161,-0.000996701,0.000262498,2869.01,0.000742512,1,-0.00104299,-0.000824082,-0.0002625,2966.29
0,45059,1,phononTS,0.01,-0.00199325,-9.03719e-06,0.000206285,0,0.002674,1,-0.00200047,4.5762e-06,0.0002625,85.7581
0,47353,5,phononTS,0.0012384,-0.0019494,-1.562e-05,-0.0002625,233.669,0.000382,1,-0.00200137,-3.17723e-07,0.0002625,413.536
0,47464,1,phononTF,0.01,-0.00193513,-3.25978e-05,0.000207729,0,0.001146,1,-0.00199658,4.62861e-06,0.0002625,39.3132
0,47688,1,phononTS,0.01,-0.00199438,-1.50847e-05,0.000242801,0,0.001146,1,-0.00199608,1.25551e-06,0.0002625,187.615
0,49701,4,phononTS,0.00199446,-0.00198373,9.40988e-06,-0.0002625,27.6887,0.000382,1,-0.00200214,-4.34527e-07,0.0002625,214.789
0,50089,1,phononTF,0.01,-0.00195018,2.27983e-05,0.000245888,0,0.001146,1,-0.00199785,1.30238e-06,0.0002625,52.9379
0,50296,7,phononTS,0.00119453,-0.0024911,-0.000223201,-0.000262498,371.757,0.000382,1,-0.00200065,-4.37416e-06,0.0002625,530.599
0,50296,10,phononTF,0.000393878,-0.00200065,-4.37416e-06,0.000262498,530.599,0.000393878,1,-0.00133297,0.000650409,-0.0002625,714.205
0,50473,1,phononL,0.01,-0.00202369,6.1009e-05,0.000218326,0,0.000382,1,-0.0020033,-1.40538e-06,0.0002625,146.889
0,50473,3,phononTF,0.00105504,-0.0020033,-1.40538e-06,0.000262498,146.889,0.000759996,1,-0.00171277,-0.000305359,-0.0002625,261.954
0,50963,6,phononTF,0.000879212,-0.00129735,-0.00071565,-0.000262498,249.743,0.000382,1,-0.00100048,-0.00099806,0.0002625,364.42
0,50963,7,phononTF,0.000399937,-0.00100048,-0.00099806,0.000262498,364.42,0.000399937,1,-0.00065972,-0.00133859,-0.0002625,486.684
0,51908,1,phononTS,0.01,-0.00199895,4.7393e-06,0.000262317,0,0.003056,1,-0.00199939,4.47821e-06,0.0002625,28.9098
0,51908,7,phononTS,0.000586811,-0.00199939,4.47821e-06,0.000262498,28.9098,0.000586811,1,-0.00206501,3.63266e-05,-0.0002625,124.333
0,52307,27,phononTS,0.000513694,0.0016091,0.00303629,-0.0002625,5950.61,0.000382,1,0.00299725,0.00100196,0.0002625,7531.83
0,53090,1,phononTF,0.01,-0.00194377,-5.48855e-05,0.000193261,0,0.003438,1,-0.00199822,-2.07849e-06,0.0002625,41.9101
0,54281,1,phononTF,0.01,-0.00209947,0.000104617,0.000105883,0,0.002292,1,-0.00199773,2.23936e-06,0.0002625,291.653
0,54512,8,phononTS,0.000670131,-0.00184276,2.63904e-05,-0.000262498,496.112,0.000382,1,-0.00199501,-1.0521e-06,0.0002625,599.738
0,54614,5,phononTF,0.00119184,-0.00190701,0.00190951,-0.0002625,2292.5,0.000382,1,-0.00200453,0.00200279,0.0002625,3771.53
0,54614,4,phononTS,0.00100941,-0.00113708,-0.000325125,0.000262498,2292.5,0.00100941,1,-0.000450081,-0.00152755,-0.0002625,2580.57
0,56529,3,phononTS,0.00740234,-0.00199015,2.41958e-07,0.000160525,246.494,0.001528,1,-0.00200052,-4.17072e-06,0.0002625,352.416
0,58319,9,phononTF,0.000608257,-0.00200319,4.63743e-06,0.000262498,644.209,0.000608257,1,-0.00341505,-0.00141515,-0.0002625,998.66
0,58319,2,phononTS,0.00339665,-0.0017835,-6.12472e-05,0.000262498,284.858,0.00111166,1,-0.00168394,-4.932e-05,-0.0002625,384.318
0,59615,1,phononTS,0.01,-0.00211821,-6.29917e-05,0.000234906,0,0.001528,1,-0.00199505,-1.91739e-07,0.0002625,181.251
0,59740,20,phononTF,0.00041197,-0.000393654,0.00161619,-0.0002625,5554.23,0.000382,1,2.7795e-06,0.00200478,0.0002625,5948.23
0,59874,24,phononTS,0.000448878,-0.0028553,-0.00185564,-0.0002625,871.76,0.000382,1,-0.00300464,-0.000998079,0.0002625,1476.25
0,60100,1,phononTS,0.01,-0.00203505,-2.34791e-05,0.000252676,0,0.000382,1,-0.00200283,-3.84384e-06,0.0002625,113.322
0,60620,11,phononTS,0.000937574,-0.00200004,-1.79426e-06,0.000262498,656.959,0.000507191,1,-0.00134002,6.52312e-05,-0.0002625,825.281
0,66101,13,phononTS,0.000528048,-0.00194487,-3.96469e-07,-0.000262498,662.476,0.000382,1,-0.0020008,-9.59364e-07,0.0002625,759.04
0,66583,8,phononTS,0.00051796,-0.00157307,-7.70168e-05,-0.000262498,2131.51,0.000382,1,-0.00200303,-4.44989e-06,0.0002625,2272.51
0,67340,13,phononTS,0.000715239,-0.00272371,-0.000920011,-0.000262498,279.625,0.000382,1,-0.00299992,-0.000996958,0.0002625,401.979
0,67908,3,phononTF,0.00706844,-0.00197241,-2.50617e-05,0.000197709,9.71897,0.001528,1,-0.00199976,2.28329e-06,0.0002625,24.9034
0,68677,15,phononTS,0.00110397,-0.00200031,-0.00200163,0.000262498,1404.47,0.000410121,1,-0.00195628,-0.00234061,-0.0002625,1528.72
0,69358,1,phononTF,0.01,-0.00198856,-1.58186e-05,0.000248421,0,0.00191,1,-0.00199989,-4.67246e-06,0.0002625,114.823
0,70235,4,phononTS,0.000524864,-0.0019795,-7.43656e-06,-0.0002625,6.31201,0.000382,1,-0.00200327,3.60057e-06,0.0002625,386.381
0,73561,4,phononTS,0.000407189,-0.00194966,-1.57725e-05,-0.0002625,4.64273,0.000382,1,-0.00199836,2.49861e-06,0.0002625,188.498
0,74754,13,phononTS,0.00098246,3.13929e-06,-0.00199844,0.000262498,9414.84,0.000761661,1,-0.000912834,-0.00209155,-0.0002625,9621.89
0,74754,2,phononTS,0.000649948,-0.00189099,-4.13558e-05,0.000262498,6.34959,0.000649948,1,-0.00225313,-0.00133942,-0.0002625,294.562
0,76718,1,phononTF,0.01,-0.00197888,-2.2699e-05,0.000247867,0,0.002292,1,-0.00199711,4.60651e-07,0.0002625,199.224
0,76822,1,phononTF,0.01,-0.00200975,-3.45654e-05,0.000218822,0,0.002292,1,-0.00199557,-3.70327e-06,0.0002625,95.2488
0,77736,1,phononTS,0.01,-0.00199366,3.72449e-05,0.000230338,0,0.001528,1,-0.00199551,2.29295e-06,0.0002625,264.231
0,77752,1,phononTS,0.01,-0.00201215,-1.33783e-05,0.000176868,0,0.001146,1,-0.0020045,4.14034e-06,0.0002625,187.849
0,78862,12,phononTS,0.000435288,-0.000596151,0.00100486,-0.000262498,7946.72,0.000382,1,-0.00100422,0.00100221,0.0002625,8081.23
0,79750,10,phononTF,0.0010759,-0.00100261,0.00100482,0.000262498,6365.37,0.000226046,1,-0.000269363,0.000252338,-0.0002625,6567.17
0,79938,1,phononTS,0.01,-0.00199765,-1.06034e-06,0.000223616,0,0.003056,1,-0.00199536,1.94901e-06,0.0002625,72.5075
0,80161,2,phononTS,0.00142499,-0.0018988,2.21382e-05,-0.0002625,74.3198,0.000764,1,-0.00200363,-3.90685e-06,0.0002625,272.913
0,80471,18,phononTS,0.00061231,-0.00200212,-4.88085e-06,0.000262498,1291.05,0.00061231,1,4.22369e-05,-0.00168501,-0.0002625,1789.4
0,81100,2,phononTF,0.00298646,-0.00196772,-2.74632e-05,-0.0002625,327.342,0.000764,1,-0.00199691,-1.64684e-06,0.0002625,468.488
0,82083,8,phononTS,0.00124715,-0.00169571,-0.0011646,-0.000262498,961.271,0.000382,1,-0.00199589,-0.00200271,0.0002625,1174.46
0,82147,17,phononTF,0.000638155,-0.0010032,0.000999802,0.0002625,15178.4,0.000638155,1,-0.00143589,0.000552895,-0.0002625,16194.5
0,82746,4,phononTF,0.000443554,-0.000827649,-0.000851534,-0.0002625,172.266,0.000382,1,-0.00100056,-0.00100053,0.0002625,1402.72
0,82765,10,phononTS,0.000571346,0.000966746,-0.00110258,-0.0002625,4002.66,0.000382,1,0.000995329,-0.000999473,0.0002625,4470.75
0,83082,11,phononTS,0.000536336,-0.000202481,-8.02e-06,-0.000262498,6475.28,0.000382,1,-3.36448e-06,-1.09276e-06,0.0002625,6583.43
0,84034,1,phononTS,0.01,-0.00201022,-5.19219e-06,0.000252041,0,0.001528,1,-0.00200494,-4.49375e-06,0.0002625,184.145
0,86278,10,phononTS,0.0004775,-0.000419845,-0.00258997,-0.000262498,3884.63,0.000382,1,-0.00300442,-0.000999755,0.0002625,4466.47
0,86390,8,phononTS,0.000390795,-0.00144038,0.00101434,-0.000262498,1749.88,0.000382,1,-0.00100271,0.00100447,0.0002625,1888.06
0,86751,2,phononTS,0.000629818,-0.00365492,-0.000885217,-0.0002625,413.441,0.000382,1,-0.00299649,-0.00100133,0.0002625,1636.03
0,86766,1,phononTF,0.01,-0.00198162,-2.11081e-05,0.000241123,0,0.002292,1,-0.00200074,-3.36342e-06,0.0002625,52.957
0,86804,9,phononTS,0.000614314,-0.00189924,-0.000197097,-0.0002625,360.693,0.000382,1,-0.00200198,4.87548e-06,0.0002625,659.064
0,89166,6,phononTS,0.000798367,-0.00200021,-0.00200238,0.0002625,330.488,0.000633796,1,-0.00197662,-0.00201071,-0.0002625,991.852
0,89532,4,phononTS,0.000593614,-0.000984193,-0.00053958,-0.0002625,2735.02,0.000382,1,-0.000995504,-0.00100104,0.0002625,9642.23
0,90042,3,phononTS,0.00104107,-0.0029882,-0.000870103,-0.0002625,337.049,0.000382,1,-0.00199534,3.03925e-06,0.0002625,2089.96
0,90042,2,phononTS,0.00679579,-0.00205275,0.000235636,-0.000240826,337.049,0.0012735,1,-0.00205163,0.000234375,-0.0002625,352.733
0,90145,3,phononTS,0.00729335,-0.00195592,5.22166e-05,0.000124814,36.1952,0.001146,1,-0.00199725,-3.04321e-07,0.0002625,191.302
0,90862,9,phononTF,0.000421648,-0.00188287,-0.000111958,-0.0002625,141.762,0.000382,1,-0.00200284,1.67428e-06,0.0002625,426.952
0,91731,13,phononL,0.000829376,-0.00309242,-0.000893805,-0.0002625,1259.71,0.000382,1,-0.00300196,-0.000998922,0.0002625,1576.83
0,92130,4,phononTS,0.00215566,-0.0020042,0.000108458,-0.0002625,150.616,0.001146,1,-0.00199624,-1.80523e-06,0.0002625,351.759
0,93698,1,phononL,0.01,-0.00196694,0.000103238,-8.79716e-05,0,0.001301,1,-0.00206027,0.000451504,-0.0002625,529.464
0,95549,1,phononTF,0.01,-0.00200449,7.95466e-06,0.000256683,0,0.001146,1,-0.0019988,-3.51467e-06,0.0002625,108.839
0,95866,1,phononTF,0.01,-0.00196605,3.85058e-05,0.000250601,0,0.00191,1,-0.00200178,3.49999e-06,0.0002625,70.0755
0,95866,4,phononTF,0.00169799,-0.00200178,3.49999e-06,0.000262498,70.0755,0.000919111,1,-0.0019326,7.5147e-05,-0.0002625,161.558
0,100991,1,phononTS,0.01,-0.00185214,6.55222e-05,0.000194064,0,0.003056,1,-0.00199525,-3.61979e-06,0.0002625,180.298
0,100991,5,phononTF,0.000803195,-0.00199525,-3.61979e-06,0.000262498,180.298,7.65353e-05,1,-0.0021509,0.00020533,-0.0002625,282.144
0,103404,1,phononTS,0.01,-0.00199497,-3.61899e-06,0.000241748,0,0.001146,1,-0.00200426,-2.09505e-06,0.0002625,54.8577
0,103404,4,phononTS,0.00577379,-0.00147775,-0.000905146,7.02396e-05,54.8577,0.00114588,1,-0.00147614,-0.000803616,-0.0002625,590.994
0,103479,2,phononTS,0.000422213,-0.0019439,-6.33678e-06,-0.0002625,19.9419,0.000382,1,-0.00199918,3.39026e-06,0.0002625,202.395
0,104965,9,phononTS,0.000532596,-0.00241682,-0.000991717,-0.0002625,3931.48,0.000382,1,-0.0029999,-0.00100292,0.0002625,5524.89
0,105623,13,phononTF,0.000807164,0.000997938,0.001004,0.000262498,1671.26,0.00052172,1,7.0322e-05,0.000589199,-0.0002625,1882.39
0,105875,1,phononTF,0.01,-0.00198324,1.65428e-05,0.000255672,0,0.00191,1,-0.00199553,4.33692e-06,0.0002625,187.29
0,106163,11,phononTS,0.000802086,0.00302732,0.000711094,-0.0002625,1930.4,0.000382,1,0.00299702,0.00100488,0.0002625,11139.1
0,106377,1,phononTF,0.01,-0.00198507,-1.49766e-05,0.000211666,0,0.001528,1,-0.00200384,-1.58592e-06,0.0002625,51.6805
0,109423,1,phononTF,0.01,-0.00199741,3.88063e-06,0.000261356,0,0.00191,1,-0.00199792,3.3403e-06,0.0002625,42.2872
0,109763,2,phononTS,0.00165377,-0.0028868,0.00169164,-0.0002625,358.967,0.000382,1,-0.00200165,0.00200461,0.0002625,1007.08
0,109763,13,phononTF,0.00121412,-0.00200165,0.00200461,0.000262498,1007.08,0.000899371,1,-0.00175946,0.0023002,-0.0002625,1120.16
0,112957,1,phononL,0.01,-0.00200514,6.43159e-05,0.000215677,0,0.00191,1,-0.00200375,8.70013e-07,0.0002625,221.903
0,114013,1,phononL,0.01,-0.00196017,-3.7497e-05,0.000199774,0,0.001146,1,-0.00200474,2.05667e-06,0.0002625,62.112
0,115661,12,phononTS,0.000411433,-0.00129394,0.000941451,-0.0002625,2970.47,0.000382,1,-0.000996326,0.00100108,0.0002625,6238.33
0,116056,1,phononTS,0.01,-0.00200027,2.86278e-06,0.000260993,0,0.002292,1,-0.00199632,3.0734e-06,0.0002625,38.7119
0,117188,7,phononTF,0.000602969,-0.00133598,-0.000742185,-0.0002625,1928.81,0.000382,1,-0.00100069,-0.00100476,0.0002625,2757.69
0,117545,1,phononTF,0.01,-0.00193106,-2.28927e-05,0.000162333,0,0.001146,1,-0.00199568,-2.41928e-06,0.0002625,171.436
0,118442,1,phononTS,0.01,-0.00200315,2.31098e-07,0.000247985,0,0.002292,1,-0.00200359,-1.27916e-06,0.0002625,47.889
0,119519,20,phononTS,0.000612841,-0.00308288,0.00171273,-0.0002625,819.996,0.000382,1,-0.00199748,0.00200482,0.0002625,1646.6
0,120173,1,phononTS,0.01,-0.00199918,3.68812e-06,0.00026176,0,0.001146,1,-0.00200026,1.8866e-06,0.0002625,184.536
0,121555,5,phononTF,0.00050482,-0.00156209,0.00237144,-0.0002625,1774.24,0.000382,1,-0.00100367,0.00300234,0.0002625,3053.64
0,121873,2,phononTF,0.00297384,-0.00214337,7.56889e-05,-0.0002625,106.256,0.000764,1,-0.00199814,-2.70323e-07,0.0002625,298.577
0,121878,4,phononTS,0.000970692,0.00100383,-0.00100254,0.0002625,30.542,0.000449557,1,0.00100498,-0.0016647,-0.0002625,7375.4
0,122340,3,phononTF,0.00106396,-0.000833999,0.000866,-0.0002625,12.1424,0.000382,1,-0.000999148,0.000997686,0.0002625,1038.75
0,124122,1,phononTS,0.01,-0.00200289,4.65535e-05,0.000219178,0,0.002674,1,-0.00199996,8.37767e-07,0.0002625,316.36
0,124200,8,phononTS,0.000706733,0.00192145,-0.00273776,-0.0002625,955.494,0.000382,1,0.00199714,-0.00199963,0.0002625,4177.01
0,124812,1,phononL,0.01,-0.00197985,1.82498e-05,0.000211952,0,0.000382,1,-0.0019966,4.24555e-06,0.0002625,42.2104
