Run ID,Event ID,Track ID,Particle Name,Start Energy [eV],Start X [m],Start Y [m],Start Z [m],Start Time [ns],Energy Deposited [eV],Track Weight,End X [m],End Y [m],End Z [m],Final Time [ns]
0,143,15,phononTF,0.00116386,0.00192573,0.00209947,-0.0002625,430.017,0.000382,1,0.00199591,0.00199727,0.0002625,1187.24
0,1808,10,phononTS,0.000875167,-0.00260409,3.83815e-07,-0.0002625,4852.03,0.000382,1,-0.00200338,3.05885e-06,0.0002625,7519.14
0,5150,4,phononTF,0.000732557,0.00287799,0.00110571,-0.0002625,157.895,0.000382,1,0.00299631,0.00100354,0.0002625,534.285
0,10213,24,phononTS,0.00108732,0.00158154,0.0019719,-0.0002625,5239.41,0.000764,1,0.00199998,0.00199599,0.0002625,6555.74
0,10930,10,phononTF,0.000610531,-0.00219984,-0.00219893,-0.0002625,4010.75,0.000382,1,-0.0020036,-0.00200469,0.0002625,4924.69
0,11797,3,phononTF,0.00185303,0.00208598,0.00191581,-0.0002625,728.659,0.000764,1,0.00200104,0.00199795,0.0002625,1005.03
0,12976,12,phononTS,0.000777343,0.00298023,0.00100128,-0.0002625,391.415,0.000382,1,0.00299832,0.00100422,0.0002625,575.656
0,15169,19,phononL,0.00057794,-0.00136023,-0.00111621,-0.0002625,28695.5,0.000382,1,-0.00100261,-0.000995444,0.0002625,28929.1
0,18146,15,phononTS,0.000482569,0.00327757,0.00133609,-0.000262498,1388.9,0.000382,1,0.00300498,0.00100409,0.0002625,1533.53
0,22878,12,phononTS,0.000451521,-0.000329679,0.000954487,-0.000262498,6639.13,0.000382,1,-0.00299857,-0.00100216,0.0002625,7270.96
0,22878,2,phononTS,0.00137569,0.00246583,0.00112461,0.000262498,20.3922,0.000333445,1,0.00178185,0.00106574,-0.0002625,190.533
0,24996,10,phononTS,0.0013393,0.00185264,0.00098617,-0.0002625,1550.49,0.000382,1,0.000997722,0.000996479,0.0002625,4495.62
0,28035,2,phononL,0.00408067,0.00186574,0.000612418,-0.0002625,909.043,0.001146,1,0.00200421,-4.03281e-08,0.0002625,1110.16
0,33474,8,phononTF,0.000621796,0.00132452,0.000798745,-0.000262498,462.933,0.000382,1,0.00100225,0.000995435,0.0002625,578.037
0,35565,6,phononTF,0.00187508,0.00329104,0.000702288,-0.000262498,728.694,0.000382,1,0.00299949,0.00100152,0.0002625,843.6
0,36506,4,phononTS,0.000942931,-1.7361e-06,0.0019974,0.0002625,743.329,0.000460875,1,3.76168e-05,0.00245872,-0.0002625,1405.26
0,38926,7,phononTS,0.000476267,0.000958907,-0.0006967,-0.0002625,989.697,0.000382,1,0.00100076,-0.00100266,0.0002625,1590.77
0,38926,3,phononTS,0.00166727,0.00233786,0.00125605,0.000262498,349.968,0.00092148,1,0.00199269,0.00248139,-0.0002625,625.115
0,46357,8,phononTS,0.00039165,-0.00100156,0.00299685,0.000262498,5086.86,0.00039165,1,-0.000714743,0.00247476,-0.0002625,5255.39
0,53053,15,phononTF,0.00106479,0.00199788,0.0020034,0.000262498,701.547,0.00034281,1,0.00234036,0.00166988,-0.0002625,823.07
0,54254,9,phononL,0.00048352,0.000999895,0.00100421,0.0002625,5414.19,0.00048352,1,0.000841712,0.000349991,-0.0002625,5781.94
0,55023,7,phononTS,0.000778339,0.000332015,0.00272176,-0.0002625,4871.57,0.000382,1,-4.11263e-06,0.00200443,0.0002625,6742.33
0,55023,2,phononTS,0.00453903,0.00238058,0.0011871,0.000262498,16.7651,0.00180541,1,0.00217498,0.00143886,-0.0002625,146.595
0,55401,7,phononTS,0.000581664,0.00200322,-1.29932e-06,0.0002625,871.084,0.000581664,1,0.00205478,5.0826e-05,-0.0002625,1059.28
0,60493,16,phononTF,0.000537302,-0.00291007,-0.00150618,-0.000262498,3112.64,0.000382,1,0.000996362,-0.00100379,0.0002625,3819.98
0,67365,8,phononTF,0.000597763,0.00172585,0.0017106,-0.000262498,717.026,0.000382,1,0.00100044,0.001004,0.0002625,912.208
0,69500,5,phononTS,0.000691697,0.00234054,0.00111517,-0.0002625,77.81,0.000382,1,0.00299597,0.00100208,0.0002625,700.165
0,76683,5,phononTF,0.0013338,0.00300086,0.000997231,0.0002625,4.44797,0.00122671,1,0.00321739,0.000775146,-0.0002625,974.875
0,78575,18,phononTF,0.000396664,-0.00104892,0.00105044,-0.0002625,13448.4,0.000382,1,-0.000998766,0.000996008,0.0002625,14876.8
0,79444,5,phononL,0.000831582,0.000229136,0.000565019,-0.0002625,874.855,0.000382,1,-0.00199923,2.00762e-06,0.0002625,1399.01
0,81063,1,phononTS,0.01,0.00298715,0.00100295,0.000138893,0,0.002292,1,0.00299767,0.000999714,0.0002625,667.948
0,83654,7,phononTF,0.000470789,0.002503,0.00151174,-0.000262498,477.552,0.000382,1,0.00300259,0.00100442,0.0002625,628.98
0,85140,9,phononTF,0.000772517,0.00216795,-0.00219514,-0.0002625,4673.04,0.000382,1,0.00200363,-0.00200168,0.0002625,4975.04
0,86065,6,phononTS,0.00135369,0.00299564,0.000995565,0.0002625,406.181,0.000458327,1,0.00379043,0.00107877,-0.0002625,791.798
0,87267,13,phononTF,0.000531695,0.0025535,0.000741327,-0.0002625,426.114,0.000382,1,0.00299628,0.000996139,0.0002625,1451.42
0,87759,19,phononTF,0.000476136,0.00172134,0.00172856,-0.000262498,3619.73,0.000382,1,0.00199712,0.00199852,0.0002625,3731.26
0,92511,8,phononL,0.00118222,-0.00246707,0.00163322,-0.0002625,304.777,0.000382,1,-0.00199885,0.00199534,0.0002625,990.053
0,93340,8,phononTF,0.00108938,0.00199628,0.0020034,0.0002625,679.111,0.0004293,1,0.00201101,0.00198865,-0.0002625,1086.52
0,94144,16,phononTF,0.000394147,0.00100065,-0.00100018,0.0002625,707.813,0.000394147,1,0.000922733,-0.001077,-0.0002625,1351.57
0,94144,2,phononTF,0.00166784,0.00228118,0.00134935,0.000262498,281.483,0.000964585,1,0.00105972,-0.00496382,-0.0002625,1411.53
0,96345,3,phononTF,0.00400966,0.00188587,0.00211458,-4.74182e-05,680.491,0.000382,1,0.00199565,0.00200396,0.0002625,739.879
0,96345,14,phononTS,0.00140305,0.00202817,0.0019712,-0.000262498,731.005,0.000382,1,0.00200262,0.0019984,0.0002625,821.395
0,101416,6,phononTF,0.00115054,-0.00157208,0.00043919,-0.0002625,1885.67,0.000764,1,-0.000996103,0.00100445,0.0002625,3040.28
0,101509,11,phononTF,0.00038666,9.28897e-05,2.92481e-05,-0.0002625,1792.08,0.000382,1,3.61213e-06,1.48275e-06,0.0002625,2632
0,101509,4,phononTS,0.00123335,0.00347477,0.005,0.000171461,339.602,0.000432221,1,0.00342888,0.00453897,-0.0002625,4135.99
0,102186,8,phononTS,0.00077224,0.00198459,-0.00173298,-0.000262498,995.995,0.000382,1,0.00200108,-0.00199603,0.0002625,1111.93
0,108721,3,phononTF,0.00706426,0.00283431,0.00117285,-7.04164e-05,78.252,0.000764,1,0.00300474,0.000998484,0.0002625,221.08
0,108877,24,phononTS,0.000551076,0.000585188,0.00107839,-0.0002625,1462.26,0.000382,1,-0.000996538,-0.000998836,0.0002625,3417.81
0,110346,4,phononTF,0.00104311,-0.000392791,-0.000401591,-0.0002625,6.6032,0.000764,1,-4.73991e-06,2.29384e-06,0.0002625,3849.23
0,110346,3,phononTS,0.00272017,0.00249155,0.00119377,0.000262498,6.6032,0.000891732,1,0.00283995,0.00117828,-0.0002625,132.924
0,113452,5,phononTS,0.00208164,0.00205251,0.00147965,4.38702e-06,209.416,0.001146,1,-4.32774e-06,-3.34172e-06,0.0002625,824.751
0,114727,1,phononTF,0.01,0.00201989,0.00198038,0.000179297,0,0.00191,1,0.00200214,0.00199887,0.0002625,1078.95
0,114942,9,phononTS,0.000409521,0.00208185,-0.00126228,-0.000262498,1599.23,0.000382,1,0.00200177,-0.00200387,0.0002625,1779.6
0,121024,7,phononL,0.000463147,0.00268216,0.000908132,-0.000262498,143.181,0.000382,1,0.00299962,0.00100215,0.0002625,212.322
0,121186,9,phononTS,0.000417972,-0.00299719,-0.00100172,0.000262498,2929.53,0.000417972,1,-0.00393087,-0.000568019,-0.0002625,3166.88
0,124520,18,phononTF,0.00046761,0.000180745,0.00184408,-0.0002625,3152.64,0.000382,1,-2.09797e-06,0.00200209,0.0002625,3451.56
