Run ID,Event ID,Track ID,Particle Name,Start Energy [eV],Start X [m],Start Y [m],Start Z [m],Start Time [ns],Energy Deposited [eV],Track Weight,End X [m],End Y [m],End Z [m],Final Time [ns]
0,516,6,phononTS,0.000499715,0.00100382,0.00100257,0.0002625,159.404,0.000499715,1,0.00209163,0.00155783,-0.0002625,1952.01
0,664,2,phononTF,0.00159784,-0.00214414,-0.000179946,-0.0002625,35.6451,0.000382,1,-0.00200058,3.29503e-06,0.0002625,393.245
0,2831,1,phononTS,0.01,-0.00200981,-3.96907e-06,0.00022636,0,0.002674,1,-0.00200396,1.51648e-06,0.0002625,466.679
0,3631,4,phononTS,0.000707153,-0.0019289,-1.00069e-05,-0.0002625,71.9534,0.000382,1,-0.00200136,-7.79977e-07,0.0002625,395.217
0,3631,3,phononTF,0.00125146,-0.00185643,-1.92337e-05,0.000262498,71.9534,0.00125146,1,-0.00202196,-0.000163775,-0.0002625,241.805
0,3631,2,phononTS,0.00186624,-0.00185643,-1.92337e-05,0.000262498,71.9534,0.000953026,1,-0.00265786,-3.81902e-05,-0.0002625,424.658
0,4749,2,phononTF,0.00600235,-0.00198834,-5.83399e-06,0.000257459,255.941,0.001528,1,-0.0019956,2.12593e-06,0.0002625,594.547
0,4749,8,phononTS,0.000459949,-0.0019956,2.12593e-06,0.000262498,594.547,0.000459949,1,-0.00165442,-0.00103231,-0.0002625,1041.9
0,11941,8,phononTF,0.000454149,-0.0020014,-0.00199988,0.0002625,3300.87,0.000454149,1,-0.00193478,-0.00196072,-0.0002625,3619.5
0,11971,2,phononTF,0.00508034,-0.00194027,5.50366e-05,0.00022973,74.86,0.000764,1,-0.00199961,-1.57833e-07,0.0002625,100.957
0,16239,2,phononTS,0.00141169,-0.00195166,2.36778e-06,-0.0002625,28.8401,0.000382,1,-0.00199562,-1.04132e-06,0.0002625,383.78
0,16239,6,phononL,0.00039827,-0.00199562,-1.04132e-06,0.000262498,383.78,0.00039827,1,-0.00156865,0.000200839,-0.0002625,516.642
0,17476,7,phononL,0.00064929,-0.00299873,-0.000997809,0.000262498,5105.22,0.00064929,1,-0.00322363,-0.000746329,-0.0002625,5225.99
0,21860,1,phononTS,0.01,-0.00194876,7.50823e-06,0.000240741,0,0.001528,1,-0.00199785,-3.27064e-06,0.0002625,87.4368
0,21860,4,phononTS,0.00101592,-0.00199785,-3.27064e-06,0.000262498,87.4368,0.000718543,1,-0.00195879,-8.33971e-06,-0.0002625,254.536
0,21860,3,phononTS,0.000454938,-0.00199785,-3.27064e-06,0.000262498,87.4368,0.000454938,1,-0.0017526,0.00104084,-0.0002625,502.681
0,25325,3,phononTS,0.00431082,-0.00201035,-2.96404e-06,0.000210147,207.512,0.000382,1,-0.002002,4.57149e-06,0.0002625,222.908
0,27039,4,phononTS,0.00304739,-0.00193176,-2.37959e-05,-0.000177506,47.3946,0.000382,1,-0.00200348,-7.75329e-07,0.0002625,318.983
0,27160,2,phononTS,0.0039194,-0.00189615,-2.9357e-05,0.000232428,7.1934,0.001146,1,-0.00200067,4.22705e-06,0.0002625,51.2671
0,27930,2,phononTF,0.0055665,-0.00195442,-4.21025e-05,0.000228167,30.3252,0.002292,1,-0.00200289,7.41244e-07,0.0002625,71.6748
0,27930,6,phononTS,0.00104774,-0.00200289,7.41244e-07,0.000262498,71.6748,0.000910236,1,-0.00300587,0.00116665,-0.0002625,684.318
0,27931,3,phononTS,0.00407622,-0.00221285,0.000494898,-0.000208545,228.893,0.00208069,1,-0.0018186,6.3816e-05,-0.0002625,981.611
0,28746,5,phononTS,0.000493095,0.00119808,-0.00112045,-0.0002625,2535.04,0.000382,1,0.00200282,4.62205e-06,0.0002625,4515.3
0,33933,5,phononTF,0.000645833,-0.000995652,-0.000997352,0.0002625,158.212,0.000645833,1,-3.6326e-05,-0.00206349,-0.0002625,1087.84
0,33933,3,phononTS,0.00239972,-0.00192471,5.76606e-05,-0.000193841,3.32144,0.00100273,1,-0.00194102,9.69382e-05,-0.0002625,171.729
0,37004,5,phononTS,0.00219217,-0.00217052,-0.000612407,6.66519e-05,695.57,0.00160847,1,-0.00109753,-0.000723609,-0.0002625,1143.73
0,39420,2,phononTF,0.00242205,-0.00196299,3.1724e-05,0.000238365,50.3996,0.000382,1,-0.00199563,-4.00707e-06,0.0002625,66.5144
0,45491,5,phononTS,0.000472181,3.39326e-06,-0.00200293,0.0002625,1537.79,0.000472181,1,0.000415425,-0.00209432,-0.0002625,2522.66
0,45990,7,phononTS,0.000633574,-0.00104725,-0.00079326,-0.0002625,601.455,0.000382,1,-0.00100322,-0.00100027,0.0002625,1611.66
0,45990,2,phononTS,0.000584647,-0.00190724,-1.80393e-06,0.000262498,21.7169,0.000584647,1,-0.0027402,-0.000329699,-0.0002625,402.914
0,46081,2,phononL,0.00120659,-0.00120868,-0.000754029,-0.0002625,36.6361,0.000382,1,-0.000995145,-0.00100319,0.0002625,517.058
0,59719,3,phononTS,0.00182982,-0.00194248,1.05413e-06,-0.0002625,14.4165,0.000382,1,-0.00199689,2.54195e-07,0.0002625,341.118
0,59719,6,phononTS,0.000632364,-0.00199689,2.54195e-07,0.000262498,341.118,0.000632364,1,-0.00191372,0.000248903,-0.0002625,549.308
0,60069,8,phononTS,0.000524211,-0.00200037,-3.31392e-06,0.000262498,1583.8,0.000524211,1,-0.00191252,7.16839e-05,-0.0002625,1738.14
0,60943,1,phononTF,0.01,-0.00199003,-3.97572e-06,0.000247345,0,0.002674,1,-0.00199708,4.74175e-06,0.0002625,82.8735
0,66620,3,phononTS,0.00571682,-0.00202159,2.79426e-05,0.000127768,330.843,0.000764,1,-0.0020023,9.02088e-07,0.0002625,381.478
0,68922,1,phononTF,0.01,-0.00197795,-2.41749e-05,0.000241502,0,0.00191,1,-0.00199894,-1.61986e-06,0.0002625,106.536
0,68922,5,phononTS,0.000576515,-0.00199894,-1.61986e-06,0.000262498,106.536,0.000576515,1,-0.000325992,0.000786816,-0.0002625,810.387
0,68922,4,phononTS,0.000421946,-0.00199894,-1.61986e-06,0.000262498,106.536,0.000421946,1,-0.00204947,-5.61895e-05,-0.0002625,263.698
0,70029,5,phononTS,0.00238391,-0.00200414,3.07686e-06,0.000262498,321.771,0.00155791,1,-0.00192132,-8.27754e-05,-0.0002625,475.696
0,73621,3,phononTS,0.00217813,-0.000102895,0.00206723,-0.0002625,85.7282,0.000382,1,2.74592e-06,0.00199872,0.0002625,2928.38
0,73850,2,phononL,0.0051779,-0.00200859,4.48774e-05,0.000209727,201.735,0.001146,1,-0.00200379,-4.16829e-06,0.0002625,275.218
0,73850,10,phononTF,0.000782476,-0.00200379,-4.16829e-06,0.000262498,275.218,0.000782476,1,-0.00319548,0.00408409,-0.0002625,1625.52
0,74624,3,phononTS,0.00600339,-0.00193837,1.1936e-05,0.000227211,120.142,0.000382,1,-0.00199501,2.35441e-06,0.0002625,144.312
0,74624,5,phononTS,0.00493794,-0.00181213,-2.27764e-05,0.000178425,144.312,0.00331598,1,-0.00174602,-9.39832e-05,-0.0002625,456.709
0,76881,1,phononTS,0.01,-0.00199814,-1.99315e-06,0.000254459,0,0.003056,1,-0.00199687,-3.67683e-06,0.0002625,135.997
0,76881,7,phononTF,0.000586122,-0.00199687,-3.67683e-06,0.000262498,135.997,0.000586122,1,-0.0015294,0.000426482,-0.0002625,383.478
0,79820,3,phononTS,0.0029867,-0.00183455,-2.16454e-05,0.000167747,30.4378,0.000764,1,-0.00200336,3.63261e-06,0.0002625,128.218
0,79820,6,phononTS,0.00137192,-0.00200336,3.63261e-06,0.000262498,128.218,0.00137192,1,-0.00354318,0.000761239,-0.0002625,790.577
0,79820,2,phononTS,0.00164773,-0.00184678,-3.38101e-05,0.000262498,30.4378,0.00137165,1,-0.00481538,-0.00358544,-0.0002625,1638.36
0,83476,5,phononTS,0.000563558,-0.00199741,-1.24615e-06,0.0002625,1415.06,0.000563558,1,-0.00203877,-0.000259729,-0.0002625,1841.76
0,83762,7,phononTS,0.000521907,-0.005,-0.00201932,-3.9287e-05,1435.53,0.000521907,1,-0.00375442,-0.00046777,-0.0002625,3281.61
0,85465,8,phononTS,0.00156886,-0.00299825,-0.000999677,0.000262498,691.39,0.00133439,1,-0.00290401,-0.00145068,-0.0002625,947.235
0,85918,8,phononTF,0.000493386,-0.0033439,-0.000677428,-0.000262498,657.463,0.000382,1,-0.00299983,-0.000999477,0.0002625,874.034
0,87846,4,phononTS,0.000912907,0.000995596,0.00100037,0.0002625,1268.08,0.000912907,1,0.000931246,0.00107744,-0.0002625,1889.78
0,88384,4,phononTS,0.000702359,-0.00207489,-7.27672e-05,-0.000262498,176.871,0.000382,1,-0.00200049,8.51808e-08,0.0002625,331.624
0,88852,7,phononTS,0.000436695,-0.00178284,8.7239e-05,-0.000262498,173.047,0.000382,1,-0.00199719,4.4938e-06,0.0002625,373.845
0,89195,1,phononTF,0.01,-0.00199796,2.51503e-06,0.000258464,0,0.000764,1,-0.00200483,-3.89207e-06,0.0002625,165.081
0,89195,4,phononTS,0.000707437,-0.00200483,-3.89207e-06,0.000262498,165.081,0.000707437,1,-0.00192511,8.23583e-05,-0.0002625,319.186
0,92314,3,phononTF,0.00489154,-0.00199309,1.03304e-05,0.000258345,118.216,0.000764,1,-0.00200316,9.39638e-07,0.0002625,162.009
0,92314,7,phononTS,0.000426708,-0.00200316,9.39638e-07,0.000262498,162.009,0.000426708,1,-0.00172844,-5.29645e-05,-0.0002625,389.302
0,92389,6,phononL,0.000436654,-0.000995699,0.00100078,0.0002625,742.769,0.000436654,1,-0.000266935,0.000967853,-0.0002625,1401.89
0,92389,4,phononTS,0.0021171,-0.00188021,2.76491e-07,0.000262498,53.2828,0.00123656,1,-0.00196858,-1.55402e-05,-0.0002625,213.589
0,93164,4,phononTF,0.00144725,-0.000549761,0.00139194,-0.0002625,4.77274,0.000382,1,1.57728e-06,0.00199704,0.0002625,1268.59
0,93164,5,phononTS,0.000474697,1.57728e-06,0.00199704,0.000262498,1268.59,0.000474697,1,-0.00134955,0.000952025,-0.0002625,1885.3
0,93564,3,phononTF,0.00465672,-0.00199325,-1.2401e-05,0.000216014,50.3985,0.001146,1,-0.00200349,1.32676e-07,0.0002625,413.428
0,93564,6,phononTS,0.000691341,-0.00200349,1.32676e-07,0.000262498,413.428,0.000691341,1,7.1511e-05,0.002019,-0.0002625,1363.01
0,93710,3,phononL,0.00564763,-0.00196443,-5.6657e-06,0.000241341,19.5584,0.000382,1,-0.00199715,1.35169e-06,0.0002625,83.7215
0,93710,6,phononTF,0.000938573,-0.00199715,1.35169e-06,0.000262498,83.7215,0.000938573,1,-0.00283183,0.000812308,-0.0002625,467.198
0,98010,7,phononTS,0.000510713,-0.0019245,-7.07279e-05,-0.000262498,249.103,0.000382,1,-0.00199677,-3.70043e-07,0.0002625,422.669
0,102806,1,phononTS,0.01,-0.00199451,-4.79588e-08,0.000231344,0,0.002292,1,-0.00199677,-4.07644e-06,0.0002625,205.864
0,103692,2,phononTF,0.00420492,-0.00191905,6.62583e-05,7.49011e-05,625.208,0.000382,1,-0.00199681,2.21862e-06,0.0002625,1943.77
0,104857,4,phononTF,0.000599356,-0.00199989,1.19279e-06,0.0002625,195.744,0.000599356,1,-0.00205494,6.67109e-05,-0.0002625,513.545
0,107175,12,phononTS,0.000707574,-0.00203166,6.55288e-05,-0.000262498,290.832,0.000382,1,-0.00199881,-3.00289e-06,0.0002625,459.144
0,108327,5,phononTS,0.000695296,-0.000999482,0.0010032,0.000262498,850.406,0.000695296,1,-0.00100088,0.00197952,-0.0002625,1277.48
0,110873,11,phononTF,0.000531114,-0.00042448,0.000432275,-0.000262498,2525.7,0.000382,1,3.88812e-06,-2.95929e-06,0.0002625,2771.23
0,111958,3,phononTS,0.00086701,-0.00200136,3.02584e-06,0.0002625,25.2973,0.00030695,1,-0.0020623,-6.78969e-06,-0.0002625,543.955
0,115040,3,phononTS,0.00240874,0.000298264,0.00185903,-0.0002625,97.2905,0.000764,1,0.000996117,0.000996718,0.0002625,1744.47
0,115040,4,phononTS,0.00101909,0.000996117,0.000996718,0.000262498,1744.47,0.00101909,1,0.000972686,0.00107174,-0.0002625,1904.25
0,115040,2,phononTF,0.00106418,-0.00191891,-8.78121e-05,0.000262498,97.2905,0.00011879,1,-0.00221585,0.000220052,-0.0002625,302.244
0,120201,1,phononTS,0.01,-0.00200048,-3.45932e-06,0.000260357,0,0.001146,1,-0.00200062,-3.62694e-06,0.0002625,203.106
0,120631,2,phononTF,0.00544579,-0.00193329,6.12128e-05,0.000161502,403.599,0.00191,1,-0.00200172,-1.75111e-06,0.0002625,461.096
0,120631,9,phononTS,0.00109983,-0.00200172,-1.75111e-06,0.000262498,461.096,0.000990297,1,-0.00192926,-2.88177e-05,-0.0002625,620.51
0,123030,3,phononTF,0.00446453,-0.00202902,3.26995e-05,0.000178731,283.081,0.001146,1,-0.00200257,1.89239e-07,0.0002625,441.317
