Run ID,Event ID,Track ID,Particle Name,Start Energy [eV],Start X [m],Start Y [m],Start Z [m],Start Time [ns],Energy Deposited [eV],Track Weight,End X [m],End Y [m],End Z [m],Final Time [ns]
0,17477,4,phononL,0.00165034,0.00259704,0.00233073,-0.0002625,513.694,0.000382,1,0.00199572,0.00200195,0.0002625,702.594
0,45287,4,phononL,0.00050438,0.000915503,0.0014961,-0.0002625,1139.69,0.000382,1,0.000995241,0.000998562,0.0002625,1432.73
0,45288,1,phononL,0.01,0.00362595,0.00299184,-0.000216931,0,0.00613842,1,0.00358311,0.00297546,-0.0002625,458.34
0,67784,8,phononTF,0.000726344,0.000996478,0.000995252,0.000262498,1627.71,0.000726344,1,0.00068065,0.000989651,-0.0002625,1740.19
0,68999,4,phononTS,0.00092106,-0.00100316,0.00300133,0.0002625,1990.36,0.00046125,1,-0.00165444,0.00327479,-0.0002625,3172.14
0,69068,3,phononL,0.000606543,0.00324671,0.00254885,-0.000262498,446.142,0.000382,1,0.00300492,0.0010038,0.0002625,626.198
0,99283,2,phononTS,0.00208551,0.00252255,0.00214744,-0.0002625,194.81,0.000764,1,0.00200492,0.00199893,0.0002625,509.466
0,129813,4,phononTF,0.0019177,-0.000225284,-0.000236334,-0.0002625,9.20053,0.000382,1,-0.000999804,-0.00100422,0.0002625,1044.3
0,149552,2,phononTF,0.00124704,-0.000468548,-0.000479238,-0.0002625,189.172,0.000382,1,-0.00100339,-0.000998441,0.0002625,1437.29
0,149552,5,phononTF,0.00062101,-0.00100339,-0.000998441,0.000262498,1437.29,0.00062101,1,-0.000778481,-0.00100836,-0.0002625,1539.26
0,169155,4,phononTF,0.00120941,0.00199761,0.00200136,0.000262498,575.765,0.000536226,1,0.00182057,0.0018357,-0.0002625,675.14
0,179012,8,phononTF,0.000392434,0.000479929,0.000378951,-0.0002625,638.085,0.000382,1,-2.76008e-06,-4.48646e-06,0.0002625,1730.56
0,210352,2,phononTS,0.0030176,0.00100004,0.00100431,0.0002625,378.107,0.00180494,1,0.000818572,0.00100931,-0.0002625,1468.83
0,244381,4,phononTF,0.000493897,0.00300281,0.000996456,0.000262498,660.593,0.000493897,1,0.00304717,0.000981493,-0.0002625,750.986
0,251261,6,phononTS,0.000573072,0.00103887,0.00206001,-0.000262498,700.041,0.000382,1,0.0020011,0.00199853,0.0002625,919.367
0,275206,5,phononTS,0.000543707,0.00198938,0.00202101,-0.000262498,1852.51,0.000382,1,0.0020032,0.00199952,0.0002625,1945.22
0,292965,4,phononTS,0.00044776,0.00187758,-0.000971006,-0.0002625,471.345,0.000382,1,0.000999202,-0.000995509,0.0002625,2624.71
0,305214,7,phononTS,0.000619344,0.00297811,0.00105008,-0.0002625,622.412,0.000382,1,0.00300059,0.00100239,0.0002625,1281.88
0,314129,2,phononTS,0.00410348,0.00296526,0.00226108,-0.0002625,523.607,0.001528,1,0.0020042,0.00200018,0.0002625,805.579
0,314129,7,phononTF,0.000516606,0.0020042,0.00200018,0.000262498,805.579,0.000516606,1,0.00183768,0.00216244,-0.0002625,903.908
0,314129,6,phononTS,0.000877069,0.0020042,0.00200018,0.000262498,805.579,0.000877069,1,0.00294503,0.00156836,-0.0002625,1043.81
0,319930,2,phononTS,0.000775907,0.00366908,-0.000355113,-0.0002625,193.745,0.000382,1,0.00100289,-0.00300214,0.0002625,1726.91
0,320863,10,phononTF,0.00050047,0.00215836,0.00197214,-0.0002625,1623.73,0.000382,1,0.00200057,0.0020049,0.0002625,1911.98
0,321748,9,phononTF,0.000426135,-0.00200095,0.00199686,0.000262498,2181.41,0.000426135,1,-0.00243705,0.00245036,-0.0002625,2322.52
0,328094,4,phononTF,0.00218409,-0.00269478,-0.00270548,-0.0002625,45.9635,0.000764,1,-0.0020002,-0.0020034,0.0002625,3494.17
0,328094,5,phononTF,0.000546454,-0.0020002,-0.0020034,0.000262498,3494.17,0.000546454,1,-0.00176547,-0.00182944,-0.0002625,3598.88
0,328094,3,phononTS,0.00115165,0.00334719,0.00266641,0.000262498,45.9635,0.00107861,1,0.00340213,0.002665,-0.0002625,136.566
0,328094,2,phononTS,0.000467156,0.00334719,0.00266641,0.000262498,45.9635,0.000467156,1,0.00334301,0.00265951,-0.0002625,138.824
0,333813,8,phononTS,0.00074687,0.00200393,0.00200043,0.000262498,871.289,0.00074687,1,-4.29262e-05,0.00382774,-0.0002625,1379.47
0,372012,5,phononTS,0.000972409,0.0030163,0.00185333,-0.0002625,516.16,0.000382,1,0.00200434,0.00200368,0.0002625,2346.24
0,376369,5,phononTS,0.00197314,0.00300185,0.00100157,0.0002625,571.863,0.00107239,1,0.00219817,0.000801305,-0.0002625,964.566
0,380177,4,phononTS,0.000568056,0.00191373,0.00196308,-0.000262499,1378.1,0.000382,1,0.00200339,0.00199951,0.0002625,1475.7
0,463411,4,phononTS,0.000768606,1.58382e-05,0.00214062,-0.0002625,8.04453,0.000382,1,-1.90496e-07,0.00199795,0.0002625,1628
0,478168,4,phononL,0.00303959,0.000491563,0.000195613,-0.0002625,427.109,0.000764,1,-2.65974e-06,-3.18545e-06,0.0002625,1275.98
0,478168,5,phononTS,0.00122627,-2.65974e-06,-3.18545e-06,0.000262498,1275.98,0.00122627,1,-0.000335652,-0.00108716,-0.0002625,1528.87
0,524206,2,phononTS,0.000528439,0.00200213,0.00193943,-0.0002625,562.383,0.000382,1,0.0020001,0.00199501,0.0002625,985.381
0,531475,3,phononTS,0.00251105,0.0032155,0.00186841,-0.0002625,10.2435,0.000764,1,0.0030028,0.000996717,0.0002625,427.848
0,531475,7,phononTF,0.000637377,0.0030028,0.000996717,0.000262498,427.848,0.000637377,1,0.00250349,0.00140891,-0.0002625,573.777
0,531475,6,phononTF,0.000777915,0.0030028,0.000996717,0.000262498,427.848,0.000777915,1,0.00346136,0.00151468,-0.0002625,578.71
0,536003,5,phononTF,0.000482596,0.00237153,0.00254669,-0.0002625,4859.4,0.000382,1,-3.0067e-06,2.0246e-06,0.0002625,6173.92
0,555919,6,phononTF,0.000551217,-0.00134727,-0.00287816,-0.0002625,633.046,0.000382,1,-0.00100291,-0.00100274,0.0002625,3389.25
0,571700,3,phononTS,0.0014788,-0.000690173,-0.005,-3.0834e-05,197.661,0.00123336,1,-0.000504679,-0.00477241,-0.0002625,3057.72
0,631146,3,phononTF,0.000519554,0.00200106,0.00199519,0.000262498,2726.37,0.000519554,1,0.00222292,0.00221805,-0.0002625,2831.29
0,640534,3,phononTF,0.000904127,0.00187461,0.000122846,-0.0002625,667.058,0.000382,1,0.00199579,-4.36316e-06,0.0002625,2352.42
0,640534,5,phononTF,0.00040242,0.00252146,0.005,-0.000155997,2352.42,0.00040242,1,0.00228148,0.00476296,-0.0002625,6423.37
0,640534,2,phononTF,0.000526315,0.005,-0.00370242,0.0001503,667.058,0.000526315,1,0.00351109,-0.00221017,-0.0002625,2058.05
0,647756,9,phononTF,0.000626115,0.00200221,0.00200328,0.000262498,1671.96,0.000626115,1,0.00231556,0.0023145,-0.0002625,1789.4
0,655233,8,phononTS,0.000554773,-0.00200186,-0.00199618,0.000262498,4195.79,0.000554773,1,-0.00276351,-0.00194535,-0.0002625,4383.22
0,669902,8,phononTS,0.000391298,0.000129278,-0.000904768,-0.0002625,1847.36,0.000382,1,-2.26288e-06,3.31202e-06,0.0002625,2875.18
0,689395,7,phononTS,0.000581306,0.00224715,0.00212484,-0.0002625,182.137,0.000382,1,0.00200124,0.00199584,0.0002625,1488.67
0,692332,3,phononTF,0.00158449,0.00226193,0.00213019,-0.0002625,81.9349,0.000382,1,0.00200379,0.00199846,0.0002625,720.407
0,692332,6,phononTS,0.000789335,0.00200379,0.00199846,0.000262498,720.407,0.000642035,1,0.00194984,0.00205137,-0.0002625,814.666
0,700592,10,phononTF,0.000450636,0.00105233,0.00111863,-0.0002625,1589.5,0.000382,1,0.00100162,0.000996841,0.0002625,2433.2
0,709339,8,phononTS,0.000497619,0.00299559,0.000995136,0.000262498,799.583,0.000497619,1,0.00183616,0.0012487,-0.0002625,1059.44
0,718939,2,phononTS,0.00189717,0.00335184,0.0022636,-0.0002625,51.4672,0.000382,1,0.00199831,2.93064e-06,0.0002625,1199.52
0,718939,10,phononTS,0.000563559,0.00199831,2.93064e-06,0.000262498,1199.52,0.000563559,1,0.00157175,1.48201e-05,-0.0002625,1336.14
0,718939,9,phononTF,0.000743212,0.00199831,2.93064e-06,0.000262498,1199.52,0.000657204,1,0.00124449,0.000775137,-0.0002625,1404.88
0,724840,7,phononTF,0.00047081,-4.96343e-06,0.00200484,0.000262498,1123.16,0.00047081,1,0.000286389,0.00222111,-0.0002625,1235.01
0,724840,2,phononTF,0.000434651,0.00340087,0.00270018,0.000262498,121.043,0.000434651,1,0.00358421,0.00252172,-0.0002625,221.058
0,724841,3,phononTS,0.00617998,0.00344805,0.00165201,0.000107133,66.2266,0.00176173,1,0.0035478,0.00193962,-0.0002625,657.98
0,755937,6,phononTS,0.000506651,0.00101533,0.00174293,-0.000262498,862.45,0.000382,1,0.00199504,0.00199674,0.0002625,1093.28
0,766007,4,phononTF,0.00260526,0.00121957,-0.005,5.02999e-05,487.551,0.0023064,1,0.00192216,-0.00430884,-0.0002625,2676.95
0,785810,3,phononTF,0.00103113,0.00269577,0.0023578,-0.0002625,17.1813,0.000382,1,0.00200008,0.00200405,0.0002625,363.299
0,785810,6,phononTS,0.000492829,0.00200008,0.00200405,0.000262498,363.299,0.000492829,1,0.00266037,0.00100404,-0.0002625,630.387
0,785810,2,phononL,0.000675352,0.00339147,0.00271155,0.000262498,17.1813,0.000675352,1,0.00305327,0.00272053,-0.0002625,86.5737
0,794611,4,phononTF,0.00297556,0.000582249,0.00237686,-0.0002625,186.62,0.000382,1,-0.00199895,0.00200157,0.0002625,1151.35
0,811703,2,phononTS,0.000713923,0.00307107,0.00162836,-0.0002625,26.6275,0.000382,1,0.00299597,0.0010014,0.0002625,995.812
0,819247,9,phononL,0.00104913,0.000884735,0.00042985,-0.0002625,456.312,0.000382,1,-2.18706e-06,1.28984e-06,0.0002625,996.415
0,824087,2,phononTS,0.000926118,0.00495703,0.00267506,-0.0002625,272.184,0.000764,1,0.00300446,0.00100465,0.0002625,1242.11
0,824088,1,phononTF,0.01,0.00319172,0.00201664,-0.00024512,0,0.00388588,1,0.0031746,0.00203422,-0.0002625,678.271
0,835517,6,phononTF,0.000448151,0.0026417,0.00263517,-0.0002625,695.807,0.000382,1,0.00200037,0.00200045,0.0002625,1213.5
0,937315,2,phononTF,0.00302812,0.0020998,0.00210142,-0.0002625,192.465,0.000764,1,0.00200067,0.0019956,0.0002625,2030.29
0,937315,4,phononTS,0.00114005,0.00200067,0.0019956,0.000262498,2030.29,0.000301803,1,0.00202318,0.00194395,-0.0002625,2119.94
0,969783,6,phononL,0.000621989,2.27519e-06,-0.00199515,0.000262498,2176.42,0.000621989,1,-5.14096e-06,-0.00278654,-0.0002625,2278
0,977899,2,phononTS,0.00199112,-0.000880699,-0.0017707,-0.0002625,119.319,0.000764,1,-0.00100092,-0.00100408,0.0002625,3706.62
0,980803,6,phononTS,0.000388481,0.00215421,0.000906929,-0.0002625,294.297,0.000382,1,0.00200151,1.53737e-06,0.0002625,937.245
0,980803,2,phononTS,0.00133728,0.0033729,0.00269997,0.000262498,56.4095,0.000283955,1,0.00268965,0.00124329,-0.0002625,388.782
0,1005133,2,phononTS,0.00274154,0.00303882,0.000897303,-0.0002625,269.104,0.000382,1,0.00299538,0.00100048,0.0002625,786.832
0,1005133,7,phononTS,0.00123184,0.00299538,0.00100048,0.000262498,786.832,0.00123184,1,0.00302065,0.00100267,-0.0002625,878.456
0,1005133,6,phononTS,0.000781186,0.00299538,0.00100048,0.000262498,786.832,0.000307182,1,0.00275535,0.000531449,-0.0002625,944.667
0,1021635,9,phononTF,0.000883975,-0.00100081,0.00300211,0.0002625,616.831,0.000867425,1,0.000410335,0.00469804,-0.0002625,1553.7
0,1030745,2,phononL,0.0035551,0.00316303,0.00189259,-0.0002625,38.3804,0.001528,1,0.00299532,0.00099628,0.0002625,265.43
0,1030745,7,phononTF,0.00044406,0.00299532,0.00099628,0.000262498,265.43,0.00044406,1,0.00269687,0.00131913,-0.0002625,383.673
0,1030745,6,phononTF,0.000474799,0.00299532,0.00099628,0.000262498,265.43,0.000474799,1,0.00256474,0.000252338,-0.0002625,448.285
0,1035887,5,phononTF,0.000620319,0.00300477,0.0010022,0.0002625,1868.03,0.000620319,1,0.00277365,0.00075975,-0.0002625,2082.26
0,1036872,4,phononTS,0.00188439,0.00323451,0.00186527,-0.0002625,5.87814,0.000382,1,0.0030017,0.000995241,0.0002625,424.206
0,1152413,6,phononTF,0.000389907,-0.00083158,0.000904204,-0.000262498,2339.97,0.000382,1,-0.00099608,0.000999749,0.0002625,2437.06
0,1197645,6,phononTF,0.000882861,0.00247531,-0.00460021,-0.0002625,1536.47,0.000382,1,0.000998662,-0.00299775,0.0002625,2290.02
0,1201993,10,phononTF,0.000500668,0.00199897,0.00199895,0.000262498,1065.1,0.000500668,1,0.00108277,0.00293053,-0.0002625,1306.11
0,1207054,2,phononTF,0.000768005,-0.000864621,-0.00117937,-0.0002625,163.805,0.000382,1,-0.000995784,-0.00100388,0.0002625,2079.83
0,1208179,5,phononTF,0.000613884,0.00368508,0.00167818,-0.000262498,749.405,0.000382,1,0.00299547,0.00100132,0.0002625,937.678
0,1208179,2,phononTF,0.00123776,0.00380889,0.00180545,0.000262498,654.532,0.000900524,1,0.00400989,0.0017926,-0.0002625,754.191
0,1232139,6,phononTF,0.000834261,-0.00161507,0.00360249,-0.0002625,1541.97,0.000382,1,-0.000998293,0.00300347,0.0002625,4787.87
0,1260785,4,phononL,0.000411119,0.000852382,0.00043393,-0.0002625,2126.99,0.000382,1,1.34782e-07,-9.17157e-07,0.0002625,2611.48
0,1260785,2,phononTS,0.00430026,0.00233211,0.00194023,9.57114e-05,1790.52,0.00250618,1,-4.8323e-05,-0.000277228,-0.0002625,2362.64
0,1270179,4,phononTS,0.000572166,0.00380759,0.00275441,-0.000262498,207.981,0.000382,1,0.00200184,0.00200009,0.0002625,603.434
0,1285434,3,phononTS,0.00290273,0.00171517,0.00238035,-0.0002625,12.6714,0.001146,1,-1.16511e-06,0.00200283,0.0002625,775.582
0,1293715,7,phononTS,0.000486905,-0.000381064,0.000334057,-0.0002625,340.003,0.000382,1,2.90642e-06,4.34672e-06,0.0002625,1384.76
0,1332162,9,phononL,0.000452701,0.00314309,0.00105624,-0.0002625,5555.34,0.000382,1,0.002996,0.00100337,0.0002625,5898.79
0,1344147,6,phononTF,0.000737607,0.0020009,0.00200161,0.000262498,2387.89,0.000737607,1,0.00132231,0.00168189,-0.0002625,2557.53
0,1385190,9,phononTS,0.000539369,0.00334635,0.00101011,-0.000262498,530.571,0.000382,1,0.00299995,0.00100458,0.0002625,657.018
0,1418454,3,phononTF,0.00194582,0.00249553,0.00135546,-0.0002625,595.221,0.000382,1,0.00199847,-2.38347e-06,0.0002625,1160.59
0,1418454,6,phononTF,0.00106618,0.00199847,-2.38347e-06,0.000262498,1160.59,0.000435821,1,0.00222638,0.000184064,-0.0002625,1264.94
0,1421272,8,phononTF,0.000577066,-0.00299905,-0.00100238,0.0002625,466.089,0.000577066,1,-0.00376805,-0.000215504,-0.0002625,3219.54
0,1504540,4,phononTF,0.0029309,0.00319517,0.000786403,-0.0002625,11.5404,0.001146,1,0.00200428,0.00199734,0.0002625,849.971
0,1518866,3,phononTS,0.00126077,0.0024397,0.00147616,-0.0002625,5.27725,0.000382,1,0.000998352,0.00100207,0.0002625,1989.25
0,1518866,8,phononTS,0.000439242,0.00360737,-0.005,0.000246201,1989.25,0.000439242,1,0.00391737,-0.00495853,-0.0002625,3720.91
0,1518866,7,phononTF,0.000419258,0.000998352,0.00100207,0.000262498,1989.25,0.000419258,1,-0.000462107,-0.000211886,-0.0002625,2330.95
0,1518866,2,phononTF,0.000936802,0.0034653,0.00273948,0.000262498,5.27725,0.000936802,1,0.00315371,0.00244141,-0.0002625,121.499
0,1527258,6,phononTS,0.000419985,0.000924905,0.00274963,-0.000262498,1043.1,0.000382,1,0.00200358,0.00199577,0.0002625,1330.24
0,1592015,4,phononTS,0.000839107,0.00103519,0.000157042,-0.0002625,969.625,0.000382,1,-5.48958e-07,4.88986e-06,0.0002625,1885.73
0,1626829,6,phononTS,0.000705602,0.00115189,0.000422674,-0.0002625,1815.4,0.000382,1,0.00199823,-3.51088e-06,0.0002625,4122.7
0,1640348,7,phononTF,0.000450832,0.00054115,0.00241738,-0.000262498,1300.02,0.000382,1,-4.80963e-06,0.0020049,0.0002625,1452.53
0,1640512,4,phononL,0.00174502,0.000374575,0.00179133,-0.0002625,818.653,0.000382,1,1.12902e-06,0.00199577,0.0002625,1389.28
0,1644136,2,phononTS,0.0028073,0.00236059,-0.000998223,-0.0002625,345.026,0.001146,1,0.00199616,-0.00200232,0.0002625,1298.22
0,1644136,7,phononTS,0.000698264,0.00199616,-0.00200232,0.000262498,1298.22,0.000698264,1,0.0020222,-0.00226245,-0.0002625,1413.46
0,1664357,2,phononTS,0.000744301,0.00300278,0.000995674,0.0002625,262.041,0.000631154,1,0.00275327,0.000536149,-0.0002625,1332.8
0,1702887,8,phononTS,0.000507076,-0.000999493,-0.000999393,0.0002625,3635.52,0.000507076,1,-0.00103282,-0.00104095,-0.0002625,4904.75
0,1715115,5,phononTF,0.00048444,0.00316447,0.00126055,-0.0002625,2717.24,0.000382,1,0.00299786,0.000999421,0.0002625,3039.22
0,1715421,2,phononTS,0.000603855,0.00118734,0.000920395,-0.0002625,16.5334,0.000382,1,0.000999515,0.0009965,0.0002625,962.105
0,1724096,3,phononTS,0.000799332,0.0031442,0.0025788,-0.0002625,124.395,0.000382,1,0.00199907,0.00200161,0.0002625,525.608
0,1768987,9,phononTF,0.00041245,0.00199858,0.00199868,0.000262498,1193.54,0.00041245,1,0.00183113,0.00182798,-0.0002625,1292.36
0,1782281,5,phononTF,0.000531345,0.000842734,0.00270966,-0.000262499,1515.38,0.000382,1,-4.95336e-06,0.00199589,0.0002625,1729
0,1782281,3,phononTF,0.000510361,0.00346358,0.00274887,0.000262498,2.12622,0.000510361,1,0.00367575,0.00296916,-0.0002625,106.132
0,1782281,2,phononTS,0.000981354,0.00346358,0.00274887,0.000262498,2.12622,0.000978927,1,0.00408421,0.00159509,-0.0002625,278.148
0,1792083,2,phononTS,0.000517639,0.00327951,0.000340653,-0.0002625,111.376,0.000382,1,0.00200245,-2.81322e-06,0.0002625,2577.19
0,1867267,7,phononTS,0.00050688,0.0030206,0.00081425,-0.000262498,1960.92,0.000382,1,0.00300152,0.000996054,0.0002625,2067.84
0,1887807,9,phononTS,0.000394064,0.00200456,0.00199816,0.000262498,1762.9,0.000394064,1,0.00115102,0.00208951,-0.0002625,1960.44
0,1894646,5,phononTS,0.000863436,0.002506,0.00232187,-0.0002625,401.064,0.000382,1,0.00200102,0.00199728,0.0002625,910.351
0,1932854,4,phononL,0.000855927,0.00262698,0.00135222,-0.0002625,4.11042,0.000382,1,0.00300344,0.000999208,0.0002625,518.982
0,1950300,5,phononTF,0.00119678,0.00220857,0.00188495,-0.0002625,1121.22,0.000382,1,0.00200354,0.00200269,0.0002625,1827
0,1950300,4,phononTS,0.00168747,-1.5262e-05,0.005,-5.68613e-05,1121.22,0.000652753,1,5.53548e-05,0.00484034,-0.0002625,2091.01
0,1950300,7,phononTF,0.00052082,5.53548e-05,0.00484034,-0.000262498,2091.01,0.00052082,1,-8.30443e-05,0.005,-0.000114697,2135.9
0,1974181,7,phononTS,0.000888289,0.00186534,-0.000876007,-0.0002625,129.367,0.000382,1,0.00100086,-0.000996367,0.0002625,1709.12
0,1978014,3,phononTF,0.00508905,0.00184828,0.00187637,0.000115321,249.511,0.001528,1,0.00199626,0.00200389,0.0002625,1186.77
0,1992795,6,phononTF,0.00042182,0.0014526,-0.000514908,-0.0002625,457.365,0.000382,1,0.00100115,-0.000999119,0.0002625,1041.21
0,1996400,6,phononTS,0.00112969,0.00200053,0.00200193,0.000262498,995.091,0.00112969,1,0.00201975,0.0020361,-0.0002625,1089.2
0,2018218,6,phononTF,0.00118705,0.00226688,-0.00139262,-0.0002625,1057.26,0.000382,1,0.0020013,-0.00200059,0.0002625,1530.43
0,2065766,8,phononTS,0.00101671,0.00299881,0.00100407,0.000262498,1271.96,0.00101671,1,0.00343949,0.00101129,-0.0002625,1410.64
0,2068630,5,phononTF,0.000618864,0.00218943,0.0021844,-0.0002625,559.287,0.000382,1,0.00199837,0.00200118,0.0002625,1266.14
0,2115246,7,phononTF,0.00042369,0.00299849,0.00100414,0.000262498,1008.46,0.00042369,1,0.00292015,0.00107902,-0.0002625,1100.23
0,2116315,3,phononTS,0.00295084,0.00116533,0.00196555,-0.0002625,1389.74,0.001146,1,-5.92219e-07,0.00200402,0.0002625,2694.25
0,2120256,9,phononTS,0.000586534,0.00484069,0.000892698,-0.0002625,766.107,0.000382,1,0.00199893,2.62054e-06,0.0002625,1439.2
0,2187975,4,phononTS,0.00211723,0.00325962,0.00173904,-0.0002625,91.7434,0.000764,1,0.00299888,0.000995828,0.0002625,499.338
0,2203314,4,phononTS,0.000652226,0.00345806,0.002717,-0.000262498,107.422,0.000382,1,0.00200314,-3.1659e-06,0.0002625,701.573
0,2203314,2,phononTF,0.00111519,0.00349112,0.00273489,0.000262498,13.3226,0.000565654,1,0.00373581,0.0030002,-0.0002625,123.195
0,2213135,5,phononTS,0.000556675,-0.0010233,-0.00128513,-0.000262498,2784.2,0.000382,1,-0.000996013,-0.00100423,0.0002625,2901.53
0,2233170,3,phononL,0.00265388,0.0031399,0.000218448,-0.0002625,61.9482,0.000764,1,0.0029951,0.00099839,0.0002625,1357.83
0,2233170,6,phononTS,0.000558051,0.0029951,0.00099839,0.000262498,1357.83,0.000558051,1,0.00330092,0.000322361,-0.0002625,1548.39
0,2287719,4,phononTF,0.000630063,0.00136363,0.00342906,-0.0002625,108.092,0.000382,1,0.00200311,0.00199719,0.0002625,1504.28
0,2289414,6,phononTS,0.000484256,6.5717e-05,0.000983862,-0.0002625,2463.06,0.000382,1,-3.86119e-06,0.00199564,0.0002625,3129.47
0,2293848,5,phononTS,0.000392121,-0.00100182,-0.000998622,0.0002625,588.101,0.000392121,1,-0.00104396,-0.000972431,-0.0002625,1829.01
0,2293848,2,phononL,0.00114572,0.00369039,0.00312111,0.000262498,275.587,0.00109369,1,0.00381052,0.00257717,-0.0002625,358.16
0,2299237,7,phononTS,0.000511524,0.000996068,-0.000997864,0.000262498,2403.53,0.000511524,1,0.000910425,-0.00182925,-0.0002625,2597.58
0,2300527,5,phononTS,0.000719577,0.00200146,4.22548e-06,0.000262498,1978.18,0.000653189,1,0.00144442,-9.19632e-05,-0.0002625,2137.75
0,2300528,1,phononL,0.01,0.00345446,0.00275819,0.000259875,0,0.00396819,1,0.00323146,0.00272709,-0.0002625,65.0474
0,2331888,4,phononL,0.000518598,0.00128869,0.00170194,-0.0002625,644.608,0.000382,1,0.000997613,0.000999965,0.0002625,2268.61
0,2343000,2,phononTS,0.000473215,0.00202128,0.00205663,-0.0002625,75.4871,0.000382,1,0.00200415,0.00200094,0.0002625,692.933
0,2343001,1,phononTS,0.01,0.00296098,0.00359368,-0.000190635,0,0.00645771,1,0.0029697,0.00359489,-0.0002625,631.33
0,2344346,9,phononTF,0.000540466,-0.0010032,0.000996763,0.000262498,3012.16,0.000540466,1,-0.00090618,0.000924281,-0.0002625,3104.77
0,2350169,3,phononTF,0.00146215,0.00264705,0.00133975,-0.0002625,121.265,0.000382,1,0.00300045,0.000996523,0.0002625,1053.97
0,2350169,8,phononTS,0.000421098,0.00300045,0.000996523,0.000262498,1053.97,0.000421098,1,0.0035999,0.00133939,-0.0002625,1237.41
0,2350169,7,phononTF,0.000592307,0.00300045,0.000996523,0.000262498,1053.97,0.000495033,1,0.00405161,-3.46897e-05,-0.0002625,1321.53
0,2350169,2,phononTF,0.000400199,0.00383362,0.00277964,0.000262498,121.265,0.000400199,1,0.003768,0.00297645,-0.0002625,220.77
0,2396827,6,phononTS,0.000432158,0.00330837,0.00271176,-0.000262498,383.017,0.000382,1,0.00200155,0.00200299,0.0002625,698.152
0,2397350,6,phononTF,0.000554467,-5.42258e-07,4.14936e-06,0.000262498,4111.06,0.000554467,1,-0.00019739,-0.000280337,-0.0002625,4221.65
0,2397350,3,phononTF,0.0021733,0.00307107,0.00326641,0.000262498,297.145,0.0021733,1,0.00302877,0.00318606,-0.0002625,388.772
0,2400583,5,phononTS,0.000466192,0.00199305,-0.00222543,-0.000262498,1096.12,0.000382,1,0.00200429,-0.00199576,0.0002625,1207.61
0,2431200,5,phononTS,0.000496448,0.00335919,0.00178415,-0.0002625,653.495,0.000382,1,0.00300412,0.000999494,0.0002625,1701.83
0,2432020,2,phononTS,0.00199876,-0.000702504,-0.00262533,-0.0002625,681.261,0.000764,1,-0.00100487,-0.00100302,0.0002625,4316.38
0,2435638,3,phononTF,0.00041766,0.00324357,0.0029218,-0.000262498,277.806,0.000382,1,0.00299713,0.00100427,0.0002625,647.906
0,2467157,4,phononTS,0.000499817,0.00297524,0.00100008,-0.000262498,700.18,0.000382,1,0.00300292,0.00100205,0.0002625,789.812
0,2469012,2,phononL,0.00246412,0.00199608,0.00199779,0.0002625,46.0152,0.00204373,1,0.00147758,0.00204592,-0.0002625,334.278
0,2469013,1,phononTS,0.01,0.00354022,0.00247365,-0.000255533,0,0.00665791,1,0.00353965,0.00247277,-0.0002625,587.298
0,2499684,8,phononL,0.000521939,0.00296343,0.000770671,-0.000262498,806.409,0.000382,1,0.00300054,0.000999472,0.0002625,871.94
0,2505185,5,phononTS,0.00225543,0.0010016,-0.000996834,0.000262498,1852.98,0.000984933,1,0.00102933,-0.00108125,-0.0002625,1950.48
0,2518706,5,phononTF,0.000867501,0.0010032,-0.00300095,0.0002625,333.718,0.000867501,1,0.00122565,-0.00281071,-0.0002625,3863.22
0,2518706,3,phononTS,0.0006456,0.005,0.00174518,-2.56091e-06,117.436,0.0006456,1,-0.00294288,-0.00358908,-0.0002625,2321.95
0,2533374,3,phononTS,0.00220204,0.00303746,0.00217699,-0.0002625,1325.46,0.000382,1,0.00299553,0.000997704,0.0002625,1861.51
0,2533374,5,phononL,0.0014175,0.00299553,0.000997704,0.000262498,1861.51,0.00112598,1,0.0029203,0.00132674,-0.0002625,1930.91
0,2533374,2,phononTF,0.00293645,0.00307939,0.00335626,0.000262498,1325.46,0.00249698,1,0.0031716,0.00294428,-0.0002625,1451.62
0,2551092,2,phononTS,0.000944427,0.00304426,0.000601115,-0.0002625,46.1502,0.000382,1,0.00300446,0.00100489,0.0002625,1945.07
0,2564626,3,phononTS,0.00223682,-0.001614,-0.000283724,-0.0002625,2.55898,0.000382,1,-0.00299798,-0.00100034,0.0002625,3078.96
0,2564626,5,phononTF,0.00118574,-0.00299798,-0.00100034,0.000262498,3078.96,0.00118335,1,-0.000955723,-0.00251616,-0.0002625,3530.74
0,2575964,4,phononTS,0.00397564,0.00298127,0.000967131,-0.000262498,753.749,0.001528,1,0.00299778,0.00100043,0.0002625,845.648
0,2579128,4,phononTS,0.000756535,0.000822626,0.00194833,-0.0002625,88.9602,0.000382,1,4.81619e-06,0.00200186,0.0002625,1098.58
0,2590899,2,phononTS,0.000693787,-0.00100594,0.00129743,-0.0002625,129.368,0.000382,1,-0.00100139,0.00100085,0.0002625,1616.4
0,2636134,5,phononTS,0.000580034,-3.22995e-06,0.00200498,0.000262498,461.529,0.000580034,1,3.28362e-05,0.00203554,-0.0002625,554.754
0,2636135,1,phononTF,0.01,0.00364347,0.00254829,-0.000155657,0,0.00635371,1,0.00369864,0.0024909,-0.0002625,432.754
0,2636135,7,phononTF,0.00038971,0.005,0.000513617,-0.000208953,432.754,0.00038971,1,0.00492426,0.000578355,-0.0002625,858.843
0,2660606,2,phononTS,0.00144779,0.000998571,0.00100066,0.0002625,128.196,0.00106182,1,-0.00044831,0.000197091,-0.0002625,1834.62
0,2674971,2,phononTF,0.0013777,0.00130057,0.00122741,-0.0002625,13.8748,0.000764,1,0.000998129,0.000999745,0.0002625,921.407
0,2678218,9,phononTS,0.000730901,-0.00137484,0.00230218,-0.0002625,1395.76,0.000382,1,-0.0020038,0.00199992,0.0002625,2981.94
0,2699039,2,phononTS,0.00214095,0.00264468,0.000425278,-0.0002625,15.7422,0.000382,1,0.00200359,-3.04954e-06,0.0002625,837.402
0,2714474,7,phononTF,0.000427424,0.00099543,0.00100109,0.000262498,833.296,0.000427424,1,0.000910727,0.00109656,-0.0002625,925.975
0,2714474,2,phononTS,0.00109129,0.00346969,0.00267776,0.000262498,64.9621,0.00109129,1,0.00349228,0.00277383,-0.0002625,162.981
0,2717358,3,phononTS,0.00111222,-0.00195123,-0.0018916,-0.0002625,282.914,0.000382,1,-0.00200048,-0.0019999,0.0002625,5838.29
0,2723503,4,phononTS,0.000515287,0.00323932,0.00186991,-0.0002625,84.7035,0.000382,1,0.00299834,0.00100241,0.0002625,503.02
0,2735927,5,phononTS,0.00119736,-0.00199692,-0.00200239,0.000262498,2262.81,0.00083055,1,-0.00200141,-0.00231006,-0.0002625,2384.9
0,2735927,2,phononL,0.000859986,0.00348038,0.00278759,0.000262498,14.2211,0.000329631,1,0.00399337,0.00308354,-0.0002625,100.577
0,2746355,6,phononL,0.000919657,0.00210029,0.000709224,-0.0002625,416.462,0.000382,1,0.00200042,-2.77261e-06,0.0002625,798.323
0,2762795,8,phononTS,0.000635453,0.00295773,0.00108954,-0.000262498,553.461,0.000382,1,0.00299987,0.000999815,0.0002625,650.76
0,2796034,4,phononTF,0.00243511,0.000860793,0.000712383,-0.0002625,15.7518,0.000764,1,3.25302e-06,2.93815e-06,0.0002625,874.755
0,2796034,6,phononL,0.000409501,3.25302e-06,2.93815e-06,0.000262498,874.755,0.000409501,1,1.59799e-05,0.000587069,-0.0002625,959.053
0,2796034,5,phononL,0.00049018,3.25302e-06,2.93815e-06,0.000262498,874.755,0.00049018,1,-5.56652e-05,-0.00133673,-0.0002625,1030.32
0,2842783,4,phononTS,0.00150162,-0.0029841,-0.0017864,-0.0002625,20.0033,0.000382,1,-0.00300215,-0.00100459,0.0002625,3534.3
0,2842783,5,phononTF,0.000608864,-0.00300215,-0.00100459,0.000262498,3534.3,0.000608864,1,-0.00349144,-0.000532032,-0.0002625,3681.3
0,2842783,3,phononTS,0.00172721,0.00353476,0.00280958,0.000262498,20.0033,0.00172721,1,0.00322661,0.00277416,-0.0002625,140.663
0,2844308,4,phononTS,0.00050328,-0.00201453,-0.00141134,-0.000262498,1295.32,0.000382,1,-0.000997665,-0.000996084,0.0002625,1537.66
0,2851531,6,phononTS,0.00040185,0.00103936,0.000882354,-0.0002625,1117.65,0.000382,1,0.000995499,0.00100434,0.0002625,1452.48
0,2859360,9,phononTS,0.000407193,4.90808e-06,2.1035e-06,0.0002625,1320.43,0.000407193,1,-4.13411e-05,-0.000181018,-0.0002625,1532.71
0,2883213,2,phononTF,0.000391074,0.00149677,0.000514846,-0.0002625,710.062,0.000382,1,2.00882e-06,-0.0019951,0.0002625,1750.56
0,2883214,1,phononTS,0.01,0.00355769,0.00275532,-0.000206613,0,0.00564439,1,0.00365048,0.00278254,-0.0002625,332.981
0,2894404,8,phononTS,0.000538227,-7.32028e-07,-1.73188e-06,0.000262498,2673.01,0.000538227,1,2.33412e-05,0.000771984,-0.0002625,2859.64
0,2908802,6,phononTF,0.000385377,-0.00197995,0.00331761,-0.000262498,3299.43,0.000382,1,-0.000997044,0.000999573,0.0002625,3757.8
0,2916345,6,phononTS,0.000603155,0.00303544,0.000803838,-0.0002625,918.245,0.000382,1,0.00300145,0.00100478,0.0002625,1616.64
0,2925077,4,phononL,0.00281432,-0.000738142,0.000382272,-0.0002625,5.89115,0.001146,1,-0.000997956,0.00100155,0.0002625,2634.37
0,2925077,5,phononTS,0.000633753,-0.000997956,0.00100155,0.000262498,2634.37,0.000633753,1,-0.000243859,0.00108253,-0.0002625,2816.62
0,2959935,7,phononTS,0.000795778,0.00221404,0.00205033,-0.000262498,392.932,0.000382,1,0.00199785,0.0019987,0.0002625,507.103
0,2959935,8,phononTS,0.000396294,0.00199785,0.0019987,0.000262498,507.103,0.000396294,1,0.0019819,0.00195447,-0.0002625,597.277
0,2993873,8,phononTF,0.000886748,0.00202648,0.00223547,-0.000262498,457.047,0.000382,1,0.00199984,0.00200133,0.0002625,559.997
0,2993874,3,phononTS,0.00365794,0.00177999,-0.000903101,8.05211e-05,15.8533,0.00259039,1,0.00301577,0.000550554,-0.0002625,1699.69
0,2997694,4,phononTS,0.00261379,0.00324049,0.00188946,-0.0002625,60.8998,0.000764,1,0.00300179,0.000996921,0.0002625,487.565
0,3004926,6,phononTF,0.000511972,0.00299827,0.000996832,0.0002625,323.738,0.000511972,1,0.00354358,0.000468602,-0.0002625,1595.32
0,3004927,1,phononL,0.01,0.0025977,0.00151915,-0.000229183,0,0.006864,1,0.00257635,0.00152581,-0.0002625,1366.13
0,3016368,6,phononTS,0.000427304,0.000539994,0.00209953,-0.0002625,1101.49,0.000382,1,4.26445e-06,0.00199639,0.0002625,1886.49
0,3036495,6,phononTS,0.000463618,0.00294074,0.00139508,-0.0002625,330.001,0.000382,1,0.00200319,3.12842e-06,0.0002625,2285.66
0,3069438,6,phononTS,0.000528924,-0.000998149,0.00300131,0.000262498,1570.18,0.000528924,1,-0.000956644,0.00306737,-0.0002625,1665.7
0,3069438,2,phononTS,0.00141537,0.0030538,0.00243868,0.000262498,309.643,0.00138823,1,0.00377516,0.00246184,-0.0002625,488.285
0,3092103,8,phononTF,0.00053421,0.00249599,0.0023215,-0.000262498,936.406,0.000382,1,0.00199786,0.00200358,0.0002625,1078.61
0,3092103,4,phononTS,0.00198164,0.00350858,0.00272279,7.98638e-06,129.51,0.000499302,1,0.00196809,0.00233583,-0.0002625,466.237
0,3103499,7,phononTS,0.000536724,0.00202182,0.00192164,-0.000262498,351.399,0.000382,1,0.00199815,0.00200425,0.0002625,451.367
0,3143695,5,phononTF,0.000459959,0.00200495,1.53576e-06,0.0002625,1650.92,0.000459959,1,0.00166639,-0.00042921,-0.0002625,1917.74
0,3158873,4,phononTF,0.00050932,0.0036427,0.00167882,-0.0002625,477.044,0.000382,1,0.00300219,0.00099558,0.0002625,992.574
0,3220128,8,phononTF,0.000405377,0.00100149,-0.00299882,0.0002625,727.239,0.000405377,1,0.0011611,-0.00316063,-0.0002625,4666.51
0,3249206,6,phononTS,0.000759572,0.000176199,-0.00206984,-0.0002625,1194.59,0.000382,1,2.25652e-06,-0.00199872,0.0002625,1820.31
0,3254135,15,phononTF,0.000597267,0.00420043,-0.00438143,-0.0002625,4217.4,0.000597267,1,0.00433825,-0.005,-0.000202141,5301.89
0,3316038,5,phononTS,0.00140515,-0.00100423,-0.0010027,0.000262498,1703.85,0.00121366,1,-0.00104803,-0.00104513,-0.0002625,1792.97
0,3337848,2,phononTS,0.00255997,0.0019952,0.00199734,0.0002625,143.804,0.00229995,1,0.00170581,0.00177994,-0.0002625,818.017
0,3337849,1,phononTF,0.01,0.00357268,0.00306525,-0.000257456,0,0.0064957,1,0.0035654,0.00305542,-0.0002625,315.721
0,3358201,4,phononTS,0.000802554,0.0036833,0.00304989,-0.0002625,503.833,0.000382,1,0.00299528,0.000999596,0.0002625,1160.32
0,3382545,7,phononTF,0.000420156,0.00299962,0.00100205,0.0002625,425.069,0.000420156,1,0.00243946,0.000563735,-0.0002625,736.491
0,3415246,7,phononTS,0.000758226,0.00300433,0.000999508,0.0002625,1571.62,0.000758226,1,0.00304116,0.00101516,-0.0002625,1932.92
0,3425220,4,phononTS,0.00167522,-0.00203341,0.00199686,0.000242472,100.409,0.000382,1,-0.00199859,0.00199991,0.0002625,3167.91
0,3425698,2,phononTS,0.00256374,0.00173841,-0.00162779,-0.0002625,1165.33,0.001146,1,0.000997583,-0.00300049,0.0002625,2337.14
0,3433817,9,phononTF,0.000824641,0.00190144,0.00191245,-0.0002625,210.056,0.000382,1,0.00100273,0.00100421,0.0002625,882.842
0,3433818,1,phononTF,0.01,0.00366873,0.00281191,-0.000163066,0,0.00509819,1,0.0037341,0.002748,-0.0002625,189.059
0,3486110,3,phononTS,0.00191616,0.00300147,0.00100062,0.0002625,6.22739,0.000741074,1,0.00227086,0.00101562,-0.0002625,614.635
0,3512741,5,phononTS,0.000832513,-0.00289413,-0.00401993,-0.0002625,92.3618,0.000382,1,-0.00199842,-0.00200378,0.0002625,3193.27
0,3521044,4,phononTS,0.000765192,7.13407e-05,-0.000125847,-0.0002625,600.751,0.000382,1,-4.3472e-06,5.47361e-07,0.0002625,2539.66
0,3521045,1,phononTF,0.01,0.00294857,0.00240481,-0.000251247,0,0.00642678,1,0.00294014,0.00241358,-0.0002625,1166.49
0,3547085,3,phononTS,0.000554556,0.00199305,0.00188019,2.03734e-05,1.02309,0.000382,1,0.0019972,0.00200077,0.0002625,1239.71
0,3547085,2,phononTF,0.00101641,0.00345333,0.00275629,0.000262498,1.02309,0.00101641,1,0.00291333,0.00219858,-0.0002625,162.26
0,3554229,3,phononTF,0.000906412,0.0025197,0.00273219,-0.000262498,501.255,0.000382,1,0.0020029,0.0019965,0.0002625,686.512
0,3554229,2,phononTF,0.000581632,-0.0004957,0.005,-9.47177e-05,501.255,0.000581632,1,0.000204306,0.00433404,-0.0002625,1318.35
0,3554230,1,phononTS,0.01,0.00304364,0.00196704,-0.000227956,0,0.00731005,1,0.00304208,0.00191986,-0.0002625,618.56
0,3556568,9,phononTF,0.00109998,0.000997673,-0.000999441,0.000262498,1620.14,0.000427245,1,0.00096579,-0.00107421,-0.0002625,1711.5
0,3561294,5,phononTF,0.000601467,0.00300079,0.00100198,0.000262498,1235.55,0.000344133,1,0.00340833,0.00142522,-0.0002625,1370.34
0,3561294,2,phononTS,0.00089094,0.00339717,0.00279991,0.000262498,32.088,0.00061874,1,0.00341692,0.00204224,-0.0002625,215.227
0,3573722,5,phononTS,0.000541926,-0.00327964,-0.000374681,-0.0002625,405.973,0.000382,1,-0.00200283,-4.14306e-06,0.0002625,2925.28
0,3573722,2,phononTS,0.00134392,0.0037393,0.00288307,0.000262498,81.0073,0.000892101,1,0.00301207,0.00217004,-0.0002625,318.867
0,3579413,2,phononTS,0.00128996,0.00300208,0.00100436,0.0002625,42.2135,0.00111712,1,0.00280937,0.000153984,-0.0002625,655.452
0,3612081,4,phononTS,0.000610296,0.00183022,0.0010947,-0.0002625,283.194,0.000382,1,0.00100231,0.000999869,0.0002625,1018.53
0,3612081,2,phononTF,0.000617768,0.00345003,0.0027734,0.000262498,5.21841,0.000617768,1,0.00345352,0.00296618,-0.0002625,104.121
0,3650808,3,phononTS,0.00187627,0.0022647,0.00212912,-0.0002625,324.488,0.000764,1,0.00200058,0.00200403,0.0002625,1413.6
0,3650808,2,phononTS,0.000736513,0.00395847,0.00302768,0.000262498,324.488,0.000736513,1,0.00402148,0.00306127,-0.0002625,420.063
0,3689393,5,phononTF,0.000396582,0.00260886,0.00061099,-0.0002625,776.619,0.000382,1,0.00300264,0.00100393,0.0002625,1170.29
0,3702380,5,phononTS,0.000858647,0.00299898,0.00100494,0.000262498,465.299,0.000858647,1,0.00243674,0.00241849,-0.0002625,784.886
0,3708222,7,phononTF,0.000523115,0.00205419,-0.00205054,-0.000262498,1662.99,0.000382,1,0.00199963,-0.00199893,0.0002625,1753.78
0,3708223,1,phononTS,0.01,0.00370198,0.00242929,-0.000216544,0,0.00553597,1,0.00377111,0.00241695,-0.0002625,360.893
0,3710099,4,phononTS,0.00237934,0.00362369,-1.40629e-05,-0.0002625,9.92029,0.000382,1,0.00199773,-0.00199584,0.0002625,1281.22
0,3710099,5,phononL,0.00125192,0.00199773,-0.00199584,0.000262498,1281.22,0.000744717,1,0.002015,-0.00102764,-0.0002625,1399.35
0,3716544,7,phononTS,0.000570001,0.00302203,0.00100317,-0.000262498,994.997,0.000382,1,0.00300171,0.000996222,0.0002625,1084.75
0,3763044,6,phononL,0.000673288,0.00316302,0.00164619,-0.0002625,2340.09,0.000382,1,0.00299996,0.00100384,0.0002625,2613.41
0,3781813,8,phononTS,0.000561448,-0.000999024,0.00100138,0.000262498,2699.08,0.000561448,1,-0.00126119,0.00218098,-0.0002625,2962.63
0,3782693,9,phononTS,0.000539314,-0.00147258,0.00168362,-0.000262498,2675.21,0.000382,1,-0.0010027,0.00300034,0.0002625,2977.54
0,3813708,6,phononL,0.000602979,-0.00299568,-0.00100466,0.000262498,2288.41,0.000602979,1,-0.00327864,-0.000703804,-0.0002625,2362.01
0,3829743,2,phononTF,0.000922534,0.00161908,-0.00038966,-0.0002625,797.436,0.000382,1,0.000995769,-0.00100112,0.0002625,3004.9
0,3856355,3,phononTS,0.00110768,0.00322735,0.00189277,-0.0002625,5.77568,0.000382,1,0.00299599,0.000997339,0.0002625,440.148
0,3856355,2,phononTF,0.00118179,0.0034587,0.00278819,0.000262498,5.77568,0.000697856,1,0.00300753,0.00232066,-0.0002625,148.678
0,3864765,6,phononTS,0.00084244,0.00190959,0.00135948,-0.0002625,660.181,0.000382,1,0.00200024,0.00199874,0.0002625,1101.11
0,3864765,3,phononTF,0.000811732,0.00109904,0.005,-0.000255844,280.002,0.000811732,1,0.00109982,0.00494722,-0.0002625,814.016
0,3864765,2,phononTS,0.000653166,0.00345487,0.00316902,0.000262498,280.002,0.000515867,1,0.00365944,0.00253187,-0.0002625,457.59
0,3864766,1,phononTF,0.01,0.00370038,0.00298421,-0.00023567,0,0.00683147,1,0.00370852,0.00297642,-0.0002625,402.604
0,3878216,4,phononTS,0.000641294,0.00255418,0.0020529,-0.0002625,438.192,0.000382,1,0.00200017,0.00199741,0.0002625,897.431
0,3907197,7,phononTS,0.00119505,0.00299749,0.00100273,0.000262498,829.155,0.000343242,1,0.00326005,0.001906,-0.0002625,1049.48
0,3947588,9,phononTS,0.00102684,0.00300393,0.00100408,0.000262498,671.413,0.000558275,1,0.00484233,-0.00128813,-0.0002625,1239.77
0,3955558,3,phononL,0.00298075,0.00199934,0.00199683,0.0002625,79.0448,0.00214435,1,0.0012736,0.00159968,-0.0002625,403.447
0,3959566,7,phononTF,0.000394993,-0.005,-0.00016262,-0.000171336,4919.63,0.000394993,1,-0.00494702,-0.000216771,-0.0002625,5630.48
0,3965012,5,phononTS,0.000705229,0.0031495,0.00137929,-0.0002625,150.412,0.000382,1,0.00300155,0.00100132,0.0002625,1307
0,3972196,5,phononTF,0.000466793,0.0030038,0.00100059,0.000262498,1712.13,0.000466793,1,0.00282388,0.00103971,-0.0002625,1810
0,3976006,9,phononTF,0.000394852,0.00219858,0.00181331,-0.0002625,1678.07,0.000382,1,0.00200391,0.00200273,0.0002625,2427.36
0,4032161,2,phononL,0.000654342,0.00236874,0.00213448,-0.0002625,258.932,0.000382,1,0.00199821,0.00200484,0.0002625,559.572
0,4055304,2,phononTS,0.0039405,0.00134956,0.00117464,-0.0002625,558.324,0.000382,1,-0.00200409,-0.00200001,0.0002625,1741.29
0,4055304,10,phononTF,0.00123473,-0.00200409,-0.00200001,0.000262498,1741.29,0.000899175,1,-0.00159969,-0.00159032,-0.0002625,1874.83
0,4055304,9,phononTS,0.00123334,-0.00200409,-0.00200001,0.000262498,1741.29,0.000658931,1,-0.00266625,-0.00205199,-0.0002625,1909.37
0,4060333,8,phononTS,0.000467617,0.00100061,0.000995828,0.000262498,840.412,0.000467617,1,0.00171127,0.000947766,-0.0002625,1016.75
0,4074449,2,phononTF,0.000917554,0.00133425,0.00111785,-0.0002625,402.502,0.000382,1,0.000998008,0.000997741,0.0002625,1531.65
0,4084877,2,phononTF,0.0027001,0.00164411,0.00146557,-0.0002625,84.1799,0.001146,1,0.00100167,0.000997183,0.0002625,760.478
0,4111992,5,phononTF,0.000615279,0.000997219,-0.00299518,0.000262498,3063.96,0.000615279,1,0.000578506,-0.00228803,-0.0002625,3240.74
0,4137467,7,phononTS,0.000717443,-0.0019996,-2.27036e-06,0.000262498,9832.45,0.000717443,1,-0.00199972,-0.000544635,-0.0002625,9979.27
0,4162478,4,phononTF,0.0019709,0.00439091,0.00169244,-0.0002625,1.29317,0.000764,1,0.00300432,0.00100274,0.0002625,810.982
0,4162478,5,phononTF,0.000723185,0.00300432,0.00100274,0.000262498,810.982,0.000352592,1,0.00207987,9.74032e-05,-0.0002625,1049.95
0,4200940,6,phononTS,0.000405253,0.00266346,0.00106462,-0.000262498,636.411,0.000382,1,0.00299761,0.000998261,0.0002625,764.928
0,4201159,5,phononTF,0.000671189,0.00235404,0.00229559,-0.0002625,230.528,0.000382,1,0.00199581,0.00199715,0.0002625,1031.69
0,4207808,2,phononTF,0.000847699,0.00285647,0.00198861,-0.0002625,2.66122,0.000382,1,0.000996831,0.00100092,0.0002625,1431.63
0,4245246,4,phononTF,0.000773593,-0.00212544,0.00179326,-0.0002625,508.833,0.000382,1,-0.00200281,0.00200134,0.0002625,3702.81
0,4274347,3,phononTF,0.00230992,0.0016769,0.00166367,-0.0002625,50.7729,0.000764,1,0.000999038,0.00100411,0.0002625,1902.57
0,4274347,6,phononTS,0.00083805,0.000999038,0.00100411,0.000262498,1902.57,0.00083805,1,0.00098405,0.000950057,-0.0002625,1992.5
0,4283445,11,phononTS,0.000513541,-9.56006e-07,0.00200001,0.000262498,1680.54,0.000513541,1,0.000847172,0.0033241,-0.0002625,1998.96
0,4295523,2,phononTS,0.000988777,0.00297729,0.00138945,-0.0002625,114.666,0.000764,1,0.00299999,0.00100075,0.0002625,2381.52
0,4295864,7,phononTF,0.000891923,0.00286025,-0.00112582,-0.0002625,1724.51,0.000382,1,0.00100058,-0.00300262,0.0002625,10349.8
0,4371999,7,phononTS,0.00260358,-0.005,-0.00216772,-0.000188273,787.216,0.000382,1,-0.00299912,-0.00100022,0.0002625,3143.88
0,4371999,11,phononTS,0.00173199,-0.00299912,-0.00100022,0.000262498,3143.88,0.00158371,1,-0.00304989,-0.00105658,-0.0002625,3238.36
0,4396386,5,phononTS,0.000560655,-2.71323e-05,0.0014113,-0.0002625,1749.26,0.000382,1,1.02251e-06,0.00199761,0.0002625,4656.96
0,4396387,1,phononL,0.01,0.00337646,0.00278671,-0.000187958,0,0.00662947,1,0.0032921,0.00279263,-0.0002625,618.276
0,4478975,4,phononTS,0.000578242,0.0016083,0.00213651,-0.0002625,23.8565,0.000382,1,-3.70897e-06,-2.85732e-06,0.0002625,1723.78
0,4478975,3,phononTS,0.00159011,0.00345239,0.00272991,0.000262498,23.8565,0.00159011,1,0.00283373,0.0028437,-0.0002625,193.146
0,4551870,9,phononL,0.000667774,0.00299575,0.000999494,0.000262498,540.374,0.000667774,1,0.00317295,0.00154288,-0.0002625,624.333
0,4551870,3,phononTS,0.00088491,0.00346119,0.00278101,0.000262498,16.1415,0.00088491,1,0.00305249,0.00142326,-0.0002625,316.742
0,4555455,5,phononTS,0.000838829,0.00200335,0.0020026,0.000262498,884.958,0.000502012,1,0.00203746,0.00194841,-0.0002625,977.769
0,4580807,5,phononTS,0.000447165,0.00331832,0.000862388,-0.0002625,1059.4,0.000382,1,0.00299829,0.000997809,0.0002625,1537.22
0,4609429,5,phononTS,0.000504566,0.000896484,0.005,-0.0001766,143.997,0.000382,1,-0.00199967,0.00199781,0.0002625,1487.03
0,4609429,3,phononTF,0.000583647,0.00343776,0.00281708,0.000262498,14.8919,0.000583647,1,0.00307803,0.00252072,-0.0002625,137.477
0,4609429,2,phononTS,0.00044566,0.00343776,0.00281708,0.000262498,14.8919,0.00044566,1,0.00376303,0.00279464,-0.0002625,139.957
0,4612370,3,phononTF,0.00233395,0.00167688,0.00136059,-0.0002625,9.54504,0.000382,1,0.00100289,0.00100101,0.0002625,698.463
0,4612370,4,phononTS,0.00133221,0.00100289,0.00100101,0.000262498,698.463,0.00133221,1,0.000967769,0.00103701,-0.0002625,787.855
0,4612370,2,phononTS,0.00132038,0.00351623,0.00278436,0.000262498,9.54504,0.000342149,1,0.00348938,0.00281334,-0.0002625,99.1266
0,4614027,4,phononTS,0.00107974,0.00210882,0.00100239,-0.0002625,23.1436,0.000382,1,0.000999857,0.000996993,0.0002625,896.536
0,4630195,9,phononL,0.000404266,-0.000997549,0.00100308,0.000262498,2975.98,0.000404266,1,-0.00107165,0.000714253,-0.0002625,3043.76
0,4630195,4,phononTF,0.000957681,-0.005,0.000233874,-3.48903e-05,719.417,0.000624073,1,-0.00401367,-0.000170407,-0.0002625,2861.93
0,4640215,9,phononTS,0.000437841,-0.005,0.0021946,-0.000246907,1137.58,0.000437841,1,-0.00454782,0.00268251,-0.0002625,4177.16
0,4647614,6,phononTF,0.000415501,0.00100206,0.00100283,0.000262498,895.121,0.000415501,1,0.000993556,0.000912178,-0.0002625,987.076
0,4675915,6,phononTF,0.000685432,-0.00119648,-0.00108523,-0.000262498,4155.33,0.000382,1,-0.000997653,-0.00100065,0.0002625,4255.18
0,4675915,2,phononTF,0.00143444,0.00325305,0.00267653,0.000262498,544.937,0.00126104,1,0.00316818,0.00259877,-0.0002625,637.067
0,4680324,6,phononTF,0.000918505,0.00200419,0.00199874,0.000262498,765.667,0.000918505,1,0.00195683,0.00159349,-0.0002625,890.65
0,4693537,3,phononTS,0.00097525,-0.000847646,-0.00110655,-0.0002625,93.5547,0.000382,1,-0.000998604,-0.00100445,0.0002625,1422.84
0,4693537,2,phononTS,0.000403285,0.00331345,0.0028717,0.000262498,93.5547,0.000403285,1,0.00317458,0.00300063,-0.0002625,205.897
0,4697323,4,phononTS,0.0014012,0.000894424,-0.00122102,-0.0002625,52.4776,0.000764,1,0.000996065,-0.00100334,0.0002625,1133.22
0,4710366,4,phononTS,0.00205075,0.00292079,0.00285635,-0.0002625,26.8501,0.001146,1,-0.000997641,-0.000997754,0.0002625,2127.72
0,4710366,3,phononTS,0.0009867,0.005,0.000977149,-8.32094e-05,26.8501,0.000686066,1,0.00367791,0.00230221,-0.0002625,767.181
0,4710366,2,phononTF,0.000554646,0.0034144,0.00267065,0.000262498,26.8501,0.000554646,1,0.00403484,0.00205785,-0.0002625,201.092
0,4748097,4,phononTF,0.00223517,-0.00162945,0.00237918,-0.0002625,310.703,0.000382,1,-0.00199575,0.00200411,0.0002625,2532.9
0,4756211,6,phononTS,0.000523536,0.000209275,-0.00186133,-0.0002625,359.621,0.000382,1,0.000998219,-0.00299544,0.0002625,3359.81
0,4791106,2,phononTS,0.000444462,-0.00297778,-0.00110115,-0.0002625,39.986,0.000382,1,-0.00300243,-0.000995067,0.0002625,1933.47
0,4803712,5,phononTF,0.00123193,0.00200189,0.00200159,0.0002625,285.321,0.000506315,1,0.00167744,0.00231772,-0.0002625,522.683
0,4829859,6,phononTS,0.000418784,0.00097514,-0.00100429,-0.000262498,1683.36,0.000382,1,0.000996823,-0.000998496,0.0002625,1775.71
0,4830913,9,phononTS,0.000530215,0.00299696,0.00100293,0.000262498,3834.82,0.000530215,1,0.00319457,0.000987391,-0.0002625,3944.99
0,4830913,2,phononTF,0.00173567,0.00345229,0.00267905,0.000172531,12.773,0.00173567,1,0.00299396,0.00223561,-0.0002625,145.605
0,4878201,3,phononTF,0.00188808,0.00171338,0.00388807,-0.0002625,277.389,0.001146,1,-2.32865e-06,-0.00199746,0.0002625,2135.94
0,4878201,2,phononTS,0.00052531,0.005,0.00262236,9.02988e-05,277.389,0.00052531,1,0.00408341,0.0028086,-0.0002625,772.86
0,4878202,1,phononTF,0.01,0.0034442,0.00258568,-0.000255392,0,0.00749799,1,0.00344658,0.0025829,-0.0002625,433.972
0,4887794,6,phononL,0.000545743,0.00142483,0.0008227,-0.000262498,1020.35,0.000382,1,0.00100207,0.000996614,0.0002625,1096.36
0,4908210,7,phononTS,0.000403643,0.000889603,-0.000719591,-0.0002625,2054.06,0.000382,1,0.00200273,-1.48389e-06,0.0002625,2924.88
0,4930958,6,phononTS,0.000970228,0.00214419,0.000376612,-0.0002625,161.687,0.000382,1,0.0019967,4.78688e-06,0.0002625,1341.74
0,4971386,3,phononTS,0.00648754,0.00298305,0.000993542,0.000152354,680.796,0.001146,1,0.003,0.000998137,0.0002625,1389.37
0,5004060,3,phononTF,0.00270121,0.00158731,0.00159757,-0.0002625,1.36488,0.000382,1,0.00100209,0.00100415,0.0002625,664.815
0,5027416,6,phononTS,0.00101528,0.00297732,0.005,0.000200348,1162.29,0.000382,1,-4.62686e-06,0.00199832,0.0002625,2921.1
0,5027416,5,phononTF,0.000415124,-0.005,0.00284339,-0.000122854,1162.29,0.000415124,1,-0.00480816,0.00303104,-0.0002625,3194.26
0,5028806,7,phononTS,0.000416475,-0.00200432,4.24241e-06,0.000262498,1768.55,0.000416475,1,-0.0020494,-1.02962e-05,-0.0002625,1858.6
0,5028806,2,phononTS,0.00586233,0.00345104,0.00273333,0.000203469,9.70738,0.00434939,1,0.00324043,0.00268704,-0.0002625,113.083
0,5071402,3,phononTS,0.00109764,0.000227462,-0.00187877,-0.0002625,18.1643,0.000382,1,2.90131e-06,-0.00199731,0.0002625,1772.94
0,5071402,5,phononTF,0.000629014,2.90131e-06,-0.00199731,0.000262498,1772.94,0.000629014,1,0.000219999,-0.00155957,-0.0002625,1904.14
0,5084347,5,phononTS,0.00104163,-0.0020022,-0.00200105,0.0002625,1076.89,0.00104163,1,-0.00199667,-0.00194963,-0.0002625,3940.69
0,5084347,2,phononTF,0.0012527,0.00225666,-0.005,-7.3137e-05,74.8945,0.0012527,1,0.00242125,-0.00474131,-0.0002625,1714.08
0,5095556,4,phononTF,0.00176117,0.00369417,0.0016898,-0.0002625,220.463,0.000764,1,0.00300452,0.000996596,0.0002625,600.881
0,5100231,5,phononTS,0.00219738,9.43401e-07,0.00199534,0.0002625,75.4945,0.00116857,1,-1.85701e-05,0.00204808,-0.0002625,1023.95
0,5150846,8,phononTS,0.000386097,0.00299744,0.00100089,0.000262498,2576.11,0.000386097,1,0.00295729,0.000914447,-0.0002625,2673.16
0,5169203,3,phononTF,0.00429459,0.00340856,0.00141448,-0.000227557,438.226,0.001146,1,0.00300405,0.00100301,0.0002625,1132.76
0,5169203,6,phononTF,0.000480938,0.00300405,0.00100301,0.000262499,1132.76,0.000480938,1,0.00334776,0.000416359,-0.0002625,1288.84
0,5169203,5,phononTS,0.00123265,0.00300405,0.00100301,0.000262499,1132.76,0.000757933,1,0.00347113,0.00124373,-0.0002625,1290.41
0,5190919,5,phononTS,0.00073888,0.00100312,0.000999838,0.0002625,1207.51,0.00073888,1,-0.000328413,0.000945442,-0.0002625,2404.55
0,5190919,2,phononTS,0.00115248,0.00344725,0.00276249,0.000262498,15.4979,0.00108907,1,0.00231226,0.00326015,-0.0002625,282.282
0,5207267,9,phononTS,0.00252541,0.00200467,2.12188e-06,0.000262498,2048.62,0.000706786,1,0.00198888,-4.2364e-05,-0.0002625,2140.52
0,5213437,4,phononTS,0.00109226,0.0032686,0.00144482,-0.0002625,139.847,0.000382,1,0.00299622,0.00099779,0.0002625,613.544
0,5229233,5,phononTS,0.000863045,0.00199704,-4.59321e-06,0.000262499,1580.67,0.000863045,1,0.0017137,-4.55114e-05,-0.0002625,1698.15
0,5240857,2,phononTS,0.00292679,0.00112821,0.00202492,-0.0002625,13.6298,0.001528,1,0.00100404,0.000995931,0.0002625,2604.47
0,5270802,6,phononTF,0.000395408,-0.0010014,0.000996936,0.0002625,1289.88,0.000395408,1,-0.000799718,0.00118728,-0.0002625,1494.03
0,5270802,2,phononTF,0.00244362,0.00351211,0.00281764,0.000262498,23.2294,0.00116807,1,0.00380906,0.00251128,-0.0002625,139.006
0,5273793,4,phononTS,0.00252185,0.00287205,0.005,-0.000213768,365.305,0.000382,1,1.67584e-06,0.00200214,0.0002625,1592.75
0,5273793,6,phononL,0.000637528,1.67584e-06,0.00200214,0.000262498,1592.75,0.000278923,1,8.97049e-05,0.0017925,-0.0002625,1658.17
0,5280994,3,phononTS,0.00277509,0.00320732,0.00187303,-0.0002625,10.4438,0.001146,1,0.00300047,0.00100439,0.0002625,426.591
0,5280994,5,phononTS,0.0010436,-0.0013021,0.005,-0.00024513,426.591,0.0010436,1,-0.00129989,0.00497763,-0.0002625,1461.53
0,5298075,5,phononTS,0.00045402,-0.00390495,-0.00243555,-0.000262498,3563.33,0.000382,1,-0.00199716,-8.24842e-07,0.0002625,4143.21
0,5298075,3,phononTF,0.00151092,0.00327507,0.00268148,0.000262498,51.8037,0.000958432,1,0.00301441,0.00294151,-0.0002625,161.581
0,5298075,2,phononTS,0.000962027,0.00327507,0.00268148,0.000262498,51.8037,0.000962027,1,0.00323614,0.00265078,-0.0002625,141.24
0,5307967,7,phononL,0.000423376,-0.00151495,0.000102841,-0.0002625,115.252,0.000382,1,-0.000996828,-0.000995341,0.0002625,1757.04
0,5307967,2,phononTS,0.00162996,0.00349693,0.00275923,0.000262498,20.2452,0.00069861,1,0.00408294,0.0042721,-0.0002625,356.665
0,5312795,2,phononTS,0.00153793,-0.000639827,0.000616164,-0.0002625,121.377,0.000382,1,-0.00200493,-2.07031e-06,0.0002625,1373.47
0,5312795,5,phononTF,0.000861243,-0.00200493,-2.07031e-06,0.000262498,1373.47,0.000861243,1,-0.00221277,-0.000220617,-0.0002625,1477.06
0,5314898,5,phononTS,0.00226057,0.00252256,0.00261598,-0.0002625,7.33677,0.000764,1,0.00199978,0.00200221,0.0002625,582.234
0,5314898,6,phononTF,0.000596614,0.00199978,0.00200221,0.000262498,582.234,0.000596614,1,0.00284404,0.00258715,-0.0002625,787.347
0,5314898,4,phononTS,0.000646287,0.00344836,0.00273716,0.000262498,7.33677,0.000646287,1,0.00349311,0.00281287,-0.0002625,103.512
0,5327757,7,phononTF,0.000495728,-0.000177657,0.00211844,-0.0002625,1296.57,0.000382,1,-4.85706e-06,0.00200282,0.0002625,1590.63
0,5327757,2,phononTS,0.0012324,0.00351094,0.00299597,0.000262498,130.712,0.000559675,1,0.0034781,0.00257195,-0.0002625,268.867
0,5347239,3,phononTF,0.000447092,0.00366403,0.00290018,-0.000262498,278.644,0.000382,1,0.0020012,0.0019994,0.0002625,628.286
0,5351712,3,phononTF,0.00228412,0.0023168,0.00161395,-0.0002625,19.1109,0.000382,1,0.00200327,0.00199624,0.0002625,528.147
0,5354670,2,phononTS,0.00156544,0.000308784,0.00413224,-0.0002625,188.803,0.000382,1,-0.00100327,0.00300193,0.0002625,2062.09
0,5354670,4,phononTS,0.000696603,-0.00100327,0.00300193,0.000262498,2062.09,0.000696603,1,-0.00103432,0.00304642,-0.0002625,2151.6
0,5354671,1,phononL,0.01,0.00331322,0.0028107,-0.000236564,0,0.00516682,1,0.00331876,0.00281312,-0.0002625,288.938
0,5356040,7,phononTF,0.000384589,0.000996726,-0.00299736,0.000262498,2524.16,0.000384589,1,0.00096315,-0.00296355,-0.0002625,2614.41
0,5356040,3,phononTS,0.00122435,0.00344468,0.00275412,0.000262498,2.09582,0.00122435,1,0.00334584,0.00292178,-0.0002625,114.644
0,5373611,7,phononTS,0.000619769,0.00199891,0.00199657,0.0002625,366.923,0.000619769,1,0.000574112,0.00128524,-0.0002625,1030.09
0,5377575,7,phononL,0.000691356,0.00314695,0.000824036,-0.0002625,1214.81,0.000382,1,0.00299533,0.00100485,0.0002625,3092.26
0,5385200,3,phononTS,0.000806791,0.00308435,0.00176222,-0.0002625,513.039,0.000382,1,0.00299633,0.000997243,0.0002625,1081.76
0,5421521,4,phononTS,0.00143616,0.000810897,0.00213677,-0.0002625,284.48,0.000382,1,-7.12612e-07,0.00200004,0.0002625,1068.43
0,5421521,5,phononTF,0.000795633,-7.12612e-07,0.00200004,0.000262498,1068.43,0.000795633,1,0.000300685,0.00229587,-0.0002625,1183.77
0,5421521,2,phononTS,0.00546973,0.00324475,0.00254605,0.000260833,284.112,0.00335,1,0.00324872,0.0026922,-0.0002625,388.264
0,5433455,6,phononTS,0.00186031,0.00293317,0.00192286,-0.0002625,993.786,0.001146,1,0.00300478,0.00100386,0.0002625,1418.66
0,5433455,5,phononTF,0.000659674,0.00286156,0.00284185,0.000262498,993.786,0.000270314,1,0.00342722,0.00229683,-0.0002625,1156.41
0,5438952,5,phononTS,0.000413115,0.000980476,-0.000136143,-0.0002625,94.6565,0.000382,1,0.000999676,-0.000996616,0.0002625,1549.12
0,5438952,4,phononTF,0.00196976,0.00306228,0.00297498,0.000262498,94.6565,0.00145198,1,0.00297766,0.00305812,-0.0002625,186.8
0,5492865,3,phononL,0.00174316,0.000719552,0.00212672,-0.0002625,11.3811,0.000382,1,-2.55123e-06,0.00199567,0.0002625,562.526
0,5493036,5,phononTS,0.00096209,0.00342916,0.00266498,-0.000262498,221.457,0.000382,1,0.00199718,0.00200425,0.0002625,551.317
0,5493036,6,phononTS,0.000513102,0.00199718,0.00200425,0.000262498,551.317,0.000513102,1,0.00165307,0.00197202,-0.0002625,679.186
0,5503348,7,phononTF,0.000409147,0.00265632,0.00192189,-0.0002625,1073.04,0.000382,1,-0.00199731,3.77718e-06,0.0002625,2991.13
0,5507487,2,phononTS,0.00154203,-0.00110993,-0.005,9.6622e-06,510.561,0.000382,1,0.000996008,-0.00299563,0.0002625,2665.99
0,5508455,4,phononTS,0.000638982,0.00177358,0.00133885,-0.0002625,515.406,0.000382,1,0.00100279,0.000997924,0.0002625,1097.35
0,5519134,2,phononTS,0.000400215,-0.000611753,0.00289519,-0.0002625,1170.71,0.000382,1,-0.00199568,0.00199682,0.0002625,3486.32
0,5524885,8,phononTF,0.000629015,-0.000998918,0.000996276,0.000262498,1888.49,0.000629015,1,-0.00126441,0.00072231,-0.0002625,1999.56
0,5590592,4,phononL,0.00183432,0.0027743,0.00233849,-0.0002625,21.5252,0.000382,1,0.00200228,0.00199589,0.0002625,239.833
0,5590592,5,phononTS,0.00125394,0.00200228,0.00199589,0.000262498,239.833,0.000584438,1,-0.000752181,0.00367875,-0.0002625,858.853
0,5590592,3,phononTS,0.000956335,0.00354632,0.00268109,0.000262498,21.5252,0.000535374,1,0.00365562,0.00224221,-0.0002625,165.878
0,5594014,5,phononTF,0.000977757,-0.00281463,0.00116691,-0.000262498,7455.11,0.000382,1,-0.0019977,0.00200179,0.0002625,7674.27
0,5594014,3,phononTS,0.00151591,0.00304971,0.00287952,0.000262498,224.875,8.90523e-05,1,0.00220851,0.00290469,-0.0002625,422.947
0,5613273,6,phononTS,0.000416344,0.00278029,0.005,-0.000260779,2327.11,0.000382,1,-0.00100211,0.00100441,0.0002625,3349.77
0,5642455,3,phononTS,0.00171009,0.0033813,0.00132213,-0.0002625,18.3119,0.000764,1,0.00300204,0.000995056,0.0002625,889.53
0,5642455,4,phononTF,0.000557534,0.00300204,0.000995056,0.000262498,889.53,0.000557534,1,0.00372429,0.000684293,-0.0002625,1065.84
0,5642455,2,phononTS,0.00192692,0.00353846,0.00270865,0.000262498,18.3119,0.00144589,1,0.00302737,0.00121973,-0.0002625,346.455
0,5648624,10,phononTF,0.000441382,0.00199849,0.00200082,0.000262498,1863.58,0.000441382,1,0.00146299,0.00103912,-0.0002625,2084.38
0,5693284,2,phononTF,0.00134312,-0.0033846,-0.00102517,-0.0002625,5.2076,0.000382,1,-0.00300282,-0.000996224,0.0002625,2509.23
0,5693284,7,phononTF,0.000580836,-0.00300282,-0.000996224,0.000262498,2509.23,0.000580836,1,-0.00283093,-0.00117687,-0.0002625,2608.68
0,5699998,7,phononTF,0.000566019,0.00100439,0.00100043,0.000262498,618.512,0.000566019,1,0.000967281,0.00108688,-0.0002625,710.365
0,5704796,10,phononTS,0.000410983,-0.00300235,-0.00100331,0.000262498,3635.29,0.000410983,1,-0.00249887,-0.000409125,-0.0002625,3833.86
0,5704796,2,phononTS,0.00501248,0.00240553,0.00190649,7.80683e-05,71.4651,0.00332591,1,0.00242892,0.00196926,-0.0002625,361.274
0,5744207,2,phononTF,0.000486279,0.00112777,0.000915237,-0.0002625,537.041,0.000382,1,0.00100243,0.00100117,0.0002625,1936.5
0,5770172,6,phononTS,0.000864291,0.00200228,1.09268e-06,0.000262498,6595.53,0.000581614,1,0.00277027,-1.78464e-05,-0.0002625,6781.43
0,5772930,3,phononL,0.00257842,0.00192953,0.00236076,-0.0002625,39.0176,0.000764,1,0.00199816,0.00199813,0.0002625,380.474
0,5772930,4,phononTF,0.00108969,0.00199816,0.00199813,0.000262498,380.474,0.000344939,1,0.00218618,0.00218876,-0.0002625,481.364
0,5791089,7,phononTF,0.000489008,0.00238572,0.00232539,-0.0002625,114.031,0.000382,1,0.00200062,0.00200284,0.0002625,494.394
0,5791089,3,phononTF,0.000601858,0.00343669,0.00275516,0.000262498,3.4068,0.000601858,1,0.00327791,0.00258879,-0.0002625,101.503
0,5791089,2,phononTS,0.00136453,0.00343669,0.00275516,0.000262498,3.4068,0.00133714,1,0.00282936,0.00299501,-0.0002625,179.4
0,5794596,4,phononTS,0.00194821,0.00154205,-0.000102925,-0.0002625,107.405,0.000764,1,4.39264e-06,-0.00200175,0.0002625,1893.8
0,5794596,7,phononTF,0.00084448,4.39264e-06,-0.00200175,0.000262498,1893.8,0.00084448,1,0.00291397,-0.00165134,-0.0002625,2430.88
0,5794596,3,phononL,0.00157283,0.005,0.00268461,-0.000247387,107.405,0.00149104,1,0.00498486,0.00268889,-0.0002625,300.63
0,5794596,2,phononTS,0.00160549,0.00332448,0.00255753,0.000262498,107.405,0.00160549,1,0.00057149,0.000986942,-0.0002625,715.538
0,5801533,4,phononTF,0.000454136,0.00344774,0.0014422,-0.000262498,1287.74,0.000382,1,0.00300445,0.000997893,0.0002625,1427.82
0,5828372,6,phononTS,0.000417924,0.00199544,0.00200474,0.000262498,697.108,0.000417924,1,0.00215181,0.00205179,-0.0002625,800.505
0,5837620,4,phononTS,0.00306248,0.00199985,0.00200246,0.000262498,918.596,0.00235193,1,0.00199335,0.00200269,-0.0002625,1011.26
0,5857629,2,phononTS,0.00179945,0.000523098,-0.000605358,-0.0002625,8.23193,0.000382,1,-0.00199696,-0.00199604,0.0002625,1906.07
0,5938525,8,phononTS,0.000671605,0.00197918,0.00202911,-0.0002625,1223.67,0.000382,1,0.00200306,0.00199981,0.0002625,1492.34
0,5938525,6,phononTS,0.00109888,0.00301899,0.00323636,0.000262498,745.847,0.000660491,1,0.00300155,0.00245037,-0.0002625,936.628
0,5938683,3,phononTS,0.0011559,-0.00333836,-0.00235887,-0.0002625,515.731,0.000764,1,-0.00199967,-0.00200057,0.0002625,3674.52
0,5938683,2,phononTS,0.000586269,0.00354145,0.00312633,0.000262498,515.731,0.000586269,1,0.00334247,0.00308134,-0.0002625,623.573
0,5939741,6,phononL,0.000455939,-0.00299541,-0.00100254,0.000262498,2185.15,0.000455939,1,-0.00278318,-0.00174689,-0.0002625,2286.34
0,5958030,2,phononTF,0.000896317,0.00301588,0.00226023,-6.71907e-05,96.5116,0.000382,1,0.00100096,0.00100032,0.0002625,655.687
0,5973212,8,phononTS,0.000462788,0.0029422,0.00231093,-0.000262498,369.973,0.000382,1,0.00199685,0.00200185,0.0002625,599.729
0,5987103,4,phononTS,0.00282846,0.0031653,0.00116847,-0.0002625,205.475,0.001528,1,1.71755e-06,-0.00199682,0.0002625,1625.85
0,5991095,5,phononL,0.00217078,-0.00299693,-0.00100303,0.000262498,2810.29,0.00165928,1,-0.00304178,-0.000696349,-0.0002625,2878.5
0,5991095,3,phononTS,0.00215755,0.00305668,0.00415479,-0.0002625,188.636,0.00215755,1,0.00285956,0.005,0.000242839,601.453
0,5991095,2,phononTF,0.00259487,0.00326146,0.0032767,0.000262498,188.636,0.00103364,1,0.00301632,0.00302884,-0.0002625,296.521
0,6001427,7,phononTS,0.000923883,0.00233323,0.00319013,-0.000262498,653.526,0.000382,1,0.00200389,0.00200362,0.0002625,921.345
0,6001428,1,phononTF,0.01,0.00310233,0.00359346,-0.000258346,0,0.00743084,1,0.00309985,0.00359605,-0.0002625,741.474
0,6034274,6,phononTF,0.000398809,0.00300276,0.00100332,0.000262498,2745.56,0.000398809,1,0.00321996,0.00123158,-0.0002625,2850.32
0,6050533,6,phononTF,0.000983919,0.0030557,0.00115051,-0.0002625,745.251,0.000382,1,0.00299786,0.000998919,0.0002625,1353.35
0,6055639,8,phononTS,0.000745183,-0.005,-0.00445236,-0.000232132,361.559,0.000745183,1,-0.0049259,-0.00443177,-0.0002625,3556.14
0,6059718,7,phononTS,0.000524557,0.00332653,0.0010702,-0.000262498,863.107,0.000382,1,0.00299583,0.000999964,0.0002625,991.435
0,6074290,2,phononTS,0.00185292,0.000867925,0.0021863,-0.0002625,9.2978,0.000764,1,9.04144e-07,0.00199819,0.0002625,841.024
0,6074290,5,phononTF,0.000496124,9.04144e-07,0.00199819,0.000262499,841.024,0.000496124,1,-0.000289698,0.002287,-0.0002625,955.031
0,6074291,1,phononTF,0.01,0.00342102,0.00310403,-0.000246455,0,0.0079185,1,0.00343339,0.00309134,-0.0002625,273.454
0,6111764,2,phononTF,0.00296684,0.00236519,0.00164244,-0.0002625,535.374,0.000764,1,0.00199795,0.00199649,0.0002625,1062.12
0,6111764,5,phononTF,0.00129615,0.005,0.00164837,0.00021867,1062.12,0.00129615,1,0.00342556,0.00143612,-0.0002625,1891.33
0,6126809,9,phononTS,0.000478209,0.00200395,0.00200328,0.000262498,2819.11,0.000478209,1,0.00199813,0.00195269,-0.0002625,2915.02
0,6168038,7,phononTS,0.000423289,0.00295279,0.00103672,-0.0002625,645.159,0.000382,1,0.00300208,0.00100186,0.0002625,1040.19
0,6182736,4,phononTF,0.00173336,0.000560368,0.000605949,-0.0002625,139.933,0.000382,1,0.000995829,0.000995663,0.0002625,1416.57
0,6182736,6,phononTF,0.000690877,0.000995829,0.000995663,0.000262498,1416.57,0.000690877,1,0.000976892,0.00109046,-0.0002625,1508.73
0,6182736,5,phononTS,0.00059424,0.000995829,0.000995663,0.000262498,1416.57,0.00059424,1,0.00100152,0.00101183,-0.0002625,1506.74
0,6204603,8,phononL,0.000533002,0.000995665,0.00100287,0.000262498,4031.03,0.000533002,1,1.35717e-05,0.000741552,-0.0002625,4155.66
0,6205235,6,phononTS,0.000500549,0.0005173,-0.00194854,-0.0002625,671.526,0.000382,1,-1.71251e-06,-0.00199685,0.0002625,3207.71
0,6219649,8,phononTS,0.000459417,-0.000959376,0.00289188,-0.0002625,1780.61,0.000382,1,-0.00100025,0.00299708,0.0002625,2318.13
0,6219649,2,phononTS,0.00180706,0.00341297,0.00285026,0.000262498,23.5787,0.000973676,1,0.0034394,0.00201818,-0.0002625,223.141
0,6221903,5,phononTS,0.000905695,4.28146e-07,4.3455e-07,0.0002625,1990.62,0.000905695,1,-9.58183e-06,0.000907495,-0.0002625,2407.91
0,6235004,6,phononTF,0.000571445,0.00200264,0.00199691,0.000262498,1381.48,0.000571445,1,0.00245275,0.00246387,-0.0002625,1524.22
0,6242388,5,phononTF,0.000521982,0.0030004,0.00100348,0.000262498,3380.4,0.000521982,1,0.00228896,0.000335948,-0.0002625,3571.48
0,6242388,2,phononTF,0.0019094,0.00354858,0.00187077,0.000262498,771.416,0.00114263,1,0.00382534,0.0015838,-0.0002625,884.224
0,6259194,3,phononTF,0.000828496,0.00187275,-0.00186791,-0.0002625,30.2548,0.000382,1,0.000998912,-0.000998203,0.0002625,3863.74
0,6276752,5,phononTS,0.000451219,0.00286666,0.000383742,-0.0002625,1067.69,0.000382,1,0.0030043,0.0010017,0.0002625,2395.46
0,6276752,3,phononTF,0.00111517,0.00264461,0.00194301,0.000262498,939.799,0.000230818,1,0.00390987,0.0032234,-0.0002625,1261.23
0,6294825,7,phononL,0.000433224,0.00309101,0.00253642,-0.000262498,886.768,0.000382,1,0.00200087,0.00199584,0.0002625,1035.53
0,6295384,2,phononTS,0.0022326,0.00220134,0.000851658,-0.0002625,33.2234,0.001146,1,0.00100324,-0.000995477,0.0002625,911.805
0,6336308,6,phononTF,0.000439362,1.47203e-07,-4.33221e-06,0.000262498,1736.67,0.000439362,1,-0.000402929,-0.000400681,-0.0002625,1868.73
0,6366890,5,phononTS,0.000746615,-0.00460198,-0.005,0.000102055,367.655,0.000382,1,-0.00200311,-0.00200165,0.0002625,4299.05
0,6366890,3,phononTS,0.000722733,0.00354201,0.00282051,0.000262498,22.5427,0.000244405,1,0.0042519,0.00272093,-0.0002625,199.812
0,6398166,4,phononTF,0.00273851,0.00187373,0.000303086,-0.0002625,172.131,0.000764,1,0.00199665,2.73357e-06,0.0002625,1319.03
0,6398166,5,phononTF,0.0012898,0.00199665,2.73357e-06,0.000262498,1319.03,0.000968987,1,0.00179392,0.000206559,-0.0002625,1421.68
0,6405878,6,phononTS,0.00113498,0.00255165,0.00113986,-0.0002625,1077.02,0.000764,1,0.00199801,-2.86076e-06,0.0002625,1889.48
0,6405878,2,phononTS,0.00242079,0.00364681,0.00322192,0.000262498,968.413,0.000567,1,0.00483175,0.00295132,-0.0002625,1233.24
0,6414551,9,phononTF,0.000483829,-0.00099604,-0.0010006,0.000262498,3553.55,0.000483829,1,-0.00144676,-0.000580373,-0.0002625,3693.39
0,6438645,3,phononTS,0.00241353,0.00205283,0.0019939,9.25334e-05,251.278,0.000764,1,0.00199589,0.0019955,0.0002625,789.353
0,6438645,5,phononTS,0.000400068,0.00199589,0.0019955,0.000262498,789.353,0.000400068,1,0.00200512,0.00205077,-0.0002625,880.551
0,6447364,8,phononTS,0.000821549,0.00200307,0.00200056,0.000262498,1086.92,0.000821549,1,0.00199478,0.00309081,-0.0002625,1321.42
0,6447364,2,phononTS,0.000720119,0.00362351,0.00302417,0.000262498,219.59,0.000267896,1,0.00474683,0.00270818,-0.0002625,479.807
0,6461255,8,phononTS,0.000899093,0.000653874,-0.00163564,-0.0002625,2953.2,0.000382,1,0.00100325,-0.00100335,0.0002625,3518.19
0,6504995,3,phononTS,0.000576746,0.005,0.00494779,-0.000195443,338.776,0.000382,1,0.00199547,0.00199874,0.0002625,1564.37
0,6539574,3,phononTF,0.00306198,-0.00315094,0.000736823,-0.0002625,57.9019,0.000764,1,1.33098e-06,-3.38693e-06,0.0002625,3804.36
0,6539574,4,phononTS,0.00192725,1.33098e-06,-3.38693e-06,0.000262498,3804.36,0.000711039,1,5.22093e-05,2.4335e-05,-0.0002625,3893.81
0,6561301,7,phononTF,0.000557089,3.36764e-06,-3.58608e-07,0.0002625,4440.2,0.000557089,1,0.000321854,0.000224083,-0.0002625,4921.46
0,6572453,2,phononTS,0.000884862,0.00302464,0.000972631,-0.0002625,391.949,0.000382,1,0.00300071,0.00100031,0.0002625,1030.75
0,6589646,7,phononTS,0.000468343,0.00136863,0.00271931,-0.0002625,779.97,0.000382,1,0.00200002,0.0020035,0.0002625,2907.54
0,6589646,2,phononL,0.00182852,0.00367812,0.00261406,0.000262498,64.2035,0.00182852,1,0.00356928,0.00327148,-0.0002625,155.272
0,6604987,5,phononTF,0.00303975,0.00222569,0.00212043,-0.0002625,72.3566,0.000764,1,0.00199813,0.00200285,0.0002625,690.309
0,6615592,4,phononTS,0.000397432,0.000448877,0.00493687,-0.0002625,525.203,0.000382,1,-0.00100037,0.00300497,0.0002625,2788.41
0,6628132,2,phononTS,0.00533846,0.00316558,0.00235301,-0.000220484,598.644,0.00191,1,0.00199723,0.00200159,0.0002625,1072.63
0,6628132,8,phononTS,0.00060387,0.00199723,0.00200159,0.000262498,1072.63,0.00060387,1,0.00118261,0.00207612,-0.0002625,1264.15
0,6647029,5,phononTF,0.00141232,0.0024986,0.00132435,-0.000262498,1251.56,0.000382,1,0.0029993,0.000999099,0.0002625,1394.36
0,6647029,7,phononTF,0.000702883,0.0029993,0.000999099,0.000262498,1394.36,0.000702883,1,0.00342058,0.000593887,-0.0002625,1528.76
0,6672479,3,phononTF,0.00190643,-0.00196399,1.74898e-05,-0.0002625,731.68,0.000764,1,-0.00299861,-0.00100125,0.0002625,3217.57
0,6673070,8,phononTF,0.000663613,0.00202105,0.00196289,-0.0002625,653.028,0.000382,1,0.00200051,0.00200441,0.0002625,1827.52
0,6723824,6,phononTS,0.00111973,-0.00166558,-0.000147103,-0.0002625,754.354,0.000382,1,-0.00299717,-0.000997268,0.0002625,2933.59
0,6793845,6,phononTS,0.00115505,0.00199322,-0.00203822,-0.000262498,1346.65,0.000382,1,0.0020047,-0.002004,0.0002625,1437.41
0,6807081,4,phononTS,0.00124175,0.000714843,0.0032803,-0.0002625,316.035,0.000382,1,-5.26379e-07,0.00200245,0.0002625,5428.68
0,6807081,7,phononTS,0.000692475,-5.26379e-07,0.00200245,0.000262498,5428.68,0.000692475,1,-2.46455e-05,0.00198049,-0.0002625,5518.34
0,6807081,2,phononTF,0.000931863,0.00330801,0.00257449,0.000262498,92.414,0.000309468,1,0.00370592,0.0029593,-0.0002625,222.954
0,6813440,5,phononTS,0.00107755,0.00180921,0.000867047,-0.0002625,913.806,0.000382,1,0.0010015,0.00100055,0.0002625,2471.8
0,6826783,5,phononTF,0.000403514,0.00137978,0.00138758,-0.0002625,180.666,0.000382,1,0.000997921,0.00100411,0.0002625,1073.4
0,6831549,5,phononTF,0.000579723,0.00406192,0.00208261,-0.000262498,750.414,0.000382,1,0.00299624,0.000999882,0.0002625,1025.53
0,6831549,2,phononTS,0.00480448,0.00189717,0.00235359,-9.55918e-05,568.441,0.00299726,1,0.00174495,0.00255942,-0.0002625,1258.36
0,6838695,4,phononTS,0.00162643,0.00309066,0.00268153,-0.0002625,32.0045,0.000382,1,0.00199674,0.0020019,0.0002625,1129.43
0,6838695,5,phononTS,0.000829557,0.00199674,0.0020019,0.000262498,1129.43,0.000829557,1,0.00242957,0.00196834,-0.0002625,1265.99
0,6860479,5,phononTS,0.000507836,0.00205026,0.0021255,-0.0002625,496.86,0.000382,1,0.0020033,0.00200359,0.0002625,1046.83
0,6860479,3,phononTS,0.00149507,0.00356209,0.00254001,0.000262498,279.019,0.00149507,1,0.00354407,0.00269135,-0.0002625,382.935
0,6864790,3,phononTS,0.0025457,0.000976487,0.005,-0.000230187,123.657,0.000382,1,-0.0019991,0.00200015,0.0002625,1534.36
0,6888102,2,phononL,0.00262749,0.000996959,0.000995008,0.0002625,17.2565,0.00262749,1,-0.000436099,0.00084796,-0.0002625,999.494
0,6912490,4,phononTS,0.000582039,0.00260076,0.00222377,-0.0002625,836.092,0.000382,1,0.00200147,0.00200262,0.0002625,1356.63
0,6942229,5,phononTS,0.000652495,0.00320962,0.00207357,-0.000262498,657.412,0.000382,1,0.00100297,0.000999155,0.0002625,1140.38
0,7007894,5,phononTS,0.000586118,-2.64875e-06,-0.00200039,0.0002625,37.7182,0.000586118,1,-0.00169041,-0.00455542,-0.0002625,2938.29
0,7007894,4,phononTF,0.000509013,0.00346018,0.00276728,0.000262498,37.7182,0.000509013,1,0.00298111,0.00320445,-0.0002625,182.191
0,7022275,11,phononTF,0.000411318,0.00339273,0.00112194,-0.0002625,1428.85,0.000382,1,0.00300482,0.000998691,0.0002625,2077.53
0,7044437,9,phononTS,0.00054824,0.00300173,0.00100236,0.000262498,951.768,0.00054824,1,0.00296609,0.00194445,-0.0002625,1166.94
0,7062350,10,phononTS,0.000461239,0.00104957,0.00167059,-0.0002625,3927.31,0.000382,1,0.00100376,0.00100142,0.0002625,4778.02
0,7062350,2,phononTS,0.00133919,0.00341326,0.00269076,0.000262498,14.6806,0.00112176,1,0.0029276,0.00149993,-0.0002625,290.666
0,7086034,4,phononTS,0.000623128,0.00316217,0.00176805,-0.0002625,80.2818,0.000382,1,0.00299993,0.000999742,0.0002625,1005.11
0,7135775,13,phononTS,0.000595918,0.0020001,0.00199884,0.000262498,2327.55,0.000595918,1,0.00205536,0.00198566,-0.0002625,2418.98
0,7135775,2,phononTF,0.00332756,0.00266821,0.00330255,-8.15302e-05,938.692,0.00241265,1,0.00228266,0.00208961,-0.0002625,1166.29
0,7136512,2,phononTS,0.000854798,-0.00140269,-0.00205462,-0.0002625,281.213,0.000382,1,-0.00200232,-0.0019951,0.0002625,1782.1
0,7177805,9,phononTS,0.000586154,-0.000997039,-0.00100142,0.0002625,6475.11,0.000586154,1,-0.00103906,-0.000956444,-0.0002625,7371.21
0,7199361,3,phononTS,0.00292588,0.00299856,0.00100049,0.0002625,16.1762,0.000889452,1,0.00297065,0.001034,-0.0002625,522.358
0,7224912,2,phononL,0.00130772,0.00328851,0.00189597,-0.0002625,32.3663,0.000764,1,0.00299597,0.00100327,0.0002625,267.495
0,7224913,1,phononTS,0.01,0.0039778,0.00252932,-9.3386e-05,0,0.00786409,1,0.00398949,0.0025332,-0.0002625,1540.95
0,7238409,4,phononTS,0.000694297,0.000933583,0.000381267,-0.0002625,608.386,0.000382,1,0.00199881,0.00199821,0.0002625,4266.65
0,7245395,3,phononTS,0.000705815,0.00336876,0.00197391,-0.0002625,334.928,0.000382,1,0.0029997,0.000999012,0.0002625,800.443
0,7249002,7,phononTF,0.00151184,0.00164822,0.000855851,-0.0002625,422.713,0.000382,1,0.00199644,0.00200083,0.0002625,1609.44
0,7250496,2,phononTS,0.000456009,0.000373659,-0.00144182,-0.0002625,334.062,0.000382,1,-4.0577e-06,-0.00200142,0.0002625,2147.43
0,7289307,6,phononTS,0.00151002,0.00332476,0.00113245,-0.0002625,417.669,0.000382,1,0.00299727,0.00100303,0.0002625,945.214
0,7351124,3,phononTS,0.00219858,0.00152719,0.00228046,-0.0002625,373.311,0.000764,1,0.00199734,0.00199711,0.0002625,1046.68
0,7353761,3,phononTF,0.00294061,0.00140001,-0.000369927,-0.0002625,8.01425,0.000764,1,0.000995198,-0.000996695,0.0002625,992.545
0,7357033,5,phononTS,0.000511532,0.00108492,0.00146855,-0.000262498,2404.38,0.000382,1,1.72368e-06,0.00200345,0.0002625,2663.64
0,7358844,9,phononTF,0.00056913,0.00211999,0.000114582,-0.0002625,840.421,0.000382,1,0.00199562,-3.22592e-06,0.0002625,1686.89
0,7359974,8,phononTF,0.000644373,0.00202558,-0.00203164,-0.000262498,886.575,0.000382,1,0.00199803,-0.00200252,0.0002625,976.714
0,7367455,2,phononTF,0.000387564,0.00255068,-0.005,-0.000172692,766.925,0.000382,1,0.00199714,1.07801e-06,0.0002625,3133.54
0,7378751,5,phononTS,0.000437378,0.00372535,0.00276635,-0.000262498,369.193,0.000382,1,0.00299669,0.000997358,0.0002625,756.931
0,7381309,4,phononTF,0.00181888,0.00224301,0.00211582,-0.0002625,11.4248,0.000382,1,0.00200485,0.001998,0.0002625,635.915
0,7394548,4,phononTF,0.000495418,-0.00135076,0.00265044,-0.0002625,767.462,0.000382,1,-0.000998479,0.00300383,0.0002625,1140.39
0,7416765,12,phononTS,0.000488657,0.00199441,5.2541e-06,-0.000262498,4983.37,0.000382,1,0.00199843,1.38405e-06,0.0002625,5074.17
0,7458741,5,phononTS,0.000407993,3.43399e-05,-5.44603e-05,-0.000262498,872.209,0.000382,1,-1.05634e-06,-3.95493e-06,0.0002625,961.38
0,7502691,10,phononTF,0.000460106,0.00200309,0.00200244,0.000262498,598.096,0.000460106,1,-0.000288843,0.00293335,-0.0002625,1049.7
0,7502691,2,phononTF,0.00107157,0.00316226,0.00272448,0.000262498,67.6488,0.000527103,1,0.00344355,0.00244896,-0.0002625,180.391
0,7504946,11,phononTF,0.000393564,-2.4287e-05,-0.005,2.58383e-06,8189.83,0.000393564,1,-0.000309055,-0.00396179,-0.0002625,10675.8
0,7506796,5,phononL,0.000901137,0.003004,0.000998732,0.0002625,303.954,0.000524767,1,0.00292968,0.000503475,-0.0002625,772.015
0,7506796,3,phononTS,0.00276929,0.003455,0.00276027,0.000262498,1.39264,0.0013547,1,0.00401821,0.0027631,-0.0002625,151.761
0,7557045,8,phononTS,0.000384298,0.00199946,0.00200007,0.000262498,1117.33,0.000384298,1,0.00183673,0.00273304,-0.0002625,1294.48
0,7566081,6,phononTF,0.000785454,0.00199775,0.0019954,0.0002625,3630.6,0.000785454,1,0.00140483,0.00278358,-0.0002625,4024.92
0,7617222,7,phononTS,0.000447427,-0.0030019,-0.000999434,0.000262498,3785.8,0.000447427,1,-0.0030463,-0.000959736,-0.0002625,3874.99
0,7618391,6,phononTF,0.000412605,0.00155783,0.00294488,-0.000262498,1065.47,0.000382,1,0.00200346,0.00199538,0.0002625,1281.01
0,7673183,5,phononTS,0.000942491,0.00301857,0.000760114,-0.0002625,747.978,0.000382,1,0.00299749,0.000998149,0.0002625,1291.6
0,7688166,5,phononTF,0.000389511,0.00184636,0.000150736,-0.000262498,1010.03,0.000382,1,0.00199887,2.63935e-06,0.0002625,1107.02
0,7755294,6,phononTS,0.000850268,0.00300362,0.0010014,0.000262499,4634.11,0.000850268,1,0.00405843,-0.000742345,-0.0002625,5038.1
0,7755294,3,phononTF,0.00228145,0.00354426,0.00274615,0.000262498,82.0531,0.00109852,1,0.00294669,0.00333784,-0.0002625,251.761
0,7770930,6,phononTS,0.000544825,0.000998282,0.00100182,0.000262498,1386.07,0.000544825,1,0.000400006,0.000944103,-0.0002625,1545.48
0,7783398,4,phononTS,0.000408805,0.0027685,0.00464627,-0.0002625,537.495,0.000382,1,-0.00100352,0.00100345,0.0002625,2011.01
0,7793653,8,phononTS,0.00047469,0.00100135,-0.00300497,0.0002625,2589.5,0.00047469,1,0.00101261,-0.00305281,-0.0002625,3497.93
0,7799349,9,phononTF,0.000556813,-0.00100176,-0.000995947,0.000262498,3579.32,0.000556813,1,-0.000793304,-0.000792446,-0.0002625,3682.1
0,7804675,5,phononL,0.00140949,0.00239566,0.00144443,-0.0002625,417.931,0.000764,1,0.0020023,0.00200256,0.0002625,838.906
0,7804675,6,phononTF,0.00038801,0.0020023,0.00200256,0.000262498,838.906,0.00038801,1,0.00209248,0.00191233,-0.0002625,931.399
0,7831862,6,phononL,0.000428314,-0.00100116,0.000998169,0.000262498,1407.75,0.000428314,1,-7.77308e-05,0.000755815,-0.0002625,1526.17
0,7844803,6,phononTF,0.000559546,0.00267936,0.000253646,-0.000262499,4610.2,0.000382,1,0.00199799,-4.4218e-06,0.0002625,4779.36
0,7845927,5,phononTF,0.000944254,0.00277606,-2.03894e-05,-0.0002625,1838.17,0.000382,1,0.00100096,0.000999317,0.0002625,2875.22
0,7846088,7,phononTS,0.00091758,0.00200487,2.04839e-06,0.000262498,1430.81,0.000346996,1,0.00197238,-0.000424766,-0.0002625,1566.57
0,7846685,12,phononTS,0.000632953,-0.000961816,0.0030622,-0.000262498,1845.1,0.000382,1,-0.00100127,0.00299559,0.0002625,1940.73
0,7849744,8,phononTS,0.000562271,0.00194656,-0.00204053,-0.000262498,5088.74,0.000382,1,0.0019968,-0.00200456,0.0002625,5177.9
0,7849744,3,phononTF,0.00243543,0.00346064,0.00276463,0.000262498,15.8226,0.00204042,1,0.00321432,0.00300451,-0.0002625,123.24
0,7849744,2,phononTF,0.0024868,0.00346064,0.00276463,0.000262498,15.8226,0.0024868,1,0.00394945,0.00227728,-0.0002625,164.559
0,7872964,9,phononTS,0.000600038,1.21314e-06,-0.00199663,0.000262499,3803.8,0.000600038,1,-4.19363e-05,-0.00204718,-0.0002625,3897.31
0,7872964,2,phononTS,0.00100652,0.00152277,0.005,-0.000193923,123.138,0.00100652,1,0.00140907,0.00477764,-0.0002625,1628.09
0,7872965,1,phononTS,0.01,0.00372096,0.00160976,-6.39112e-05,0,0.00668429,1,0.00373571,0.00159798,-0.0002625,908.128
0,7911645,3,phononTS,0.00561677,0.00205201,0.00171351,6.42609e-05,887.949,0.001146,1,0.00199961,0.00200101,0.0002625,2061.16
0,7915029,7,phononTF,0.000661309,-1.24468e-06,4.8753e-06,0.000262499,1739.97,0.0005495,1,-0.000330932,7.37557e-05,-0.0002625,1854.45
0,7915029,4,phononTS,0.00171268,0.00349746,0.00275594,0.000262498,19.246,0.00112251,1,0.00349023,0.00278706,-0.0002625,108.797
0,7920307,5,phononTF,0.000579513,-0.000547804,0.000564559,-0.000262498,1921.61,0.000382,1,-3.17445e-06,-1.18352e-06,0.0002625,2084.22
0,7924894,4,phononTF,0.000630879,0.0020008,4.0666e-06,0.000262498,3317.14,0.000630879,1,0.00141412,0.000598368,-0.0002625,3485.99
0,7943372,6,phononTF,0.00044746,0.00199543,0.00199562,0.0002625,728.695,0.00044746,1,0.00206416,0.00179746,-0.0002625,1171.07
0,7968509,8,phononTS,0.000463822,0.00100075,0.00100032,0.000262498,1459.22,0.000463822,1,0.00107944,0.00195515,-0.0002625,1682.77
0,7969423,5,phononTS,0.000398357,0.005,0.00107495,-0.000101118,1579.41,0.000382,1,0.00100263,-0.00299998,0.0002625,2602.65
0,7969423,3,phononL,0.000829077,0.00300655,0.00302643,0.000262498,742.355,0.000829077,1,0.00295387,0.00340397,-0.0002625,813.791
0,7969423,2,phononL,0.00137964,0.00300655,0.00302643,0.000262498,742.355,0.00137964,1,0.00357882,0.00247454,-0.0002625,848.394
0,8029067,10,phononL,0.000451063,-0.00199893,0.0019959,0.000262498,4325.92,0.000451063,1,-0.00232762,0.00203416,-0.0002625,4395
0,8056426,4,phononL,0.00112308,-0.000636337,0.00291587,-0.0002625,219.988,0.000382,1,-0.000995567,0.00299785,0.0002625,892.637
0,8073498,2,phononTF,0.000693686,0.00209499,0.00189771,-0.0002625,434.771,0.000382,1,0.00200263,0.00200148,0.0002625,833.874
0,8086049,2,phononTF,0.00423273,0.00107577,0.000938561,5.34691e-05,509.041,0.001146,1,0.00100179,0.000997422,0.0002625,1692.71
0,8087993,2,phononTS,0.0015195,0.00192643,0.005,8.73568e-05,28.8449,0.000764,1,-0.00299778,-0.00100334,0.0002625,1978.54
0,8133329,4,phononL,0.000884758,0.000896144,-0.00262488,-0.0002625,2057.69,0.000382,1,0.00100134,-0.00299766,0.0002625,2873.38
0,8133329,2,phononTS,0.000809792,0.00345615,0.00276607,0.000262498,4.59392,0.000337791,1,0.00347518,0.00259144,-0.0002625,110.782
0,8151096,3,phononL,0.00251683,0.00272915,0.00237116,-0.0002625,8.51564,0.000382,1,0.0020049,0.00200149,0.0002625,221.514
0,8201662,5,phononL,0.000872823,0.00165832,-0.00128526,-0.0002625,3432.58,0.000764,1,0.000999883,-0.000997045,0.0002625,5071.58
0,8203556,8,phononL,0.00209671,0.00206545,-0.000857667,-0.0002625,762.888,0.000764,1,0.00200436,-0.00199566,0.0002625,6734.15
0,8215616,3,phononTS,0.00294995,0.00323154,0.00186199,-0.0002625,9.09847,0.001146,1,0.00300035,0.0010049,0.0002625,431.845
0,8298677,7,phononL,0.000430959,0.00300029,0.0010044,0.000262498,2867.59,0.000430959,1,0.00323334,0.00123011,-0.0002625,2936.58
0,8299370,2,phononTF,0.000698037,0.00174271,0.00172416,-0.0002625,265.5,0.000382,1,0.00100192,0.00100012,0.0002625,861.753
0,8301494,8,phononTF,0.00047839,0.00233466,0.00185267,-0.0002625,755.405,0.000382,1,0.00199725,0.00200154,0.0002625,1104.12
0,8314469,5,phononTF,0.000438799,0.00216299,0.00216543,-0.0002625,92.5503,0.000382,1,0.00199841,0.00200438,0.0002625,583.485
0,8314469,3,phononTS,0.00049796,0.00345259,0.00277062,0.000262498,4.48665,0.00049796,1,0.00358242,0.00367559,-0.0002625,209.577
0,8314469,2,phononTS,0.00124013,0.00345259,0.00277062,0.000262498,4.48665,0.00114764,1,0.00346511,0.00216718,-0.0002625,161.877
0,8319779,5,phononTS,0.000891396,0.00287073,0.00206164,-0.0002625,444.011,0.000382,1,0.00199544,0.00200296,0.0002625,2353.35
0,8340877,6,phononTS,0.000515295,0.00228755,0.000402795,-0.0002625,106.211,0.000382,1,0.00200004,4.45445e-06,0.0002625,978.67
0,8364668,6,phononTS,0.000723235,0.00301131,0.00101423,-0.0002625,568.098,0.000382,1,0.00299593,0.00100088,0.0002625,757.378
0,8384309,7,phononTF,0.000603957,5.69712e-07,0.00199755,0.0002625,2556.32,0.000603957,1,0.000255457,0.00175109,-0.0002625,2773.16
0,8435809,10,phononTS,0.000401411,0.00099514,-0.00100245,0.000262498,2699.17,0.000401411,1,0.000451782,-0.000993894,-0.0002625,2852.67
0,8441426,2,phononTF,0.000477705,-0.00174065,-0.00229084,-0.0002625,75.9489,0.000382,1,-0.00199701,-0.00199539,0.0002625,1540.95
0,8454057,3,phononTS,0.00304719,0.001273,0.00294648,-0.0002625,45.31,0.000382,1,-0.00100108,0.00299862,0.0002625,1035.52
0,8454057,7,phononTS,0.00226063,-0.00100108,0.00299862,0.000262498,1035.52,0.001885,1,-0.000983107,0.00373568,-0.0002625,1215.57
0,8458394,7,phononTF,0.000562598,-0.000282904,0.0024155,-0.000262498,1316.24,0.000382,1,-0.000995371,0.00300441,0.0002625,1502.09
0,8458395,1,phononTF,0.01,0.00344263,0.00227767,-0.000140264,0,0.00556603,1,0.00333567,0.0021946,-0.0002625,384.556
0,8507760,3,phononTF,0.00371941,3.19003e-06,0.00234365,4.24134e-05,27.3382,0.000382,1,-0.00199943,0.00199761,0.0002625,1798.49
0,8544405,6,phononTF,0.000435674,0.00104805,-0.000826123,-0.0002625,859.875,0.000382,1,0.001005,-0.00100345,0.0002625,1356.53
0,8546991,2,phononTS,0.00241239,0.00320654,0.00187086,-0.0002625,16.9602,0.000382,1,0.00299582,0.000996782,0.0002625,436.398
0,8546991,4,phononTS,0.00181278,0.00299582,0.000996782,0.000262498,436.398,0.00121746,1,0.00296861,0.000946652,-0.0002625,525.845
0,8547261,5,phononL,0.000403277,0.00311673,0.00166093,-0.0002625,242.26,0.000382,1,0.00299955,0.0010007,0.0002625,619.733
0,8547261,3,phononTS,0.0010739,0.0037162,0.00258304,0.000262498,82.0375,0.000858132,1,0.00371779,0.00255748,-0.0002625,171.71
0,8547261,2,phononTS,0.000487332,0.0037162,0.00258304,0.000262498,82.0375,0.000487332,1,0.00321442,0.00133213,-0.0002625,369.248
0,8561266,4,phononTS,0.00102453,0.00360537,-0.00164731,-0.0002625,3035.28,0.000382,1,0.00100034,-0.00300265,0.0002625,3815.07
0,8561266,6,phononTS,0.000473909,0.00100034,-0.00300265,0.000262498,3815.07,0.000473909,1,0.000769248,-0.00304209,-0.0002625,3926.52
0,8602245,7,phononTS,0.000528103,0.000399079,0.00358231,-0.0002625,423.312,0.000382,1,-0.00200468,0.00200249,0.0002625,3312.13
0,8602246,3,phononTF,0.00428596,0.00294983,0.00317349,-4.08717e-05,17.1353,0.00419576,1,0.00354083,0.00374714,-0.0002625,365.3
0,8611370,4,phononTS,0.000739437,-0.000970472,0.00103614,-0.000262498,1934.58,0.000382,1,-0.00100005,0.00100207,0.0002625,2027.75
0,8618771,2,phononTS,0.000400371,0.00141803,-0.000378293,-0.0002625,209.676,0.000382,1,0.00100227,-0.000999557,0.0002625,1367.76
0,8621012,5,phononL,0.000552241,0.00263493,0.0020856,-0.0002625,211.58,0.000382,1,0.00199962,0.00200069,0.0002625,644.924
0,8621012,3,phononTS,0.00141795,0.00347458,0.00269807,0.000262498,38.7419,0.00141795,1,0.00231786,0.00246383,-0.0002625,297.197
0,8621012,2,phononTS,0.000658644,0.00347458,0.00269807,0.000262498,38.7419,0.000658644,1,0.00319665,0.00265953,-0.0002625,155.61
0,8657050,3,phononTF,0.00245618,0.00141234,0.00127777,-0.0002625,388.166,0.000764,1,0.000997479,0.000998909,0.0002625,1163.93
0,8657050,4,phononL,0.000628934,0.000997479,0.000998909,0.000262498,1163.93,0.000525303,1,0.000571521,0.000546363,-0.0002625,1253.3
0,8657050,2,phononTS,0.00102418,0.00348667,0.0026721,0.000262498,388.166,0.000862506,1,0.00349452,0.00330816,-0.0002625,551.326
0,8660037,6,phononTF,0.00106935,-0.0019976,-0.00199934,0.000262498,2295.5,0.000762074,1,-0.00203531,-0.00203506,-0.0002625,2385.82
0,8661431,5,phononTS,0.000568284,0.00202142,0.00214943,-0.0002625,1323.42,0.000382,1,0.00199899,0.00199594,0.0002625,1633.81
0,8661431,2,phononTF,0.00396658,0.0034162,0.00295289,3.25303e-05,343.178,0.00168498,1,0.00318577,0.00267881,-0.0002625,424.232
0,8665782,9,phononTS,0.000383432,0.0029965,0.000996099,0.000262498,2465.46,0.000383432,1,0.00306082,0.00104368,-0.0002625,2560.65
0,8669615,3,phononL,0.00114396,0.00243539,0.00231737,-0.0002625,172.935,0.000382,1,0.0019974,0.00199998,0.0002625,420.23
0,8698660,8,phononTS,0.000600692,0.00300149,0.000996584,0.000262498,2608.61,0.000600692,1,0.00378952,0.000932915,-0.0002625,2800.62
0,8702952,3,phononTS,0.000907514,0.00300372,0.00100204,0.0002625,481.955,0.000522181,1,0.00220296,-0.000484765,-0.0002625,1181.5
0,8707902,2,phononTF,0.000567999,0.00322002,0.00128176,-0.0002625,1781.88,0.000382,1,0.00299812,0.00100311,0.0002625,2295.89
0,8707903,1,phononTF,0.01,0.00336624,0.00279063,-7.7318e-05,0,0.00636793,1,0.0035432,0.00296899,-0.0002625,255.819
0,8743656,4,phononTS,0.000626684,0.005,0.00271325,-0.000252199,2604.26,0.000382,1,0.00300087,0.00100458,0.0002625,3207.84
0,8754110,6,phononTF,0.000605781,-0.00103521,-0.000876631,-0.0002625,100.249,0.000382,1,-0.0019982,-2.16515e-06,0.0002625,2552.35
0,8774212,4,phononTS,0.00134551,0.00197633,0.001968,-0.000262498,1370.17,0.000382,1,0.00200484,0.00200058,0.0002625,1460.21
0,8774212,5,phononTS,0.000518937,0.00200484,0.00200058,0.000262498,1460.21,0.000518937,1,0.00203949,0.00199027,-0.0002625,1552.15
0,8789768,5,phononL,0.000500645,0.00197887,0.00030504,-0.000262498,1685.44,0.000382,1,0.00200312,8.39933e-09,0.0002625,1753.5
0,8789768,3,phononTS,0.0023996,0.00348556,0.00277468,0.000262498,41.0002,0.00165231,1,0.00350052,0.00279843,-0.0002625,133.678
0,8803819,4,phononTS,0.00232229,0.00322472,0.00186554,-0.0002625,7.19507,0.001146,1,0.00299644,0.00099783,0.0002625,424.992
0,8804998,8,phononTF,0.000944333,0.000997483,0.00100031,0.000262498,547.469,0.000944333,1,0.000533066,0.000543728,-0.0002625,691.213
0,8814081,9,phononTS,0.000560713,0.00200104,0.0019972,0.000262498,1064.09,0.000560713,1,0.00203145,0.00194976,-0.0002625,1153.52
0,8831549,2,phononTS,0.000716252,0.00173038,0.00135271,-0.0002625,25.326,0.000382,1,-3.53995e-06,-3.8293e-06,0.0002625,904.743
0,8845084,10,phononTS,0.00058387,0.000609309,0.00284134,-0.0002625,632.757,0.000382,1,-2.08026e-06,0.00200417,0.0002625,1354.05
0,8845084,2,phononTF,0.00163177,0.00347382,0.00274091,0.000262498,6.92134,0.00102868,1,0.00306464,4.61263e-05,-0.0002625,508.833
0,8878750,5,phononTS,0.00305523,-0.00139163,0.00110406,-0.0002625,443.993,0.000764,1,-3.61636e-07,0.00200145,0.0002625,3428.05
0,8878750,7,phononTS,0.000656725,-3.61636e-07,0.00200145,0.000262498,3428.05,0.000656725,1,-2.60002e-05,0.00203802,-0.0002625,3521.34
0,8878750,6,phononTS,0.00114945,-3.61636e-07,0.00200145,0.000262498,3428.05,0.000712535,1,1.55332e-05,0.00196211,-0.0002625,3522.67
0,8880273,12,phononTS,0.000416445,0.00325662,0.00103642,-0.000262498,1411.32,0.000382,1,0.00300474,0.00100218,0.0002625,1525.19
0,8950926,4,phononTS,0.000966114,0.000343154,0.00401071,-0.0002625,3158.72,0.000382,1,0.00200368,0.00200222,0.0002625,4155.71
0,8950927,1,phononL,0.01,0.00258323,0.00405529,-0.00022132,0,0.00731854,1,0.00253382,0.00407487,-0.0002625,660.521
0,8952877,6,phononTF,0.000753726,0.000848407,-0.00314486,-0.0002625,2641.87,0.000382,1,0.000997739,-0.00300326,0.0002625,3167.92
0,8977170,4,phononTF,0.00100065,0.00270147,-0.000203981,-0.0002625,1019,0.000764,1,0.000999236,-0.000999186,0.0002625,1719.44
0,8993985,6,phononTS,0.000418205,0.000998103,0.0010038,0.000262498,1762.2,0.000418205,1,-0.00127904,-0.00105067,-0.0002625,2353.16
0,8997988,5,phononTS,0.000480775,0.00199501,0.00199891,0.0002625,659.699,0.000480775,1,0.00203959,0.00195926,-0.0002625,1030.18
0,9143040,4,phononTF,0.000573757,0.00300978,0.00301827,-0.000262498,658.898,0.000382,1,0.00200305,0.00199569,0.0002625,920.435
0,9164061,4,phononL,0.000495451,-9.74976e-05,-0.000980079,-0.0002625,569.335,0.000382,1,-8.95416e-07,2.18386e-06,0.0002625,1609.15
0,9164061,2,phononTS,0.0013481,0.00333541,0.00287251,0.000262498,181.003,0.000970895,1,0.00373008,0.00306224,-0.0002625,325.534
0,9172397,4,phononTF,0.00272582,0.00267628,0.00245489,-0.0002625,77.0836,0.000382,1,0.00199751,0.00200241,0.0002625,424.629
0,9241585,4,phononL,0.000785194,0.00137234,0.00227785,-0.0002625,280.757,0.000382,1,0.00199918,0.00200294,0.0002625,1034.48
0,9300052,7,phononTS,0.000534159,0.00299824,0.00100165,0.000262498,764.856,0.000534159,1,0.0035076,0.000966781,-0.0002625,911.86
0,9312231,5,phononTF,0.000897214,0.00115021,-0.000695702,-0.000262499,2846.89,0.000382,1,0.00100153,-0.000997431,0.0002625,2958.61
0,9312231,2,phononTS,0.00126455,0.0046085,0.00198096,0.000262498,960.533,0.000944089,1,0.00443663,0.00202567,-0.0002625,1065.55
0,9312232,3,phononTF,0.00541349,0.0027985,0.00243418,-5.44373e-06,463.391,0.00291394,1,0.00295765,0.00250881,-0.0002625,583.676
0,9349058,3,phononTF,0.00071771,0.00136664,-0.00251406,-0.0002625,260.872,0.000382,1,0.00100222,-0.00300288,0.0002625,8788.79
0,9358059,2,phononL,0.001174,0.00303101,0.00122605,-0.0002625,155.531,0.000382,1,0.00299632,0.000995464,0.0002625,680.105
0,9362853,3,phononTS,0.0024457,-0.000132665,-0.000202597,3.9261e-05,33.3332,0.000764,1,-7.8464e-07,-3.69783e-06,0.0002625,928.021
0,9404663,8,phononL,0.00040601,-0.00200103,-0.00200407,0.0002625,2322.47,0.00040601,1,-0.00154772,-0.0021513,-0.0002625,2805.35
0,9415658,2,phononTF,0.00162791,0.00119175,0.0011235,-0.0002625,170.419,0.000382,1,0.000998751,0.000997942,0.0002625,1368.78
0,9415658,9,phononTF,0.000826329,0.000998751,0.000997942,0.000262498,1368.78,0.000300517,1,0.00130842,0.00130142,-0.0002625,1485.43
0,9424538,3,phononTF,0.0029529,0.00112495,-0.00307804,-0.0002625,265.705,0.001146,1,0.000999943,-0.00299782,0.0002625,2493.51
0,9424538,4,phononTF,0.000652402,0.000999943,-0.00299782,0.000262498,2493.51,0.000652402,1,0.000666487,-0.00259997,-0.0002625,2622.37
0,9434875,2,phononTF,0.00247425,0.00181969,0.00170364,-0.0002625,327.053,0.001528,1,0.00199978,0.00199635,0.0002625,1178.64
0,9436830,6,phononL,0.00120798,0.00241277,0.00234781,-0.000262498,848.732,0.000764,1,0.00200413,0.00199901,0.0002625,930.976
0,9438843,2,phononTF,0.000497812,0.005,0.00406411,-0.000142364,28.57,0.000382,1,0.00200293,-2.81334e-06,0.0002625,1353.54
0,9438844,1,phononTF,0.01,0.00364108,0.00283181,-0.000137374,0,0.00702518,1,0.00366102,0.00281081,-0.0002625,178.402
0,9449771,3,phononTS,0.00206033,0.00361731,0.00321956,-0.0002625,57.186,0.000764,1,0.00199855,0.00200044,0.0002625,1572.78
0,9449771,2,phononTF,0.00283258,0.00336545,0.00284214,0.000262498,57.186,0.00121401,1,0.00259137,0.00117975,-0.0002625,399.997
0,9449771,9,phononTS,0.000666271,0.005,0.00445626,-0.000206565,399.997,0.000117465,1,0.0049006,0.00445299,-0.0002625,1149.36
0,9474670,3,phononTF,0.00226134,0.002871,0.000651367,-0.0002625,211.1,0.000382,1,0.00200375,-0.00200032,0.0002625,1226.04
0,9492115,3,phononL,0.00127076,-0.00110129,0.00211477,-0.0002625,49.089,0.000764,1,-0.00200229,0.00199619,0.0002625,726.124
0,9492115,2,phononTS,0.000856406,0.0034037,0.00270767,0.000262498,49.089,0.000277159,1,0.00357379,0.00274506,-0.0002625,154.011
0,9517942,2,phononTS,0.00258383,0.00312843,0.00187255,-0.0002625,263.674,0.000764,1,0.00300475,0.00100396,0.0002625,662.533
0,9517942,4,phononTF,0.00139611,0.00300475,0.00100396,0.000262498,662.533,0.00062492,1,0.00267558,0.000668259,-0.0002625,783.166
0,9550163,2,phononL,0.00342062,0.0029068,0.00245247,-0.0002625,9.51438,0.000382,1,0.00199985,0.00200297,0.0002625,247.663
0,9550163,9,phononTS,0.00121478,0.00199985,0.00200297,0.000262498,247.663,0.000920134,1,0.000679904,0.000845086,-0.0002625,610.472
0,9550163,8,phononTS,0.00100807,0.00199985,0.00200297,0.000262498,247.663,0.000290595,1,0.00118782,0.00290934,-0.0002625,518.632
0,9563901,3,phononTS,0.00100644,4.70947e-05,0.00300904,-0.0002625,53.3435,0.000382,1,3.19278e-06,0.00199735,0.0002625,4733.14
0,9585108,7,phononTS,0.000541421,0.00100453,-0.00299724,0.000262498,3843.17,0.000541421,1,0.000515752,-0.00345228,-0.0002625,4024.17
0,9655666,12,phononTS,0.000469236,0.0020322,0.00204322,-0.000262498,533.487,0.000382,1,0.00199512,0.00200059,0.0002625,622.823
0,9659023,4,phononTS,0.00149192,0.00137875,-0.000195966,-0.0002625,211.519,0.000382,1,0.0019996,-2.66904e-06,0.0002625,4076.18
0,9662645,5,phononTF,0.00172225,1.52423e-06,0.00200037,0.000262498,3807.9,0.000692708,1,-9.70529e-05,0.00190263,-0.0002625,3900.93
0,9681365,7,phononTF,0.000617081,0.00200031,0.00200016,0.000262498,3595.31,0.000617081,1,0.0017106,0.0022699,-0.0002625,3708.7
0,9847459,3,phononTS,0.000574123,0.00313037,0.000956109,-0.0002625,512.893,0.000382,1,0.00300135,0.00100249,0.0002625,1307.27
0,9868073,2,phononTS,0.00252838,0.00236808,0.00218895,-0.0002625,4.20669,0.000764,1,0.00199995,0.00200486,0.0002625,567.739
0,9868073,4,phononTS,0.000713034,0.00199995,0.00200486,0.000262498,567.739,0.000713034,1,0.00241649,0.00196504,-0.0002625,702.146
0,9879663,3,phononTF,0.00134401,0.00135691,-0.00155975,-0.0002625,40.6206,0.000764,1,0.000995726,-0.00100125,0.0002625,3484.54
0,9883056,6,phononTF,0.00062477,-0.00300298,-0.00100023,0.000262498,3401.44,0.00062477,1,-0.00334248,-0.000686566,-0.0002625,3522.26
0,9883056,3,phononTS,0.000487393,0.0034489,0.0027756,0.000262498,3.51921,0.000487393,1,0.00342564,0.00278095,-0.0002625,95.6516
0,9900051,4,phononTF,0.00275657,0.00240204,0.00173625,-0.0002625,47.9809,0.001146,1,0.00200275,0.00200114,0.0002625,452.373
0,9911067,7,phononTS,0.000397911,-0.00100269,-0.00100094,0.000262498,4649.71,0.000397911,1,-0.000926781,-0.000768164,-0.0002625,4767.2
0,9911067,2,phononTS,0.0060519,0.00374857,0.00248621,-0.00010362,45.7457,0.00410787,1,0.00373204,0.00248851,-0.0002625,222.965
0,9916913,5,phononTS,0.000493199,0.005,0.00331858,-0.000158817,103.53,0.000382,1,-0.000997467,-0.00100113,0.0002625,3527.18
0,9916913,4,phononTS,0.000904685,0.005,0.0012042,5.08272e-05,103.53,0.000904685,1,0.00472725,0.00118347,-0.0002625,610.417
0,9967112,7,phononTS,0.000655348,0.00126832,-0.000231829,-0.000262499,2753.38,0.000382,1,0.00199753,-4.60229e-06,0.0002625,2945.63
0,9967112,2,phononTF,0.000580493,0.00338993,0.00289793,0.000262498,153.345,0.000580493,1,0.00296911,0.00333419,-0.0002625,290.532
0,9973857,10,phononTS,0.000436843,0.00199546,0.00199716,0.000262498,4699.39,0.000436843,1,0.00202675,0.00203484,-0.0002625,4788.83
0,9998183,3,phononL,0.000533644,0.00300137,0.000999075,0.0002625,460.708,0.000533644,1,0.00269577,0.000426664,-0.0002625,825.154
0,9999555,2,phononTF,0.000509252,0.0026041,0.000533793,-0.0002625,5.85,0.000382,1,0.00199994,1.20408e-06,0.0002625,4404.18
0,9999556,1,phononTF,0.01,0.00315278,0.00278388,-0.000251971,0,0.00653187,1,0.00315367,0.00278296,-0.0002625,538.34
