Run ID,Event ID,Track ID,Particle Name,Start Energy [eV],Start X [m],Start Y [m],Start Z [m],Start Time [ns],Energy Deposited [eV],Track Weight,End X [m],End Y [m],End Z [m],Final Time [ns]
0,13803,7,phononTS,0.000663757,-0.000957315,0.00104063,-0.000262498,793.052,0.000382,1,-0.00099588,0.000998394,0.0002625,886.528
0,15938,5,phononTF,0.000390936,-0.000181993,-0.00180097,-0.000262498,2746.14,0.000382,1,4.70832e-06,-0.00199704,0.0002625,2847.21
0,23565,6,phononTS,0.000632101,-0.00202522,0.00261137,-0.0002625,220.463,0.000382,1,-0.00200421,0.00199988,0.0002625,697.002
0,50356,2,phononTS,0.00601807,-0.000754142,0.00296508,-0.000241441,76.0372,0.001146,1,-0.00100133,0.00299506,0.0002625,993.868
0,50356,7,phononL,0.000567132,-0.00100133,0.00299506,0.000262499,993.868,0.000567132,1,-0.00149504,0.00299155,-0.0002625,1071.79
0,110899,5,phononTS,0.000431545,-0.000968344,0.00303789,-0.000262498,2786.48,0.000382,1,-0.000999058,0.00299637,0.0002625,2875.89
0,110899,3,phononTS,0.000571516,-0.00204958,0.0036179,0.000262498,548.459,0.000571516,1,-0.0020662,0.00357944,-0.0002625,638.472
0,117059,4,phononTS,0.00134228,-0.00208546,0.005,8.19451e-05,151.81,0.000382,1,-4.39722e-06,0.00199656,0.0002625,2319.56
0,118413,2,phononTS,0.00448339,-0.00266686,0.00405219,-0.000124053,143.139,0.000764,1,-6.61877e-07,0.0020014,0.0002625,780.905
0,128154,6,phononTF,0.000625048,-0.00199983,0.00199781,0.0002625,1816.68,0.000625048,1,-0.00217708,0.00181573,-0.0002625,2219.59
0,132947,5,phononTS,0.000530674,-0.00241725,-0.00104583,-0.000262498,1936.44,0.000382,1,-0.00199844,-0.00199618,0.0002625,2175.01
0,141647,11,phononTF,0.000546063,-0.0017811,-0.005,-0.00016817,845.543,0.000546063,1,-0.00173309,-0.00493699,-0.0002625,2267.81
0,161750,4,phononTF,0.000871089,-4.30792e-06,1.24533e-06,0.0002625,2202.19,0.000871089,1,0.000444942,-0.000461075,-0.0002625,2913.68
0,171786,5,phononL,0.00093141,-0.0018022,0.00421048,-0.000262498,1175.52,0.000382,1,-0.000999849,0.00299516,0.0002625,1352.81
0,171786,3,phononL,0.00270088,-0.00216599,0.00382806,0.000262498,42.677,0.00263087,1,-0.00203751,0.00428972,-0.0002625,119.914
0,190359,4,phononTS,0.000723953,8.18466e-05,0.00346409,-0.0002625,272.364,0.000382,1,0.00200213,0.00199677,0.0002625,1524.32
0,190359,2,phononTS,0.000759747,-0.0017426,0.00379067,0.000262498,124.706,0.000759747,1,-0.0016922,0.00330817,-0.0002625,267.831
0,205811,8,phononTF,0.000634224,-0.00100251,0.00299854,0.0002625,524.212,0.000634224,1,-0.000840657,0.00316719,-0.0002625,720.932
0,205811,2,phononTS,0.00146662,-0.00220466,0.00379366,0.000262498,78.9426,0.00146662,1,-0.00217025,0.00377137,-0.0002625,175.318
0,219149,5,phononTF,0.000509637,-0.000954687,0.00328361,-0.0002625,3033.37,0.000382,1,-0.00100453,0.00299523,0.0002625,3844.43
0,229205,7,phononTF,0.000439208,-0.00237378,-0.00249227,-0.0002625,1220.69,0.000382,1,-0.0019989,-0.002004,0.0002625,9589.44
0,234681,3,phononTS,0.00242642,-0.00194785,0.00278981,-0.0002625,1063.68,0.001146,1,-0.00200166,0.00200445,0.0002625,1723.65
0,268754,11,phononTS,0.000640337,-0.00100202,0.00300411,0.000262498,1060.94,0.000640337,1,0.000849715,0.000345929,-0.0002625,1674.03
0,275138,3,phononTS,0.000702483,-0.005,0.00143841,-0.000209277,480.223,0.000382,1,-0.00200287,-0.00199874,0.0002625,5750.87
0,275138,2,phononL,0.00218706,-0.00263845,0.00456159,0.000122997,480.223,0.00154051,1,-0.00322159,0.0045538,-0.0002625,659.011
0,292337,6,phononTS,0.00092718,-0.00467088,0.005,3.71242e-05,189.562,0.000764,1,0.00200499,-0.00199859,0.0002625,5953.61
0,300826,2,phononTF,0.000493286,-0.000567927,0.00219781,-0.0002625,14.2247,0.000382,1,-1.79823e-06,0.00199633,0.0002625,912.688
0,302202,5,phononTF,0.00265587,-0.00144994,0.00338787,-0.0002625,121.569,0.000764,1,-0.00099962,0.00299901,0.0002625,397.932
0,302202,6,phononL,0.00180704,-0.00099962,0.00299901,0.000262498,397.932,0.00180704,1,-0.000669937,0.00299378,-0.0002625,466.953
0,316145,5,phononTS,0.000579595,-0.00300175,-0.00100152,0.000262498,4349.83,0.000579595,1,-0.00273987,-0.00103666,-0.0002625,4464.98
0,317668,7,phononTF,0.000542733,-0.000824057,0.00281548,-0.000262498,744.68,0.000382,1,-0.0010042,0.00300486,0.0002625,845.036
0,325392,5,phononL,0.00108798,-0.00165134,0.00144777,-0.0002625,119.113,0.000382,1,-0.000997603,0.00100171,0.0002625,973.006
0,325392,7,phononTF,0.000667509,-0.000997603,0.00100171,0.000262498,973.006,0.000667509,1,-0.00140886,0.0015793,-0.0002625,1130.05
0,345316,9,phononTS,0.000647561,-0.00199522,4.93222e-06,0.0002625,1261.37,0.000647561,1,-0.00126958,-0.00172619,-0.0002625,2537.76
0,360628,3,phononTS,0.00267352,0.00251853,-0.0019808,-0.000109808,705.806,0.000382,1,0.00200361,-0.00200017,0.0002625,5475.98
0,360628,4,phononTS,0.00192233,0.00200361,-0.00200017,0.000262499,5475.98,0.00171197,1,0.00196677,-0.00194629,-0.0002625,5568.98
0,360628,2,phononTS,0.00111077,-0.00250294,0.00429357,0.000262498,705.806,0.000691492,1,-0.00320306,0.00499687,-0.0002625,939.355
0,373741,4,phononTS,0.0022369,-0.00100006,0.00300057,0.000262498,326.982,0.0022369,1,-0.000709948,0.00376832,-0.0002625,529.231
0,373741,2,phononTS,0.00140539,-0.00207016,0.00379769,0.000262498,26.2645,0.00140539,1,-0.00205544,0.00346404,-0.0002625,150.763
0,403820,5,phononTF,0.000934878,-0.00156759,0.00352036,-0.0002625,101.662,0.000382,1,-0.00100321,0.00299583,0.0002625,541.079
0,403820,6,phononTS,0.000531347,-0.00100321,0.00299583,0.000262498,541.079,0.000531347,1,-0.000943802,0.00254048,-0.0002625,684.73
0,403820,3,phononTF,0.000803197,-0.00219953,0.00387859,0.000262498,1.96352,0.000249168,1,-0.0022324,0.00118237,-0.0002625,500.91
0,447303,4,phononTF,0.00227035,0.0023803,0.000489588,-0.0002625,1.12251,0.001146,1,0.00200167,4.53488e-06,0.0002625,2058.08
0,458450,3,phononTS,0.000581933,-0.00110536,0.0029307,-0.0002625,19.5402,0.000382,1,4.77794e-06,0.00200034,0.0002625,639.724
0,507471,7,phononTS,0.000424461,0.00200387,-4.92062e-07,0.0002625,1050.92,0.000424461,1,0.00197139,-0.000977855,-0.0002625,1484.53
0,516026,5,phononTS,0.000552402,-0.00127053,0.0039528,-0.0002625,369.588,0.000382,1,-0.00100455,0.00299847,0.0002625,1029.82
0,516026,2,phononTF,0.0055149,-0.00270482,0.005,-4.22528e-05,190.042,0.00413346,1,-0.00319256,0.00450551,-0.0002625,1123.17
0,534841,8,phononL,0.000382336,-0.0019965,0.00199969,0.000262498,772.817,0.000382336,1,-0.00268644,0.00134547,-0.0002625,895.158
0,563347,2,phononTF,0.00151752,-0.000139485,0.00188016,-0.0002625,2.87724,0.000764,1,-0.00099886,0.0010014,0.0002625,931.359
0,577668,3,phononTS,0.00227116,-0.00107725,0.00194456,-0.0002625,81.9049,0.000382,1,2.50059e-06,-1.33195e-08,0.0002625,967.468
0,596092,2,phononTF,0.000678709,-0.000356452,0.00237428,-0.0002625,1171.09,0.000382,1,3.83314e-06,0.00200283,0.0002625,1824.53
0,616786,2,phononTS,0.00150248,-0.005,0.00450931,-0.000251749,14.8732,0.000764,1,-0.0020044,0.00200035,0.0002625,1554.69
0,622941,2,phononTS,0.000684085,0.00301593,0.00105233,-0.0002625,728.879,0.000382,1,0.00300145,0.000996531,0.0002625,2244.11
0,652227,5,phononTS,0.000474974,-0.0022968,0.00377333,-0.000262498,100.024,0.000382,1,2.96479e-06,7.13871e-07,0.0002625,929.33
0,652227,2,phononTS,0.000776361,-0.00220645,0.00385953,0.000262498,7.64559,0.000776361,1,-0.00191018,0.00354656,-0.0002625,152.585
0,678849,11,phononTS,0.00143134,-0.000997491,0.000997891,0.000262498,1507.99,0.00143134,1,-0.00100749,0.000940384,-0.0002625,1605.24
0,686696,5,phononTS,0.000505678,8.00561e-05,-4.94293e-05,-0.000262498,1198.78,0.000382,1,-1.41466e-06,1.56909e-06,0.0002625,1295.25
0,686881,5,phononTF,0.000715823,-0.00199967,0.00199618,0.000262498,785.79,0.000715823,1,-0.00194606,0.00217357,-0.0002625,883.527
0,686881,2,phononL,0.00095158,-0.00200067,0.00360737,0.000262498,354.74,0.00095158,1,-0.00200313,0.00322676,-0.0002625,426.119
0,698272,6,phononTF,0.000565218,6.98517e-07,0.0019998,0.000262498,1268.22,0.000565218,1,-7.36027e-05,9.81094e-05,-0.0002625,1634.68
0,739574,7,phononTF,0.000583872,-0.00108387,0.00288984,-0.0002625,345.859,0.000382,1,-0.000998653,0.00299614,0.0002625,811.906
0,762199,3,phononTS,0.00147756,-0.00200254,0.00200092,0.0002625,6.97408,0.000421206,1,-0.00196547,0.00153325,-0.0002625,713.948
0,786928,8,phononTS,0.000976572,-0.00195274,-0.000987131,-0.0002625,884.115,0.000382,1,-0.00199741,-0.002,0.0002625,2058.09
0,786928,9,phononTS,0.000566074,-0.00199741,-0.002,0.000262498,2058.09,0.000566074,1,-0.00207695,-0.00153443,-0.0002625,2204.2
0,809344,3,phononTF,0.00160566,0.00242363,0.000439798,-0.0002625,42.4707,0.000382,1,0.00299771,0.000996702,0.0002625,1478.19
0,809530,7,phononTF,0.000427642,-0.00383154,-0.00160246,-0.0002625,3413.73,0.000382,1,-0.00300172,-0.000998617,0.0002625,4200.17
0,819700,4,phononTS,0.00280752,-0.00211456,0.000586546,-0.0002625,1043.17,0.000382,1,-0.00199646,1.83804e-06,0.0002625,4981.5
0,819700,7,phononTS,0.000429189,-0.00199646,1.83804e-06,0.000262499,4981.5,0.000429189,1,-0.00295709,-0.000259731,-0.0002625,5208.8
0,819700,6,phononTF,0.0010399,-0.00199646,1.83804e-06,0.000262499,4981.5,0.000155459,1,-0.00145019,0.000560992,-0.0002625,5142.7
0,833505,6,phononTS,0.00151855,-0.000998245,0.00299939,0.0002625,373.471,0.00086224,1,-0.000998969,0.00300054,-0.0002625,559.67
0,834639,9,phononTS,0.000389545,-1.7499e-06,-1.45795e-06,0.0002625,1926.48,0.000389545,1,-7.97669e-05,-0.000687518,-0.0002625,2271.81
0,834639,2,phononTS,0.000423399,-0.00226826,0.00384226,0.000262498,17.0945,0.000423399,1,-0.00228658,0.00381343,-0.0002625,107.744
0,843440,9,phononTF,0.000618622,-0.00100475,0.0030041,0.000262498,1023.92,0.000618622,1,-0.000580082,0.0034281,-0.0002625,1160.43
0,910532,6,phononTS,0.000814218,0.00119749,0.00188219,-0.0002625,1193.6,0.000382,1,0.00299538,0.000997669,0.0002625,3846.48
0,915669,6,phononTS,0.00059422,-0.00300084,-0.00100059,0.000262498,3732.44,0.00059422,1,-0.00271475,-0.00119556,-0.0002625,3864.92
0,924805,4,phononTS,0.00267858,0.000898187,0.00103847,-0.0002625,282.569,0.000382,1,0.000999939,0.000999854,0.0002625,2037.01
0,924805,5,phononTF,0.0020851,0.000999939,0.000999854,0.000262498,2037.01,0.00162291,1,0.000711335,0.000721538,-0.0002625,2150.08
0,934941,5,phononTF,0.000391056,0.005,0.000786568,-5.33001e-05,1581.7,0.000382,1,0.00299667,0.00100006,0.0002625,4593.64
0,941581,4,phononTS,0.000742157,-0.00218933,0.000612495,-0.0002625,627.087,0.000382,1,-0.000998085,-0.000999559,0.0002625,3582.5
0,941581,2,phononTS,0.00077164,-0.00224838,0.00386306,0.000262498,73.9797,7.2261e-05,1,-0.00230818,0.00382286,-0.0002625,168.87
0,967154,4,phononTS,0.000495204,-0.00145688,-0.00149692,-0.0002625,488.505,0.000382,1,-0.00199835,4.92693e-06,0.0002625,3899.3
0,977030,3,phononTS,0.00149287,-0.00164079,0.0024564,-0.0002625,127.546,0.000764,1,-0.000999584,0.000997831,0.0002625,792.41
0,977030,2,phononTF,0.00219154,-0.00228199,0.00391496,0.000262498,127.546,0.00077059,1,-0.00251352,0.00415735,-0.0002625,234.122
0,1010129,8,phononTS,0.000566791,-0.0019959,0.00200159,0.000262498,980.321,0.000566791,1,-0.00197162,0.00245743,-0.0002625,1122.34
0,1033992,6,phononTF,0.000566163,-0.000999204,0.00300406,0.000262498,467.968,0.000566163,1,-0.000599139,0.00275859,-0.0002625,594.379
0,1039592,4,phononTS,0.00250434,-0.00150367,0.00342869,-0.0002625,67.788,0.000382,1,-0.000998251,0.00300205,0.0002625,699.693
0,1039592,6,phononTS,0.00126485,-0.000998251,0.00300205,0.000262498,699.693,0.000478159,1,-0.00102089,0.00303494,-0.0002625,789.974
0,1042693,3,phononTF,0.00176063,0.00080198,0.00137977,-0.0002625,63.4676,0.000382,1,0.000998557,0.00100401,0.0002625,1670.54
0,1044092,2,phononTF,0.000486476,-0.000442242,0.00362539,-0.0002625,458.576,0.000382,1,-0.000999823,0.00300163,0.0002625,1888.52
0,1048068,7,phononTS,0.000634383,0.00194144,0.00263797,-0.0002625,1159.05,0.000382,1,0.00200136,0.0019983,0.0002625,1655.29
0,1103331,3,phononTF,0.00265305,-0.001129,0.00311516,-0.0002625,13.6463,0.000382,1,-0.00100433,0.00299623,0.0002625,617.848
0,1107735,3,phononTS,0.00111277,-0.00275156,0.0033255,-0.000262498,541.865,0.000382,1,0.00200157,-0.00200047,0.0002625,1778.91
0,1117916,2,phononTF,0.00197303,-0.00117145,0.00315883,-0.0002625,298.44,0.000764,1,-0.00100077,0.00299678,0.0002625,692.257
0,1117916,5,phononTS,0.000623873,-0.00100077,0.00299678,0.000262498,692.257,0.000623873,1,-0.00104643,0.00298531,-0.0002625,787.528
0,1129428,6,phononTS,0.0004845,-0.00300305,-0.00100017,0.0002625,1716.15,0.0004845,1,-0.00295462,-0.000537568,-0.0002625,1997
0,1141567,4,phononTF,0.000850336,0.000282715,0.000282169,-0.000262498,1566.57,0.000382,1,-2.96858e-06,2.83398e-06,0.0002625,1679.5
0,1141567,5,phononTF,0.000437492,-2.96858e-06,2.83398e-06,0.000262498,1679.5,0.000437492,1,0.000275402,0.000416081,-0.0002625,1808.55
0,1157532,4,phononTS,0.0022621,0.00222244,-0.00283703,-0.0002625,420.722,0.000764,1,0.00200404,-0.00200324,0.0002625,3256.83
0,1157532,5,phononTF,0.000404916,0.00200404,-0.00200324,0.000262498,3256.83,0.000404916,1,0.00233794,-0.00195528,-0.0002625,3371.76
0,1157532,2,phononTF,0.0043177,-0.00247287,0.00475023,-2.29648e-05,243.157,0.00314195,1,-0.00226061,0.00467208,-0.0002625,417.763
0,1185232,3,phononTF,0.00139945,-0.00140703,0.00376809,-0.0002625,27.6731,0.000382,1,-0.00099686,0.00299995,0.0002625,736.479
0,1185232,4,phononTF,0.000811375,-0.00099686,0.00299995,0.000262498,736.479,0.000216527,1,-0.00133088,0.00265788,-0.0002625,858.095
0,1200018,4,phononTF,0.000626689,-0.000116211,0.0018834,-0.0002625,1075.66,0.000382,1,-3.12722e-06,0.00200071,0.0002625,1426.5
0,1200018,2,phononTS,0.00213859,-0.00304826,0.005,0.00018271,208.777,0.000808083,1,-0.00306356,0.00477192,-0.0002625,556.322
0,1203426,7,phononTS,0.000454361,0.00100448,-0.00299612,0.000262498,3431.82,0.000454361,1,0.000973724,-0.00302973,-0.0002625,3521.29
0,1204017,5,phononTF,0.00139906,-0.00154769,0.00346318,-0.0002625,170.664,0.000382,1,-0.00100221,0.00299934,0.0002625,480.517
0,1209824,3,phononTF,0.000596526,-0.000704702,0.00328516,-0.0002625,932.93,0.000382,1,-0.00100024,0.00300178,0.0002625,1727.61
0,1219869,4,phononTS,0.00225322,-0.00166151,0.00339533,-0.0002625,50.1232,0.000382,1,-0.000996002,0.00300128,0.0002625,443.56
0,1221300,6,phononL,0.000422684,-0.00200473,0.00200159,0.0002625,1345.04,0.000422684,1,-0.00240293,0.0014155,-0.0002625,1733.32
0,1229966,7,phononTS,0.000414638,-0.00252926,-0.00117098,-0.0002625,408.163,0.000382,1,-0.00199501,-1.13646e-06,0.0002625,4322.05
0,1295110,3,phononTS,0.0018647,-0.00290554,0.005,-0.000135306,3.41831,0.000764,1,-3.34899e-06,-2.28921e-06,0.0002625,2526.55
0,1295110,6,phononL,0.000382796,-3.34899e-06,-2.28921e-06,0.000262498,2526.55,0.000382796,1,-0.000412734,-3.8938e-07,-0.0002625,2599.42
0,1302504,2,phononL,0.000695683,-0.000136602,0.000338131,-0.0002625,464.185,0.000382,1,9.00323e-07,-2.28493e-06,0.0002625,2093.17
0,1309543,10,phononTS,0.000645846,-0.000916503,0.00101994,-0.000262498,2175.74,0.000382,1,-0.000996736,0.000998491,0.0002625,2272.42
0,1310280,10,phononTF,0.000442852,-0.000234412,-0.00435716,-0.0002625,2573.54,0.000382,1,2.69997e-06,1.00938e-06,0.0002625,5429.91
0,1352970,5,phononTS,0.000511596,0.005,-0.00445442,3.19602e-05,841.399,0.000382,1,-0.00100048,0.00300118,0.0002625,4401.34
0,1355002,2,phononTF,0.00135571,-0.000368158,0.0023503,-0.0002625,86.7247,0.000382,1,2.67606e-06,0.00200037,0.0002625,844.055
0,1355002,6,phononTS,0.000913025,2.67606e-06,0.00200037,0.000262498,844.055,0.000778434,1,0.00101291,0.000800551,-0.0002625,1174.65
0,1376645,8,phononTS,0.000741129,-1.62501e-05,3.55106e-05,-0.000262498,975.438,0.000382,1,3.24406e-06,-4.69627e-06,0.0002625,1065.58
0,1401050,9,phononTS,0.000411073,-0.00225363,0.00230645,-0.000262498,1227.35,0.000382,1,-0.00200129,0.00200496,0.0002625,1366.75
0,1401050,3,phononL,0.000876053,-0.00168023,0.00404622,0.000262498,506.389,0.000686174,1,-0.00117375,0.00407495,-0.0002625,585.219
0,1401050,2,phononTF,0.000849313,0.00189764,-0.005,2.34061e-05,506.389,0.000665975,1,0.00115061,-0.00424268,-0.0002625,2716.49
0,1401243,6,phononTS,0.00043417,0.000779006,0.00109925,-0.000262498,827.784,0.000382,1,0.00100025,0.00100134,0.0002625,945.584
0,1401243,4,phononTS,0.00103988,-0.00207915,0.00408374,0.000262498,49.6899,0.000697656,1,-0.00206572,0.00402789,-0.0002625,139.652
0,1405343,7,phononTS,0.000719079,-0.00151018,0.00468358,-0.0002625,1411.89,0.000382,1,-1.51001e-06,0.00199943,0.0002625,3419.2
0,1419357,4,phononTS,0.00185338,-0.00200215,-0.00200391,0.000262498,2633.56,0.00104078,1,-0.00216209,-0.00205098,-0.0002625,2737.31
0,1439347,8,phononTS,0.00047753,0.00100216,0.0010027,0.000262498,4873.73,0.00047753,1,-0.000314643,0.000955298,-0.0002625,5169.66
0,1453344,5,phononTS,0.000822932,-0.00102657,0.00102443,-0.000262498,1859.43,0.000382,1,-0.000999975,0.000997716,0.0002625,1949.09
0,1476027,2,phononTS,0.00100781,-0.00113233,0.002025,-0.0002625,239.278,0.000382,1,-0.00100158,0.00099918,0.0002625,1444.46
0,1532576,5,phononTS,0.000944886,0.00116725,0.00180692,-0.000262498,3859.7,0.000382,1,0.00100126,0.00100439,0.0002625,4058.98
0,1532874,2,phononTF,0.00273174,-0.00202556,0.00197572,0.000226986,100.901,0.000764,1,-0.00200495,0.00199719,0.0002625,1168.57
0,1532874,8,phononTF,0.000468963,-0.00200495,0.00199719,0.000262498,1168.57,0.000468963,1,-0.00174397,0.00167727,-0.0002625,1285.07
0,1551541,4,phononTS,0.000818966,-0.0019619,0.00174837,-0.000262498,373.592,0.000382,1,-0.00200403,0.00200136,0.0002625,487.515
0,1607010,4,phononTS,0.000505157,-0.00350433,0.005,-0.000197837,1219.37,0.000382,1,-1.95669e-06,0.00199557,0.0002625,2809.63
0,1685958,3,phononTS,0.00181396,0.0034812,0.00245584,-0.0002625,5.47331,0.000382,1,0.00300094,0.000998292,0.0002625,4171.89
0,1692240,6,phononTS,0.000602961,-0.00203976,0.00288886,-0.0002625,762.292,0.000382,1,-0.00200431,0.00200053,0.0002625,2022.25
0,1692240,4,phononTS,0.00145469,-0.00224385,0.00344952,0.000262498,363.157,0.000668907,1,-0.00223717,0.00346003,-0.0002625,457.12
0,1701288,6,phononL,0.000555146,-0.000584264,-0.000284705,-0.000262498,1898.53,0.000382,1,-0.000997898,-0.000998877,0.0002625,2006.64
0,1728656,5,phononTS,0.0004801,-0.00110293,0.00304945,-0.0002625,374.832,0.000382,1,-0.000997575,0.00299984,0.0002625,860.826
0,1728657,1,phononTS,0.01,-0.00217636,0.00322168,-0.00024679,0,0.00708234,1,-0.00216252,0.00321383,-0.0002625,351.656
0,1740117,5,phononTF,0.000809678,-0.001847,0.00213531,-0.0002625,604.881,0.000382,1,-0.00199665,0.00199595,0.0002625,1088.63
0,1740117,3,phononL,0.00135779,-0.00242576,0.00383548,0.000262498,75.0471,0.000869499,1,-0.00234539,0.00341949,-0.0002625,148.791
0,1811116,3,phononTS,0.000983227,-0.00182753,0.00322354,-0.0002625,607.36,0.000382,1,-0.000996832,0.00300034,0.0002625,1021.2
0,1811116,7,phononTS,0.000448439,-0.000996832,0.00300034,0.000262498,1021.2,0.000448439,1,-0.00102457,0.00302069,-0.0002625,1111.12
0,1811116,2,phononTF,0.00214806,-0.00265822,0.00344675,0.000262498,607.36,0.00185342,1,-0.0024584,0.00329523,-0.0002625,708.298
0,1811117,1,phononTF,0.01,-0.00222201,0.00384563,-0.000254044,0,0.00631958,1,-0.00222353,0.00384432,-0.0002625,347.425
0,1844219,4,phononTF,0.000762388,-0.000948674,0.005,0.000234904,374.554,0.000382,1,0.00100237,0.000998257,0.0002625,1486.25
0,1866011,3,phononTF,0.00434565,-0.00105603,0.00313668,0.000152791,156.623,0.001146,1,-0.00100459,0.00300212,0.0002625,417.537
0,1866011,5,phononTF,0.000680178,-0.00100459,0.00300212,0.000262498,417.537,0.000680178,1,-0.00105984,0.00294517,-0.0002625,508.466
0,1866011,4,phononTF,0.00201142,-0.00100459,0.00300212,0.000262498,417.537,0.00155549,1,-0.00126018,0.00274618,-0.0002625,526.682
0,1883382,4,phononTF,0.0027793,-0.00235046,-0.000365082,-0.0002625,159.249,0.001146,1,-0.00300273,-0.00100014,0.0002625,1604.78
0,1883382,5,phononTF,0.000799628,-0.00300273,-0.00100014,0.000262498,1604.78,0.000799628,1,-0.0027169,-0.00132009,-0.0002625,1722.18
0,1883382,3,phononTS,0.000470697,-0.000944271,0.005,8.19124e-05,159.249,0.000470697,1,-0.00346363,0.00347812,-0.0002625,1032.62
0,1883382,2,phononTS,0.000516039,-0.00230882,0.00376552,0.000262498,159.249,0.000516039,1,-0.0022492,0.00381665,-0.0002625,253.981
0,1896098,3,phononL,0.0022858,-0.00235996,0.00321105,-0.0002625,31.8771,0.000764,1,-0.00199698,0.00200396,0.0002625,378.339
0,1908182,3,phononTS,0.00190182,-0.0027972,-0.000141016,-0.0002625,129.589,0.000382,1,-0.00300329,-0.000997913,0.0002625,1384.05
0,1916653,6,phononTS,0.000461415,-0.00100029,0.00300409,0.000262498,1315.31,0.000461415,1,-0.00103739,0.00305309,-0.0002625,1404.46
0,1963208,5,phononTS,0.000474296,-0.00200472,0.00200312,0.0002625,8.60516,0.000474296,1,-0.00195454,0.00152495,-0.0002625,721.259
0,1963208,4,phononTS,0.000906144,-0.00220543,0.00391581,0.000262498,8.60516,0.000906144,1,-0.000269687,0.00279169,-0.0002625,453.988
0,1964275,2,phononTF,0.0018979,-0.00126487,0.00325189,-0.0002625,249.358,0.000382,1,-0.000996988,0.00299521,0.0002625,689.333
0,1974265,7,phononTF,0.000468636,-0.00199703,0.00199659,0.000262498,1782.76,0.000468636,1,-0.00205466,0.00205325,-0.0002625,1873.71
0,2004014,5,phononTS,0.000671905,-0.00192778,0.005,-5.76995e-05,740.601,0.000382,1,0.00199829,6.05185e-07,0.0002625,2008.11
0,2058400,8,phononTS,0.000459606,-0.00100053,-0.00100399,0.000262498,2449.29,0.000459606,1,-0.00103559,-0.00102604,-0.0002625,2543.34
0,2106868,9,phononTS,0.000420239,-0.00039166,0.00352104,-0.0002625,1784.08,0.000382,1,-0.000998849,0.00100477,0.0002625,2786.54
0,2113074,10,phononTF,0.00102694,-5.16031e-07,0.00200289,-0.0002625,125.635,0.000382,1,0.00100263,0.000995379,0.0002625,904.015
0,2141337,4,phononTF,0.000880848,-0.00199646,0.00200398,0.0002625,11.9276,0.000400198,1,-0.00233499,0.00165289,-0.0002625,883.679
0,2181547,7,phononTS,0.000429363,0.00199616,-0.00199894,0.0002625,3418.31,0.000429363,1,0.00196469,-0.00204222,-0.0002625,3778.45
0,2201002,3,phononTS,0.000886295,0.005,-0.0036625,7.31189e-05,5.31829,0.000886295,1,0.00479979,-0.00340691,-0.0002625,2502.12
0,2201002,2,phononTF,0.00114859,-0.00220579,0.00389317,0.000262498,5.31829,0.000462926,1,-0.00240553,0.00369794,-0.0002625,107.176
0,2201728,6,phononTF,0.00056687,-0.00141458,0.000764146,-0.000262498,843.659,0.000382,1,-0.00100303,-0.00100396,0.0002625,1191.43
0,2209380,6,phononL,0.00198412,-0.00200473,0.00200237,0.000262498,610.358,0.000410715,1,-0.00154503,0.00196026,-0.0002625,686.273
0,2211140,6,phononTS,0.000530545,-0.00259147,-0.00200504,-0.000262498,1783.99,0.000382,1,-0.00199508,-0.00199504,0.0002625,1940.14
0,2215203,3,phononTF,0.000904211,-0.00201673,0.00402843,-0.000262498,359.419,0.000382,1,-0.000997247,0.00300458,0.0002625,622.75
0,2257967,4,phononTF,0.00194842,-0.00120866,0.00313032,-0.0002625,350.992,0.000382,1,-0.000999668,0.00300342,0.0002625,1081.99
0,2257967,10,phononL,0.00062332,-0.000999668,0.00300342,0.000262498,1081.99,0.00062332,1,-0.000489219,0.00331143,-0.0002625,1168.74
0,2297585,7,phononTS,0.000672252,0.000996981,0.000999054,0.0002625,740.533,0.000607408,1,0.00159799,-0.000583869,-0.0002625,2109.6
0,2297585,4,phononL,0.000894778,-0.00211359,0.00403458,0.000262498,65.7344,0.000373605,1,-0.00199253,0.0012543,-0.0002625,374.864
0,2319992,4,phononTS,0.00053102,-0.00243871,0.00396476,-0.000262498,126.552,0.000382,1,-0.000997738,0.00299584,0.0002625,472.826
0,2371332,4,phononTS,0.000601775,0.00137691,-0.00295606,-0.0002625,1683.15,0.000382,1,0.00100462,-0.00300186,0.0002625,3816.46
0,2371332,2,phononTS,0.00101496,-0.00157916,0.00413718,0.000262498,215.756,0.00101496,1,-0.00158777,0.00419006,-0.0002625,306.03
0,2375897,2,phononTS,0.00135951,-0.00210063,-0.000773389,-0.0002625,40.9255,0.000382,1,-0.000999618,-0.000996701,0.0002625,1770.01
0,2375897,6,phononTS,0.000714713,-0.000999618,-0.000996701,0.000262498,1770.01,0.000714713,1,-0.0010387,-0.000966223,-0.0002625,1863.97
0,2380656,3,phononTS,0.00178778,-0.00262935,0.000156497,-0.0002625,444.224,0.000382,1,-0.00100122,-0.00100055,0.0002625,1979.6
0,2380656,5,phononTF,0.000796495,-0.00100122,-0.00100055,0.000262498,1979.6,0.000469699,1,-0.00133232,-0.000655239,-0.0002625,2101.1
0,2381001,1,phononTS,0.01,-0.00100763,0.00299793,0.000202007,0,0.001146,1,-0.00100223,0.00299519,0.0002625,583.981
0,2381001,4,phononTS,0.000522985,-0.00100223,0.00299519,0.000262498,583.981,0.000522985,1,-0.000971277,0.00299285,-0.0002625,675.043
0,2381001,3,phononTS,0.000657314,-0.00100223,0.00299519,0.000262498,583.981,0.000497869,1,-0.00100267,0.00273152,-0.0002625,699.383
0,2381001,2,phononTS,0.00613105,-0.00100223,0.00299519,0.000262498,583.981,0.0027311,1,-0.00102118,0.00301618,-0.0002625,673.714
0,2441909,3,phononTS,0.00236306,-0.00149836,0.00312218,-0.0002625,161.147,0.000764,1,-0.00199637,0.00199682,0.0002625,2964.95
0,2441909,4,phononTS,0.0011463,-0.00199637,0.00199682,0.000262498,2964.95,0.0011463,1,-0.00201602,0.00201557,-0.0002625,3057.07
0,2478385,6,phononTF,0.00124648,0.00230616,-0.000282553,-0.0002625,2186.01,0.000382,1,0.00200308,1.11339e-06,0.0002625,3039.59
0,2494856,3,phononTF,0.00222623,-0.00385187,-0.000145766,-0.0002625,36.9782,0.000382,1,-0.00299783,-0.00100356,0.0002625,3797.57
0,2508388,4,phononL,0.000442514,-0.000998901,0.00300331,0.0002625,444.083,0.000442514,1,-0.00101626,0.00241805,-0.0002625,612.872
0,2515806,5,phononTS,0.000654853,-0.00257703,0.00348361,-0.000262498,198.757,0.000382,1,-0.00199872,0.00199572,0.0002625,530.522
0,2515806,3,phononTF,0.00277756,0.005,-0.00355854,8.88248e-05,63.0245,0.00141791,1,0.00440582,-0.00295374,-0.0002625,3010.57
0,2527522,5,phononTF,0.00141345,0.00191427,0.00166131,-0.0002625,169.585,0.000382,1,0.00300163,0.000998316,0.0002625,1402.18
0,2539071,10,phononTS,0.00060751,-0.000998465,0.00300037,0.000262498,942.186,0.00060751,1,5.59372e-05,0.00128215,-0.0002625,1341.77
0,2547202,7,phononTS,0.0013078,-0.00291678,0.00406892,-0.0002625,365.985,0.000382,1,-0.000998745,0.00299644,0.0002625,2060.41
0,2547202,8,phononTF,0.000517646,-0.000998745,0.00299644,0.000262499,2060.41,0.000517646,1,-0.000754772,0.00322972,-0.0002625,2167.21
0,2547202,3,phononTS,0.00126548,-0.00263015,0.005,-0.000130021,94.9972,0.000563483,1,-0.00252717,0.00473751,-0.0002625,384.929
0,2548577,6,phononTS,0.000382465,-0.00266395,0.00353162,-0.000262498,517.074,0.000382,1,-3.56085e-06,4.00614e-06,0.0002625,1334.85
0,2563651,2,phononTS,0.00299381,-0.00441418,0.005,-0.000123571,19.263,0.000382,1,-4.89168e-06,0.00200199,0.0002625,1483.76
0,2563651,5,phononL,0.000402222,-4.89168e-06,0.00200199,0.000262498,1483.76,0.000402222,1,-1.33689e-05,0.00179333,-0.0002625,1548.66
0,2568005,6,phononTS,0.000697277,-0.00199658,-2.35392e-06,0.000262498,1100.64,0.000697277,1,-0.00228135,0.000217677,-0.0002625,1235.23
0,2582315,2,phononTF,0.00109034,-0.00124343,0.00322826,-0.0002625,120.191,0.000382,1,-0.00100025,0.00299894,0.0002625,726.139
0,2596118,5,phononL,0.00226103,-0.000999466,0.00300213,0.000262498,434.226,0.00183441,1,-0.00078992,0.00372079,-0.0002625,533.111
0,2634040,6,phononTS,0.000416472,0.00100102,0.00099685,0.000262499,2285.36,0.000416472,1,0.00178774,0.00145849,-0.0002625,2504.5
0,2703763,4,phononTS,0.00198094,-0.00208503,0.00285379,-0.0002625,87.5585,0.000382,1,-0.00199519,0.00200279,0.0002625,481.883
0,2713371,6,phononTF,0.000418741,-0.000291999,-0.00430772,-0.0002625,3471.87,0.000382,1,0.00100056,-0.00300097,0.0002625,4034.6
0,2727988,3,phononTS,0.00213951,-0.000196306,0.00283053,-0.0002625,129.483,0.000764,1,2.50529e-07,0.00200385,0.0002625,1206.5
0,2736921,3,phononTS,0.0010529,-0.00191936,0.00301262,-0.0002625,186.253,0.000382,1,-0.000999701,0.000997128,0.0002625,1439.24
0,2736921,5,phononTF,0.00044838,-0.000999701,0.000997128,0.000262498,1439.24,0.00044838,1,-0.00106978,0.000900733,-0.0002625,1531.78
0,2736921,2,phononTF,0.000400855,-0.00214914,0.00380567,0.000262498,186.253,0.000400855,1,-0.00215932,0.00379474,-0.0002625,276.169
0,2736922,1,phononTF,0.01,-0.0023992,0.00392956,-0.000199376,0,0.00559579,1,-0.00241637,0.00394671,-0.0002625,229.042
0,2743694,5,phononTS,0.00109211,-0.000998295,0.00300381,0.000262498,475.683,0.000809714,1,-0.0010448,0.00292407,-0.0002625,572.132
0,2791834,5,phononTS,0.00105335,-0.00113886,0.0011366,-0.0002625,1171.91,0.000382,1,-0.00200429,4.52419e-06,0.0002625,1813.61
0,2816763,4,phononTF,0.00110523,-0.00200563,0.00199139,-0.000262498,596.429,0.000382,1,-0.0019955,0.00200097,0.0002625,686.339
0,2818484,5,phononTS,0.000584242,0.00200395,-0.00199825,0.0002625,1656.55,0.000584242,1,0.000432861,-0.00316456,-0.0002625,2418.6
0,2818484,3,phononTF,0.000840031,-0.00302445,0.005,0.000123487,2.76422,0.000840031,1,-0.00354317,0.00447419,-0.0002625,451.349
0,2818484,2,phononTS,0.00100767,-0.00220068,0.00387452,0.000262498,2.76422,0.000808781,1,-0.00221531,0.00383362,-0.0002625,92.851
0,2831929,4,phononL,0.00226802,-0.00131468,0.00318897,-0.0002625,111.365,0.000764,1,-0.00100248,0.00299651,0.0002625,395.205
0,2831929,5,phononTF,0.00115732,-0.00100248,0.00299651,0.000262498,395.205,0.00103533,1,-0.00107277,0.0030691,-0.0002625,486.73
0,2831929,3,phononTF,0.000680999,-0.00225129,0.00376634,0.000262498,111.365,0.000680999,1,-0.000914492,0.00498128,-0.0002625,435.669
0,2872809,4,phononTS,0.000454225,-0.00127105,0.00201162,-0.0002625,306.907,0.000382,1,-0.000999072,0.00100365,0.0002625,1016.98
0,2899351,2,phononTS,0.00181833,-0.000990952,0.005,0.000124073,652.225,0.000382,1,-0.00199627,0.00200497,0.0002625,1517.52
0,2899351,4,phononTS,0.000595638,-0.00199627,0.00200497,0.000262498,1517.52,0.000595638,1,-0.00199309,0.00202606,-0.0002625,1611.58
0,2936915,8,phononTF,0.000705529,-0.000995077,0.000995658,0.000262498,2506.41,0.000705529,1,-0.00106262,0.00129988,-0.0002625,2617.61
0,2943136,5,phononTS,0.00122775,-0.000277722,0.00292744,-0.000262498,1230.31,0.000764,1,-0.000995721,0.00300102,0.0002625,1407.2
0,2963794,5,phononTF,0.000522535,-0.00120999,0.000819963,-0.0002625,1078.43,0.000382,1,-2.62522e-06,-2.06077e-06,0.0002625,2189.09
0,2963794,4,phononTF,0.000806033,-0.005,0.00226154,9.95401e-05,1078.43,0.000806033,1,-0.00473419,0.00251949,-0.0002625,1287.84
0,2965204,6,phononTS,0.000611533,-0.00373761,-0.00060784,-0.0002625,636.952,0.000382,1,-0.00199984,-0.00199594,0.0002625,2009.29
0,2989227,5,phononTS,0.00161655,-0.00199819,0.00199524,0.0002625,370.249,0.00122537,1,-0.00198561,0.00119264,-0.0002625,1135.4
0,3000010,4,phononTF,0.00181328,-0.00137616,0.00324524,-0.0002625,158.812,0.000382,1,-0.000999641,0.0029967,0.0002625,652.009
0,3000010,5,phononTS,0.001429,-0.000999641,0.0029967,0.000262499,652.009,0.000961772,1,-0.00099493,0.00272538,-0.0002625,769.795
0,3000010,3,phononTS,0.000619369,-0.00250573,0.00399088,0.000262498,158.812,0.000619369,1,-0.00242089,0.00420848,-0.0002625,275.307
0,3000010,2,phononTS,0.00119715,-0.00250573,0.00399088,0.000262498,158.812,0.000562012,1,-0.00370593,0.0033055,-0.0002625,446.38
0,3008864,7,phononTS,0.000625844,0.00100111,0.00100402,0.000262498,1887.33,0.000625844,1,0.000949595,0.000965013,-0.0002625,1980.53
0,3008864,2,phononTS,0.000415301,-0.00220277,0.00388446,0.000262498,2.59452,0.000415301,1,-0.0021579,0.00416187,-0.0002625,119.304
0,3040908,2,phononTS,0.000755173,-0.000110927,0.000526989,-0.0002625,233.772,0.000382,1,0.00100141,-0.00100095,0.0002625,1343.98
0,3059516,5,phononTF,0.000694338,-0.000799378,0.00130241,-0.000262498,1037.92,0.000382,1,-0.000997758,0.000995314,0.0002625,1151.2
0,3059517,1,phononTF,0.01,-0.00252367,0.00426168,-0.000230404,0,0.00816522,1,-0.00250487,0.00425361,-0.0002625,439.76
0,3078667,5,phononTS,0.000864423,0.000178137,0.00212281,-0.0002625,471.007,0.000382,1,6.3984e-07,0.00200122,0.0002625,1720.11
0,3089237,2,phononTS,0.00158619,0.00310539,0.00184888,-0.0002625,557.047,0.000382,1,0.00299551,0.00100379,0.0002625,2887.81
0,3089237,5,phononTF,0.000612392,0.00299551,0.00100379,0.000262498,2887.81,0.000612392,1,0.00327169,0.000731652,-0.0002625,2999.53
0,3090914,3,phononL,0.00230296,-0.00213547,0.00300794,-0.0002625,48.6093,0.000764,1,-0.0020007,0.00200298,0.0002625,294.783
0,3090916,7,phononTS,0.000611401,-2.24273e-06,0.00181807,-0.0002625,544.123,0.000382,1,7.92596e-07,0.00200034,0.0002625,1434.8
0,3111990,6,phononTS,0.000597786,-0.00199928,0.00199591,0.0002625,1668.46,0.000200856,1,-0.00200924,0.0020374,-0.0002625,1849.59
0,3112324,7,phononTF,0.000658862,-0.00199585,-4.86893e-06,0.000262498,1130.89,0.000658862,1,-0.00175794,0.000225902,-0.0002625,1237.16
0,3120943,4,phononTS,0.00148098,-0.00286934,-0.000196869,-0.0002625,11.1096,0.000382,1,-0.00299732,-0.00100265,0.0002625,1197.52
0,3144768,6,phononTF,0.000512644,0.00200304,0.00199893,0.0002625,3003.13,0.000512644,1,0.00176739,0.00224795,-0.0002625,3218.95
0,3144768,2,phononTF,0.00304492,-0.00233807,0.00358429,0.000262498,205.589,0.00295522,1,-0.00229366,0.00352042,-0.0002625,296.636
0,3157958,3,phononTS,0.00224407,-0.00195398,7.40523e-06,-0.0002625,385.167,0.000382,1,-0.00199607,4.8604e-07,0.0002625,2553.32
0,3174695,2,phononTS,0.00115694,-0.00161144,0.00242137,-0.0002625,9.54221,0.000382,1,-0.000999922,0.00099824,0.0002625,658.959
0,3174695,4,phononTS,0.000489332,-0.000999922,0.00099824,0.000262498,658.959,0.000489332,1,-0.000963745,0.00101617,-0.0002625,753.267
0,3186967,5,phononL,0.000997714,-0.00277485,-0.000121287,-0.0002625,460.716,0.000382,1,-0.00200453,-3.50317e-07,0.0002625,3176.89
0,3215973,4,phononL,0.000458966,-0.00114237,0.00312253,-0.0002625,507.78,0.000382,1,-0.000998883,0.00299947,0.0002625,854.362
0,3215973,2,phononL,0.00527106,-0.000970005,0.00485541,-0.000244125,422.443,0.0031395,1,-0.000952761,0.00484263,-0.0002625,827.643
0,3223936,3,phononTF,0.000780168,0.005,-0.00170972,-6.05151e-05,98.6002,0.000382,1,0.00100323,-0.00100494,0.0002625,2622.13
0,3245536,6,phononTS,0.000400958,-0.000914235,0.00300862,-0.000262498,1455.87,0.000382,1,-0.00100403,0.00299676,0.0002625,1554.51
0,3310132,3,phononTF,0.00117743,-0.00117083,0.00315156,-0.0002625,157.234,0.000382,1,-5.49751e-07,0.00200114,0.0002625,747.022
0,3310132,4,phononTF,0.000615129,-5.49751e-07,0.00200114,0.000262498,747.022,0.000615129,1,0.00104208,0.00152419,-0.0002625,978.368
0,3360717,2,phononTF,0.00137036,-0.00186943,0.00382407,-0.0002625,651.135,0.000382,1,-0.00199649,0.00199704,0.0002625,1833.58
0,3375451,2,phononTS,0.00143939,-0.00187733,0.00287891,-0.0002625,728.586,0.000764,1,-0.000997234,0.00299868,0.0002625,2051.13
0,3384867,3,phononTF,0.000383443,-0.00138959,0.00340545,-0.0002625,790.227,0.000382,1,-0.0010021,0.00300376,0.0002625,1183.51
0,3390068,5,phononTF,0.000430138,-0.000908352,0.00310641,-0.0002625,1482.49,0.000382,1,-0.000999196,0.00300209,0.0002625,1759.72
0,3412520,7,phononTF,0.000906648,-0.0015543,0.00353726,-0.000262498,222.196,0.000764,1,-0.000998132,0.00299742,0.0002625,382.38
0,3443822,5,phononL,0.00150371,-0.00188247,-0.00219906,-0.0002625,477.732,0.000382,1,-0.000998704,-0.000997149,0.0002625,2499.9
0,3516393,3,phononL,0.00157291,-0.00210122,0.00294148,-0.0002625,2.03226,0.000764,1,-0.00199763,0.00200091,0.0002625,234.667
0,3516393,2,phononTF,0.00082831,-0.00220482,0.00388205,0.000262498,2.03226,0.00082831,1,-0.00202454,0.00370452,-0.0002625,101.8
0,3533716,5,phononTS,0.000486694,-0.000997767,0.00299793,0.000262498,1211.47,0.000486694,1,-0.00226096,0.00205114,-0.0002625,1543.55
0,3541948,8,phononTS,0.000548758,1.35445e-06,-1.53055e-06,0.0002625,102.702,0.000548758,1,0.000784134,-0.00134805,-0.0002625,1412.94
0,3548746,7,phononTF,0.000810448,0.000995828,0.00100486,0.0002625,1969.91,0.00060696,1,0.00269259,-0.000952477,-0.0002625,2881.84
0,3576606,2,phononTS,0.0023295,-0.0021193,0.00289251,-0.0002625,160.536,0.000764,1,-0.00200466,0.00200203,0.0002625,580.83
0,3585811,6,phononTF,0.000604126,0.000166188,0.0017715,-0.0002625,5363.21,0.000382,1,0.000998049,0.00100085,0.0002625,6521.81
0,3612757,3,phononTS,0.00204779,-0.00129502,0.00321619,-0.0002625,242.875,0.000382,1,-0.000997794,0.00300231,0.0002625,784.342
0,3612757,4,phononTS,0.00125309,-0.000997794,0.00300231,0.000262498,784.342,0.000860836,1,-0.000503336,0.00302863,-0.0002625,931.726
0,3640761,6,phononL,0.000408911,0.000150893,0.00169476,-0.0002625,229.348,0.000382,1,0.00100368,0.00100186,0.0002625,902.461
0,3640762,1,phononTS,0.01,-0.00229228,0.00359978,-0.000196916,0,0.00515958,1,-0.00231506,0.00359568,-0.0002625,281.829
0,3659593,7,phononTS,0.000408625,-0.00100438,0.00299665,0.000262498,1111.49,0.000408625,1,-0.00104565,0.00284808,-0.0002625,1214.28
0,3674275,2,phononTS,0.0014413,-0.00112668,0.0030451,-0.0002625,19.2481,0.000764,1,-0.00100263,0.0029988,0.0002625,2024.37
0,3680491,3,phononTF,0.00263369,-0.0012497,0.00312159,-0.0002625,193.892,0.000764,1,-0.00100258,0.00299887,0.0002625,512.268
0,3680491,8,phononTS,0.00157618,-0.00100258,0.00299887,0.000262498,512.268,0.000452771,1,-0.00134583,0.00183258,-0.0002625,777.285
0,3685262,4,phononTS,0.000967068,-0.00183569,-0.000539343,-0.0002625,182.113,0.000382,1,-0.00199713,-4.71102e-06,0.0002625,2746.88
0,3699126,3,phononTS,0.000490727,-0.00104848,0.00298797,-0.0002625,44.6497,0.000382,1,-0.0010004,0.00300227,0.0002625,1400.05
0,3723191,6,phononTF,0.000500587,-0.00100456,0.00300001,0.0002625,596.359,0.000500587,1,-0.000920599,0.00292705,-0.0002625,1332.63
0,3740139,3,phononTS,0.00131301,0.00204609,-0.00149307,-0.0002625,90.2665,0.000764,1,0.00199793,-0.00199506,0.0002625,5140.13
0,3754698,3,phononTS,0.00279172,0.005,0.00247985,-7.55952e-05,49.3367,0.000764,1,-0.000998504,-0.000996241,0.0002625,4053.4
0,3754698,6,phononTF,0.000575769,-0.000998504,-0.000996241,0.000262498,4053.4,0.000575769,1,-0.00106843,-0.00359274,-0.0002625,4535.65
0,3805700,4,phononTF,0.000787704,0.00187786,-0.000111023,-0.0002625,685.289,0.000382,1,0.00199671,2.21644e-06,0.0002625,2916.33
0,3822159,4,phononTS,0.0015977,-0.00203893,0.00270338,-0.0002625,22.3012,0.000764,1,-0.00199795,0.00199593,0.0002625,1554.76
0,3822159,3,phononTF,0.000796602,-0.0021596,0.00388484,0.000262498,22.3012,0.000277768,1,-0.00205377,0.00381688,-0.0002625,115.294
0,3859427,4,phononTS,0.000456119,-0.00239044,0.0029708,-0.0002625,530.982,0.000382,1,-0.00200053,0.00200389,0.0002625,1227.41
0,3876477,4,phononTF,0.000547642,-0.00199698,2.13718e-06,0.0002625,3588.41,0.000547642,1,-0.00251678,0.000513681,-0.0002625,3888.78
0,3890473,2,phononTF,0.00164472,-0.00100425,0.00299965,0.0002625,21.5724,0.00164472,1,4.58995e-05,-4.42435e-05,-0.0002625,1390.24
0,3890554,4,phononTF,0.00250513,-0.000541266,0.00245903,-0.0002625,18.0232,0.000382,1,3.19513e-07,0.00200122,0.0002625,634.28
0,3893272,2,phononTS,0.00303734,-0.00189513,0.00301533,-0.0002625,3.98332,0.000764,1,-0.00200421,0.00200035,0.0002625,950.485
0,3893272,6,phononTF,0.00119203,-0.00200421,0.00200035,0.000262498,950.485,0.00056112,1,-0.002293,0.00170461,-0.0002625,1064.94
0,3912057,6,phononL,0.000408438,-0.00320474,-0.000780866,-0.0002625,1560.37,0.000382,1,-0.00299653,-0.000997437,0.0002625,1969.42
0,3917706,2,phononTF,0.000731135,-0.000601675,0.00244288,-0.0002625,7.25709,0.000382,1,0.000998825,0.00100006,0.0002625,771.611
0,3924186,7,phononTS,0.000721669,-1.07634e-06,0.00200493,0.000262498,1102.7,0.000721669,1,0.000302731,0.00272977,-0.0002625,1299.9
0,3924186,2,phononTS,0.000622935,-0.00220058,0.00390358,0.000262498,10.2742,0.000539869,1,-0.00201451,0.00390229,-0.0002625,117.055
0,3928072,3,phononTF,0.0026777,-0.00035397,0.00236941,-0.0002625,445.865,0.000764,1,3.63252e-06,0.00200137,0.0002625,1199.69
0,3938299,3,phononTF,0.00196035,-0.00271903,-0.00128212,-0.0002625,813.175,0.000764,1,-0.00199749,-0.00199695,0.0002625,2405.26
0,3946232,6,phononTS,0.000382529,-0.00430105,0.0019367,-0.000262499,1627.25,0.000382,1,-0.00200034,1.47521e-06,0.0002625,2186.55
0,3947314,10,phononTS,0.000418609,-0.00200269,0.00200052,0.0002625,2243.96,0.000418609,1,-0.00143771,0.00208081,-0.0002625,2493.58
0,3949019,4,phononTF,0.00130187,0.000615798,0.00136918,-0.0002625,897.932,0.000382,1,0.00100331,0.000998075,0.0002625,1344.2
0,3958397,7,phononTF,0.000787448,-0.00100409,0.00300131,0.000262498,610.018,0.000787448,1,-0.0017897,0.0021979,-0.0002625,822.277
0,3963143,2,phononTS,0.00125777,-0.00195744,0.000143534,-0.0002625,16.0083,0.000382,1,-0.00199928,8.63893e-08,0.0002625,2007.67
0,3963143,4,phononTS,0.000537602,-0.00199928,8.63893e-08,0.000262498,2007.67,0.000537602,1,-0.00379882,-0.00133189,-0.0002625,2440.37
0,4000345,4,phononTF,0.000630723,-0.00154745,-0.00153596,-0.0002625,1303.49,0.000382,1,-0.00100418,-0.00100136,0.0002625,4457.36
0,4000345,2,phononTF,0.00646583,-0.00259284,0.00462286,-0.00023656,1245.91,0.00333227,1,-0.00259349,0.00455976,-0.0002625,1607.2
0,4008780,6,phononTF,0.000580686,-0.000985926,-0.000442066,-0.000262498,1800.29,0.000382,1,-0.00200344,-2.70859e-06,0.0002625,2026.45
0,4066270,6,phononL,0.000579859,-0.000995167,0.00299681,0.000262498,505.574,0.000579859,1,-0.000947704,0.00294002,-0.0002625,568.173
0,4103078,2,phononTS,0.00087619,-0.000370711,0.000718854,-0.0002625,135.286,0.000382,1,7.47534e-07,-4.19877e-06,0.0002625,1251.93
0,4117913,7,phononTS,0.000486232,0.00299988,0.000999146,0.000262498,3055.79,0.000486232,1,0.00315086,0.000975465,-0.0002625,3158.91
0,4139807,5,phononTS,0.00139907,-0.000464698,0.00300253,-0.0002625,257.207,0.000382,1,-0.00200281,0.00199693,0.0002625,1499.51
0,4143902,9,phononTF,0.00116787,0.000998871,-0.0029999,0.000262499,4081.95,0.00104434,1,0.000548087,-0.00342971,-0.0002625,4222.34
0,4143902,2,phononTS,0.000568595,-0.00225023,0.00387191,0.000262498,26.3151,0.000568595,1,-0.00229763,0.00377073,-0.0002625,124.528
0,4185450,6,phononL,0.000395764,-0.00100354,0.0029959,0.0002625,1215.7,0.000395764,1,-0.00080649,0.00266231,-0.0002625,1519.53
0,4224310,8,phononTF,0.000543343,3.58379e-06,0.00200125,0.000262498,4215.95,0.000543343,1,-0.00133648,0.00271041,-0.0002625,4504.38
0,4224310,2,phononL,0.00221415,-0.00263181,0.0036877,0.000262498,1306.52,0.00181031,1,-0.00273494,0.00395791,-0.0002625,1373.98
0,4224311,1,phononTS,0.01,-0.00204021,0.00376274,-0.000237533,0,0.00609824,1,-0.00203808,0.0037319,-0.0002625,191.591
0,4232169,9,phononTS,0.000541754,-0.000997189,0.000996818,0.000262498,2283.49,0.000541754,1,-0.0010298,0.00173572,-0.0002625,2464.53
0,4245329,9,phononTS,0.000788173,-0.000969365,0.00305601,-0.000262498,561.329,0.000382,1,-0.000995325,0.00300171,0.0002625,650.764
0,4261164,4,phononTF,0.000655849,-0.00200433,0.00199816,0.000262498,2099.69,0.000655849,1,-0.001954,0.0019455,-0.0002625,2190.43
0,4268611,4,phononTS,0.00220167,-0.00208969,0.00244426,-0.0002625,53.1932,0.000382,1,-0.00199879,0.00200089,0.0002625,628.455
0,4268611,6,phononTF,0.000410432,-0.00199879,0.00200089,0.000262498,628.455,0.000410432,1,-0.00159289,0.00127047,-0.0002625,808.38
0,4268611,5,phononTS,0.00112728,-0.00199879,0.00200089,0.000262498,628.455,0.00112728,1,-0.00304436,0.00318515,-0.0002625,961.055
0,4270201,8,phononTF,0.000545742,0.000531393,0.005,0.000174929,1958.98,0.000382,1,-0.00100203,0.00300114,0.0002625,6691.67
0,4328281,6,phononTS,0.00064469,-0.00184402,3.24034e-05,-0.000262499,4231.21,0.000382,1,-0.00199978,3.16307e-07,0.0002625,4334.74
0,4340686,5,phononTF,0.000557603,0.00205253,0.00240601,-0.0002625,3179.76,0.000382,1,0.00200391,0.0020014,0.0002625,4235.81
0,4355059,5,phononTF,0.000436333,-0.00263237,0.00461681,-0.0002625,356.445,0.000382,1,-0.00100083,0.00300451,0.0002625,2068.35
0,4407800,10,phononTF,0.000450124,-0.000202471,-0.00297626,-0.000262498,4950.77,0.000382,1,-0.00200253,-0.00200252,0.0002625,5326.22
0,4423708,8,phononL,0.000614412,-0.00266154,-0.00175693,-0.0002625,383.556,0.000382,1,-0.00200041,-0.00200494,0.0002625,1443.02
0,4424353,7,phononTS,0.000625093,-0.00220276,0.00186711,-0.0002625,199.631,0.000382,1,-0.00199774,0.00200428,0.0002625,2088.97
0,4434420,2,phononTS,0.00250001,-0.00143342,0.00463034,-0.0002625,38.992,0.000382,1,0.00199588,0.0020024,0.0002625,1222.11
0,4434420,11,phononTS,0.000927509,0.00199588,0.0020024,0.000262498,1222.11,0.000423658,1,0.00202344,0.00199337,-0.0002625,1311.74
0,4447468,3,phononTS,0.00044108,0.00316033,0.00106828,-0.0002625,78.8002,0.000382,1,0.00300047,0.000995343,0.0002625,1654.4
0,4447468,2,phononTS,0.00130301,-0.00242148,0.00385622,0.000262498,78.8002,0.000720024,1,-0.00226357,0.00468617,-0.0002625,281.792
0,4517274,5,phononTF,0.000998211,-0.00117976,0.00318214,-0.000262498,330.785,0.000382,1,-0.00100138,0.00299594,0.0002625,430.886
0,4547330,5,phononL,0.00047996,-0.000918172,0.00343897,-0.000262498,963.387,0.000382,1,-0.00100389,0.00300107,0.0002625,1038.45
0,4583319,6,phononTF,0.00063436,-0.00229385,0.000703483,-0.000262498,1000.71,0.000382,1,-0.00199633,3.64151e-06,0.0002625,1173.27
0,4583319,3,phononTF,0.000689369,-0.00223364,0.00383508,0.000262498,11.135,0.000565213,1,-0.00249622,0.00366212,-0.0002625,118.748
0,4610366,5,phononTF,0.00098894,0.00104868,-0.00335323,-0.0002625,155.93,0.000764,1,0.000998944,-0.00300073,0.0002625,3673.45
0,4631578,13,phononTF,0.000905972,-0.00200258,-0.00199895,0.0002625,4619.79,0.000905972,1,-0.0022831,-0.00172094,-0.0002625,4844.72
0,4675666,3,phononTS,0.00257067,0.00317575,0.00131958,-0.0002625,60.0075,0.000764,1,0.00199772,0.00199785,0.0002625,2466.18
0,4703474,4,phononTS,0.000778178,0.00299713,0.00100253,0.0002625,955.198,0.000778178,1,0.00444874,0.000462189,-0.0002625,2553.83
0,4729813,3,phononTS,0.00144454,0.005,-0.00117054,-0.000259862,4.35794,0.000382,1,0.00300049,0.0010017,0.0002625,2447.23
0,4736276,5,phononTF,0.00066909,-0.00199801,-4.20833e-07,0.0002625,494.111,0.00066909,1,-0.00228909,-0.000784559,-0.0002625,1567.96
0,4759237,7,phononTF,0.000567004,0.000998026,0.000997212,0.000262498,2281.98,0.000567004,1,0.00120033,0.00120043,-0.0002625,2384.57
0,4784775,3,phononL,0.00265703,-0.00146886,0.00333333,-0.0002625,188.459,0.000764,1,-0.000996253,0.00300013,0.0002625,359.331
0,4794601,5,phononTS,0.000591898,-0.00100309,0.00300111,0.0002625,590.228,0.000591898,1,-0.00095024,0.0029702,-0.0002625,768.778
0,4820077,8,phononTS,0.00125494,0.00335545,-0.005,-8.44207e-05,4357.84,0.000948219,1,0.00483465,-0.00368356,-0.0002625,5259.11
0,4880706,5,phononTS,0.00101556,-0.00299948,-0.000997742,0.0002625,1726.88,0.000427078,1,-0.00296147,-0.00102116,-0.0002625,1915.24
0,4885425,8,phononTF,0.000393829,-0.00199573,0.00200061,0.000262498,4982.59,0.000393829,1,-0.00258638,0.00142748,-0.0002625,5149.61
0,4887186,2,phononTF,0.000587892,-0.00114248,0.00294417,-0.0002625,77.4261,0.000382,1,-0.000999225,0.00299711,0.0002625,674.621
0,4887187,3,phononTF,0.00546913,-0.0027742,0.00409908,0.000107667,218.925,0.00437398,1,-0.00241316,0.00445734,-0.0002625,326.615
0,4947206,2,phononTF,0.00100448,-0.000998536,0.00300127,0.0002625,249.841,0.00100448,1,-0.00298792,-0.00129853,-0.0002625,1494.7
0,4974154,5,phononTF,0.000595071,-0.000888609,0.00289647,-0.0002625,254.496,0.000382,1,-0.0010049,0.00299618,0.0002625,1223.34
0,4974154,3,phononTS,0.000726803,-0.002247,0.004059,0.000262498,49.8064,0.000726803,1,-0.00156126,0.00406747,-0.0002625,223.524
0,5038143,7,phononTF,0.00147668,-0.0015291,0.00342877,-0.0002625,652.388,0.000382,1,-0.00100071,0.00299515,0.0002625,954.387
0,5043060,2,phononTF,0.00189071,0.000585503,0.00137452,-0.0002625,54.5945,0.000382,1,0.00100323,0.000998857,0.0002625,1120.97
0,5070540,4,phononTS,0.000461792,-0.0013752,0.00192166,-0.0002625,1338.96,0.000382,1,-0.00100293,0.00100201,0.0002625,2534.76
0,5071422,5,phononTS,0.000391951,0.00177521,-0.00263467,-0.0002625,565.661,0.000382,1,0.00200295,-0.0020035,0.0002625,4202.05
0,5079996,4,phononTS,0.00265423,-0.00210155,0.00293718,-0.0002625,1.65336,0.000764,1,-0.00200449,0.00200488,0.0002625,440.233
0,5079996,6,phononTS,0.00039521,-0.00200449,0.00200488,0.000262498,440.233,0.00039521,1,-0.00205283,0.00183174,-0.0002625,549.806
0,5087943,6,phononTS,0.000677835,-2.11967e-06,-2.40407e-06,0.000262498,1529.38,0.000466665,1,4.1373e-06,-0.000239202,-0.0002625,1642.75
0,5095487,8,phononTF,0.000544142,0.00377212,0.00207109,-0.000262498,8666.76,0.000382,1,0.00200125,-3.11029e-06,0.0002625,9146.11
0,5110099,5,phononTS,0.00136173,-0.00120044,0.00411485,-0.0002625,58.9536,0.000382,1,-0.00100089,0.00299988,0.0002625,731.531
0,5110099,6,phononTS,0.000457547,-0.00100089,0.00299988,0.000262498,731.531,0.000457547,1,-0.00105365,0.00381073,-0.0002625,922.601
0,5121164,8,phononTF,0.00058715,-0.00135529,0.00335706,-0.0002625,111.053,0.000382,1,-0.000995712,0.00299903,0.0002625,486.764
0,5162234,5,phononTS,0.000725628,3.26665e-06,0.00200077,0.0002625,605.995,0.000725628,1,-1.97288e-05,0.00197067,-0.0002625,793.338
0,5162234,3,phononTS,0.000642655,-0.0021511,0.00419231,0.000262498,73.1528,0.000642655,1,-0.00305418,0.00344387,-0.0002625,336.613
0,5214442,9,phononL,0.000534682,-0.00177516,0.00205518,-0.000262498,1292.44,0.000382,1,-0.00200132,0.0020031,0.0002625,1357.98
0,5219274,8,phononTF,0.000497321,-0.00099727,0.0029954,0.000262498,1177.19,0.000497321,1,-0.000913195,0.00307538,-0.0002625,1269.23
0,5243269,3,phononTS,0.00257832,4.58211e-07,-2.68192e-06,0.0002625,14.4024,0.00249262,1,0.000330396,-0.000990562,-0.0002625,2622.29
0,5243269,2,phononTF,0.000611992,-0.005,0.00304485,-0.000216564,14.4024,0.000611992,1,-0.00498347,0.00302282,-0.0002625,561.123
0,5248837,8,phononTS,0.000800084,-0.00100115,0.00300292,0.000262498,1007.46,0.000800084,1,-0.000960467,0.00321618,-0.0002625,1116.92
0,5248838,1,phononTS,0.01,-0.00210783,0.00373509,-0.000188671,0,0.00645681,1,-0.00205445,0.00372659,-0.0002625,260.868
0,5273889,5,phononTF,0.000526594,0.000669718,-0.00333983,-0.000262498,1450.09,0.000382,1,0.00100084,-0.00300138,0.0002625,1571.1
0,5305546,3,phononTS,0.000527798,-0.00156558,0.00189747,-0.0002625,373.017,0.000382,1,-0.00099637,0.000995905,0.0002625,1107.55
0,5340125,5,phononTF,0.00074149,-0.00205262,0.00195171,-0.000262498,1004.83,0.000382,1,-0.00200118,0.00200439,0.0002625,1095.59
0,5365822,2,phononTS,0.00157583,-0.00223102,0.00395414,-0.000262498,839.068,0.000764,1,-0.00100087,0.00299607,0.0002625,1167.92
0,5386064,4,phononL,0.00196397,-3.2368e-05,0.00134143,-0.0002625,219.317,0.000764,1,-1.65662e-06,0.00199894,0.0002625,1433.34
0,5386064,6,phononL,0.00039004,-1.65662e-06,0.00199894,0.000262499,1433.34,0.00039004,1,0.000338059,0.00171402,-0.0002625,1508.82
0,5386064,5,phononTS,0.000439594,-1.65662e-06,0.00199894,0.000262499,1433.34,0.000439594,1,-2.31862e-05,0.00208148,-0.0002625,1530.21
0,5386064,3,phononTF,0.00113665,-0.00206886,0.00419081,0.000262498,219.317,0.00113665,1,-0.00191732,0.00241812,-0.0002625,564.783
0,5386064,2,phononTF,0.000504723,-0.00206886,0.00419081,0.000262498,219.317,0.000504723,1,-0.00354897,0.00240644,-0.0002625,630.788
0,5409700,7,phononTF,0.000644659,0.00234114,-0.00164636,-0.0002625,3293.01,0.000382,1,0.00200425,-0.00199665,0.0002625,3660.23
0,5417149,7,phononTF,0.000495553,-0.000997739,0.0029967,0.000262498,666.693,0.000495553,1,-0.000260345,0.00365778,-0.0002625,860.895
0,5417976,7,phononTS,0.000500741,-2.10809e-06,0.00199841,0.000262498,1237.34,0.000500741,1,0.000593023,0.0015991,-0.0002625,1425.45
0,5421794,4,phononTS,0.00228325,-0.000628601,0.0024878,-0.0002625,258.036,0.000382,1,3.46193e-06,0.00199687,0.0002625,1065.54
0,5421794,6,phononTS,0.000438017,3.46193e-06,0.00199687,0.000262498,1065.54,0.000438017,1,-0.000316673,0.00199274,-0.0002625,1189.13
0,5421794,5,phononL,0.00114632,3.46193e-06,0.00199687,0.000262498,1065.54,0.00114632,1,-0.000264516,0.00224785,-0.0002625,1136.58
0,5421794,3,phononTS,0.000881046,-0.00252479,0.00396061,0.000262498,258.036,0.000572563,1,-0.00217618,0.00477977,-0.0002625,472.1
0,5422885,3,phononTS,0.0011935,0.00158768,0.000407539,-0.0002625,5.59928,0.000764,1,0.00299599,0.000997055,0.0002625,2820.61
0,5425970,3,phononL,0.00300038,0.00197746,-0.00112925,1.9181e-05,7.00397,0.000764,1,0.00100152,-0.00100387,0.0002625,4163.45
0,5479274,3,phononL,0.0017193,-0.00163852,0.00201553,-0.0002625,16.4161,0.000382,1,-0.00199858,-1.29725e-06,0.0002625,656.761
0,5479274,7,phononTS,0.000463324,-0.00199858,-1.29725e-06,0.000262498,656.761,0.000463324,1,-0.00203159,-1.85887e-05,-0.0002625,752.742
0,5479274,6,phononTS,0.000575312,-0.00199858,-1.29725e-06,0.000262498,656.761,0.000550022,1,-0.00200682,-0.000436445,-0.0002625,793.75
0,5489341,3,phononTS,0.00305149,-0.00212759,0.00294607,-0.0002625,22.8174,0.000764,1,-0.0019974,0.00200079,0.0002625,445.69
0,5540676,6,phononTS,0.000519189,-0.000999338,0.000995581,0.000262499,1266.82,0.000519189,1,0.00202388,0.00352966,-0.0002625,2011.93
0,5582619,6,phononTS,0.00066434,-0.00200498,0.00199712,0.000262498,1053.81,0.00066434,1,-0.00278672,0.001906,-0.0002625,1246.08
0,5649538,6,phononTS,0.0004407,-0.000945737,0.00301902,-0.000262498,1338.92,0.000382,1,-0.00100073,0.00299868,0.0002625,1428.57
0,5686596,9,phononTS,0.000524093,-0.000131056,0.0020204,-0.0002625,2484.76,0.000382,1,-2.3464e-07,0.00200446,0.0002625,2784.75
0,5703284,8,phononTS,0.000712574,-0.00100482,0.00300235,0.0002625,732.465,0.000712574,1,-0.000415813,0.00146247,-0.0002625,1415.3
0,5706799,6,phononTF,0.000441641,-0.00178763,0.00222727,-0.0002625,1414.96,0.000382,1,-0.00200418,0.00200496,0.0002625,2145.71
0,5741575,5,phononTS,0.000636057,-0.00211999,0.005,-5.104e-07,1171.36,0.000382,1,0.00299828,0.00100235,0.0002625,2807.36
0,5741575,3,phononL,0.0013156,-0.00135646,0.00367507,0.000262498,962.14,0.00040076,1,-0.00146331,0.00426371,-0.0002625,1047.75
0,5752294,4,phononTF,0.0016189,-0.00111659,0.00311361,-0.0002625,284.62,0.000382,1,-0.000999375,0.00300133,0.0002625,849.913
0,5753229,8,phononL,0.000427268,-0.00131943,0.00246364,-0.000262498,951.194,0.000382,1,-0.00199796,0.0019988,0.0002625,1059.52
0,5772321,7,phononTS,0.000493148,-0.00104476,0.0030742,-0.0002625,1733.84,0.000382,1,-0.000995746,0.00299791,0.0002625,4789.21
0,5772321,2,phononTF,0.00282798,-0.00218738,0.00389297,0.000262498,8.38143,0.00213198,1,-0.0018357,0.00354837,-0.0002625,131.686
0,5784222,6,phononTS,0.000475692,-0.00100493,0.0030005,0.000262498,780.916,0.000475692,1,-0.00101788,0.00298238,-0.0002625,872.307
0,5792717,4,phononTF,0.000856122,-0.000755837,0.00274328,-0.000262498,689.326,0.000382,1,-0.00100169,0.00299927,0.0002625,797.78
0,5834081,2,phononTF,0.000511236,-0.00100175,0.00299876,0.0002625,339.884,0.000511236,1,-0.000243067,0.002219,-0.0002625,755.004
0,5834082,1,phononTS,0.01,-0.00257874,0.00338004,8.52373e-05,0,0.00639832,1,-0.00259631,0.00334499,-0.0002625,513.94
0,5850514,4,phononTS,0.000647774,0.0019639,-4.43617e-05,-0.000262498,1279.57,0.000382,1,0.00200462,-4.20665e-06,0.0002625,1368.87
0,5856135,7,phononTS,0.000507452,1.0884e-06,-4.2301e-06,0.0002625,372.755,0.000507452,1,-3.79352e-05,-0.00040364,-0.0002625,2509.04
0,5856445,6,phononL,0.000488365,-0.00065731,0.00133753,-0.0002625,632.446,0.000382,1,-0.000996323,0.00100486,0.0002625,855.98
0,5859806,3,phononTS,0.00107698,-0.00187476,0.00195808,-0.0002625,988.437,0.000382,1,-0.00200451,0.00200355,0.0002625,1180.55
0,5871727,4,phononTS,0.000444517,-0.000857026,0.00206834,-0.0002625,565.294,0.000382,1,-1.26828e-06,0.00200059,0.0002625,1375.96
0,5873432,6,phononTS,0.00142687,3.5978e-05,-0.00196634,-0.000262498,3132.52,0.000764,1,4.39953e-06,-0.00199947,0.0002625,3222.01
0,5883010,3,phononTS,0.00305511,-0.00186696,-0.00195432,-0.0002625,31.0782,0.000382,1,-0.00200271,-0.0019995,0.0002625,1225.7
0,5883010,6,phononTS,0.00155821,-0.00200271,-0.0019995,0.000262498,1225.7,0.00146953,1,-0.00259209,-0.00196236,-0.0002625,1386.96
0,5916300,3,phononTF,0.000992371,-0.000796478,0.00391257,-0.0002625,226.099,0.000382,1,-4.3927e-06,-2.6006e-06,0.0002625,1605.26
0,5956154,8,phononTS,0.000425931,-1.3911e-06,-0.00200155,0.0002625,1935.05,0.000425931,1,0.000153611,-0.00204763,-0.0002625,2141.62
0,5965494,6,phononTS,0.00043669,-0.00200415,1.21581e-07,0.000262498,1403.43,0.00043669,1,-0.00297112,0.00091516,-0.0002625,1693.75
0,5965494,3,phononTS,0.00231258,-0.00222764,0.00385059,0.000262498,13.783,0.00216683,1,-0.00220649,-0.00045062,-0.0002625,938.955
0,5965494,2,phononTF,0.00215335,-0.00222764,0.00385059,0.000262498,13.783,0.00211804,1,-0.00179416,0.00426944,-0.0002625,150.547
0,5965495,1,phononTS,0.01,-0.00213724,0.00428664,-0.000151009,0,0.00641606,1,-0.00207957,0.00416947,-0.0002625,236.391
0,5972764,4,phononTF,0.00165497,-0.00167345,0.00361573,-0.0002625,194.481,0.000764,1,-0.000997484,0.00299662,0.0002625,1052.08
0,5983924,3,phononTF,0.00297201,-0.00140398,-0.0022641,-9.26047e-05,771.139,0.001528,1,-0.000999945,0.000999555,0.0002625,4059.55
0,6023984,4,phononTF,0.000583884,-0.00194217,0.00383393,-0.000262498,185.609,0.000382,1,-0.00100216,0.00299745,0.0002625,421.632
0,6025888,6,phononTF,0.000565339,0.00135917,0.00264335,-0.0002625,988.899,0.000382,1,0.00200307,0.00200404,0.0002625,1528.52
0,6029568,2,phononTF,0.000894632,-0.00100305,0.00299961,0.0002625,54.5277,0.000894632,1,-0.00057298,0.00258139,-0.0002625,703.449
0,6042220,10,phononTS,0.000420832,0.00183938,0.00197277,-0.0002625,1378.84,0.000382,1,0.00200093,0.00200349,0.0002625,2590.76
0,6044957,13,phononTS,0.000411683,0.00299573,0.00100242,0.000262498,3693.68,0.000411683,1,0.00302927,0.000988216,-0.0002625,3785.9
0,6051416,2,phononTF,0.00125205,0.000274538,-0.00286681,-0.0002625,526.787,0.000764,1,1.63789e-06,-0.0019991,0.0002625,3911.63
0,6074352,4,phononTF,0.000463522,0.00043611,-0.000394659,-0.0002625,1504.5,0.000382,1,-3.61484e-06,3.13146e-06,0.0002625,5473.47
0,6090837,5,phononTF,0.000487676,-0.00140124,0.00322841,-0.0002625,392.193,0.000382,1,-0.00099521,0.00299576,0.0002625,773.08
0,6102447,10,phononTF,0.00165807,-0.00200277,0.00199801,0.000262498,1442.9,0.000400251,1,-0.00182046,0.00193459,-0.0002625,1541.11
0,6104429,4,phononTF,0.00146723,-0.00141468,0.00316895,-0.0002625,42.4737,0.000382,1,-0.00100479,0.00299771,0.0002625,505.533
0,6104429,5,phononTS,0.000910121,-0.00100479,0.00299771,0.000262498,505.533,0.000424272,1,-0.00102267,0.00318519,-0.0002625,612.419
0,6118990,3,phononTS,0.00358991,8.93692e-06,0.00190113,0.000146824,1016.34,0.000764,1,1.18093e-06,0.00200222,0.0002625,1486.17
0,6120688,8,phononTS,0.000915568,0.00043582,-0.00449333,-0.0002625,1924.07,0.000382,1,-0.00300068,-0.00100272,0.0002625,3038.62
0,6124049,5,phononTS,0.000945685,-0.00203417,0.00187417,-0.0002625,661.116,0.000764,1,-0.00199737,0.00199659,0.0002625,1608.47
0,6141434,2,phononTS,0.000570715,-0.00156348,0.00341946,-0.0002625,28.8381,0.000382,1,-0.000996975,0.0030013,0.0002625,401.601
0,6168481,2,phononTS,0.00515243,-0.000393345,0.000796502,-0.0002625,925.115,0.001528,1,-0.000998818,0.00100055,0.0002625,1796.34
0,6168481,8,phononTS,0.000781607,-0.000998818,0.00100055,0.000262498,1796.34,0.000781607,1,-0.00115989,0.0017612,-0.0002625,1989.07
0,6188393,7,phononTF,0.00052664,-0.0030035,-0.00100012,0.000262498,6355.23,0.00052664,1,-0.0032608,-0.00108551,-0.0002625,6461.01
0,6201272,6,phononTS,0.00130469,-8.19131e-05,-0.005,9.54695e-05,1813.55,0.00130469,1,-0.000710717,-0.00398387,-0.0002625,2947.23
0,6202527,4,phononTS,0.000627609,-0.00202685,0.00247598,-0.0002625,53.5766,0.000382,1,-0.0019957,0.00200144,0.0002625,623.604
0,6202527,3,phononTF,0.00128667,-0.0021203,0.00389963,0.000262498,53.5766,0.00128667,1,-0.00229596,0.00366671,-0.0002625,158.15
0,6205640,8,phononTS,0.000794162,-0.00199663,0.00199765,0.000262498,788.144,0.000477409,1,-0.00196277,0.00194605,-0.0002625,877.341
0,6219147,4,phononTF,0.000540761,0.00140593,0.000534187,-0.0002625,2558.24,0.000382,1,0.000997063,0.00100154,0.0002625,2982.52
0,6248309,7,phononTF,0.000401099,3.22113e-06,0.0019957,0.000262498,1213.12,0.000401099,1,0.000297061,0.00169441,-0.0002625,1328.29
0,6266357,10,phononTF,0.000473819,-0.00342021,0.00397568,-0.0002625,426.422,0.000382,1,-0.00100231,0.00299957,0.0002625,1858.55
0,6306899,2,phononTS,0.00275108,-0.00257738,0.00406955,-5.9699e-07,4.49263,0.000764,1,-0.001,0.00100329,0.0002625,785.674
0,6314622,3,phononTF,0.00190807,0.00153946,-0.00355449,-0.0002625,36.829,0.000382,1,0.00100328,-0.00300166,0.0002625,3819.97
0,6314622,4,phononTF,0.00105027,0.00100328,-0.00300166,0.000262499,3819.97,0.000648908,1,0.00121569,-0.00333433,-0.0002625,3936.72
0,6342371,9,phononL,0.000629106,-0.00230153,0.00211327,-0.0002625,418.734,0.000382,1,-0.00200426,0.00200327,0.0002625,761.551
0,6342372,3,phononTF,0.00512679,0.000488163,0.00424426,-0.000222841,762.017,0.00380589,1,0.000454188,0.00420936,-0.0002625,1346.05
0,6357904,2,phononTS,0.000849712,-0.00407686,0.00323013,-0.0002625,808.831,0.000382,1,-0.00199887,0.00199678,0.0002625,2355.2
0,6357905,1,phononTF,0.01,-0.00234598,0.00368973,-4.48934e-06,0,0.00628553,1,-0.00209754,0.00393597,-0.0002625,312.35
0,6441678,2,phononTF,0.00139722,-0.000639588,0.00344667,-0.0002625,22.1228,0.000764,1,-0.00199718,0.00200489,0.0002625,3664.72
0,6461072,9,phononTS,0.00109532,-0.00135946,0.00156034,-0.0002625,3844.38,0.000382,1,-0.00100047,0.000998539,0.0002625,5576.2
0,6461072,10,phononTS,0.000599978,-0.00100047,0.000998539,0.000262498,5576.2,0.000183373,1,-0.00240229,0.000546255,-0.0002625,5886.59
0,6498643,7,phononTF,0.00064019,-0.00200201,0.00199906,0.000262498,639.975,0.00064019,1,-0.00175883,0.00226487,-0.0002625,749.844
0,6512986,5,phononTF,0.000496795,0.000203813,0.00219285,-0.0002625,27.1251,0.000382,1,2.62574e-06,0.00200146,0.0002625,1747.11
0,6512986,4,phononTS,0.0018082,-0.0022869,0.00388582,0.000262498,27.1251,0.0018082,1,-0.0022805,0.00393357,-0.0002625,118.267
0,6512986,3,phononTS,0.000665403,-0.0022869,0.00388582,0.000262498,27.1251,0.000183915,1,-0.00250852,0.00366413,-0.0002625,155.481
0,6525540,3,phononTF,0.00241938,-0.00133476,0.00333631,-0.0002625,24.4619,0.000382,1,-0.00100354,0.00299733,0.0002625,485.009
0,6534958,6,phononTF,0.000534352,-0.00107355,0.000946227,-0.0002625,907.422,0.000382,1,-3.08189e-06,0.00200177,0.0002625,1725.13
0,6539165,7,phononTS,0.000483977,-3.36529e-06,-0.00200206,0.0002625,6846.05,0.000483977,1,-2.21991e-05,-0.00203265,-0.0002625,7025.14
0,6539165,3,phononTS,0.00220645,-0.0020786,0.00310579,0.000262498,1524.7,0.00174595,1,-0.0020823,0.00369072,-0.0002625,1678.83
0,6545108,2,phononTS,0.000592187,0.000996013,-0.000997879,0.0002625,23.3895,0.000592187,1,0.00128104,-0.000830042,-0.0002625,1725.95
0,6561447,2,phononTS,0.00274428,-0.00207548,-0.00133906,-0.0002625,118.206,0.000382,1,-0.00200491,-0.00200248,0.0002625,2243.07
0,6561447,5,phononTS,0.00083408,-0.00200491,-0.00200248,0.000262499,2243.07,0.000405062,1,-0.000574965,-0.000233707,-0.0002625,2675.72
0,6563931,3,phononTS,0.0039547,-0.00049246,-0.000125882,-0.0002625,273.704,0.001528,1,0.000995295,-0.000995245,0.0002625,1857.46
0,6581169,4,phononTF,0.000469011,-0.0010046,0.00299841,0.0002625,655.461,0.000469011,1,-0.000653263,0.00254785,-0.0002625,1617.72
0,6587648,3,phononTF,0.00300245,-0.00138589,0.00337333,-0.0002625,808.207,0.001146,1,-0.000999144,0.00300072,0.0002625,1065.18
0,6587648,4,phononTS,0.00145264,-0.000999144,0.00300072,0.000262498,1065.18,0.000700769,1,-0.000281116,0.00303389,-0.0002625,1242.55
0,6637821,5,phononTS,0.000559779,0.000779615,0.0031952,-0.0002625,776.403,0.000382,1,0.00200084,0.0019973,0.0002625,1911.88
0,6661728,8,phononTS,0.000500506,-0.00230137,0.000124801,-0.0002625,1398.06,0.000382,1,-0.00199846,4.50939e-06,0.0002625,3221.45
0,6670978,3,phononTF,0.000747688,-0.00493656,0.000802271,-0.0002625,481.875,0.000382,1,-0.00100294,-0.00100114,0.0002625,2148.11
0,6674907,4,phononTS,0.000472148,-0.000969217,0.00294561,-0.000262498,426.72,0.000382,1,-0.00100154,0.00299695,0.0002625,515.978
0,6674907,2,phononTS,0.0019062,-0.0023246,0.00388558,0.000262498,82.7308,0.0019062,1,-0.00396794,0.00470677,-0.0002625,455.078
0,6674931,2,phononL,0.0028598,-0.00177779,-0.00163166,-0.0002625,182.385,0.000764,1,-0.00199586,-0.00200387,0.0002625,2666.44
0,6693060,3,phononTS,0.00394901,-0.00120297,0.00359461,-0.000262498,748.004,0.000764,1,-0.00100064,0.0030048,0.0002625,918.857
0,6693060,7,phononTF,0.00060695,-0.00100064,0.0030048,0.000262498,918.857,0.00060695,1,-0.00158527,0.00356635,-0.0002625,1085.14
0,6694029,2,phononL,0.00304891,-0.00175697,0.0033431,-0.0002625,211.199,0.000764,1,-0.00100121,0.00300145,0.0002625,426.616
0,6694029,4,phononTF,0.000945823,-0.00100121,0.00300145,0.000262498,426.616,0.000945823,1,-0.00105535,0.00323629,-0.0002625,529.754
0,6694029,3,phononTS,0.000564415,-0.00100121,0.00300145,0.000262498,426.616,0.000564415,1,-0.000222284,0.00401976,-0.0002625,708.275
0,6709760,4,phononTS,0.000686877,-0.00374455,0.000367333,-0.0002625,504.504,0.000382,1,-0.00100112,0.00300372,0.0002625,3646.34
0,6709760,2,phononTS,0.000544229,-0.00218254,0.00385711,0.000262498,45.7985,0.000544229,1,-0.00392791,0.00153744,-0.0002625,607.89
0,6737168,8,phononTF,0.000529143,-0.00300216,-0.000998933,0.000262498,2130.58,0.000529143,1,-0.00493809,0.000937785,-0.0002625,2607.92
0,6742116,5,phononL,0.000500182,-0.000998714,0.0029991,0.0002625,137.718,0.000500182,1,-0.000530007,0.00279715,-0.0002625,583.929
0,6742116,2,phononTS,0.00113053,-0.00219415,0.00387447,0.000262498,1.71859,0.000946349,1,-0.00249625,0.00393765,-0.0002625,126.213
0,6742117,1,phononTS,0.01,-0.00227583,0.00377933,-0.000244479,0,0.00700982,1,-0.00219673,0.00383922,-0.0002625,301.743
0,6754792,5,phononTF,0.000401052,-8.99485e-05,0.00191898,-0.000262498,973.921,0.000382,1,-3.37035e-06,0.00200286,0.0002625,1066.13
0,6761466,4,phononTS,0.000415917,-0.00010859,-0.00101348,-0.0002625,1655.25,0.000382,1,-1.29091e-06,9.70095e-07,0.0002625,4579.81
0,6761466,2,phononTS,0.000686006,-0.00230413,0.0039541,0.000262498,26.0551,0.000686006,1,-0.00252978,0.00418577,-0.0002625,155.762
0,6771152,6,phononL,0.000478421,0.000634599,-0.000520467,-0.0002625,712.035,0.000382,1,0.00100371,-0.00100015,0.0002625,1502.42
0,6777847,7,phononTS,0.000451514,0.00196225,0.0020414,-0.000262498,1992.98,0.000382,1,0.00200003,0.00200254,0.0002625,2082.29
0,6788229,4,phononTS,0.0010659,-0.00144969,0.00176905,-0.0002625,275.373,0.000382,1,-3.37738e-06,-4.69489e-06,0.0002625,1506.02
0,6788229,8,phononTS,0.000518157,-3.37738e-06,-4.69489e-06,0.000262498,1506.02,0.000518157,1,-0.00122999,-0.000568475,-0.0002625,1793.65
0,6816028,5,phononTF,0.000583857,-0.00100005,0.00299654,0.0002625,580.095,0.000583857,1,-0.000843081,0.00282755,-0.0002625,777.178
0,6816302,4,phononL,0.00278382,-0.00164312,0.00228132,-0.0002625,2.30988,0.000382,1,3.68593e-06,0.0019958,0.0002625,577.858
0,6816302,5,phononTS,0.00227986,3.68593e-06,0.0019958,0.000262498,577.858,0.00103305,1,-2.82376e-05,0.00195404,-0.0002625,667.237
0,6833028,5,phononTF,0.000444772,-0.00123862,0.00132717,-0.000262498,1880,0.000382,1,-0.00100425,0.00100383,0.0002625,1996.13
0,6833028,2,phononTS,0.00152567,-0.00223915,0.00381104,0.000262498,44.7451,0.000311182,1,-0.00222178,0.00375738,-0.0002625,134.558
0,6836518,4,phononTS,0.00299122,-0.0021036,0.00294339,-0.0002625,0.500663,0.000382,1,-0.00200358,0.00200464,0.0002625,434.695
0,6842156,4,phononTS,0.000435308,-0.00378316,0.005,0.000257233,1513.73,0.000382,1,-0.00200332,0.00199757,0.0002625,2485.87
0,6862271,4,phononTF,0.000403505,-0.0019303,0.00210922,-0.0002625,760.15,0.000382,1,-0.00199719,0.00200422,0.0002625,1444.17
0,6862271,2,phononTS,0.00123122,-0.00219856,0.00388255,0.000262498,1.89765,0.000523068,1,-0.00227334,0.00381861,-0.0002625,103.923
0,6875645,5,phononTS,0.000819245,0.00372541,0.000612619,-0.0002625,4125.35,0.000819245,1,0.005,-0.000412251,0.000125904,5617.71
0,6916719,4,phononTS,0.000672224,-0.000317024,0.00301436,-0.000262498,988.611,0.000382,1,-0.00100165,0.00299788,0.0002625,1160.87
0,6926346,5,phononTS,0.000398079,-0.00229763,0.0019374,-0.000262498,1455.74,0.000382,1,-0.00200229,0.00199685,0.0002625,1579.22
0,6926346,3,phononTF,0.000891796,-0.00245132,0.00386673,0.000262498,78.7419,0.000891796,1,-0.00272988,0.00358968,-0.0002625,191.191
0,6942373,3,phononTS,0.000950533,-0.00136524,0.00321942,-0.0002625,704.643,0.000382,1,-0.00099828,0.00300279,0.0002625,991.564
0,7001238,6,phononTF,0.000411772,-0.00157317,0.0035507,-0.000262498,697.426,0.000382,1,-0.00100378,0.00299924,0.0002625,860.081
0,7001238,4,phononTS,0.000554499,-0.00221164,0.00383469,0.000262498,15.3047,0.000554499,1,-0.00208236,0.00340433,-0.0002625,159.855
0,7004089,2,phononL,0.00170201,0.00186319,3.27457e-05,-0.0002625,83.4456,0.000764,1,0.00200035,-1.82811e-06,0.0002625,1126
0,7008515,4,phononTS,0.00227911,-0.00163668,0.00343286,-0.0002625,33.6248,0.000382,1,-0.00100493,0.00299528,0.0002625,426.571
0,7008515,6,phononTF,0.000550724,-0.00100493,0.00299528,0.000262498,426.571,0.000550724,1,-0.000806366,0.00292445,-0.0002625,526.279
0,7008515,5,phononTS,0.00107372,-0.00100493,0.00299528,0.000262498,426.571,0.00107372,1,-0.00153939,0.00409882,-0.0002625,689.488
0,7037138,8,phononTF,0.000484349,-0.0020018,4.14104e-06,0.000262498,1139.59,0.000484349,1,-0.00156576,-0.000329428,-0.0002625,1273.53
0,7064294,6,phononTS,0.000434983,-0.000997567,0.00099566,0.000262498,1151.75,0.000434983,1,-0.00105154,0.00100485,-0.0002625,1241.95
0,7064294,3,phononL,0.00111659,-0.00203152,0.00413204,0.000262498,83.4263,0.00105968,1,-0.00145745,0.00417111,-0.0002625,167.09
0,7064294,2,phononTF,0.0011051,-0.000671461,0.005,0.000227575,83.4263,0.00088191,1,-0.000931707,0.00474842,-0.0002625,464.692
0,7064295,1,phononTS,0.01,-0.00244949,0.00448168,-0.000257583,0,0.00837258,1,-0.00245021,0.00448126,-0.0002625,956.633
0,7079387,4,phononTF,0.00056659,-0.00144616,0.00345544,-0.000262498,586.131,0.000382,1,-0.000998653,0.00299875,0.0002625,727.734
0,7083154,2,phononTS,0.00102565,0.000224793,-0.00114187,-0.0002625,36.9365,0.000382,1,-2.014e-06,-0.00200249,0.0002625,3436.79
0,7083155,3,phononTF,0.00725804,-0.00180976,0.00333017,-0.000161086,539.45,0.00469394,1,-0.00175116,0.00327354,-0.0002625,785.695
0,7094396,7,phononTS,0.000820515,-0.00320869,-0.000974597,-0.000262498,1972.53,0.000382,1,-0.00300204,-0.00100101,0.0002625,2081.79
0,7102623,4,phononTS,0.000725802,-0.000155959,0.000629003,-0.0002625,135.613,0.000382,1,0.00100383,0.000998894,0.0002625,3175.6
0,7105755,10,phononTF,0.000393512,0.00181394,0.00218956,-0.0002625,1591.26,0.000382,1,0.00199875,0.00199809,0.0002625,1893.49
0,7105756,1,phononL,0.01,-0.00197697,0.00396876,-0.000221749,0,0.00547601,1,-0.00195393,0.00393111,-0.0002625,304.013
0,7146456,5,phononTF,0.000601344,-0.00103883,0.00295279,-0.0002625,3452.18,0.000382,1,-0.000995461,0.00299849,0.0002625,3904.78
0,7148845,3,phononL,0.0017941,-0.00213561,0.00257612,-0.0002625,614.994,0.000382,1,-0.00199882,0.00200244,0.0002625,964.308
0,7148845,7,phononTS,0.000514963,-0.00199882,0.00200244,0.000262498,964.308,0.000514963,1,-0.00199582,0.00255673,-0.0002625,1113.15
0,7148845,6,phononTS,0.000698848,-0.00199882,0.00200244,0.000262498,964.308,0.000698848,1,-0.00203755,0.00121212,-0.0002625,1153.11
0,7154790,4,phononTF,0.000563966,-0.00222138,0.00180615,-0.0002625,711.885,0.000382,1,-0.0020005,0.00200204,0.0002625,1854.81
0,7154790,2,phononTS,0.00601752,-0.00226245,0.00422808,-0.000194253,287.542,0.00436861,1,-0.0022576,0.00431062,-0.0002625,413.138
0,7157745,6,phononTS,0.000500168,-3.49722e-06,-4.49121e-06,0.0002625,170.471,0.000500168,1,0.00281553,-0.00378407,-0.0002625,1932.5
0,7172702,4,phononTF,0.000472674,-0.000442034,0.0024412,-0.000262499,447.17,0.000382,1,3.54366e-07,0.00199957,0.0002625,586.919
0,7172702,2,phononTS,0.00452524,-0.00307068,0.00238529,0.000102833,45.7498,0.00329682,1,-0.00277463,0.00217853,-0.0002625,435.627
0,7208790,6,phononTF,0.000914274,-0.00200435,0.00199957,0.000262498,319.094,0.000439083,1,-0.00303346,0.000963481,-0.0002625,585.113
0,7226007,2,phononTS,0.000743466,-0.00210684,0.00295759,-0.0002625,7.57482,0.000382,1,-0.00199648,0.00200262,0.0002625,433.693
0,7230052,2,phononTF,0.0039555,-0.00182697,0.00384784,-0.00011614,493.712,0.000764,1,1.9975e-06,0.00200253,0.0002625,943.417
0,7237541,4,phononTS,0.000786086,0.000999473,-0.00303221,-0.000262498,2357.46,0.000382,1,0.00100049,-0.00300196,0.0002625,2447.04
0,7259256,4,phononTS,0.00266601,0.000988902,0.000963762,-7.78238e-05,6.85592,0.000764,1,0.00099593,0.000996483,0.0002625,818.235
0,7265105,3,phononTF,0.000931774,-0.00163755,0.00354347,-0.0002625,52.6954,0.000382,1,-0.00100398,0.00299993,0.0002625,396.327
0,7284851,7,phononTS,0.00105289,-0.000917987,0.00304389,-0.000262498,740.311,0.000764,1,-0.00100358,0.00300033,0.0002625,841.766
0,7284852,1,phononL,0.01,-0.00266118,0.00393842,-0.000242193,0,0.00714157,1,-0.00268614,0.00393153,-0.0002625,565.849
0,7288412,5,phononTS,0.000404354,0.000133268,-0.00109363,-0.0002625,1828.69,0.000382,1,2.50893e-06,-0.00200071,0.0002625,2890.05
0,7288442,11,phononTF,0.000397175,-0.00099943,-0.00100275,0.000262498,1741.39,0.000397175,1,-0.00120976,-0.00121448,-0.0002625,1844.78
0,7290362,6,phononTS,0.00142786,-0.00200217,-3.43432e-06,0.000262498,1006.83,0.00122025,1,-0.00226115,-0.000941857,-0.0002625,1232.27
0,7290362,2,phononTS,0.00152748,-0.00219201,0.00364671,0.000262498,40.3734,0.00152748,1,-0.0022885,0.00416192,-0.0002625,194.171
0,7290363,1,phononTS,0.01,-0.00198826,0.00394734,-7.06553e-05,0,0.0049573,1,-0.0019711,0.00395417,-0.0002625,537.84
0,7290800,6,phononTS,0.000467745,1.77102e-06,0.00200015,0.000262498,1072.76,0.000467745,1,-3.41119e-05,0.00183784,-0.0002625,1177.07
0,7301327,4,phononTS,0.000653375,-0.00207849,-0.00112822,-0.0002625,804.979,0.000382,1,2.8925e-06,-2.68987e-07,0.0002625,2777.4
0,7301328,1,phononTS,0.01,-0.00177732,0.00403557,-0.000241701,0,0.00876335,1,-0.00177618,0.00405957,-0.0002625,317.028
0,7317107,4,phononTS,0.000503274,-0.00206251,0.0029226,-0.0002625,47.8831,0.000382,1,-0.00199503,0.00199517,0.0002625,475.324
0,7322756,6,phononTF,0.000660869,-0.00100411,0.00299967,0.000262498,396.733,0.000660869,1,-0.00104825,0.00297933,-0.0002625,487.134
0,7342291,6,phononL,0.000469163,3.82335e-06,0.0020047,0.0002625,883.664,0.000469163,1,3.78539e-05,0.00159296,-0.0002625,1029.85
0,7342544,4,phononTS,0.00106953,-0.00100183,0.00300233,0.0002625,691.804,0.000526977,1,-0.000952459,0.00290269,-0.0002625,985.937
0,7381539,6,phononTF,0.000788616,-0.00105276,0.00463791,-0.0002625,1575.7,0.000382,1,-0.000998067,0.00100125,0.0002625,2438.22
0,7381539,4,phononTS,0.00244809,-0.002999,0.00400613,0.000262498,955.883,0.00154756,1,-0.00221594,0.00391924,-0.0002625,1142.48
0,7385078,4,phononTF,0.00141473,-0.000996958,0.00299917,0.0002625,441.102,0.000747441,1,-0.000809283,0.00302301,-0.0002625,736.549
0,7405511,4,phononTF,0.000536963,-0.00231911,0.00233232,-0.0002625,622.141,0.000382,1,-0.0019999,0.00199966,0.0002625,980.741
0,7405511,2,phononTS,0.00233301,-0.00206818,0.00402747,0.000262498,326.916,0.00210659,1,-0.00254313,0.0029579,-0.0002625,581.303
0,7406497,6,phononTF,0.000778291,-0.00299984,-0.000998123,0.000262498,2503.38,0.000778291,1,-0.0032307,-0.00122058,-0.0002625,2608.67
0,7406497,3,phononTS,0.00125321,-0.00216085,0.00395135,0.000262498,18.1023,0.000315236,1,-0.00216241,0.00400709,-0.0002625,108.677
0,7415919,3,phononTF,0.000703545,-0.00195204,0.00393475,-0.000262498,234.842,0.000382,1,-0.00100395,0.00300298,0.0002625,479.465
0,7424603,4,phononTS,0.000637736,0.00200079,-0.00199959,0.0002625,1576.48,0.000339927,1,-0.00095992,0.00191365,-0.0002625,5691.91
0,7434484,13,phononTS,0.000563761,0.00199589,2.43227e-07,0.000262498,4170.82,0.000563761,1,0.0017543,7.28595e-05,-0.0002625,4289.04
0,7446123,3,phononTS,0.00283935,-0.00212272,0.00300293,-0.0002625,82.7108,0.001146,1,-0.00200368,0.00199549,0.0002625,540.542
0,7455452,2,phononTS,0.00210797,-0.00204857,0.00264291,-0.0002625,14.817,0.000764,1,-0.00200101,0.00199507,0.0002625,602.678
0,7481828,3,phononTF,0.00195177,-0.000278633,0.00210734,-0.0002625,110.642,0.000764,1,-1.11472e-06,0.0019978,0.0002625,1401.3
0,7481828,4,phononTS,0.000855636,-1.11472e-06,0.0019978,0.000262498,1401.3,0.000218652,1,2.88572e-05,0.00208746,-0.0002625,1502.22
0,7530368,7,phononTS,0.00044177,0.00129316,0.000617331,-0.0002625,919.427,0.000382,1,0.00200194,-2.96413e-06,0.0002625,2045.16
0,7553892,5,phononTF,0.000477207,-0.00088875,0.00310904,-0.0002625,1229.78,0.000382,1,-0.000995051,0.00300015,0.0002625,1588.9
0,7567689,7,phononTS,0.000518367,-3.35392e-05,0.00203337,-0.000262498,926.638,0.000382,1,3.15657e-06,0.00199792,0.0002625,1016.24
0,7623598,7,phononTF,0.00102193,-0.0012513,0.00325674,-0.0002625,244.53,0.000382,1,-0.000997922,0.00300314,0.0002625,462.605
0,7626187,6,phononTS,0.000527238,-0.000945784,0.00103384,-0.000262498,1310.99,0.000382,1,-0.000997148,0.00100096,0.0002625,1400.22
0,7641652,5,phononTF,0.000453832,-0.00133983,0.00264943,-0.0002625,1008.14,0.000382,1,-0.000999164,0.00300473,0.0002625,1377.47
0,7641652,3,phononTS,0.000743557,-0.00218264,0.003861,0.000262498,6.7376,0.000640218,1,-0.0021917,0.00425289,-0.0002625,139.606
0,7641652,2,phononTS,0.000995482,-0.005,0.00211637,0.000154714,6.7376,0.00069843,1,-0.00340342,0.00302818,-0.0002625,1367.27
0,7655171,2,phononTF,0.00110544,0.00100014,-0.00300026,0.0002625,778.137,0.00110544,1,0.00247051,0.000911113,-0.0002625,3527.93
0,7659304,4,phononTF,0.000414368,-0.00182693,0.00381993,-0.000262498,894.628,0.000382,1,-0.00100263,0.00299579,0.0002625,1113.49
0,7659305,1,phononTF,0.01,-0.00179361,0.00375113,4.45992e-06,0,0.00612592,1,-0.00181829,0.0037772,-0.0002625,225.441
0,7672566,3,phononTS,0.00237878,-0.00207411,0.00237395,-0.0002625,493.126,0.000382,1,-0.00199666,0.00200185,0.0002625,1296.27
0,7672566,4,phononTF,0.001882,-0.00199666,0.00200185,0.000262498,1296.27,0.00161005,1,-0.0015712,0.00241871,-0.0002625,1432.27
0,7673706,3,phononTF,0.00225356,0.0010559,-0.00107436,-0.000262039,38.7063,0.000764,1,0.00100169,-0.00100444,0.0002625,2104.02
0,7673706,4,phononTF,0.000474068,0.00100169,-0.00100444,0.000262498,2104.02,0.000474068,1,0.00140562,-0.00140467,-0.0002625,2236.51
0,7673706,2,phononTS,0.00121977,-0.005,0.00331853,6.92133e-05,38.7063,0.000940741,1,-0.00472037,0.00329817,-0.0002625,824.953
0,7721328,5,phononTS,0.000415664,-0.000641011,0.00399478,-0.0002625,262.903,0.000382,1,-0.00100399,0.00299648,0.0002625,1185.06
0,7746166,2,phononTF,0.00195857,-0.00139913,0.00330311,-0.0002625,64.6992,0.001146,1,-0.000999019,0.00300214,0.0002625,1932.99
0,7764969,3,phononTS,0.0015707,-0.00170998,0.005,-0.000244092,33.8992,0.000382,1,-0.000997922,0.00300332,0.0002625,743.333
0,7770908,3,phononTS,0.00302287,0.00113294,-0.0010326,-0.0002625,99.3158,0.001528,1,0.0010044,-0.000998145,0.0002625,4149.36
0,7770908,2,phononL,0.000599138,-0.00214749,0.00378464,0.000262498,99.3158,0.000599138,1,-0.00178607,0.0036789,-0.0002625,170.598
0,7770909,3,phononTS,0.00576269,-0.00226659,0.00385372,4.98839e-05,32.7574,0.00432155,1,-0.00233136,0.00403101,-0.0002625,108.319
0,7778541,7,phononTS,0.000543493,-0.00199787,0.00200197,0.000262499,1206.28,0.000543493,1,-0.0019706,0.00202635,-0.0002625,1295.91
0,7812758,3,phononTS,0.00106877,0.000399218,0.0024422,-0.0002625,2.08049,0.000382,1,0.00300116,0.00100072,0.0002625,1149.96
0,7817560,6,phononTS,0.000584828,-0.00100274,0.00100343,0.0002625,211.847,0.000584828,1,-0.00175439,0.0010632,-0.0002625,3543.16
0,7838766,7,phononTS,0.00050057,-0.00200077,0.00199894,0.000262498,1805.38,0.00050057,1,-0.00195162,0.00204763,-0.0002625,1899.35
0,7838766,2,phononTF,0.00102934,-0.00219048,0.00392943,0.000262498,14.2224,0.00102934,1,-0.00194026,0.00416849,-0.0002625,121.808
0,7852188,6,phononTF,0.000891719,-0.00150985,0.005,1.59535e-05,582.231,0.000382,1,0.00199798,-0.0019994,0.0002625,1983.53
0,7852779,8,phononL,0.000517271,7.22638e-07,-0.00199853,0.000262498,4654.33,0.000517271,1,0.000234314,-0.00347302,-0.0002625,4826.92
0,7866566,4,phononTF,0.000584211,-0.00313624,0.00138164,-0.0002625,1333.71,0.000382,1,-0.00200461,2.9453e-07,0.0002625,2904.83
0,7871546,2,phononTF,0.00150611,-0.000529745,0.00253406,-0.0002625,132.168,0.001146,1,-9.42838e-07,0.0020001,0.0002625,760.621
0,7941557,7,phononTF,0.000387049,-0.0010006,0.0030047,0.000262498,3271.36,0.000387049,1,-0.000925865,0.00292708,-0.0002625,3363.1
0,7941558,1,phononTS,0.01,-0.00218277,0.00388802,1.48166e-05,0,0.0057702,1,-0.00220108,0.00391214,-0.0002625,151.896
0,7990145,5,phononTS,0.000998465,-0.00199765,0.00199917,0.000262498,891.838,0.000863668,1,-0.0019215,0.00244215,-0.0002625,1034.75
0,8001426,7,phononTS,0.000839275,3.6881e-06,4.16742e-06,0.000262498,1679.09,0.000839275,1,-1.49567e-05,-0.000596275,-0.0002625,1839.86
0,8025782,11,phononTS,0.000581271,-0.00100483,0.0029952,0.000262498,381.857,0.000581271,1,-0.000947486,0.00295165,-0.0002625,476.518
0,8038092,2,phononL,0.000774929,-0.00200036,0.00200039,0.0002625,6.90736,0.000774929,1,-0.00195379,0.0015261,-0.0002625,391.169
0,8053951,3,phononTS,0.00203697,2.83502e-06,-0.00200257,0.0002625,44.6256,0.00110017,1,0.000281802,-0.00246996,-0.0002625,3191.49
0,8065710,5,phononTS,0.000723642,-0.00178996,-0.000348188,-0.000262498,779.666,0.000382,1,-0.000999079,0.00100088,0.0002625,1108.35
0,8068155,8,phononTS,0.000505873,-0.00199765,0.00200462,0.000262498,1402.61,0.000505873,1,-0.00118222,0.00190691,-0.0002625,1594.06
0,8068155,2,phononTS,0.0041471,-0.005,0.00439964,0.000225209,30.7917,0.00249056,1,-0.00466469,0.00443807,-0.0002625,989.318
0,8094492,6,phononTS,0.000411386,0.00200233,0.00199654,0.000262498,1946.77,0.000411386,1,0.00196801,0.00195172,-0.0002625,2036.05
0,8099441,2,phononL,0.00122361,-0.0017095,0.00338841,-0.0002625,173.547,0.000382,1,-0.000997863,0.00299824,0.0002625,386.695
0,8177222,3,phononTF,0.0019019,-0.000627281,0.00257127,-0.0002625,94.4639,0.000382,1,-4.82088e-06,0.00200144,0.0002625,707.727
0,8177222,4,phononTF,0.00133435,-4.82088e-06,0.00200144,0.000262498,707.727,0.00132853,1,-8.45295e-05,0.00192104,-0.0002625,799.711
0,8177236,3,phononTS,0.00121296,-0.00111879,0.00318744,-0.0002625,173.224,0.000382,1,-0.000998096,0.0030003,0.0002625,869.846
0,8177236,2,phononTS,0.000967487,-0.00292462,0.005,0.000232215,173.224,0.000861722,1,-0.00308597,0.00497288,-0.0002625,541.828
0,8181035,2,phononTS,0.000916056,-0.00428284,0.00479702,-0.0002625,345.984,0.000382,1,-0.00199649,0.00200135,0.0002625,1416.92
0,8205460,9,phononTS,0.000486467,-0.000716047,0.000116086,-0.0002625,1675.59,0.000382,1,-0.000995326,0.000997242,0.0002625,3641.04
0,8249092,4,phononTS,0.000543161,-0.000433512,0.00340129,-0.000262498,2238.31,0.000382,1,-1.59322e-06,0.00200472,0.0002625,2546.64
0,8315347,5,phononTS,0.000584049,0.00100427,0.000995063,0.0002625,291.06,0.000584049,1,0.00205866,6.2829e-05,-0.0002625,1503.8
0,8315347,3,phononTF,0.00186864,0.005,0.00390095,0.000131489,18.2769,0.00099498,1,0.00447037,0.00443322,-0.0002625,1398.54
0,8336564,6,phononTS,0.000405099,-0.00126734,0.00187195,-0.0002625,183.251,0.000382,1,-0.000998418,0.000998531,0.0002625,1246.53
0,8338349,4,phononTF,0.00274658,-0.00300627,0.000578281,-1.70787e-05,20.5586,0.001146,1,-0.00100128,-0.000995834,0.0002625,1941.75
0,8367556,5,phononTS,0.000493021,-0.00142833,0.000502221,-0.000262498,631.859,0.000382,1,-0.00199852,0.00200458,0.0002625,965.602
0,8370913,3,phononTS,0.00303767,-0.00159048,0.00342449,-0.0002625,13.212,0.000764,1,-0.00100363,0.00299771,0.0002625,392.736
0,8379401,4,phononTF,0.000503619,-5.51838e-08,0.00199571,0.0002625,482.986,0.000503619,1,0.0018012,0.000175031,-0.0002625,1378.05
0,8387229,4,phononL,0.00208146,-0.00230201,0.00237653,-0.0002625,587.321,0.000382,1,-0.0020017,0.00200008,0.0002625,928.883
0,8387229,5,phononTF,0.00121172,-0.0020017,0.00200008,0.000262498,928.883,0.00121172,1,-0.00179845,0.0017898,-0.0002625,1032.1
0,8387229,3,phononTS,0.00121564,-0.00231671,0.00409059,0.000262498,587.321,0.00121564,1,-0.00244372,0.00421544,-0.0002625,698.304
0,8413761,5,phononTS,0.00071194,-0.00200286,0.0020002,0.0002625,569.736,0.00071194,1,-0.00220205,0.000960825,-0.0002625,1382.5
0,8423984,10,phononTF,0.000518263,-0.000682126,-0.000642897,-0.0002625,354.841,0.000382,1,-0.000998363,-0.000997642,0.0002625,2052.55
0,8430330,9,phononTS,0.000651123,-0.0033573,0.005,-0.000135386,4408.59,0.000382,1,0.00199625,-3.85968e-06,0.0002625,8526.63
0,8433134,10,phononTF,0.000634361,-0.00234731,-0.00158389,-0.0002625,2115.18,0.000382,1,-0.00199878,-0.00200282,0.0002625,2910.72
0,8448093,4,phononTF,0.00159883,-0.000733239,0.00291642,-0.000262498,539.337,0.000764,1,-0.00100373,0.00300315,0.0002625,646.626
0,8453081,2,phononTF,0.00174485,0.000866635,0.00315815,-0.0002625,91.5696,0.000382,1,0.00199967,0.00200401,0.0002625,1274.14
0,8470869,8,phononTS,0.000387806,-0.0010503,0.00104966,-0.000262498,3955.73,0.000382,1,-0.000999419,0.000998259,0.0002625,4049.83
0,8473002,5,phononTS,0.000723512,-0.00223737,0.00467472,-0.000262498,610.447,0.000382,1,2.12192e-06,0.0019962,0.0002625,1255.78
0,8486688,3,phononTS,0.00228096,1.22905e-05,0.00201692,-0.0002625,19.7827,0.000382,1,-3.14399e-06,0.00200354,0.0002625,676.261
0,8486688,5,phononTS,0.000385326,-3.14399e-06,0.00200354,0.000262498,676.261,0.000385326,1,4.767e-05,0.00208957,-0.0002625,773.114
0,8486688,4,phononTF,0.00102303,-3.14399e-06,0.00200354,0.000262498,676.261,0.000579938,1,9.13894e-05,0.00190981,-0.0002625,768.984
0,8493680,5,phononTS,0.000790786,-0.00199528,0.00200354,0.0002625,1725.95,0.000790786,1,-0.00171791,0.00200937,-0.0002625,1962.02
0,8589647,7,phononTS,0.000544939,-0.0031511,0.00426797,-0.000262498,541.885,0.000382,1,-0.00199929,0.00200075,0.0002625,1057.58
0,8604428,2,phononTS,0.000640621,0.000686032,0.00167689,-0.0002625,71.2558,0.000382,1,0.00199518,-4.6538e-06,0.0002625,1546.8
0,8609673,8,phononTS,0.000577054,-0.000770249,0.00290055,-0.0002625,593.346,0.000382,1,-2.91388e-06,0.00199998,0.0002625,1657.29
0,8609673,2,phononTF,0.000528676,-0.002991,0.00415418,0.000262498,500.371,0.000528676,1,-0.00257054,0.00372299,-0.0002625,637.108
0,8612125,11,phononTS,0.000552554,0.0010005,-0.0010003,0.000262498,6372.65,0.000552554,1,0.000794647,-0.000961645,-0.0002625,6481.41
0,8619537,3,phononTS,0.00233349,-0.00211443,0.00290071,-0.0002625,661.892,0.000764,1,-0.00199611,0.00200107,0.0002625,1070.58
0,8641759,4,phononTS,0.00147839,-0.0030452,0.000392923,-0.0002625,370.911,0.000382,1,-0.00200083,4.19748e-06,0.0002625,2507.89
0,8641759,6,phononTF,0.0010313,-0.00200083,4.19748e-06,0.000262498,2507.89,0.0010313,1,-0.00195857,-2.20648e-05,-0.0002625,2598.27
0,8641759,2,phononTF,0.00333598,-0.00184524,0.00372209,0.000121133,269.014,0.00126534,1,-0.001842,0.00371878,-0.0002625,334.696
0,8645597,9,phononL,0.000501817,-4.38178e-06,0.0019952,0.000262499,1608.04,0.000501817,1,-0.00034947,0.00157933,-0.0002625,1690.52
0,8679922,8,phononTF,0.000582262,-0.00145685,0.00258329,-0.0002625,1671.8,0.000382,1,-0.00200039,0.00199942,0.0002625,2444.86
0,8679922,2,phononL,0.000662068,-0.00221367,0.00406683,0.000262498,156.377,0.000662068,1,-0.00319167,0.0045699,-0.0002625,292.691
0,8681900,5,phononTF,0.000483907,0.00126077,0.000868395,-0.0002625,702.007,0.000382,1,0.0020007,1.1008e-06,0.0002625,1793.58
0,8718983,12,phononTS,0.000493366,0.000997296,-0.00299592,0.000262498,6287.96,0.000493366,1,0.00105277,-0.00298436,-0.0002625,6379.29
0,8746380,5,phononTS,0.000793371,-0.000249563,0.000882439,-0.0002625,393.541,0.000382,1,-1.67105e-07,-2.68983e-06,0.0002625,1030.69
0,8752974,6,phononTS,0.000585948,-0.000998249,0.00300223,0.000262498,825.09,0.000585948,1,-0.000804182,0.00272534,-0.0002625,956.511
0,8797700,5,phononTF,0.00152653,-0.00199665,0.0019989,0.0002625,397.004,0.00152653,1,-0.00227071,0.00171813,-0.0002625,621.373
0,8821125,6,phononTF,0.000531744,-0.000642308,0.00165329,-0.0002625,1006.75,0.000382,1,-0.000996878,0.000999615,0.0002625,1506.51
0,8821125,4,phononTS,0.000878595,-0.00119634,0.00481814,0.000262498,602.683,0.000878595,1,-0.00197608,0.00474952,-0.0002625,788.553
0,8821125,2,phononL,0.00378647,0.00315578,0.00364705,-0.000138115,400.772,0.00322005,1,0.0031672,0.00347761,-0.0002625,1807.79
0,8855706,7,phononTS,0.00051431,0.00163356,0.000480111,-0.0002625,4031.7,0.000382,1,0.00200352,-2.11177e-06,0.0002625,8717.09
0,8879529,2,phononTS,0.0046127,-0.00132079,0.00188031,-0.0002625,365.045,0.000764,1,-0.00200319,0.00200452,0.0002625,1135.23
0,8879529,6,phononTS,0.000651918,-0.00200319,0.00200452,0.000262498,1135.23,0.000120743,1,-0.00205368,0.00204036,-0.0002625,1224.39
0,8881542,6,phononTS,0.0003917,-0.00469899,0.00491876,-0.000262498,2429.71,0.000382,1,-0.00200258,0.00199711,0.0002625,3153.3
0,8928072,2,phononTS,0.00261767,-0.00110076,0.00293893,-0.0002625,2.59442,0.001146,1,4.11935e-07,0.00199737,0.0002625,622.975
0,8933038,6,phononL,0.000585635,-0.00100014,-0.000996021,0.000262498,1225.85,0.000585635,1,-0.000808755,-0.000510601,-0.0002625,1306.25
0,8947516,2,phononTS,0.00112221,0.00301463,0.00104645,-0.0002625,93.7421,0.000382,1,0.00300108,0.00100366,0.0002625,5855.73
0,8947516,5,phononTS,0.000546771,0.00300108,0.00100366,0.000262498,5855.73,0.000546771,1,0.00298526,0.000911192,-0.0002625,5956.04
0,8995778,4,phononL,0.00242645,-0.00211881,0.0026069,-0.0002625,54.7109,0.000382,1,-0.00199964,0.00200212,0.0002625,548.83
0,9004000,7,phononTS,0.000549094,0.000360422,0.000179891,-0.0002625,177.126,0.000382,1,0.000997791,-0.00100109,0.0002625,1483.34
0,9004000,6,phononTS,0.000465561,-0.00227304,0.00378113,-0.000262498,177.126,0.000465561,1,-0.00140385,0.005,-0.000220207,446.417
0,9039625,5,phononTS,0.000663936,-0.00277326,0.00139582,-0.0002625,613.188,0.000382,1,-0.00199953,6.46469e-09,0.0002625,2346.74
0,9054762,3,phononTF,0.00263429,-0.000640359,0.00265817,-0.0002625,78.2093,0.000764,1,-0.000997763,0.00300203,0.0002625,789.928
0,9075344,5,phononTS,0.000593452,-0.00143525,0.00357632,-0.0002625,1331.86,0.000382,1,-0.000996489,0.00299818,0.0002625,1901.52
0,9092427,4,phononL,0.000438362,-0.000238193,0.0024431,-0.0002625,358.149,0.000382,1,1.37467e-06,0.00200049,0.0002625,2018.74
0,9100498,9,phononTS,0.000415253,0.00100125,0.000998949,0.000262498,2200.64,0.000415253,1,0.00184686,0.000554014,-0.0002625,2426.41
0,9100498,2,phononTF,0.00148121,-0.00234157,0.0038277,-3.82202e-05,217.869,0.000821742,1,-0.00216457,0.00398914,-0.0002625,274.676
0,9128151,4,phononTS,0.0010048,-0.00211775,0.00276071,-0.0002625,101.137,0.000764,1,-0.00200022,0.00200024,0.0002625,474.258
0,9128151,3,phononTS,0.0013154,-0.00223528,0.00352118,0.000262498,101.137,0.000389092,1,-0.00244244,0.0031572,-0.0002625,243.443
0,9129837,8,phononL,0.000645613,-0.000388642,0.00205006,-0.0002625,992.014,0.000382,1,2.23769e-06,0.00200468,0.0002625,1352.31
0,9167115,3,phononTS,0.00257136,0.00110092,-0.005,-0.000226353,8.4702,0.000764,1,-0.00300111,-0.00100275,0.0002625,3428.43
0,9186977,6,phononTS,0.00049994,-0.000999483,-0.00100394,0.000262498,1923.52,0.00049994,1,-0.000964179,-0.000729634,-0.0002625,2040
0,9186977,2,phononTF,0.00122933,-0.00243027,0.00299835,0.000262498,748.416,0.00104336,1,-0.00270868,0.00315312,-0.0002625,857.467
0,9244738,3,phononTS,0.000598411,0.00187176,0.00126892,-0.0002625,142.434,0.000382,1,0.00300055,0.00100345,0.0002625,2719.71
0,9244738,2,phononTF,0.000736657,-0.00250111,0.00367149,0.000262498,142.434,0.000309449,1,-0.0033098,0.0028434,-0.0002625,359.923
0,9244979,3,phononTS,0.000836895,0.00103993,0.00116371,-0.0002625,66.9785,0.000382,1,0.00100061,0.000999781,0.0002625,1297.68
0,9245397,4,phononTS,0.000471909,-0.00312127,0.00306432,-0.0002625,1195.92,0.000382,1,0.00199763,-0.00200467,0.0002625,3350.38
0,9245397,2,phononL,0.00283507,-0.00218449,0.00352628,0.000262498,129.758,0.00268107,1,-0.00154844,0.00332187,-0.0002625,221.636
0,9250965,2,phononTF,0.000413621,-0.00156945,0.00355151,-0.0002625,230.473,0.000382,1,-0.00100264,0.00300263,0.0002625,554.746
0,9260678,7,phononTS,0.000531168,-0.00114739,0.005,-5.00046e-05,823.896,0.000382,1,0.00199854,0.00200038,0.0002625,2113.71
0,9260678,3,phononTS,0.000605492,-0.00214547,0.00382675,0.000262498,19.5389,0.000412325,1,-0.00294071,0.00419363,-0.0002625,231.658
0,9277666,4,phononTS,0.00141744,-0.000183588,0.00110298,-0.0002625,561.337,0.000382,1,4.16088e-08,4.22516e-06,0.0002625,1740.8
0,9277666,5,phononTS,0.000918308,4.16088e-08,4.22516e-06,0.000262498,1740.8,0.000918308,1,-0.00057988,0.000302795,-0.0002625,1917.83
0,9345926,2,phononTF,0.000702033,0.00231094,0.000318157,-0.0002625,9.80449,0.000382,1,0.00199897,4.40778e-06,0.0002625,1875.76
0,9374336,4,phononTS,0.00126038,-0.00209521,0.00187941,-0.0002625,18.8625,0.000764,1,-0.00200152,-4.45069e-06,0.0002625,845.632
0,9386875,7,phononTF,0.000477085,-0.00299962,-0.000998246,0.000262498,1731.65,0.000477085,1,-0.00316677,-0.0011743,-0.0002625,1830.63
0,9386875,3,phononTS,0.00137316,-0.0022215,0.00384899,0.000262498,17.6455,0.000896189,1,-0.00240356,0.00380263,-0.0002625,123.675
0,9403692,2,phononTF,0.00144098,0.00153258,0.00260586,-0.0002625,9.14491,0.000764,1,0.00200379,0.00200317,0.0002625,4895.17
0,9430173,7,phononTF,0.000503687,0.00100451,0.000996015,0.000262498,2608.64,0.000503687,1,0.00119389,0.00117967,-0.0002625,2709.21
0,9436020,4,phononTF,0.00130007,0.00110417,0.00115987,-0.0002625,1257.5,0.000382,1,0.00100062,0.000999957,0.0002625,2970.28
0,9436020,5,phononTF,0.000420659,0.00100062,0.000999957,0.000262498,2970.28,0.000420659,1,0.00103911,0.0009199,-0.0002625,3061.87
0,9445239,3,phononL,0.00197356,-0.00199898,0.00199947,0.0002625,117.838,0.00188562,1,-0.00200204,0.00105926,-0.0002625,464.091
0,9467405,4,phononTF,0.000594343,0.00200177,0.00200065,0.0002625,1234.13,0.000374876,1,0.00230103,0.00229683,-0.0002625,1464.88
0,9467405,2,phononL,0.00732647,-0.00216274,0.00426251,-8.7057e-05,357.12,0.00475966,1,-0.00223341,0.00424348,-0.0002625,492.188
0,9478915,3,phononTS,0.00215368,-0.000252879,0.00262457,-0.0002625,376.149,0.001146,1,-4.71406e-06,0.00200494,0.0002625,1195.39
0,9490998,2,phononTF,0.000688489,0.00111209,-0.00288228,-0.0002625,898.031,0.000382,1,0.00100009,-0.00300042,0.0002625,4027.99
0,9513527,3,phononL,0.00150312,-0.00062448,0.00314206,-0.0002625,2158.82,0.000764,1,-0.00100363,0.00300205,0.0002625,2913.58
0,9513527,2,phononTS,0.0015983,-0.00233397,0.00406213,0.000262498,2158.82,0.00139381,1,-0.00234742,0.00415204,-0.0002625,2257.39
0,9520329,5,phononTS,0.000963721,-0.00206302,0.000962524,-0.0002625,13.5062,0.000382,1,-0.00200026,-2.17349e-06,0.0002625,892.66
0,9531194,6,phononTS,0.000460625,-0.00300486,-0.00100483,0.000262498,1959.47,0.000460625,1,-0.00302043,-0.00097546,-0.0002625,2049.06
0,9580352,3,phononTS,0.000721949,-0.00278579,0.005,-0.000172455,334.429,0.000382,1,1.29334e-06,0.00199831,0.0002625,1259.22
0,9637466,4,phononTF,0.000777491,-0.00189649,0.00337889,-0.0002625,67.4472,0.000382,1,-0.000999423,0.00299862,0.0002625,555.179
0,9639489,6,phononTF,0.00175454,-0.000778149,0.00260938,-0.0002625,1347.37,0.001146,1,3.19005e-06,0.00200295,0.0002625,1860.66
0,9670894,3,phononL,0.00269208,-0.00210295,0.00292092,-0.0002625,22.4818,0.001146,1,-0.00199631,0.00200486,0.0002625,250.563
0,9670894,5,phononTF,0.000790974,-0.00199631,0.00200486,0.000262498,250.563,0.000790974,1,-0.00217735,0.00218296,-0.0002625,350.4
0,9670894,2,phononTF,0.000686489,-0.00220958,0.00383698,0.000262498,22.4818,0.00020173,1,-0.00215567,0.00372749,-0.0002625,115.552
0,9687010,2,phononTF,0.000807336,-0.00120768,0.00322197,-0.0002625,650.981,0.000382,1,-0.00100009,0.003005,0.0002625,1065
0,9690670,4,phononTS,0.00239899,-0.00196137,0.00201064,3.09852e-05,450.295,0.000764,1,-0.00199917,0.00199619,0.0002625,576.671
0,9702670,9,phononL,0.000390452,-0.00132055,0.00342288,-0.000262498,1187.47,0.000382,1,-0.000998153,0.00300041,0.0002625,1269.19
0,9708029,4,phononTS,0.000510641,0.00100011,-0.000998933,0.0002625,2243.48,0.000510641,1,0.00170648,-0.000915335,-0.0002625,4479.1
0,9708436,7,phononTS,0.00046411,-0.00158511,0.00174176,-0.0002625,907.616,0.000382,1,-0.000997707,0.00100233,0.0002625,2046.18
0,9710022,8,phononTF,0.000586808,-7.3065e-05,0.00193273,-0.0002625,287.12,0.000382,1,-4.33529e-06,0.00199866,0.0002625,1311.47
0,9728866,8,phononTS,0.000495047,-0.00200227,-0.00200174,0.000262499,5111.42,0.000495047,1,-0.00193964,-0.00199122,-0.0002625,5207.98
0,9731112,5,phononTF,0.000598641,-0.00100266,0.00300208,0.0002625,408.988,0.000598641,1,-0.000787927,0.00275232,-0.0002625,1622.1
0,9736132,8,phononTF,0.000395699,0.00300402,0.00100428,0.0002625,3107.63,0.000395699,1,0.00423824,0.00205801,-0.0002625,3698.96
0,9759901,10,phononTF,0.000616407,-0.00200207,0.00199727,0.000262498,558.633,0.000616407,1,-0.00232718,0.00143633,-0.0002625,710.339
0,9763910,6,phononTS,0.000529079,0.000734517,-0.00277901,-0.0002625,1178.01,0.000382,1,0.00100404,-0.0030028,0.0002625,3100.74
0,9816508,6,phononTS,0.000492741,-0.000997162,0.00299584,0.0002625,694.425,0.000492741,1,-0.000998304,0.00277621,-0.0002625,918.039
0,9816508,2,phononL,0.00230172,-0.00152345,0.00415851,0.000262498,447.716,0.00145159,1,-0.00178757,0.00406549,-0.0002625,514.835
0,9816523,6,phononTF,0.000888085,-0.00159222,0.00343845,-0.0002625,180.25,0.000382,1,-0.00100056,0.00300151,0.0002625,500.642
0,9831569,9,phononTS,0.000393205,-0.00299923,-0.000999722,0.000262498,2853.89,0.000393205,1,-0.00297647,-0.00105832,-0.0002625,2951.97
0,9869645,3,phononTS,0.000743489,-0.00299569,-0.000995862,0.0002625,353.524,0.000743489,1,-0.00299748,-0.00127011,-0.0002625,2349.03
0,9908103,4,phononTF,0.000887757,-0.000998109,0.00300265,0.000262498,557.775,0.000887757,1,-0.000916886,0.00291794,-0.0002625,649.865
0,9920766,4,phononTF,0.00143358,0.000612602,-0.000290032,-0.0002625,12.858,0.000764,1,0.00100357,-0.00100164,0.0002625,4290.78
0,9920766,5,phononTS,0.000437486,0.00100357,-0.00100164,0.000262499,4290.78,0.000437486,1,0.00105701,-0.000955984,-0.0002625,4384.42
0,9920766,3,phononTS,0.00110494,-0.00214315,0.00384618,0.000262498,12.858,0.00110494,1,-0.0016588,0.004057,-0.0002625,170.288
0,9934367,6,phononTS,0.000895791,0.00200332,-0.00199971,0.000262498,8821.71,0.000689617,1,0.00251514,-0.000914551,-0.0002625,9087.54
0,9956546,5,phononL,0.000658637,0.00224152,0.00297928,-0.000262498,924.612,0.000382,1,0.00199835,0.00200016,0.0002625,1048.29
0,9976961,5,phononTF,0.000691456,-0.0020139,0.00378382,-0.000262498,424.226,0.000382,1,-0.000998613,0.00299556,0.0002625,667.544
0,9979508,7,phononL,0.000509634,-0.000271549,-2.83082e-05,-0.0002625,2370.03,0.000382,1,1.46241e-06,-2.34507e-06,0.0002625,2658.75
