Run ID,Event ID,Track ID,Particle Name,Start Energy [eV],Start X [m],Start Y [m],Start Z [m],Start Time [ns],Energy Deposited [eV],Track Weight,End X [m],End Y [m],End Z [m],Final Time [ns]
0,1408,4,phononTF,0.00139228,0.00100285,-0.00099989,0.0002625,66.1707,0.000641389,1,0.00123456,-0.00140641,-0.0002625,1213.28
0,3202,7,phononTS,0.00110409,7.38458e-05,-0.00205229,-0.000262498,1286.55,0.000382,1,3.44663e-06,-0.00200177,0.0002625,1441.94
0,6093,2,phononL,0.00298887,-0.00088389,0.000464605,-0.0002625,750.654,0.001146,1,-0.000995221,0.000998175,0.0002625,1512.17
0,8542,19,phononTS,0.000731854,-0.00137404,0.00387269,-0.0002625,2314.31,0.000382,1,-0.000997015,0.00299578,0.0002625,3274.74
0,11187,14,phononTF,0.000395338,0.00337075,0.000625244,-0.0002625,7622.54,0.000382,1,0.00300307,0.00100008,0.0002625,9273.31
0,12119,8,phononTF,0.00067711,-0.00300229,-0.000998874,0.0002625,2304.69,0.00067711,1,-0.00322825,-0.000757981,-0.0002625,2675.12
0,13483,10,phononTF,0.000982728,0.00184706,-0.00182211,-0.000262498,4590.53,0.000382,1,0.00199591,-0.00199734,0.0002625,4761.48
0,16510,12,phononTS,0.00116941,-2.88638e-05,1.13672e-05,-0.0002625,226.101,0.000764,1,-3.64287e-06,-2.92524e-06,0.0002625,905.416
0,17414,27,phononTS,0.000414103,-0.000995106,0.0029996,0.0002625,1821.63,0.000414103,1,-0.00119837,0.00391591,-0.0002625,2635.82
0,17414,25,phononTS,0.00208186,-9.59855e-05,0.000637686,-3.23212e-05,439.771,0.00117521,1,-0.000458032,-0.000247499,-0.0002625,936.145
0,20297,8,phononTS,0.000481996,3.0106e-06,0.00199671,0.0002625,3113.24,0.000481996,1,6.93114e-05,0.00195458,-0.0002625,4881.78
0,20937,4,phononTS,0.000854632,0.00196096,-0.00179287,0.000116114,4681.25,0.000382,1,0.0020003,-0.00199629,0.0002625,5267.26
0,27129,36,phononTS,0.000523596,0.00291552,0.00058405,-0.0002625,4253.25,0.000382,1,0.0030002,0.00100007,0.0002625,4963.43
0,29064,10,phononTS,0.00063234,0.000894347,0.000987029,-0.0002625,941.448,0.000382,1,0.00099976,0.00100095,0.0002625,1459.25
0,29064,2,phononTF,0.00224674,0.000251817,0.000552125,0.000168663,628.193,0.00140951,1,0.000446007,0.000668874,-0.0002625,780.555
0,29454,8,phononL,0.000571042,-0.00105043,0.00250353,-0.0002625,4340.29,0.000382,1,-0.000996219,0.0030002,0.0002625,4744.68
0,30108,14,phononTS,0.000510811,0.00146263,-0.000650486,-0.000262498,978.636,0.000382,1,-1.23697e-06,-0.00200332,0.0002625,1663.75
0,30559,10,phononTS,0.00120743,4.5332e-05,0.00191481,-0.000262498,1476.89,0.000764,1,3.23076e-06,0.00199766,0.0002625,1645.55
0,33108,22,phononTS,0.00051882,-0.00300312,-0.00100413,0.000262498,8647.2,0.00051882,1,-0.00380867,-0.00107174,-0.0002625,9000.34
0,33671,14,phononTF,0.000530165,-0.00274482,-0.00127982,-0.000262498,5253.49,0.000382,1,-0.00300333,-0.000995669,0.0002625,5453.13
0,33671,4,phononTF,0.000625971,0.000121346,0.000629066,0.000262498,3.04138,0.000390193,1,0.000284897,0.000452984,-0.0002625,175.468
0,33961,5,phononTS,0.000998184,-0.0030145,-0.000592674,-0.0002625,1635.04,0.000382,1,-0.00199703,2.55671e-06,0.0002625,7674.1
0,34358,8,phononTF,0.000692837,0.00286259,0.00113758,-0.0002625,4487.07,0.000382,1,0.00300394,0.00100361,0.0002625,4982.47
0,34497,19,phononTS,0.000566573,0.00212308,-0.00209548,-0.0002625,5347.01,0.000382,1,0.00200186,-0.00199649,0.0002625,6009.63
0,34497,2,phononTF,0.00101828,0.00020714,0.000658302,0.000262498,101.574,0.0005573,1,-0.000553801,-9.67802e-05,-0.0002625,462.201
0,36375,2,phononTS,0.00233443,5.6713e-05,0.00131733,-0.0002625,1.6569,0.000382,1,-2.5908e-06,0.00199853,0.0002625,659.71
0,39937,9,phononTF,0.00135796,-0.00100038,0.0010042,0.0002625,747.794,0.00135796,1,-0.000907397,0.00117091,-0.0002625,1719.04
0,40586,9,phononL,0.000428276,0.000402439,0.00249949,-0.000262498,1831.69,0.000382,1,-2.55035e-06,0.00200124,0.0002625,1989.04
0,42841,19,phononTS,0.00058294,-0.00296299,-0.000969355,-0.0002625,6007.66,0.000382,1,-0.0030048,-0.000998633,0.0002625,7790.24
0,42853,6,phononTS,0.000597433,1.63947e-07,-3.43216e-06,0.0002625,2809.55,0.000597433,1,-0.00140825,-0.0019452,-0.0002625,4499.1
0,43507,3,phononTF,0.000530667,-0.000888587,-0.000965911,-0.0002625,9.70204,0.000382,1,-4.45414e-06,4.85041e-06,0.0002625,1041
0,47238,19,phononTS,0.000525155,-4.22505e-05,0.000367669,-0.0002625,1208.26,0.000382,1,-6.96231e-07,6.02642e-07,0.0002625,1680.91
0,49616,14,phononL,0.000984644,0.000694153,-0.00039143,-0.0002625,998.709,0.000382,1,0.000997646,-0.00100429,0.0002625,1485.42
0,49616,15,phononL,0.00043812,0.000997646,-0.00100429,0.000262498,1485.42,0.00043812,1,0.000477215,-0.00126382,-0.0002625,1632.22
0,52683,9,phononTS,0.000553063,0.005,-0.00153136,-0.000103282,11588.4,0.000382,1,0.00200192,-2.26798e-06,0.0002625,14792.7
0,52919,6,phononTS,0.000899103,0.00105939,-0.00164928,-0.0002625,5784.74,0.000382,1,0.0010013,-0.000995039,0.0002625,9589.25
0,52993,2,phononTS,0.000396226,0.000223586,0.000629926,-0.0002625,6.71565,0.000382,1,0.00100428,0.0010021,0.0002625,1328.24
0,57011,11,phononTS,0.000433307,-0.0021952,0.000208951,-0.0002625,17202.9,0.000382,1,-0.00200408,4.86788e-06,0.0002625,19653.6
0,57408,4,phononTF,0.00358072,4.85993e-05,0.00194546,-8.89037e-05,548.718,0.000764,1,-4.68408e-06,0.00200194,0.0002625,1035.43
0,63606,18,phononTS,0.000592229,0.00214001,0.00131936,-0.0002625,3241.49,0.000382,1,0.00200177,0.00199869,0.0002625,4200.48
0,63936,17,phononTS,0.00108643,-0.00106724,-0.00105353,-0.000262498,2851.5,0.000764,1,-0.000999968,-0.000997057,0.0002625,3023.56
0,65424,12,phononL,0.00133284,2.86042e-05,0.00078738,-0.000262498,1035.13,0.000382,1,0.000997175,0.000999629,0.0002625,1244.62
0,65522,10,phononTF,0.000574055,-0.00056512,-0.000640033,-0.0002625,2055.41,0.000382,1,-0.000999436,-0.00100421,0.0002625,3118.11
0,66180,18,phononTF,0.000658094,-0.000221457,0.00022346,-0.0002625,5139.38,0.000382,1,2.01068e-06,-1.03348e-06,0.0002625,8003.76
0,66611,14,phononTS,0.000787621,0.00200009,3.58779e-06,0.0002625,218.553,0.000337019,1,0.00191147,1.02531e-05,-0.0002625,1084.32
0,79620,24,phononL,0.000525458,-0.005,-0.000314414,-6.95215e-05,8337.8,0.000382,1,-8.9294e-07,3.38482e-06,0.0002625,9532.12
0,79620,2,phononTS,0.000651957,0.000117571,0.000647533,0.000262498,48.9514,0.000651957,1,0.00147998,-0.000428032,-0.0002625,672.321
0,81091,17,phononTS,0.000445821,0.00099631,-0.00100155,0.000262498,6899.19,0.000445821,1,0.00122685,-0.000264316,-0.0002625,7264.03
0,82646,7,phononTS,0.000728194,0.000863586,0.00177209,-0.0002625,4197.74,0.000382,1,3.58988e-06,0.0020028,0.0002625,8315.11
0,82646,4,phononTS,0.000814388,0.000124509,0.000659725,0.000262498,69.9889,0.000814388,1,-0.00128907,0.0021603,-0.0002625,773.863
0,82901,15,phononTS,0.00111614,0.00380959,-0.00194291,-0.000262498,2607.06,0.000382,1,0.00200204,4.74561e-06,0.0002625,3577.96
0,84627,14,phononTF,0.000458557,9.07751e-07,0.0020037,0.0002625,909.741,0.000458557,1,-0.000232378,0.0018168,-0.0002625,1672.22
0,85996,10,phononTF,0.000837007,2.09655e-06,4.9636e-06,0.000262498,1547.21,0.000837007,1,0.000650118,0.000567874,-0.0002625,1846.1
0,86431,9,phononTF,0.000957171,0.00153526,0.000431551,-0.0002625,2507.95,0.000382,1,0.00199845,-1.00719e-06,0.0002625,3886.15
0,86431,13,phononTF,0.000423623,0.00199845,-1.00719e-06,0.000262498,3886.15,0.000423623,1,0.00230087,-0.000285854,-0.0002625,4088.17
0,93232,12,phononTF,0.00107998,0.0029956,0.00100406,0.000262498,7458.32,0.000724531,1,0.00278548,0.000741728,-0.0002625,7643.54
0,97721,14,phononTS,0.000534242,-0.00194795,-0.00206793,-0.0002625,8656.63,0.000382,1,-0.00200236,-0.00199564,0.0002625,9170.65
0,98081,7,phononTS,0.000415516,4.75859e-05,0.000321599,-0.0002625,26.6199,0.000382,1,3.84543e-06,2.79606e-06,0.0002625,498.305
0,101689,14,phononL,0.000589618,0.0026778,1.86913e-05,-0.0002625,5116.58,0.000382,1,0.00200177,-7.38559e-07,0.0002625,6012.78
0,103882,5,phononTS,0.000734902,-7.55048e-05,0.000115439,-0.0002625,652.799,0.000382,1,4.5349e-06,3.50393e-06,0.0002625,1194.6
0,109700,3,phononTS,0.00131513,-7.22648e-05,0.00010143,-0.0002625,385.164,0.000382,1,4.82147e-06,-3.47551e-06,0.0002625,2808.74
0,113290,6,phononTS,0.000797726,0.00107073,0.000927297,-0.0002625,2242.73,0.000382,1,0.000995808,0.0010007,0.0002625,3730.6
0,114791,5,phononTS,0.001163,7.76068e-05,0.000277201,-0.000262498,1394.43,0.000382,1,-3.41371e-06,-2.1676e-06,0.0002625,1609.6
0,114791,10,phononTS,0.000409266,-3.41371e-06,-2.1676e-06,0.000262498,1609.6,0.000409266,1,3.09243e-06,0.000509686,-0.0002625,1888.56
0,121163,9,phononTF,0.000383965,-0.000581336,0.0030442,-0.0002625,1489.65,0.000382,1,0.00100113,0.00100469,0.0002625,10966.3
0,121163,4,phononTF,0.000729472,0.000173591,0.000746597,0.000262498,87.7191,0.000729472,1,0.000429705,0.000450969,-0.0002625,282.766
0,122191,11,phononTS,0.000436435,-0.00066572,0.000872594,-0.0002625,401.486,0.000382,1,-0.00100471,0.00100269,0.0002625,1409.88
0,123674,17,phononTS,0.000726561,-0.0019244,-6.42147e-05,-0.0002625,4152.16,0.000382,1,-0.00199993,4.18958e-06,0.0002625,6623.53
0,123929,4,phononTS,0.00177815,0.00090777,0.00092409,-0.0002625,566.923,0.000382,1,0.00100219,0.000999816,0.0002625,942.386
