Run ID,Event ID,Track ID,Particle Name,Start Energy [eV],Start X [m],Start Y [m],Start Z [m],Start Time [ns],Energy Deposited [eV],Track Weight,End X [m],End Y [m],End Z [m],Final Time [ns]
0,4459,16,phononTS,0.000702124,0.00195165,1.53427e-05,-0.0002625,2388.79,0.000382,1,0.00199932,-2.45435e-06,0.0002625,2579.01
0,13660,17,phononTF,0.0014801,-8.64328e-05,0.00204522,-0.0002625,2028.28,0.000382,1,-0.00100148,0.00100052,0.0002625,5117.06
0,18747,18,phononTF,0.000789907,0.00176702,0.00177749,-0.0002625,895.475,0.000382,1,0.00200001,0.00200178,0.0002625,1106.53
0,34247,7,phononTF,0.000823565,0.00341038,-0.005,-3.13767e-05,585.572,0.000382,1,0.00200429,-0.00199933,0.0002625,5243.46
0,36081,24,phononTF,0.000496175,-0.00125252,0.000758978,-0.0002625,3322.85,0.000382,1,-0.000997141,0.00100365,0.0002625,3540.59
0,39317,11,phononTF,0.000926825,0.00355355,0.00202982,-0.0002625,199.854,0.000382,1,0.00300162,0.000999827,0.0002625,554.49
0,55002,13,phononTS,0.000823656,0.00293906,0.00092667,-0.000262498,706.609,0.000382,1,0.00300223,0.00100153,0.0002625,808.585
0,58541,17,phononTF,0.000724504,0.00209444,0.00191324,-0.000262498,1640.97,0.000382,1,0.00300254,0.000996994,0.0002625,1879.81
0,69326,30,phononTS,0.000700036,0.00204947,2.07356e-05,-0.000262498,1791.92,0.000382,1,0.00199994,2.78846e-07,0.0002625,1881.72
0,81285,11,phononTS,0.000577548,-0.00186636,0.00202601,-0.0002625,1486.99,0.000382,1,-0.00199797,0.00199817,0.0002625,1689.43
0,93919,15,phononL,0.000406781,0.00238991,0.005,-7.58531e-05,812.736,0.000382,1,0.00299704,0.00100449,0.0002625,1428.9
0,96551,17,phononTS,0.00104647,-0.00100741,0.00355238,-0.000262498,3392,0.000382,1,-0.000997953,0.00300159,0.0002625,3545.89
0,110442,16,phononTF,0.000508092,-0.00200002,0.00200301,0.000262498,1523.34,0.000508092,1,-0.00143059,0.00265465,-0.0002625,1699.31
0,110442,4,phononTF,0.00142946,0.005,0.00094629,-0.000190828,191.189,0.00050865,1,0.00490064,0.000843587,-0.0002625,638.566
0,118040,14,phononTS,0.000706011,0.00300719,0.00096098,0.000235004,1506.26,0.000382,1,0.00300161,0.00100231,0.0002625,1897.79
0,139697,21,phononTF,0.000564666,7.86229e-05,0.00192016,-0.0002625,789.966,0.000382,1,-0.00199682,0.00200267,0.0002625,2443.38
0,140679,17,phononTS,0.000783098,-0.000809786,-0.005,0.00019831,1697.47,0.000382,1,0.00099788,-0.00300097,0.0002625,4838.65
0,143981,7,phononTS,0.0010569,0.00332457,0.005,8.7363e-05,946.428,0.000382,1,-0.0020035,-2.6412e-06,0.0002625,2890.77
0,143981,6,phononTF,0.000910848,0.00344079,0.00254031,0.000262498,946.428,0.000910848,1,0.00281412,0.00395901,-0.0002625,1243.59
0,143981,5,phononTS,0.00156583,0.00344079,0.00254031,0.000262498,946.428,0.00120921,1,0.00379328,0.00319132,-0.0002625,1137.51
0,149642,20,phononTS,0.000398601,0.00300248,0.0010246,-0.0002625,1316.46,0.000382,1,0.0029957,0.00100196,0.0002625,1504.39
0,160045,25,phononTS,0.000486125,-0.005,-0.00487304,-0.000204952,529.985,0.000486125,1,-0.0039297,-0.00398451,-0.0002625,3892.07
0,162130,2,phononL,0.00304074,-0.00207054,3.33062e-06,-0.0002625,51.3676,0.000764,1,-0.00300264,-0.00100181,0.0002625,1877.37
0,162130,8,phononTF,0.00182482,-0.00300264,-0.00100181,0.000262499,1877.37,0.000481835,1,-0.00326562,-0.000726149,-0.0002625,1988.34
0,166532,11,phononTS,0.00071692,0.00199546,0.00199876,0.000262498,909.496,0.000570418,1,0.00193228,0.00152075,-0.0002625,1056.4
0,167556,19,phononTS,0.00122549,0.00200004,-0.00199615,0.0002625,939.745,0.00094795,1,-0.00016773,-0.00483273,-0.0002625,2298.12
0,172772,17,phononL,0.000481985,0.00264778,0.00199917,-0.0002625,832.873,0.000382,1,0.00199957,0.0020044,0.0002625,1011.46
0,181733,5,phononTS,0.000518819,0.00223275,0.00186847,-0.0002625,5.91767,0.000382,1,0.000999619,0.00100014,0.0002625,645.612
0,184531,23,phononTF,0.000451091,0.00199623,-0.0020005,0.000262498,1972.94,0.000451091,1,0.00247907,-0.00152091,-0.0002625,2120.48
0,208391,25,phononTF,0.000778134,8.53893e-05,-0.000857291,-0.0002625,2641.48,0.000382,1,-0.00200425,4.7785e-06,0.0002625,3888.5
0,208391,2,phononTF,0.00498476,0.0038212,0.00306537,0.000244086,167.915,0.00076746,1,0.00403831,0.00324323,-0.0002625,268.278
0,215939,21,phononL,0.000551516,0.00200474,0.00200038,0.0002625,613.035,0.000551516,1,0.00208479,0.00157147,-0.0002625,836.442
0,235270,14,phononTS,0.00102933,0.00333198,0.00102852,-0.000262498,677.396,0.000382,1,0.00300345,0.000998309,0.0002625,803.242
0,239634,4,phononL,0.00273377,0.00238674,0.00204031,-0.0002625,699.161,0.000764,1,0.00200265,0.00199741,0.0002625,842.548
0,265098,11,phononTF,0.0024258,0.00273575,0.00295256,-0.000262498,950.493,0.000764,1,0.00199946,0.00199622,0.0002625,1181.55
0,271843,3,phononTF,0.000888575,0.00165964,0.00165309,-0.0002625,461.294,0.000382,1,0.000996946,0.00100079,0.0002625,1011.37
0,281989,34,phononTF,0.000466536,0.000438191,0.00244232,-0.0002625,2038.5,0.000382,1,3.13487e-06,0.00199706,0.0002625,2867.28
0,291324,12,phononTS,0.000503641,0.000922678,3.28591e-05,-0.0002625,761.054,0.000382,1,-0.000995094,0.0010003,0.0002625,1616.77
0,294268,14,phononTS,0.000382568,0.000754454,-0.00154576,-0.0002625,878.615,0.000382,1,0.00100447,-0.00100418,0.0002625,1872.41
0,304934,11,phononTS,0.000964897,0.000583042,0.000129661,-0.0002625,580.737,0.000382,1,-0.00099664,-0.00099889,0.0002625,6612.09
0,311909,38,phononTS,0.000653882,0.0022422,-0.00111404,-0.0002625,651.975,0.000382,1,0.00100209,-0.00300474,0.0002625,1551.29
0,316519,10,phononTF,0.000439115,0.00264983,0.00122747,-0.0002625,1010.61,0.000382,1,0.00300443,0.000996302,0.0002625,1329.25
0,333747,12,phononTS,0.00260236,0.00195272,0.00195522,-0.0002625,1066.04,0.001146,1,0.0019959,0.00199948,0.0002625,1244.22
0,363298,32,phononTS,0.00106573,0.00100092,0.000996403,0.0002625,1425.94,0.000433604,1,0.00120261,0.00103691,-0.0002625,1642.45
0,373145,28,phononTS,0.00042406,0.00294558,0.00185106,-0.0002625,1187.5,0.000382,1,0.00300238,0.0010036,0.0002625,1779.18
0,373145,3,phononTS,0.00122098,0.0034449,0.00275371,0.000262498,7.57421,0.000756469,1,0.00483771,0.00495114,-0.0002625,516.625
0,376056,16,phononTF,0.00130095,-0.000301148,0.000311426,-0.0002625,1012.61,0.000382,1,-9.43989e-07,2.67549e-08,0.0002625,1468.19
0,377544,9,phononTS,0.00038917,0.00274538,0.00340963,-0.000262498,266.593,0.000382,1,0.0019964,0.00200161,0.0002625,594.268
0,387859,28,phononL,0.000508747,0.00214663,0.000798584,-0.0002625,3549.45,0.000382,1,0.00199829,3.5807e-06,0.0002625,3756.96
0,391782,23,phononTF,0.000430214,-0.00199981,-1.37507e-06,0.000262498,1852.25,0.000430214,1,-0.00217813,-0.000347914,-0.0002625,1970.13
0,398628,17,phononTF,0.000507686,0.00341069,0.00184308,-0.0002625,741.039,0.000382,1,0.0030026,0.000996685,0.0002625,1137.25
0,398628,16,phononTF,0.000403124,0.00381878,0.00268948,0.000262498,741.039,0.000403124,1,0.00407239,0.00293661,-0.0002625,849.432
0,398628,15,phononTS,0.001793,0.005,0.0029612,0.000208158,741.039,0.00087672,1,0.00434913,0.00293701,-0.0002625,1299.65
0,400166,27,phononTS,0.000979532,-2.73917e-05,1.52947e-05,-0.0002625,1362.72,0.000382,1,1.92174e-06,4.02106e-06,0.0002625,1545.92
0,420096,29,phononTF,0.00045003,0.0020863,-8.9315e-05,-0.000262498,2945.11,0.000382,1,0.00199728,-4.86081e-06,0.0002625,3037.4
0,427100,19,phononTS,0.00125448,0.00408567,0.00140027,-0.0002625,1324.45,0.000382,1,0.00299932,0.00100367,0.0002625,2109.9
0,435437,5,phononTS,0.00170028,0.00195527,6.16207e-06,-0.000262498,875.493,0.000382,1,0.00200377,-2.1075e-06,0.0002625,966.736
0,445432,21,phononTF,0.00165079,-4.2935e-06,-4.41408e-06,0.000262498,1482.38,0.00103281,1,-0.0022104,0.00080191,-0.0002625,1914.49
0,449170,12,phononTF,0.000550907,0.00328721,0.00129769,-0.000262498,861.298,0.000382,1,0.00299949,0.000997277,0.0002625,975.896
0,450607,15,phononTS,0.000937136,0.00122783,0.00159331,-0.0002625,742.716,0.000382,1,-4.09994e-06,0.00199844,0.0002625,1703.02
0,450607,14,phononTS,0.00193773,0.00249025,0.00292314,0.000262498,742.716,0.000405948,1,0.00253055,0.0030133,-0.0002625,840.224
0,471222,30,phononTS,0.000479285,0.000995625,0.00100483,0.000262498,5788.11,0.000479285,1,0.00154999,0.00101173,-0.0002625,5941.53
0,478917,18,phononTS,0.000407167,0.00199889,0.0020019,0.000262498,938.375,0.000407167,1,0.00217698,0.00204448,-0.0002625,1044.05
0,480100,17,phononTF,0.000507835,0.00253377,-0.0025268,-0.000262498,4600.03,0.000382,1,0.00200192,-0.00199892,0.0002625,4756.87
0,485137,29,phononTF,0.000642771,0.00207481,-0.0019424,-0.0002625,2871.46,0.000382,1,0.00199725,-0.00200187,0.0002625,3054.75
0,487799,15,phononTS,0.000711806,0.00286111,0.0018158,-0.0002625,337.418,0.000382,1,0.00200478,0.00200243,0.0002625,749.2
0,500724,23,phononTF,0.000598191,0.000654683,-0.002642,-0.0002625,1300.68,0.000382,1,0.000998228,-0.00299629,0.0002625,1547.37
0,505422,12,phononTS,0.000535038,0.00207308,0.0023206,-0.000262498,1874.23,0.000382,1,0.00199556,0.00200315,0.0002625,2001.42
0,523631,8,phononTF,0.00198804,0.00261439,0.00058441,-0.0002625,1579.63,0.000764,1,0.0020033,-2.03752e-06,0.0002625,1922.75
0,580084,22,phononL,0.000431152,-0.00108297,0.00133288,-0.0002625,4695.17,0.000382,1,-0.000998533,0.000999846,0.0002625,4834.53
0,580084,9,phononTS,0.00101339,0.00362151,0.0019214,0.000262498,608.174,0.000455565,1,0.00219524,0.00298953,-0.0002625,975.173
0,587441,13,phononL,0.000834761,0.00149662,0.00104425,-0.0002625,651.065,0.000382,1,0.00100462,0.0010015,0.0002625,806.981
0,598952,11,phononTF,0.000527365,0.00286166,0.000844409,-0.0002625,2460.7,0.000382,1,0.00200211,-2.61444e-06,0.0002625,3127.27
0,602492,12,phononTS,0.00184073,0.00196174,0.00192903,-0.0002625,932.523,0.000382,1,0.00200344,0.00199691,0.0002625,1123.54
0,602492,13,phononTS,0.000774748,0.00200344,0.00199691,0.000262498,1123.54,0.000774748,1,0.000922557,0.00154385,-0.0002625,1384.07
0,609437,3,phononL,0.000389679,0.00271284,0.00240411,-0.0002625,50.1006,0.000382,1,0.00199972,0.00199935,0.0002625,265.145
0,614737,18,phononTS,0.000726766,0.00172155,0.005,1.75395e-05,1645.72,0.000382,1,0.00200162,0.00199512,0.0002625,2433.19
0,617831,9,phononTF,0.000763301,0.00102194,0.00255654,-0.000262498,919.992,0.000382,1,0.00199832,0.00199818,0.0002625,1144.09
0,624593,19,phononTF,0.000440319,0.00104383,0.00104521,-0.0002625,2051.42,0.000382,1,0.00100324,0.00100395,0.0002625,2232.26
0,628861,29,phononTF,0.000409827,0.000745991,0.000754017,-0.0002625,1730.26,0.000382,1,0.000995444,0.00100486,0.0002625,1934.09
0,641635,22,phononTS,0.000391478,0.00150233,0.00130368,-0.000262499,1315.99,0.000382,1,0.00199611,-3.99058e-06,0.0002625,1614.17
0,645077,15,phononTS,0.000509292,0.00199953,7.52095e-05,-0.0002625,2126.51,0.000382,1,0.00200431,-3.2624e-06,0.0002625,2517.12
0,654659,32,phononTF,0.000511343,0.000834255,0.000822662,-0.0002625,637.368,0.000382,1,-3.63953e-06,4.00379e-06,0.0002625,1078.25
0,657518,18,phononL,0.000653296,-0.000522454,-0.00207409,-0.0002625,3549.62,0.000382,1,1.46592e-06,-0.00199771,0.0002625,3710.49
0,660154,4,phononTS,0.000475118,0.00315789,0.000944123,-0.0002625,777.879,0.000382,1,0.00300351,0.0010037,0.0002625,994.873
0,673240,13,phononL,0.00124041,0.00266053,0.000753583,-0.0002625,1467.73,0.000382,1,0.00300087,0.000999089,0.0002625,1615.62
0,683188,11,phononTF,0.000432678,0.00299652,0.000998974,0.0002625,384.734,0.000432678,1,0.0031516,0.000592783,-0.0002625,762.146
0,698600,23,phononTS,0.00082193,0.00199782,-3.08936e-06,0.000262498,5413.25,0.00082193,1,0.00232954,-0.0007185,-0.0002625,5611.35
0,699052,17,phononTS,0.000994732,0.00242911,0.00268946,-0.0002625,2737.92,0.000382,1,0.00300168,0.000999389,0.0002625,3498.29
0,703149,35,phononTS,0.000396933,-0.000987109,-0.000967489,-0.0002625,1077.8,0.000382,1,-0.00100487,-0.00100066,0.0002625,1886.77
0,703149,2,phononTS,0.000696661,0.00351262,0.00270936,0.000262498,17.1948,0.000696661,1,0.00346578,0.00280217,-0.0002625,114.69
0,712519,27,phononTS,0.000549554,0.005,0.00389797,7.18922e-05,1770.95,0.000382,1,0.0010007,0.00100495,0.0002625,3523.29
0,743514,9,phononTS,0.000488537,0.00273457,0.00200368,-0.0002625,413.966,0.000382,1,0.00199735,0.00200345,0.0002625,777.536
0,743514,7,phononTS,0.000715622,0.00307423,0.00244376,0.000262498,206.095,0.000715622,1,0.00321033,0.00324368,-0.0002625,403.356
0,748904,11,phononTF,0.000521227,0.00297128,0.000973644,-0.0002625,725.383,0.000382,1,0.0020027,-5.25055e-07,0.0002625,1229.6
0,767077,10,phononTS,0.00189665,0.000971855,0.00105161,-0.000262498,2531.87,0.001146,1,0.00100215,0.00100045,0.0002625,2621.2
0,793622,40,phononTF,0.000719612,0.00100124,-0.00100108,0.000262498,2880.47,0.000719612,1,0.000778437,-0.000738148,-0.0002625,2989.37
0,797359,26,phononTS,0.000923752,-0.000999437,0.00300432,0.000262498,1209.09,0.000736091,1,-0.0010357,0.0029547,-0.0002625,1298.25
0,801933,20,phononTS,0.000383482,0.00301837,0.0015714,-0.0002625,552.703,0.000382,1,0.00299661,0.00100434,0.0002625,1474.76
0,806114,11,phononTS,0.000560694,0.00299506,0.000997521,0.000262498,1751.7,0.000560694,1,0.00323873,0.00176547,-0.0002625,1950.69
0,806289,24,phononTS,0.000471717,-0.00405899,-0.000647668,-0.0002625,1203.72,0.000382,1,-0.0029992,-0.000996124,0.0002625,5000.9
0,808046,13,phononTS,0.000441257,0.00385124,0.000951645,-0.0002625,1748.07,0.000382,1,0.00300234,0.00099639,0.0002625,2316.55
0,810869,23,phononTF,0.000593218,0.0033792,0.00139504,-0.0002625,667.515,0.000382,1,0.00299949,0.00100224,0.0002625,898.448
0,819668,24,phononTF,0.000769137,0.00350053,0.00151348,-0.0002625,640.084,0.000382,1,0.00300463,0.00100035,0.0002625,943.201
0,826273,7,phononTS,0.00056833,0.00260729,0.00128103,-0.0002625,148.085,0.000382,1,0.00200091,7.63062e-07,0.0002625,753.131
0,842110,5,phononTS,0.000488684,0.00373066,0.00277268,-0.000262498,204.556,0.000382,1,0.00300031,0.00100204,0.0002625,592.672
0,842932,35,phononTF,0.000392423,-0.000549041,-0.000537564,-0.0002625,3270.48,0.000382,1,-0.000996998,-0.00100211,0.0002625,3555.12
0,846732,10,phononTS,0.000446342,0.00328656,0.00188248,-0.0002625,199.821,0.000382,1,0.00300258,0.000997085,0.0002625,627.02
0,874657,3,phononTF,0.0019553,0.00265702,0.0024932,-0.0002625,163.475,0.000382,1,0.00199824,0.00200047,0.0002625,508.781
0,874657,5,phononTF,0.00130305,0.00199824,0.00200047,0.000262498,508.781,0.000733485,1,0.00243001,0.00176902,-0.0002625,639.367
0,910683,25,phononTS,0.0004548,0.00209588,-0.00199983,-0.0002625,3193.86,0.000382,1,0.00199594,-0.00199651,0.0002625,3438.33
0,910684,1,phononTS,0.01,0.00382995,0.00271758,-0.00024954,0,0.00213945,1,0.00377568,0.00279935,-0.0002625,598.579
0,916002,18,phononL,0.000725058,0.00200242,0.00200319,0.000262498,1000.06,0.000506504,1,0.00218833,0.00167584,-0.0002625,1071.5
0,931247,25,phononTS,0.000809103,-0.00182774,-0.00200692,-0.000262498,2454.12,0.000382,1,-0.00200228,-0.00200464,0.0002625,2561.26
0,949444,30,phononTF,0.000669807,4.14861e-06,0.0019962,0.000262498,1922.43,0.000669807,1,-4.97153e-05,0.00200785,-0.0002625,2013.05
0,950029,21,phononTF,0.000556545,0.000106112,0.00211808,-0.0002625,3688.94,0.000382,1,-4.74943e-06,0.00200137,0.0002625,3876.92
0,950029,13,phononTS,0.00101066,0.000782242,0.00125722,0.000262498,2558.44,0.000469253,1,0.000832552,0.00122423,-0.0002625,2647.68
0,950050,5,phononL,0.000728027,0.00200114,0.00200263,0.000262498,399.731,0.000728027,1,0.00151464,0.00230185,-0.0002625,484.426
0,954222,8,phononTF,0.00126652,0.00218612,0.00225099,-0.000262498,471.44,0.000382,1,0.0020037,0.00200039,0.0002625,577.971
0,972394,18,phononL,0.000430028,0.00269332,0.00208282,-0.0002625,597.861,0.000382,1,0.00200363,0.00200446,0.0002625,784.354
0,977614,13,phononTF,0.000621754,0.00196298,0.00195293,-0.0002625,1246.48,0.000382,1,0.00199898,0.0020014,0.0002625,1427.61
0,978771,18,phononTS,0.000479592,0.00362313,0.00239464,-0.0002625,1119.73,0.000382,1,0.00100125,0.00100477,0.0002625,2360.37
0,1001955,21,phononTS,0.000639199,0.0018713,0.000868377,-0.0002625,2092.46,0.000382,1,0.00200411,3.85778e-07,0.0002625,2916.94
0,1023629,18,phononTF,0.000900828,0.000549266,0.000555921,-0.000262498,1033.91,0.000382,1,0.00100031,0.00100134,0.0002625,1175.28
0,1026720,12,phononL,0.000412952,0.00183453,0.00219905,-0.000262498,907.05,0.000382,1,0.00199579,0.001996,0.0002625,973.493
0,1027030,21,phononTF,0.000420352,0.00182699,0.00153845,-0.0002625,597.079,0.000382,1,0.001002,0.00100161,0.0002625,996.558
0,1050076,20,phononTS,0.00112146,0.00415679,0.0014777,-0.0002625,381.055,0.000382,1,0.00299767,0.000996115,0.0002625,913.459
0,1055880,14,phononTS,0.000567207,0.000998871,0.00100222,0.000262498,842.434,0.000567207,1,0.00204591,0.00116553,-0.0002625,1079.69
0,1055880,5,phononTS,0.0013137,0.00350839,0.00251201,0.000262498,81.6189,0.000390761,1,0.00343344,0.00256225,-0.0002625,177.568
0,1059992,14,phononTS,0.000420176,0.00225982,0.00221309,-0.000262498,1580,0.000382,1,0.00300226,0.00100125,0.0002625,1884.49
0,1064728,42,phononTS,0.000389371,-4.40348e-05,0.00231227,-0.000262498,3059.47,0.000382,1,7.84673e-07,0.00200479,0.0002625,3179.8
0,1069735,15,phononTF,0.000532091,0.00320536,0.000966504,-0.0002625,920.975,0.000382,1,0.00300066,0.000997015,0.0002625,1121.07
0,1072430,2,phononL,0.00126156,0.00150933,0.00109708,-0.0002625,525.541,0.000382,1,0.00100121,0.000995964,0.0002625,934.931
0,1081994,32,phononTF,0.00044672,0.00199645,1.8918e-06,0.0002625,2834.14,0.00044672,1,0.00454606,0.00395372,-0.0002625,4213.02
0,1088256,12,phononTS,0.000511177,0.00289787,0.00268226,-0.0002625,704.966,0.000382,1,0.00200484,0.00200379,0.0002625,1214.29
0,1089094,18,phononTF,0.000530971,0.00104128,0.000965742,-0.000262498,1647.06,0.000382,1,0.00100482,0.00100426,0.0002625,1737.39
0,1089439,19,phononTS,0.0011445,-0.00165927,-0.000321386,-0.0002625,2001.34,0.000764,1,-0.00200233,6.01138e-07,0.0002625,2302.84
0,1104076,9,phononTS,0.00224597,0.00314811,0.00147271,-0.0002625,288.41,0.000382,1,0.0019994,4.64443e-06,0.0002625,1667.44
0,1104076,12,phononTF,0.00113575,0.0019994,4.64443e-06,0.000262498,1667.44,0.000363755,1,0.00151473,0.000484621,-0.0002625,1814.79
0,1106243,11,phononTS,0.000692257,0.00201526,0.000704292,-0.0002625,1068.94,0.000382,1,0.00300132,0.000999564,0.0002625,1532.59
0,1110508,13,phononTF,0.00190518,0.00232853,0.00216056,-0.0002625,1095.02,0.000764,1,0.0020015,0.00200131,0.0002625,1325.11
0,1110508,14,phononTF,0.000811289,0.0020015,0.00200131,0.000262498,1325.11,0.000811289,1,0.0020529,0.0020942,-0.0002625,1417.33
0,1111984,15,phononTF,0.000408887,0.0022963,0.00170554,-0.0002625,1227.55,0.000382,1,0.0029988,0.00100025,0.0002625,1612.88
0,1111984,2,phononTF,0.00244922,0.00340832,0.00294937,0.000262498,114.982,0.000694668,1,0.00223324,0.00177946,-0.0002625,412.74
0,1113687,20,phononTF,0.000513272,0.00199814,0.00199623,0.000262498,922.955,0.000513272,1,0.00227226,0.00226741,-0.0002625,1034.78
0,1136656,3,phononTS,0.00106129,0.00100187,0.00100226,0.0002625,124.448,7.30602e-05,1,-0.00140094,-0.000590311,-0.0002625,1228.01
0,1150035,9,phononTF,0.000763192,0.00432392,0.000389177,-0.0002625,905.207,0.000382,1,0.00300499,0.000998415,0.0002625,2992.03
0,1152676,10,phononTF,0.000514432,-0.00158991,0.000428333,-0.000262498,4506.05,0.000382,1,-0.00100458,0.000997883,0.0002625,4672.19
0,1157316,26,phononTF,0.000701982,0.00299545,0.00100062,0.000262498,1767.99,0.000701982,1,0.00272736,0.00127509,-0.0002625,1879.72
0,1175945,14,phononTS,0.00043069,0.0019997,4.25151e-06,0.0002625,2302.13,0.00043069,1,0.001946,-1.62929e-05,-0.0002625,2669.85
0,1206413,4,phononL,0.000830279,0.00297298,0.00221634,-0.000262498,788.597,0.000382,1,0.0030018,0.00100163,0.0002625,931.224
0,1212590,20,phononTS,0.000461958,0.00203563,-5.12511e-05,-0.0002625,686.39,0.000382,1,0.00199883,1.6047e-06,0.0002625,872.447
0,1216645,16,phononTF,0.000539891,0.00204561,0.00194612,-0.0002625,631.143,0.000382,1,0.00199531,0.00200126,0.0002625,812.812
0,1216645,12,phononTS,0.00143842,0.00323274,0.00256374,0.000262498,162.845,0.000532128,1,0.00326294,0.00256085,-0.0002625,257.504
0,1245374,5,phononTS,0.00141341,0.00222786,0.00187484,-0.0002625,4.92208,0.000382,1,0.000996009,0.000998381,0.0002625,645.938
0,1246204,26,phononL,0.000626869,0.00320678,0.000785285,-0.0002625,3199.53,0.000382,1,0.00299837,0.000997551,0.0002625,3335.24
0,1246204,21,phononTS,0.000808962,0.00209576,0.00318271,0.000262498,939.344,0.000808962,1,0.00205058,0.0029587,-0.0002625,1049.91
0,1258809,8,phononTS,0.000813412,0.00164799,0.00209824,-0.0002625,1379.5,0.000382,1,0.00100206,0.0010026,0.0002625,1937.55
0,1260732,36,phononL,0.000404375,-0.005,-0.00168078,8.27202e-05,6770.98,0.000404375,1,-0.00490137,-0.00172519,-0.0002625,7408.61
0,1268344,5,phononL,0.00140453,0.00303355,0.0019408,-0.0002625,173.749,0.000764,1,0.00300472,0.000997766,0.0002625,405.257
0,1268344,4,phononTS,0.000435513,0.00306237,0.00288383,0.000262498,173.749,0.000435513,1,0.00341507,0.00308098,-0.0002625,313.894
0,1326879,9,phononTF,0.000745612,5.94997e-05,-0.0020595,-0.0002625,2729.31,0.000382,1,4.19392e-06,-0.00200187,0.0002625,2911.13
0,1346035,28,phononTS,0.000472933,0.00160758,0.005,-0.00019758,1861.16,0.000382,1,-0.00100128,0.000998354,0.0002625,2861.1
0,1366252,21,phononTF,0.00053104,-0.000217436,-0.000362314,-0.0002625,3288.53,0.000382,1,0.000998627,0.000996096,0.0002625,3943.35
0,1368673,25,phononTS,0.00038789,-0.000634178,-0.0016326,-0.0002625,5830.75,0.000382,1,4.88369e-06,4.352e-06,0.0002625,6551.47
0,1379574,18,phononTS,0.000906733,-0.000533111,0.00301706,-0.000262498,2333.25,0.000382,1,-0.00100038,0.00300478,0.0002625,2476.3
0,1379574,19,phononTF,0.000410366,-0.00100038,0.00300478,0.000262498,2476.3,0.000410366,1,-0.000738805,0.00274178,-0.0002625,2586.35
0,1383097,5,phononTS,0.000418322,0.00252909,0.005,2.16317e-05,4.14576,0.000382,1,-4.12637e-06,0.00200059,0.0002625,1198.39
0,1383097,4,phononTS,0.00472758,0.00343667,0.00274156,0.000262498,4.14576,0.000404818,1,0.00340571,0.0027473,-0.0002625,93.703
0,1384518,13,phononTS,0.000566816,0.00300425,0.00100414,0.0002625,2675.34,0.000566816,1,0.00390934,0.0010985,-0.0002625,3280.2
0,1424610,4,phononTF,0.00109747,0.00249266,0.00247241,-0.0002625,292.845,0.000382,1,0.00200381,0.00199727,0.0002625,587.375
0,1428807,24,phononTF,0.000394816,0.0031458,0.00119269,-0.0002625,886.752,0.000382,1,0.00299789,0.000997181,0.0002625,1087.54
0,1445906,26,phononTS,0.000509678,0.00198795,0.000684453,-0.0002625,2425.61,0.000382,1,0.00199717,-3.12624e-06,0.0002625,2769.1
0,1459501,14,phononTF,0.000404046,0.00228816,0.0017282,-0.000262498,427.129,0.000382,1,0.00199842,0.00199789,0.0002625,540.518
0,1475463,17,phononTF,0.000435959,-0.000711337,0.005,0.000237557,4268.08,0.000382,1,-0.0020049,0.00199743,0.0002625,4834.89
0,1485892,17,phononTF,0.000561141,0.00328223,0.005,-1.23012e-05,4507.51,0.000561141,1,0.00242752,0.00417122,-0.0002625,5614.27
0,1494358,43,phononTS,0.000593053,0.00103791,-0.000216736,-0.000262498,1032.25,0.000382,1,0.00099684,-0.000996527,0.0002625,1219.35
0,1501470,41,phononTS,0.000488196,0.00229967,0.00238085,-0.0002625,1616.52,0.000382,1,0.00200393,0.00200122,0.0002625,2225.14
0,1513752,17,phononTF,0.000620764,0.00233785,0.00233958,-0.0002625,853.029,0.000382,1,0.00199544,0.00200202,0.0002625,1571.81
0,1520525,4,phononTF,0.00143228,0.00251154,0.00247436,-0.0002625,1042.89,0.000382,1,0.00200244,0.00200044,0.0002625,1344.02
0,1521805,26,phononTS,0.000550258,0.0033426,0.0010638,-0.000262498,3159.98,0.000382,1,0.0030024,0.00100393,0.0002625,3288.85
0,1523233,13,phononTS,0.000506074,4.65597e-05,0.0017924,-0.0002625,2247.84,0.000382,1,2.46922e-06,0.00200306,0.0002625,2791.05
0,1537568,15,phononTS,0.00114715,-0.00308306,-0.005,5.43299e-06,466.638,0.000382,1,-0.0019982,-0.00200274,0.0002625,3096.4
0,1546863,20,phononTS,0.000425383,-9.16031e-05,3.78065e-05,-0.0002625,2617.27,0.000382,1,-6.25767e-07,-4.42252e-06,0.0002625,2820.87
0,1551310,13,phononTF,0.000410523,-0.00128214,0.00100765,-0.000262498,1597.38,0.000382,1,-0.000996889,0.000996414,0.0002625,1706.05
0,1551310,6,phononTF,0.00220664,0.00345649,0.00277985,0.000262498,3.26791,0.000883705,1,0.00366838,0.00257486,-0.0002625,106.325
0,1554637,33,phononTS,0.000467728,0.00296552,0.00106359,-0.000262498,1774.33,0.000382,1,0.00299948,0.000999004,0.0002625,1870.01
0,1555715,23,phononTF,0.000732047,0.00237452,0.00238751,-0.0002625,275.783,0.000382,1,0.00200194,0.00199956,0.0002625,532.936
0,1555715,2,phononTS,0.00151989,0.00346652,0.00283084,0.000262498,16.5835,0.00151499,1,0.00332535,0.002783,-0.0002625,118.478
0,1566708,2,phononTS,0.00179585,0.00203822,0.0021272,-0.0002625,28.4724,0.000764,1,0.00200321,0.0020028,0.0002625,800.488
0,1567407,26,phononTS,0.000682203,0.00199733,0.00199908,0.000262498,704.961,0.000206383,1,0.00224427,0.00192638,-0.0002625,823.777
0,1580816,43,phononTF,0.000409889,4.94451e-07,0.00199585,0.000262498,1911.36,0.000409889,1,0.00052987,0.00147942,-0.0002625,2066.61
0,1594059,7,phononTS,0.000477874,0.00204656,0.00195687,-0.0002625,764.49,0.000382,1,0.00199657,0.00199845,0.0002625,961.828
0,1594059,5,phononTF,0.00275882,0.00385583,0.00292811,0.000262498,292.543,0.000762057,1,0.00418229,0.00327731,-0.0002625,415.077
0,1598909,25,phononTS,0.000495394,0.00194633,-5.20727e-06,-0.000262499,1353.67,0.000382,1,0.00199607,-4.62214e-06,0.0002625,1444.52
0,1604348,26,phononTF,0.000395923,0.00269755,0.00270974,-0.0002625,633.007,0.000382,1,0.0020042,0.00199938,0.0002625,1017.33
0,1605962,5,phononL,0.000606034,0.00113235,0.00265286,-0.0002625,78.6829,0.000382,1,-4.49639e-06,0.00200491,0.0002625,684.803
0,1612800,24,phononL,0.000660039,-0.001067,0.00030478,-0.0002625,2213.61,0.000382,1,-0.000998775,0.000997064,0.0002625,2400.28
0,1615001,5,phononTF,0.000677906,0.00261319,-0.000627096,-0.0002625,198.844,0.000382,1,0.00199548,3.09164e-06,0.0002625,988.946
0,1615001,4,phononTF,0.00404078,0.00344901,0.00243062,-0.000247912,198.844,0.00124989,1,0.00190266,0.0031999,-0.0002625,611.959
0,1616287,20,phononTS,0.00171879,9.22342e-07,0.00204801,-0.000262499,2074.71,0.000382,1,4.81717e-06,0.00200231,0.0002625,2170.78
0,1616287,22,phononL,0.000650021,4.81717e-06,0.00200231,0.000262498,2170.78,0.000474046,1,-0.000516037,0.00194252,-0.0002625,2250.82
0,1616287,21,phononTF,0.000660644,4.81717e-06,0.00200231,0.000262498,2170.78,0.000648615,1,0.000224377,0.00179321,-0.0002625,2274.51
0,1617285,10,phononTS,0.000530199,0.00301962,0.00103422,-0.000262498,1899.54,0.000382,1,0.00299962,0.00100093,0.0002625,1991.66
0,1638606,21,phononTF,0.000479018,0.00200019,0.0019954,0.000262498,960.496,0.000479018,1,0.00179683,0.00175253,-0.0002625,1066.76
0,1639171,17,phononTS,0.000438952,0.00459093,0.000311489,-0.0002625,1467.54,0.000438952,1,0.005,0.000133845,-0.000127174,1915.31
0,1640425,20,phononTS,0.000525486,-0.001239,0.00159013,-0.0002625,4142.4,0.000382,1,-0.00100178,0.00099626,0.0002625,4490.34
0,1643540,15,phononTS,0.000444386,0.00200276,2.51619e-05,-0.000262498,1557.39,0.000382,1,0.00199732,-2.3617e-06,0.0002625,1647.02
0,1644642,18,phononTF,0.000686553,-0.000636401,0.00137657,-0.0002625,2738.27,0.000382,1,-0.000996652,0.00100272,0.0002625,2990.92
0,1650855,15,phononTS,0.000448434,0.000131827,0.000643251,-0.0002625,2196.73,0.000382,1,0.00100013,0.000997841,0.0002625,2639.97
0,1665338,18,phononTS,0.000775366,-0.0010415,0.00294678,-0.0002625,2665.48,0.000382,1,-0.000999656,0.0030001,0.0002625,2854.58
0,1685515,4,phononTS,0.000489254,-0.00228501,-0.000872264,-0.0002625,8.48456,0.000382,1,-6.67581e-07,-0.00200198,0.0002625,3031.87
0,1688939,26,phononTS,0.000586588,0.00116757,0.000431279,-0.0002625,701.929,0.000382,1,-4.64802e-06,9.43974e-07,0.0002625,1242.13
0,1715758,28,phononTS,0.0011255,-0.00441951,-0.00197075,-0.0002625,122.011,0.000382,1,-0.00300396,-0.00100038,0.0002625,2990.56
0,1719788,3,phononTS,0.00101816,-0.000155269,0.00124751,-0.0002625,4.21222,0.000382,1,-0.00099933,0.0010021,0.0002625,1055.01
0,1721287,15,phononTF,0.000499993,0.00300107,0.000998621,0.000262498,1986.46,0.000499993,1,0.003227,0.00120978,-0.0002625,2091.33
0,1741489,8,phononTS,0.00090661,0.00204997,0.00215076,-0.000262498,586.617,0.000382,1,0.00200314,0.00199878,0.0002625,689.586
0,1748555,10,phononTF,0.000576575,0.00303458,0.00276606,-0.000262498,346.88,0.000382,1,0.00200122,0.00199914,0.0002625,591.429
0,1763399,19,phononTS,0.000403665,0.00198141,0.00196674,-0.0002625,590.43,0.000382,1,0.00200472,0.00200439,0.0002625,1053.8
0,1768589,8,phononL,0.000547639,0.00242183,0.000924947,-0.0002625,114.466,0.000382,1,0.00200433,4.72448e-06,0.0002625,493.064
0,1770543,13,phononTF,0.00104125,-0.00192273,0.00208093,-0.0002625,1616.81,0.000382,1,-0.00200343,0.00200309,0.0002625,1800.63
0,1774386,12,phononTS,0.000935345,-0.00241426,-0.000958142,-0.0002625,2451.3,0.000382,1,-0.00299921,-0.0010004,0.0002625,3778.81
0,1780512,21,phononTS,0.000393475,0.00259826,-0.000100107,-0.0002625,2623.07,0.000382,1,-1.96457e-06,-0.0019961,0.0002625,3425.1
0,1785516,17,phononL,0.00043238,0.00196686,0.00276968,-0.0002625,1733.78,0.000382,1,0.00200034,0.00200489,0.0002625,1933.07
0,1803208,33,phononTF,0.000384453,-0.00295603,-0.00112093,-0.0002625,6176.55,0.000382,1,-0.00300421,-0.00099875,0.0002625,6468.33
0,1807363,23,phononTS,0.000384105,0.00200112,0.00199808,0.0002625,2841.18,0.000384105,1,0.00190978,0.00195882,-0.0002625,3036.13
0,1822408,44,phononTS,0.000661772,0.00148147,0.00104313,-0.0002625,946.827,0.000382,1,0.00100295,0.00100388,0.0002625,1428.56
0,1833259,19,phononTF,0.000397361,0.00140523,0.00218531,-0.0002625,1682.62,0.000382,1,0.00100154,0.0010012,0.0002625,2186.71
0,1833259,7,phononTS,0.000855306,-0.00326861,-0.005,-0.00023421,365.501,0.000387048,1,-0.00325909,-0.00495612,-0.0002625,3198.66
0,1836546,14,phononTS,0.000658765,8.32536e-05,-0.00130615,-0.0002625,1709.83,0.000382,1,-1.38765e-08,-0.00199933,0.0002625,2057.87
0,1842466,16,phononTF,0.000394877,-0.00256799,-0.00143196,-0.0002625,2077.14,0.000382,1,-0.00299534,-0.00100491,0.0002625,2619.7
0,1851134,22,phononTS,0.000457775,0.00214037,0.00201812,-0.0002625,1735.5,0.000382,1,0.00200319,0.00200004,0.0002625,2161.43
0,1854649,5,phononTF,0.000588144,0.00264631,0.00249446,-0.0002625,252.429,0.000382,1,0.00200468,0.00199659,0.0002625,593.25
0,1854649,4,phononTF,0.000763446,0.00328794,0.00299234,0.000262498,252.429,0.000763446,1,0.00358381,0.00328868,-0.0002625,367.629
0,1860694,24,phononTF,0.000684944,0.00129354,0.000307678,-0.0002625,876.033,0.000382,1,0.0010048,0.00100482,0.0002625,1220.04
0,1877059,24,phononTF,0.000610942,0.00113672,0.00121519,-0.0002625,6109.92,0.000382,1,0.00100203,0.000998385,0.0002625,6337.78
0,1899860,47,phononTS,0.000734183,0.00328578,0.00162207,-0.0002625,1038.12,0.000382,1,0.00199621,0.00199607,0.0002625,1982.26
0,1902907,5,phononTS,0.000689643,-0.00435496,-0.000820341,-0.0002625,11.7092,0.000382,1,-0.00299831,-0.00099807,0.0002625,2518.6
0,1903120,43,phononTF,0.00054022,0.00199591,2.91437e-06,0.000262498,3484.12,0.00054022,1,0.00204663,-9.58772e-05,-0.0002625,3576.62
0,1904552,17,phononTS,0.00147377,-0.000778331,0.0036991,-0.0002625,1344.24,0.000382,1,-0.000999839,0.00300133,0.0002625,2373.79
0,1904552,18,phononTS,0.000812772,-0.000999839,0.00300133,0.000262498,2373.79,0.000541889,1,-9.5373e-05,0.00324626,-0.0002625,2590.01
0,1910940,36,phononTS,0.000551288,0.005,-0.00111924,-0.000238881,817.466,0.000382,1,0.00200116,0.00199527,0.0002625,2172.06
0,1910940,34,phononTF,0.000985203,0.00279632,0.0024595,0.000262498,315.879,0.000634769,1,0.00277652,0.00250869,-0.0002625,406.398
0,1914290,21,phononTF,0.00110837,0.00250678,0.00249239,-0.0002625,163.145,0.000382,1,0.00199902,0.00200043,0.0002625,615.149
0,1929058,19,phononTS,0.00050885,0.00177698,0.000729888,-0.0002625,1507.3,0.000382,1,3.71959e-06,-1.72278e-06,0.0002625,2284.56
0,1929058,4,phononTF,0.00128522,0.00374157,0.005,-0.000213186,1420.25,0.00064923,1,0.00376352,0.00497901,-0.0002625,2323.3
0,1934944,17,phononTS,0.000545969,0.00247293,0.00216987,-0.0002625,1199.36,0.000382,1,0.00200338,0.00200224,0.0002625,1808.49
0,1938910,30,phononTF,0.000796755,0.00191916,0.00148163,-0.0002625,569.96,0.000382,1,0.00099669,0.000998983,0.0002625,995.03
0,1949047,9,phononTF,0.000898921,0.00309869,0.000983123,-0.0002625,848.523,0.000382,1,0.00299585,0.000996025,0.0002625,1033.62
0,1978856,22,phononTF,0.000418715,0.00298651,-0.00299256,-0.0002625,5910.59,0.000382,1,0.00200026,-0.00199594,0.0002625,6423.17
0,2001732,24,phononTS,0.000661345,0.00203816,4.26268e-05,-0.0002625,3057.82,0.000382,1,0.00199887,-5.16575e-07,0.0002625,3244.81
0,2004836,12,phononTS,0.000521601,0.00203436,4.25178e-05,-0.0002625,1274.91,0.000382,1,0.00200416,2.67698e-06,0.0002625,1925.44
0,2007507,8,phononTS,0.000501008,3.1022e-06,-0.00199529,0.0002625,309.992,0.000501008,1,-0.00224341,-0.00434817,-0.0002625,2083.31
0,2011868,26,phononTF,0.000578271,0.005,-0.00483421,-0.000192526,2099.92,0.000578271,1,0.0049019,-0.00493679,-0.0002625,3119.6
0,2021629,13,phononTS,0.000630119,-0.000999232,0.00299588,0.000262498,2581.49,0.000630119,1,-0.00132413,0.00382224,-0.0002625,2794.78
0,2021629,6,phononTF,0.00250054,0.00364138,0.00236958,0.000262498,571.126,0.0019011,1,0.00353202,0.00275576,-0.0002625,693.642
0,2021629,5,phononTS,0.00168747,0.00364138,0.00236958,0.000262498,571.126,0.000461786,1,0.00368192,0.0022997,-0.0002625,666.978
0,2030643,26,phononL,0.000409822,0.00171666,0.0022577,-0.0002625,5088.65,0.000382,1,0.00199551,0.00200211,0.0002625,5231.9
0,2034938,16,phononTS,0.000577116,0.00203159,-3.56342e-05,-0.0002625,2073.51,0.000382,1,0.00199939,-4.07912e-06,0.0002625,2564.48
0,2035080,27,phononTF,0.00050611,0.00112163,-0.00106163,-0.0002625,2816.71,0.000382,1,0.000996128,-0.00100497,0.0002625,3004.73
0,2045815,8,phononTS,0.00163542,0.00360117,0.00225073,-0.0002625,274.347,0.000764,1,0.00299863,0.00100459,0.0002625,859.947
0,2046922,11,phononTS,0.000387533,-6.2357e-05,-0.000558289,-0.000262498,1464.74,0.000382,1,2.14014e-06,4.50135e-06,0.0002625,1614.71
0,2055078,15,phononTS,0.000567428,0.00220448,0.00198225,-0.0002625,1214.27,0.000382,1,0.00200213,0.0020028,0.0002625,1436.12
0,2070691,10,phononTF,0.000438017,9.55087e-06,0.00205007,-0.000262498,6697.79,0.000382,1,-1.18204e-06,0.00199972,0.0002625,6788.32
0,2089924,33,phononTF,0.000828718,0.00200277,-0.00199865,0.0002625,1296.93,0.000516717,1,0.00226048,-0.00218352,-0.0002625,1511.62
0,2089924,3,phononTF,0.00144378,0.00346703,0.00280514,0.000262498,56.8235,0.00121978,1,0.00395881,0.00321075,-0.0002625,201.404
0,2098638,9,phononTS,0.00140138,0.0029827,0.00188886,-0.0002625,105.239,0.000764,1,0.00299814,0.00100236,0.0002625,514.397
0,2105523,21,phononTS,0.000468954,-0.0019845,0.00111554,-0.0002625,4721.85,0.000382,1,-0.00200477,0.00199634,0.0002625,6008.1
0,2109906,17,phononTS,0.000624221,0.000488402,0.00290431,-0.0002625,1923.5,0.000382,1,0.00200435,0.00199614,0.0002625,2650.94
0,2119393,11,phononTF,0.00100971,0.00200391,0.00200269,0.0002625,580.413,0.00032345,1,0.00171615,0.0016916,-0.0002625,1162.74
0,2119954,22,phononTS,0.000781569,-0.00197394,-4.08402e-05,-0.0002625,2486.93,0.000382,1,-0.00199664,-3.53402e-06,0.0002625,3904.94
0,2140741,32,phononTS,0.000446861,0.00289908,0.00186261,-0.0002625,1411.49,0.000382,1,0.00100008,-0.000998761,0.0002625,2711.93
0,2154191,35,phononTF,0.00120639,0.00449527,0.00205557,-0.0002625,508.229,0.000382,1,0.0010028,-0.00300204,0.0002625,1878.45
0,2165107,19,phononTF,0.000397234,0.00333701,0.000738776,-0.0002625,1218.23,0.000382,1,0.00300094,0.00100132,0.0002625,1455.24
0,2169847,27,phononTS,0.000497109,-0.00224777,-0.00113067,-0.0002625,3803.82,0.000382,1,-0.00200289,4.40802e-06,0.0002625,4237.96
0,2170723,24,phononTS,0.00138717,0.00321785,0.00178832,-0.0002625,466.804,0.000382,1,0.00300461,0.000998854,0.0002625,867.112
0,2176761,11,phononTS,0.000810692,0.00201838,0.00204184,-0.000262498,1027.89,0.000382,1,0.00199911,0.00200457,0.0002625,1124.26
0,2191812,30,phononTS,0.000442592,0.00205451,0.00196025,-0.000262498,1523.28,0.000382,1,0.00199839,0.00200412,0.0002625,1617.84
0,2209716,22,phononL,0.000450339,-0.000995592,0.0030048,0.000262498,3242.87,0.000450339,1,-0.00140013,0.00247003,-0.0002625,3336.54
0,2209716,2,phononTF,0.00322146,0.0034451,0.00271368,0.000262498,39.0344,0.0002498,1,0.00346197,0.00250888,-0.0002625,139.054
0,2236021,2,phononL,0.00544744,0.00248059,0.000975895,1.06083e-05,7.03394,0.001146,1,0.00299632,0.000998571,0.0002625,1180.82
0,2247290,30,phononTS,0.000522721,0.00196819,0.00201977,-0.0002625,490.566,0.000382,1,0.00200418,0.00200274,0.0002625,677.155
0,2248633,19,phononTF,0.00197041,0.00224837,-0.000347109,-0.0002625,267.219,0.000382,1,0.00200212,-2.13931e-06,0.0002625,2328.68
0,2268044,25,phononTF,0.000401852,0.00286897,0.000850963,-0.0002625,1132.07,0.000382,1,0.00200131,2.58483e-06,0.0002625,1584.61
0,2280105,11,phononL,0.000701628,0.00311978,0.00176663,-0.0002625,711.194,0.000382,1,0.00299833,0.000996533,0.0002625,913.05
0,2281127,21,phononTS,0.00144255,0.00268627,0.005,-0.000100586,2241.34,0.000382,1,-0.00299632,-0.00100446,0.0002625,3738.44
0,2310011,15,phononTS,0.000729609,0.00199698,0.000186532,-0.0002625,946.18,0.000382,1,0.00199576,3.42054e-06,0.0002625,1161.86
0,2311948,16,phononTF,0.00103027,0.00216785,0.0023222,-0.0002625,300.264,0.000382,1,0.00199887,0.00200105,0.0002625,740.411
0,2329995,16,phononTS,0.00141865,0.00412184,0.005,9.47523e-05,409.992,0.000764,1,-0.00200299,-8.51465e-08,0.0002625,2258.68
0,2335026,24,phononTS,0.000546521,0.005,0.00231736,-0.000161047,2924.13,0.000382,1,0.00299829,0.000995218,0.0002625,3612.73
0,2344174,4,phononTS,0.000956736,0.00286073,0.00138104,-0.0002625,436.188,0.000382,1,0.00200164,-8.89127e-07,0.0002625,1094.88
0,2365799,2,phononTS,0.00298849,0.0019671,-0.00195039,-0.0002625,209.611,0.001146,1,0.00199707,-0.00199569,0.0002625,1469.68
0,2370446,16,phononTS,0.00302559,0.00291229,0.00130164,-0.0002625,428.664,0.000382,1,0.00299601,0.000996814,0.0002625,680.839
0,2370446,18,phononTF,0.00186377,0.00299601,0.000996814,0.000262498,680.839,0.000722673,1,0.00276228,0.000760924,-0.0002625,787.187
0,2372422,14,phononTS,0.000860717,0.00329465,0.00244973,-0.000262498,218.208,0.000382,1,0.0019998,0.002002,0.0002625,511.24
0,2382717,14,phononTF,0.000538779,-0.00199834,4.95393e-06,0.000262498,1785.53,0.000538779,1,-0.00224499,0.000260132,-0.0002625,1893.99
0,2387020,21,phononTS,0.000738846,0.000359078,0.00102592,-0.0002625,1186.31,0.000382,1,0.000999016,0.00100378,0.0002625,1992.58
0,2394653,8,phononTF,0.00128964,0.00263026,0.00138805,-0.0002625,426.281,0.000382,1,0.00299912,0.001005,0.0002625,1173.91
0,2394805,22,phononTS,0.00090485,0.000863347,-0.005,-6.95622e-05,2193.55,0.000382,1,-0.00300143,-0.00100306,0.0002625,3906.78
0,2398483,36,phononTS,0.000792226,0.00478921,0.00187137,-0.0002625,908.264,0.000382,1,0.00300302,0.00100009,0.0002625,1762.03
0,2402266,36,phononTS,0.000583406,0.00264812,0.00208336,-0.0002625,835.35,0.000382,1,0.00199942,0.00199961,0.0002625,1179.45
0,2414013,30,phononTF,0.000739457,0.00279785,0.0012643,-0.000262498,1062.72,0.000382,1,0.00299659,0.000999026,0.0002625,1171.21
0,2414014,1,phononTF,0.01,0.00428332,0.00298343,-0.000213991,0,0.00344623,1,0.00426019,0.00295967,-0.0002625,423.264
0,2420736,18,phononTF,0.00127675,-0.00124744,0.00315109,-0.0002625,5289.67,0.000382,1,-0.000995625,0.00299554,0.0002625,5751.67
0,2422291,5,phononL,0.00102739,0.00322733,0.00188044,-0.0002625,1.57402,0.000382,1,0.00300356,0.000998278,0.0002625,229.431
0,2426219,8,phononTS,0.000674956,3.91402e-06,4.89271e-08,0.000262498,967.712,0.000674956,1,6.87302e-05,-0.000655164,-0.0002625,1135.36
0,2432953,14,phononTS,0.00103658,-0.00100398,0.00099797,0.000262498,3284.22,0.000378508,1,-0.0016618,0.00276368,-0.0002625,3682.11
0,2442504,18,phononTF,0.000590283,0.00135475,0.00145033,-0.0002625,953.555,0.000382,1,0.000995288,0.000997103,0.0002625,1228.13
0,2445317,8,phononTS,0.00138501,0.00173694,0.00138308,-0.0002625,8.80322,0.000764,1,4.17403e-07,1.73411e-06,0.0002625,856.627
0,2445317,7,phononL,0.000649072,0.00347345,0.00276443,0.000262498,8.80322,0.000649072,1,0.00341322,0.00227695,-0.0002625,86.6168
0,2445467,22,phononTS,0.000610421,0.00184391,0.00152075,-0.000262498,869.25,0.000382,1,0.00200059,0.0020027,0.0002625,1022.38
0,2451436,24,phononL,0.00060528,-0.000581181,0.00300594,-0.000262498,2878.6,0.000382,1,-0.00100041,0.00299701,0.0002625,2952.02
0,2456003,25,phononL,0.000596349,-0.000648551,-0.00176643,-0.0002625,1765.45,0.000382,1,-1.49317e-06,-0.00199954,0.0002625,1951.23
0,2479628,2,phononTS,0.00239432,0.00200886,0.00188069,-0.0002625,49.0793,0.000382,1,0.00200468,0.00200203,0.0002625,468.009
0,2479628,19,phononTS,0.000662567,0.00200468,0.00200203,0.000262498,468.009,0.000193644,1,0.00196245,0.00227785,-0.0002625,584.593
0,2484628,36,phononTF,0.000498962,0.00199914,-0.00200294,0.0002625,3297.48,0.000498962,1,0.00248154,-0.00256575,-0.0002625,3772.52
0,2497984,6,phononTF,0.000666073,0.00214885,0.00026765,-0.0002625,762.739,0.000382,1,0.00200339,-4.28108e-06,0.0002625,1195.38
0,2517173,8,phononTF,0.00050812,0.0010695,-0.000925924,-0.000262498,3061.99,0.000382,1,0.000995514,-0.000995977,0.0002625,3153.53
0,2541722,31,phononL,0.000471962,-0.00189234,0.00217876,-0.0002625,3912.29,0.000382,1,-0.00200145,0.00199902,0.0002625,4107.17
0,2550294,4,phononTF,0.00268043,0.00254311,0.00252128,-0.0002625,1484.72,0.001528,1,0.0020025,0.00199768,0.0002625,2058.1
0,2557079,3,phononTS,0.00151095,0.00224123,0.00351915,-0.0002625,166.907,0.000382,1,-0.0029989,-0.000998936,0.0002625,2134.21
0,2567738,26,phononL,0.00065101,0.00275728,0.00124552,-0.000262498,872.124,0.000382,1,0.00300413,0.00100172,0.0002625,942.16
0,2576645,16,phononTS,0.000750144,0.00142703,0.00223523,-0.0002625,2059.89,0.000382,1,-0.00100329,0.000997883,0.0002625,3122.04
0,2581813,22,phononTF,0.00114895,0.00244525,0.00206531,-0.000262499,1762.36,0.000382,1,0.00300486,0.00100193,0.0002625,2000.14
0,2584522,19,phononTS,0.000520883,0.00335576,0.00271235,-0.0002625,853.922,0.000382,1,0.00100375,0.000999829,0.0002625,1683.19
0,2586806,8,phononL,0.000724899,0.00348838,0.00207199,-0.0002625,619.998,0.000382,1,0.00199926,0.00199567,0.0002625,962.352
0,2586806,4,phononTS,0.00275449,0.00369056,0.00245311,0.000262498,65.213,0.000580658,1,0.00369438,0.00246928,-0.0002625,159.353
0,2606923,24,phononTF,0.000615296,-0.00037064,0.00343531,-0.0002625,3722.75,0.000382,1,-0.000995869,0.00299997,0.0002625,4052.86
0,2606924,1,phononTS,0.01,0.00349029,0.00281058,-0.000162863,0,0.00289616,1,0.00348853,0.00274831,-0.0002625,185.097
0,2611496,14,phononTS,0.00121447,-0.005,-0.00162785,-0.000196686,777.609,0.000764,1,-0.00100485,0.0029958,0.0002625,3047.58
0,2623216,22,phononTS,0.000452354,0.000597853,0.00124948,-0.000262498,2249.06,0.000382,1,1.81606e-06,4.49851e-06,0.0002625,2540.04
0,2624595,15,phononTF,0.00118965,0.00142462,0.005,0.000198683,1246.15,0.000382,1,3.31156e-06,-2.02492e-08,0.0002625,2480.95
0,2636544,12,phononTS,0.000848991,0.00201301,-0.00174027,-0.0002625,7766.29,0.000382,1,0.00199636,-0.00199906,0.0002625,7997.15
0,2654152,12,phononTS,0.000632438,-0.00153606,-0.00197029,-0.000262498,1223.04,0.000382,1,-0.00200285,-0.0019969,0.0002625,1364.62
0,2672905,34,phononTF,0.000382563,-0.00225445,0.000353288,-0.0002625,1740.54,0.000382,1,-0.00200423,5.98475e-07,0.0002625,1981
0,2672905,31,phononTS,0.000646377,0.00340352,0.00249707,0.000262498,578.989,7.59778e-05,1,0.00255818,0.00248195,-0.0002625,777.069
0,2683276,11,phononL,0.00148417,0.00348554,0.00118721,8.19327e-05,1217.99,0.000382,1,0.00300166,0.00100135,0.0002625,1844.32
0,2703047,30,phononTS,0.000457799,-0.00220186,-0.000340818,-0.000262498,2855.94,0.000382,1,-0.00199705,4.504e-08,0.0002625,2995.37
0,2705171,7,phononTS,0.00126685,0.00200354,0.002005,0.000262498,1405.87,0.000742666,1,0.000410015,0.00141002,-0.0002625,1756.31
0,2705980,11,phononTS,0.000652512,0.00370601,0.00246606,-0.0002625,915.812,0.000382,1,-2.50307e-06,-0.00200015,0.0002625,2102.23
0,2711252,18,phononTS,0.000438805,0.000563775,-0.00301965,-0.0002625,4398.95,0.000382,1,0.00099542,-0.00300333,0.0002625,4675.78
0,2747456,24,phononTF,0.000579811,0.002251,0.00225983,-0.0002625,457.494,0.000382,1,0.00200345,0.00200017,0.0002625,675.063
0,2756172,15,phononTS,0.000529739,0.00195827,-0.000329002,-0.000262498,1573.09,0.000382,1,0.00200053,4.60903e-06,0.0002625,1696.69
0,2761652,2,phononTS,0.00287535,0.00324754,0.00186621,-0.0002625,32.8511,0.001146,1,0.00299706,0.00100414,0.0002625,449.474
0,2771857,33,phononTF,0.000441909,0.00186504,0.00212878,-0.0002625,1481.59,0.000382,1,0.00200074,0.00199858,0.0002625,1672.5
0,2783972,12,phononTF,0.000646993,0.00199598,2.81178e-06,0.000262498,2162.43,0.000646993,1,0.00190993,6.75667e-05,-0.0002625,2254.47
0,2788294,16,phononTS,0.000535625,0.00195703,0.00204479,-0.000262498,1032.21,0.000382,1,0.00200236,0.00200381,0.0002625,1121.33
0,2799088,24,phononTS,0.00103594,0.00204402,0.00223321,-0.0002625,472.795,0.000382,1,0.00200227,0.00200228,0.0002625,1047.55
0,2800068,39,phononTF,0.00149096,9.35231e-06,-0.00184027,-0.0002625,1885.57,0.000764,1,-1.20405e-06,-0.0020006,0.0002625,2078
0,2805563,5,phononTS,0.000689993,0.00252174,0.001169,-0.0002625,213.725,0.000382,1,0.00200199,1.95458e-06,0.0002625,770.983
0,2808042,5,phononL,0.00038314,0.00220352,0.000495892,-0.0002625,663.446,0.000382,1,0.0019991,-1.88028e-06,0.0002625,1153.28
0,2834963,2,phononTS,0.00352214,0.00322304,0.0018699,-0.0002625,16.4777,0.001146,1,0.00299639,0.00100043,0.0002625,434.206
0,2840841,31,phononTF,0.000388721,0.000158164,-0.00217092,-0.000262498,5193.65,0.000382,1,-2.58581e-06,-0.00200399,0.0002625,5291.9
0,2841892,21,phononTF,0.000792991,0.000152973,0.000103985,-0.0002625,1917.32,0.000382,1,-2.1173e-06,2.89417e-06,0.0002625,2496.06
0,2852455,35,phononTF,0.000425721,6.07933e-05,-0.005,-0.000196255,5297.21,0.000382,1,1.2785e-06,-0.00200027,0.0002625,6264.31
0,2852455,25,phononTS,0.000607265,0.00301266,-0.000580509,0.000262498,1085.57,0.000607265,1,0.00295393,-0.000591863,-0.0002625,1181.8
0,2853942,16,phononTS,0.000557438,0.00309234,0.00129049,-0.0002625,1643.81,0.000382,1,0.00299894,0.000995633,0.0002625,1894.96
0,2856164,8,phononTF,0.000615689,0.00222517,-0.000236531,-0.0002625,1930.64,0.000382,1,0.00200079,-2.53346e-06,0.0002625,2247.44
0,2856164,6,phononTF,0.000951911,0.00266162,-0.000391301,0.000262498,1807.53,0.000951911,1,0.00371694,0.000656562,-0.0002625,2077.52
0,2872349,22,phononTS,0.000397655,0.00200216,0.00199766,0.000262498,761.279,0.000397655,1,0.00204605,0.00191377,-0.0002625,858.149
0,2882868,15,phononTS,0.000510361,0.00234837,0.00215476,-0.0002625,1326.46,0.000382,1,0.00299932,0.000998713,0.0002625,1727.54
0,2888404,15,phononTF,0.000416723,0.00268005,0.00199246,-0.0002625,1319.86,0.000382,1,0.00299522,0.00100182,0.0002625,1977.33
0,2890128,21,phononTF,0.000434332,0.00296534,0.00251059,-0.0002625,425.06,0.000382,1,0.00199909,0.00199931,0.0002625,866.101
0,2890129,1,phononTF,0.01,0.00372987,0.00313037,-0.000190868,0,0.00178491,1,0.00367051,0.00318812,-0.0002625,1053.87
0,2905246,24,phononTS,0.000466913,0.0019986,0.00200094,0.000262498,1380.71,0.000466913,1,0.0017784,0.000760657,-0.0002625,1662.56
0,2948167,27,phononTS,0.000484967,0.00205656,0.00196476,-0.0002625,752.499,0.000382,1,0.00199984,0.00200197,0.0002625,1145.55
0,2948167,2,phononTS,0.00139814,0.00351945,0.00281132,0.000262498,49.8451,0.00100089,1,0.00279962,0.00204259,-0.0002625,293.45
0,2956145,24,phononTS,0.000726375,0.00356583,0.00141377,-0.000262498,657.259,0.000382,1,0.00300092,0.00100115,0.0002625,842.89
0,2961108,22,phononTF,0.000493834,-0.000453613,0.00169282,-0.000262498,1844.9,0.000382,1,-7.91788e-07,0.00200324,0.0002625,1980.39
0,2961263,2,phononTS,0.000564745,0.00353168,0.00103038,-0.0002625,5.72739,0.000382,1,0.00300268,0.00100167,0.0002625,817.697
0,2965576,19,phononTS,0.000514599,-0.00100166,0.00100058,0.0002625,997.431,0.000514599,1,-0.0009914,0.00101148,-0.0002625,1266.94
0,2965868,25,phononTS,0.000410317,0.00284645,0.0017415,-0.000262498,345.934,0.000382,1,0.00300289,0.000998565,0.0002625,535.765
0,2966630,6,phononL,0.000414534,0.0023923,0.00250158,-0.0002625,680.858,0.000382,1,0.00199813,0.00199999,0.0002625,862.321
0,2966630,5,phononTF,0.000394068,0.00278647,0.00300317,0.000262498,680.858,0.000394068,1,0.00309531,0.00330281,-0.0002625,797.079
0,2972794,23,phononTF,0.0014211,-0.000322603,0.00363783,-0.0002625,1258.5,0.000382,1,-0.000997281,0.00300225,0.0002625,1809.56
0,2976097,21,phononTF,0.000517789,-0.000939461,0.000946385,-0.000262498,1108.9,0.000382,1,-0.00200466,0.00200319,0.0002625,1381.04
0,2985344,9,phononTS,0.000526285,0.00112928,-0.00192766,-0.0002625,3234.77,0.000382,1,4.59017e-06,-0.00199992,0.0002625,4263.53
0,2986393,38,phononTF,0.000537481,0.00185128,0.00215377,-0.0002625,1115.99,0.000382,1,0.00199732,0.00200324,0.0002625,1309.93
0,2986670,21,phononTS,0.000469279,-0.000883189,-0.00380897,-0.0002625,3809.33,0.000382,1,-4.059e-06,-0.00199986,0.0002625,6399.72
0,2991460,5,phononTS,0.00266192,0.00300544,0.000995946,0.000199401,274.84,0.000382,1,0.00299642,0.000996626,0.0002625,1293.46
0,2997392,19,phononTF,0.000473101,-0.00154929,-0.00156678,-0.0002625,1764.36,0.000382,1,-0.00200079,-0.00200196,0.0002625,2044.18
0,3016221,18,phononTS,0.0006068,-2.23115e-05,-0.00196229,-0.000262498,1908.13,0.000382,1,-4.66435e-06,-0.00199605,0.0002625,2001.27
0,3018295,20,phononTF,0.000575096,-0.00171045,-0.00221874,-0.0002625,5578.25,0.000382,1,-0.00199946,-0.00200306,0.0002625,5801.37
0,3031486,22,phononTF,0.000545513,0.00127149,0.00139802,-0.0002625,606.804,0.000382,1,0.000999762,0.00100484,0.0002625,859.097
0,3040768,21,phononTS,0.000798816,0.000967149,0.00110354,-0.0002625,1488.97,0.000382,1,0.000995233,0.00100386,0.0002625,1686.51
0,3045109,2,phononTF,0.00266505,0.00293204,0.0024545,-0.0002625,351.681,0.000382,1,0.00200018,0.00199872,0.0002625,777.824
0,3065825,32,phononTS,0.000628111,0.00299626,0.00099971,0.000262498,824.954,0.000628111,1,0.00168589,-0.00148508,-0.0002625,1370.2
0,3072654,16,phononTS,0.000630654,0.00287773,-0.000595964,-0.0002625,1016.95,0.000382,1,0.00299536,0.000997959,0.0002625,1723.38
0,3076849,22,phononTF,0.000715078,-0.00479533,-0.005,0.000217252,2181.05,0.000382,1,0.00100059,-0.00299674,0.0002625,3248.86
0,3085090,30,phononTS,0.000426288,0.00140783,0.00193785,-0.000262498,1106.93,0.000382,1,0.00199651,0.00199637,0.0002625,1264.94
0,3086174,5,phononTS,0.00074508,0.000499723,0.00160023,-0.0002625,286.605,0.000382,1,-0.00100157,0.0009999,0.0002625,1294.86
0,3093158,19,phononTS,0.000461385,-0.000149998,-0.00202409,-0.0002625,3643.98,0.000382,1,1.27934e-06,-0.00199689,0.0002625,3850.24
0,3098399,21,phononTS,0.000811135,0.00206088,0.00172437,-0.000262498,976.364,0.000382,1,0.00200196,-4.69737e-06,0.0002625,1357.34
0,3101160,18,phononTF,0.000736547,0.00157336,0.00241851,-0.0002625,771.482,0.000382,1,0.00200132,0.00200366,0.0002625,1227.95
0,3103552,24,phononTS,0.00042331,0.00194234,0.00200623,-0.0002625,1547.84,0.000382,1,0.00199798,0.00200156,0.0002625,1729.69
0,3103956,16,phononTS,0.000597799,0.00245788,0.000159873,-0.000262498,6745.16,0.000382,1,0.00199804,2.08347e-06,0.0002625,6895.48
0,3105944,11,phononTF,0.000428355,0.0033915,0.00129993,-0.0002625,553.987,0.000382,1,0.00300308,0.000995154,0.0002625,933.65
0,3105944,3,phononTS,0.00289152,0.00346884,0.00250096,0.000262498,281.032,0.000578619,1,0.00341953,0.00258803,-0.0002625,378
0,3116201,10,phononTF,0.000431208,0.00199908,0.00199624,0.0002625,249.662,0.000431208,1,0.00222587,0.00166913,-0.0002625,598.844
0,3118209,12,phononTS,0.000543542,-0.005,-0.00220593,-0.000124222,770.743,0.000382,1,-0.00299959,-0.00100165,0.0002625,4498.78
0,3123599,3,phononTS,0.000856472,0.00313994,0.0015499,-0.0002625,423.469,0.000382,1,0.0029987,0.00100254,0.0002625,745.285
0,3123599,2,phononTF,0.00140282,0.00328118,0.00209726,0.000262498,423.469,0.000713226,1,0.00275751,0.00249659,-0.0002625,572.238
0,3126087,23,phononTS,0.000971028,0.00280846,0.00103913,-0.000262498,723.802,0.000764,1,0.00300321,0.00100338,0.0002625,831.319
0,3126627,35,phononTF,0.000386299,-0.00242083,-0.000410957,-0.000262498,11316.6,0.000382,1,-0.00199613,1.71186e-06,0.0002625,11452.7
0,3136989,19,phononTS,0.000571841,8.26249e-05,-0.00193732,-0.0002625,1821.46,0.000382,1,2.08871e-06,-0.00200062,0.0002625,2026.3
0,3136989,3,phononTF,0.00129171,0.005,0.00258398,-8.93527e-05,134.795,0.000475062,1,0.00390352,0.0035505,-0.0002625,689.55
0,3141525,26,phononTS,0.000502617,0.00299626,0.00100028,0.0002625,2512.38,0.000502617,1,0.00295155,0.00077358,-0.0002625,3951.14
0,3155955,29,phononTS,0.000541634,0.00197689,-0.000905692,-0.0002625,866.601,0.000382,1,0.00100134,-0.00299574,0.0002625,1780.52
0,3162180,26,phononTF,0.000700538,0.00305804,0.000929062,-0.0002625,1286.62,0.000382,1,0.00299955,0.000999452,0.0002625,1469.36
0,3162180,4,phononTS,0.0004375,0.00330355,0.00217007,0.000262498,520.409,0.0004375,1,0.00331195,0.00199654,-0.0002625,626.942
0,3166286,10,phononTF,0.000782771,0.0029996,0.0010025,0.000262498,432.444,0.000475987,1,0.00303063,0.000848812,-0.0002625,528.212
0,3169291,17,phononL,0.000650868,-0.00131184,-0.000849325,-0.000262498,2476.64,0.000382,1,-0.000995124,-0.00100316,0.0002625,2546.82
0,3169707,11,phononL,0.000438871,0.00324434,0.000186978,-0.000262498,1389.28,0.000382,1,0.00300444,0.000996887,0.0002625,1497.23
0,3174984,19,phononTF,0.000384744,0.0015792,0.00042082,-0.0002625,1768.11,0.000382,1,0.00200222,2.08909e-06,0.0002625,2004.59
0,3189455,26,phononTS,0.000456576,0.00157163,-0.00129096,-0.000262498,1992.17,0.000382,1,0.00100427,-0.00100376,0.0002625,2166.59
0,3189455,23,phononTS,0.00119532,0.00121142,-0.000308226,0.000262498,970.629,0.00101765,1,0.00123747,-0.000336735,-0.0002625,1060.94
0,3189885,6,phononTF,0.000851386,0.00199896,0.00200438,0.0002625,323.737,0.000851386,1,0.000902795,0.00153926,-0.0002625,1042.29
0,3189885,5,phononL,0.0015333,0.00419129,0.00293461,0.000262498,323.737,0.000434288,1,0.00450513,0.00426431,-0.0002625,484.275
0,3190859,28,phononTS,0.000423266,0.00200249,0.00199746,0.000262498,1002.98,0.000423266,1,-3.13076e-05,0.000560387,-0.0002625,1481.73
0,3195477,24,phononTF,0.000580874,0.002812,0.00315717,-0.0002625,2501.15,0.000382,1,0.00199744,0.00199804,0.0002625,3034.32
0,3196064,10,phononTF,0.000383373,0.0032635,0.000880326,-0.0002625,606.449,0.000382,1,0.00200409,2.70684e-06,0.0002625,1178.4
0,3196064,8,phononTF,0.000899104,0.00389262,0.00268034,0.000262498,279.376,0.000899104,1,0.00421784,0.00230329,-0.0002625,405.251
0,3197343,32,phononTF,0.00056786,0.00210585,-0.00211446,-0.0002625,1500.99,0.000382,1,0.00200204,-0.00200187,0.0002625,1825.39
0,3198123,12,phononTS,0.000384098,0.00233599,0.00106452,-0.000262498,972.106,0.000382,1,0.00299738,0.00100171,0.0002625,1140.68
0,3224787,10,phononTS,0.00112347,-0.00118451,0.00102791,-0.000262499,1563.6,0.000382,1,-0.000998492,0.00100171,0.0002625,1670.67
0,3224787,11,phononTS,0.000427003,-0.000998492,0.00100171,0.000262498,1670.67,0.000427003,1,-0.00104025,0.00119206,-0.0002625,1777.69
0,3229460,3,phononTS,0.000441402,-0.000998262,-0.00100029,0.0002625,405.957,0.000441402,1,-0.000984325,-0.00108891,-0.0002625,1578.23
0,3248267,6,phononTS,0.00204755,-0.005,-0.00359827,8.28798e-05,487.695,0.000500397,1,-0.00494698,-0.00359594,-0.0002625,3068.82
0,3260910,18,phononTF,0.000785088,0.00284896,0.000868474,-0.0002625,533.066,0.000382,1,0.00100447,-0.000996206,0.0002625,1448.82
0,3260910,19,phononTS,0.00039824,0.00100447,-0.000996206,0.000262498,1448.82,0.00039824,1,0.00242932,-0.000448312,-0.0002625,1769.16
0,3269162,14,phononTS,0.000438947,3.92126e-05,0.0029418,-0.0002625,2314.11,0.000382,1,1.15971e-06,0.00199608,0.0002625,2737.32
0,3292720,19,phononTF,0.000751269,0.00296632,0.00108946,-0.000262498,1310.26,0.000382,1,0.00299998,0.00100307,0.0002625,1402.09
0,3295181,35,phononL,0.000415394,0.00181885,-0.00208205,-0.0002625,11776.3,0.000382,1,0.00199988,-0.00200435,0.0002625,11905.5
0,3304013,27,phononTF,0.00046022,-0.00323989,-0.000748066,-0.0002625,3595.34,0.000382,1,-0.00299739,-0.000997106,0.0002625,3801.86
0,3306439,27,phononTS,0.00134187,0.00108149,0.000983498,-0.0002625,275.034,0.000764,1,0.00100275,0.00100184,0.0002625,2067.23
0,3306877,25,phononTF,0.00128597,0.00258754,0.00238611,-0.0002625,499.139,0.000764,1,0.00199998,0.00199942,0.0002625,814.291
0,3309976,38,phononTF,0.000583529,0.00307377,0.00107082,-0.0002625,809.649,0.000382,1,0.00300144,0.000996427,0.0002625,992.978
0,3325448,15,phononTS,0.000518729,0.00334619,0.00259763,-0.000262498,525.133,0.000382,1,0.00300011,0.00100123,0.0002625,881.391
0,3359769,7,phononTS,0.00150133,0.00245655,0.00197863,-0.000262498,1224.72,0.000382,1,0.00300477,0.0010026,0.0002625,1477.94
0,3361976,19,phononTS,0.00100586,0.00362899,0.00208675,-0.0002625,743.876,0.000382,1,0.00299665,0.00100487,0.0002625,1247.13
0,3377781,4,phononTS,0.00225198,0.00332916,0.00250083,-0.000262498,226.674,0.000382,1,4.38676e-06,5.05424e-07,0.0002625,1013.93
0,3387087,9,phononTS,0.000467425,-0.000144931,0.00133881,-0.0002625,7464.95,0.000382,1,0.00100253,0.000998486,0.0002625,7996.01
0,3401722,11,phononL,0.000407447,0.00299742,0.00100015,0.000262498,820.12,0.000407447,1,0.00345393,0.00101108,-0.0002625,895.707
0,3405429,19,phononTS,0.000423049,0.00101088,-0.000961008,-0.0002625,1731.84,0.000382,1,0.00100161,-0.00100118,0.0002625,1977.85
0,3405430,1,phononTF,0.01,0.00337701,0.00355891,-0.00011635,0,0.00272404,1,0.00324465,0.00369494,-0.0002625,738.715
0,3413745,5,phononTS,0.0018551,0.0022396,0.000868836,-0.0002625,26.4997,0.000382,1,0.00100148,-0.00100405,0.0002625,920.312
0,3420673,25,phononTS,0.000548566,0.00262791,0.00116642,-0.0002625,1440.55,0.000382,1,0.00200017,-2.23593e-06,0.0002625,1851.9
0,3421949,43,phononL,0.000407761,0.00238423,0.00228559,-0.0002625,1076.16,0.000382,1,0.00200442,0.00199552,0.0002625,1231.69
0,3426217,23,phononTS,0.00038367,0.00170853,-5.1775e-05,-0.0002625,1200.19,0.000382,1,1.55894e-06,0.00199608,0.0002625,2626.76
0,3435727,26,phononTS,0.000438437,0.000999775,0.000995918,0.000262498,871.408,0.000438437,1,-0.00232991,0.005,0.000247019,1795.9
0,3453116,25,phononTS,0.000619239,-0.000954147,0.00308385,-0.000262498,2046.37,0.000382,1,-0.00100477,0.00300367,0.0002625,2142.74
0,3472177,17,phononTS,0.00368021,0.000313063,0.00262979,-0.0002625,2274.79,0.001146,1,-0.000999488,0.00300149,0.0002625,2889.45
0,3472177,27,phononTF,0.00177756,-0.000999488,0.00300149,0.000262498,2889.45,0.000312818,1,-0.0010656,0.00293319,-0.0002625,2980.79
0,3476942,8,phononTS,0.000400081,0.000339309,-0.000299696,-0.0002625,725.044,0.000382,1,-0.000999204,-0.00100272,0.0002625,2002.28
0,3476956,5,phononTF,0.00107772,0.00270326,0.00239582,-0.0002625,20.4296,0.000382,1,0.00199765,0.00199971,0.0002625,372.016
0,3495116,16,phononTF,0.00066318,0.00129517,-0.00268778,-0.0002625,3453.24,0.000382,1,0.00199645,-0.00200402,0.0002625,4750.69
0,3512612,7,phononTS,0.00122266,0.000999765,0.000998257,0.000262498,831.248,0.000732131,1,0.00105449,0.00101688,-0.0002625,920.987
0,3519723,18,phononTF,0.000759955,0.00244755,0.000436459,-0.000262498,4502.55,0.000382,1,0.0019959,-2.04418e-06,0.0002625,4642.84
0,3520386,10,phononTS,0.000634359,0.000798759,-8.09817e-05,-0.0002625,3064.21,0.000382,1,4.42265e-07,6.20552e-07,0.0002625,4050.22
0,3527097,13,phononTF,0.00074593,0.00307262,0.00102327,-0.0002625,460.041,0.000382,1,0.00299573,0.00100463,0.0002625,642.833
0,3535699,11,phononTS,0.00104697,0.00472514,4.12896e-05,-0.000262498,1210.46,0.000382,1,0.00300421,0.000999873,0.0002625,1609
0,3536029,30,phononTS,0.000466074,-0.00204381,0.00263385,-0.0002625,1962.84,0.000382,1,-0.000999634,0.00300314,0.0002625,2460.57
0,3538520,5,phononL,0.0030555,0.00273653,0.00236946,-0.0002625,5.39205,0.000764,1,0.00199551,0.00200206,0.0002625,220.972
0,3542496,6,phononTF,0.00125089,0.00186711,0.00212249,-0.0002625,377.079,0.000382,1,0.00200283,0.00199962,0.0002625,625.039
0,3542496,10,phononTS,0.000723634,0.00200283,0.00199962,0.000262498,625.039,0.000110693,1,0.00197369,0.00199759,-0.0002625,714.66
0,3543454,7,phononTS,0.000706347,0.00287121,0.00127999,-0.0002625,282.024,0.000382,1,0.0030044,0.00099679,0.0002625,1043.85
0,3545100,18,phononTF,0.000498145,0.000997262,0.00100173,0.000262498,1072.12,0.000498145,1,0.00140219,0.000592318,-0.0002625,1205.51
0,3546129,2,phononTS,0.001314,0.00314224,0.00166725,-0.0002625,147.089,0.000382,1,0.00299955,0.00100063,0.0002625,502.793
0,3554052,25,phononTS,0.00058814,0.0049459,-0.005,-0.000150253,1010.02,0.00058814,1,0.00492088,-0.00498902,-0.0002625,2881.58
0,3554191,4,phononTS,0.000629145,0.005,0.00243315,-0.000157607,142.998,0.000382,1,0.00299638,0.00100031,0.0002625,882.28
0,3582083,20,phononTF,0.000527435,0.00349201,0.0017098,-0.0002625,402.402,0.000382,1,0.00299996,0.0009952,0.0002625,764.224
0,3583639,18,phononTS,0.000447664,-0.00122091,-0.00170943,-0.0002625,2301.84,0.000382,1,4.38042e-06,-0.00200055,0.0002625,4463.34
0,3596431,18,phononTF,0.000390613,0.00161366,0.00163091,-0.0002625,2371.6,0.000382,1,0.000998464,0.00099775,0.0002625,2723.08
0,3614889,25,phononTS,0.000528643,-0.00104397,0.00102267,-0.000262498,1618.55,0.000382,1,-0.00100027,0.00100464,0.0002625,1708.45
0,3614889,22,phononTF,0.000497565,0.00262116,0.00194312,0.000262498,654.276,0.000497565,1,0.00272355,0.00183557,-0.0002625,747.665
0,3616376,6,phononTF,0.000447193,0.00127408,0.00163295,-0.0002625,758.29,0.000382,1,0.00100191,0.00100131,0.0002625,1370.07
0,3632009,16,phononTF,0.000598034,0.0022303,0.00177087,-0.0002625,574.675,0.000382,1,0.00199572,0.00199714,0.0002625,892.021
0,3637187,22,phononL,0.000794383,0.00325844,0.00164086,-0.0002625,1750.63,0.000382,1,0.0030009,0.000995604,0.0002625,2034.49
0,3643001,13,phononTF,0.000442825,0.00449066,0.00279512,-0.000262498,1875.11,0.000382,1,0.00199622,0.00199974,0.0002625,2354.01
0,3643001,3,phononTS,0.00266939,0.00339309,0.00276801,0.000262498,25.0601,0.00115468,1,0.0024108,0.00294472,-0.0002625,251.745
0,3650887,24,phononTS,0.000819837,0.00246751,0.00219287,-0.0002625,419.145,0.000382,1,0.00200231,0.00200345,0.0002625,685.57
0,3652309,21,phononTS,0.000596523,0.000999025,-0.000996874,0.000262499,5469.5,0.000596523,1,0.000591123,-0.00209808,-0.0002625,5729.77
0,3672246,20,phononTF,0.000436122,0.00199749,0.00200178,0.0002625,851.864,0.000436122,1,0.00184825,0.0021591,-0.0002625,1143.48
0,3672810,13,phononTF,0.000732777,0.00148789,-0.000503095,-0.0002625,1133.51,0.000382,1,0.0010003,-0.000996162,0.0002625,1431.29
0,3672810,7,phononTF,0.000838158,0.00339512,0.00268173,0.000262498,35.261,0.000312556,1,0.00328744,0.00274908,-0.0002625,128.345
0,3678994,15,phononL,0.000501576,0.00336192,0.00141272,-0.0002625,761.82,0.000382,1,0.00299829,0.000996389,0.0002625,928.803
0,3694148,36,phononL,0.000387714,-0.00338265,-0.000535821,-0.0002625,9151.77,0.000382,1,-0.00299611,-0.00100427,0.0002625,9415.94
0,3700750,17,phononTS,0.000394954,0.00226443,0.005,6.53671e-05,1307.04,0.000382,1,-0.00200112,-3.4299e-07,0.0002625,2587.99
0,3739828,23,phononTF,0.000806696,0.00223318,0.00222893,-0.000262499,614.64,0.000382,1,0.00199667,0.00200162,0.0002625,720.579
0,3744673,20,phononTF,0.000397299,8.41843e-05,-7.75731e-05,-0.000262498,3559.3,0.000382,1,-2.9016e-06,4.84471e-06,0.0002625,3651.48
0,3752182,19,phononTS,0.000717965,0.000880252,0.00227614,-0.0002625,363.845,0.000382,1,2.75609e-06,0.00199714,0.0002625,1192.59
0,3757318,26,phononTF,0.000506705,-0.00216486,-0.000175099,-0.000262498,4175.17,0.000382,1,-0.00200199,-3.70017e-06,0.0002625,4274.05
0,3785796,18,phononTS,0.00143533,-0.000984127,-0.00105085,-0.0002625,3915.51,0.000382,1,-0.000997664,-0.000995344,0.0002625,4095.44
0,3787807,15,phononL,0.000463006,0.00299959,0.00100396,0.0002625,609.829,0.000463006,1,0.00284776,0.00120068,-0.0002625,742.003
0,3787807,5,phononL,0.00132961,0.0033143,0.00236797,0.000262498,99.795,0.000237215,1,0.00428608,0.00229327,-0.0002625,218.693
0,3791918,10,phononTF,0.000423067,0.00300192,0.00100132,0.000262498,1349.25,0.000423067,1,0.00184965,0.000565519,-0.0002625,1596.94
0,3799528,10,phononTS,0.000524042,0.00299885,0.00100483,0.000262498,954.244,0.000524042,1,0.00300167,0.00198051,-0.0002625,1170.8
0,3801016,13,phononTS,0.000407165,0.00272087,3.60742e-05,-0.000262498,1668.46,0.000382,1,0.00299646,0.00100354,0.0002625,1899.39
0,3801031,19,phononTS,0.00107519,0.00300072,0.000997633,0.000262498,1087.28,0.000539215,1,0.00199742,0.00168999,-0.0002625,1358.01
0,3823132,22,phononL,0.000686845,0.000252661,-0.00192107,-0.0002625,2209.37,0.000382,1,1.50224e-06,-0.00200398,0.0002625,2342.51
0,3825286,16,phononTS,0.000536388,-0.00195715,0.000274914,-0.000262498,3127.91,0.000382,1,-0.00200121,-3.87736e-06,0.0002625,3244.8
0,3829876,25,phononTF,0.000502991,-0.00100034,0.000995124,0.000262498,2276.79,0.000502991,1,-0.00158985,0.00154643,-0.0002625,2443.02
0,3831087,29,phononTS,0.000590321,-0.000612652,-0.000821114,-0.0002625,5198.06,0.000382,1,0.00199886,-0.00200475,0.0002625,6896.82
0,3862514,24,phononTS,0.000667136,0.00276948,0.00215306,-0.000262498,455.307,0.000382,1,0.00199604,0.00199584,0.0002625,645.172
0,3867791,20,phononTS,0.000610824,0.00332441,0.00266633,-0.000262498,168.352,0.000382,1,0.00200342,0.00199579,0.0002625,476.544
0,3871013,8,phononTS,0.00111343,0.00200241,-2.01854e-07,0.000262498,1526.8,0.000799547,1,0.00234019,-3.44532e-05,-0.0002625,1651.02
0,3871013,5,phononTF,0.00337772,0.00253772,0.00364325,-0.000225161,219.369,0.00148109,1,0.00255276,0.00376474,-0.0002625,503.511
0,3871801,32,phononTF,0.00067137,-0.000349526,0.005,-0.000259546,986.567,0.000382,1,-1.4981e-06,-0.00200283,0.0002625,3290.32
0,3873093,25,phononTF,0.000441579,0.00306982,0.000925573,-0.000262498,897.284,0.000382,1,0.0030023,0.000996922,0.0002625,988.714
0,3895941,6,phononTF,0.00351721,0.00235656,0.00170152,-0.0002625,27.0857,0.001146,1,0.00299928,0.00100181,0.0002625,488.641
0,3898442,12,phononTS,0.000539889,0.0027682,0.00230655,-0.0002625,208.541,0.000382,1,0.00199757,0.00200305,0.0002625,615.869
0,3907242,18,phononTS,0.00084404,0.00212534,3.90389e-05,-0.0002625,1449.86,0.000382,1,0.00199771,3.28866e-06,0.0002625,1651.82
0,3908086,20,phononTF,0.000613579,0.00275763,0.00121535,-0.0002625,904.7,0.000382,1,0.00299787,0.00100149,0.0002625,1117.34
0,3911219,18,phononTS,0.000404971,0.00296486,0.000571451,-0.000262498,2783.36,0.000382,1,0.00299721,0.00100397,0.0002625,2920.12
0,3924166,30,phononTF,0.000705509,-0.00214088,0.00187674,-0.0002625,2157.61,0.000382,1,-0.00200321,0.00200311,0.0002625,2348.99
0,3945624,22,phononTF,0.000401946,0.000780212,-0.000778455,-0.000262498,5085.21,0.000382,1,0.000996783,-0.000996607,0.0002625,5189.36
0,3972823,20,phononTS,0.000896253,0.00200024,0.00199645,0.0002625,653.742,0.000326355,1,0.0019751,0.00180501,-0.0002625,966.615
0,3982710,13,phononL,0.000419165,-0.000860982,0.0036018,-0.0002625,1983.92,0.000382,1,-0.00099627,0.00299657,0.0002625,2464.3
0,3985301,5,phononTF,0.000459513,0.00326928,0.00248308,-0.0002625,230.498,0.000382,1,0.00299815,0.00100256,0.0002625,639.482
0,3996672,17,phononTF,0.00171922,-0.000139106,0.00290859,-0.0002625,905.124,0.000764,1,-0.00200422,0.00200201,0.0002625,1669
0,3996672,18,phononTS,0.000491333,-0.00200422,0.00200201,0.000262498,1669,0.000491333,1,-0.0010699,0.00167923,-0.0002625,1892.89
0,3997158,11,phononTS,0.000384091,0.000237833,-0.00190529,-0.0002625,2322.84,0.000382,1,-3.98476e-06,-0.00199875,0.0002625,2927.33
0,3997978,6,phononTF,0.000876618,0.00256589,0.00274176,-0.000262498,649.566,0.000764,1,0.00199877,0.00200163,0.0002625,838.153
0,4004986,6,phononTS,0.000437597,0.00279124,-0.00115586,-0.0002625,12.2693,0.000382,1,0.00199658,-2.97247e-07,0.0002625,1279.72
0,4007438,4,phononL,0.00063761,0.00226335,0.00231466,-0.0002625,196.096,0.000382,1,0.00199972,0.00199749,0.0002625,490.301
0,4017168,15,phononTF,0.000519979,-0.000113283,0.00488163,-0.0002625,241.038,0.000382,1,0.00199574,0.00200327,0.0002625,2030.3
0,4020256,14,phononTS,0.000426107,-1.49578e-05,3.27473e-06,-0.000262499,1909.68,0.000382,1,5.87902e-07,4.5238e-07,0.0002625,2002.03
0,4021011,19,phononTS,0.000698984,1.65242e-05,-0.0019485,-0.0002625,1408.62,0.000382,1,-2.69328e-06,-0.00200389,0.0002625,1767.69
0,4024347,20,phononTF,0.000539035,0.005,0.000393033,-1.95828e-05,438.758,0.000382,1,4.48286e-06,-0.00200124,0.0002625,5229.59
0,4033591,22,phononTF,0.000779538,0.00249377,0.000474154,-0.000262498,569.486,0.000382,1,0.00200044,-2.77178e-06,0.0002625,718.184
0,4034339,17,phononTF,0.000512271,0.00325542,0.0012728,-0.000262498,623.241,0.000382,1,0.00299545,0.0010003,0.0002625,733.777
0,4044019,3,phononL,0.00177069,0.00273767,0.00240866,-0.0002625,16.8854,0.000382,1,0.00200196,0.00200488,0.0002625,235.569
0,4047240,9,phononTF,0.000657079,0.00255806,0.00253963,-0.0002625,509.498,0.000382,1,0.00200001,0.00199832,0.0002625,785.623
0,4050831,27,phononTS,0.000411352,-0.000131456,0.00183822,-0.0002625,5991.6,0.000382,1,-4.7382e-06,0.00199663,0.0002625,6219.39
0,4062768,10,phononTF,0.000469343,0.0033201,0.00130392,-0.0002625,773.007,0.000382,1,0.00299843,0.000996124,0.0002625,1008.52
0,4067454,18,phononTF,0.00341904,0.0021944,0.0001968,4.09289e-05,452.125,0.000382,1,0.00200408,-4.31985e-07,0.0002625,1126.86
0,4081730,5,phononTF,0.00228315,0.00257252,0.00142623,-0.000262498,1092.42,0.001146,1,0.0029955,0.000999933,0.0002625,1229.19
0,4090967,24,phononTS,0.000459007,0.00165029,-0.000726912,-0.0002625,2212.25,0.000382,1,0.000998388,-0.00100195,0.0002625,2582.88
0,4100803,14,phononTF,0.000387191,0.00211133,-0.00193075,-0.0002625,5715.84,0.000382,1,0.00200482,-0.00200159,0.0002625,5901.95
0,4103829,6,phononTS,0.000729649,0.00198341,0.000337822,-0.0002625,684.236,0.000382,1,0.00200023,-8.01774e-08,0.0002625,936.945
0,4105246,20,phononTS,0.00082883,-0.00100113,0.00300121,0.000262499,6526.04,0.000328265,1,-0.00319233,0.00265745,-0.0002625,7005.71
0,4105948,8,phononTS,0.000802533,0.00305878,0.00168929,-0.0002625,439.731,0.000382,1,0.0029973,0.00100045,0.0002625,785.207
0,4110663,31,phononTF,0.000466194,0.000563258,0.00257962,-0.000262498,2645.92,0.000382,1,-2.75487e-06,0.00200351,0.0002625,2810.89
0,4110663,4,phononTS,0.00174784,0.00314166,0.00283007,0.000262498,394.393,0.000776253,1,0.00320985,0.00268937,-0.0002625,502.216
0,4144649,13,phononTS,0.00116936,0.00196539,0.00292692,-0.0002625,650.853,0.000382,1,0.00200115,0.00199854,0.0002625,1076.78
0,4152605,21,phononTF,0.000728858,0.0015608,-0.00360546,-0.0002625,4397.13,0.000382,1,0.00199794,-0.00199997,0.0002625,5038.11
0,4159488,14,phononTF,0.000409659,0.00114909,0.00171026,-0.0002625,316.101,0.000382,1,-0.000995895,0.00100422,0.0002625,1152.5
0,4165509,4,phononL,0.000925765,0.00253536,0.00212969,-0.0002625,328.728,0.000382,1,0.00199591,0.00200255,0.0002625,493.526
0,4165769,50,phononTS,0.000624045,0.00314822,0.00081444,-0.0002625,1180.16,0.000382,1,0.00299699,0.00100287,0.0002625,1536.41
0,4171916,24,phononTF,0.00041607,-0.000267698,0.005,-0.00013058,1368.91,0.000382,1,-0.000997064,0.00299891,0.0002625,4270.3
0,4201874,34,phononTS,0.00150888,-1.17734e-05,-0.00200408,-0.0002625,1648.72,0.000382,1,-3.25639e-06,-0.00199596,0.0002625,1923.28
0,4211337,13,phononTS,0.000488131,-5.70462e-05,-0.005,-7.42741e-05,3449.08,0.000382,1,-0.00200148,-0.00199566,0.0002625,4147.79
0,4213585,13,phononTF,0.000411374,-0.00157491,-8.80081e-05,-0.0002625,1013.51,0.000382,1,-0.00199774,-1.30293e-06,0.0002625,1269.01
0,4229033,36,phononTS,0.00120746,0.00130001,-0.00205364,-0.0002625,3753.87,0.000764,1,0.00200137,-0.00200165,0.0002625,4101.81
0,4229384,22,phononTF,0.00177348,0.00307528,0.00107027,-0.000262498,569.386,0.000764,1,0.00300308,0.000995828,0.0002625,660.999
0,4263091,30,phononTS,0.00045741,0.00430291,0.00268111,-0.000262498,256.487,0.000382,1,0.00300448,0.000996396,0.0002625,665.87
0,4273575,11,phononTS,0.000422939,0.00300164,0.000998996,0.0002625,446.337,0.000422939,1,0.00159778,-0.000539074,-0.0002625,1284.88
0,4280074,32,phononTS,0.0007714,0.00200013,0.00199808,0.000262498,822.826,0.000509005,1,0.0026695,0.00223059,-0.0002625,1006.9
0,4286051,15,phononTS,0.000428144,0.00101096,0.000105576,-0.0002625,2820.17,0.000382,1,4.18935e-06,-3.54038e-07,0.0002625,3733.14
0,4307860,19,phononTS,0.000608414,4.83837e-05,-3.96948e-05,-0.0002625,2684.59,0.000382,1,1.34922e-06,-2.74304e-07,0.0002625,2890.92
0,4316838,24,phononTF,0.000411441,-0.005,0.00158147,-0.000148338,4690.95,0.000411441,1,-0.00491887,0.00166566,-0.0002625,5968.04
0,4321658,4,phononTS,0.000709387,0.003255,0.00178146,-0.0002625,156.727,0.000382,1,0.00300147,0.0010008,0.0002625,559.754
0,4328327,18,phononTF,0.000532192,0.0030012,0.00100031,0.000262498,1344.83,0.000532192,1,0.00316281,0.00116442,-0.0002625,1443.04
0,4344396,3,phononTF,0.000543595,0.00268647,0.00237308,-0.0002625,33.0553,0.000382,1,0.0020013,0.00200297,0.0002625,376.785
0,4344396,2,phononTF,0.00691445,0.00337163,0.0027432,0.000262498,33.0553,0.00441031,1,0.00319979,0.00290701,-0.0002625,131.66
0,4350689,14,phononTF,0.000694902,0.00286199,0.000896307,-0.0002625,2440.02,0.000382,1,1.54002e-07,-0.00200424,0.0002625,3821.68
0,4354972,18,phononTS,0.00054175,0.00293616,0.00027179,-0.000262498,682.566,0.000382,1,0.00299895,0.000998522,0.0002625,861.001
0,4362314,19,phononL,0.000791047,0.00262435,0.00200427,-0.0002625,564.235,0.000764,1,0.00199591,0.00199515,0.0002625,896.769
0,4380392,28,phononTS,0.00065832,0.00303572,0.00152478,-0.0002625,274.567,0.000382,1,0.00300352,0.000996706,0.0002625,573.839
0,4382492,30,phononTS,0.000435546,-0.000973832,-0.000975408,-0.0002625,3556.98,0.000382,1,-0.000997035,-0.00100033,0.0002625,3884.25
0,4394337,5,phononTS,0.00241589,-0.005,-0.00484307,-6.94371e-05,366.737,0.00241589,1,-0.00470318,-0.005,-0.000186187,3304.58
0,4395896,3,phononTF,0.00144945,0.00272682,0.00110609,-0.0002625,346.395,0.000382,1,0.00199582,-2.00097e-06,0.0002625,853.509
0,4400460,15,phononTF,0.000798852,-0.00100147,0.000995591,0.000262498,1817.98,0.000513449,1,-0.00116367,0.000917421,-0.0002625,1914.71
0,4405697,16,phononTS,0.000860765,-0.00100336,0.000943687,-0.0002625,1062.62,0.000382,1,-0.00100102,0.000998498,0.0002625,1243.73
0,4407451,17,phononTS,0.000400157,0.00100489,-0.00100359,0.0002625,2726.44,0.000400157,1,0.000833297,-0.000699489,-0.0002625,2991.4
0,4412944,12,phononTS,0.000574275,0.00343106,0.00253784,-0.000262498,511.912,0.000382,1,0.00199508,0.00200038,0.0002625,832.628
0,4412944,4,phononTS,0.000858485,0.0034687,0.00272543,0.000262498,9.31991,0.000858485,1,0.00350586,0.00268628,-0.0002625,98.63
0,4424055,11,phononTS,0.000450834,0.00286628,0.0015637,-0.0002625,576.177,0.000382,1,0.00300104,0.00100434,0.0002625,1062.66
0,4426156,15,phononTF,0.000879034,0.0026781,0.00265782,-0.0002625,725.339,0.000764,1,0.00200495,0.00199769,0.0002625,1002.36
0,4427037,19,phononTS,0.00137874,0.00210508,0.00201056,-0.0002625,320.93,0.000382,1,0.00099703,0.000999913,0.0002625,958.828
0,4428257,22,phononL,0.000549809,0.00183691,-0.000104994,-0.0002625,1592.64,0.000382,1,0.00200381,-3.46876e-06,0.0002625,1721.81
0,4439743,9,phononTS,0.000384608,0.00234404,-0.000734062,-0.0002625,1106.32,0.000382,1,0.00200081,-0.00199791,0.0002625,1950.92
0,4450300,25,phononTF,0.000543806,-0.000871613,0.00311921,-0.0002625,1380.27,0.000382,1,-0.000997427,0.00300182,0.0002625,1680.3
0,4451769,2,phononTF,0.00326231,0.00220486,0.0018213,-0.0002625,196.557,0.001146,1,0.000997843,0.000997895,0.0002625,745.402
0,4458417,9,phononL,0.00077842,0.00155765,0.0013741,-0.0002625,1336.16,0.000382,1,0.00100229,0.000999983,0.0002625,1522.97
0,4473397,24,phononTF,0.00100041,0.00291087,0.00128511,-0.0002625,5382.78,0.000382,1,0.000996629,0.00100197,0.0002625,10006.7
0,4476785,39,phononTS,0.000895474,0.0030029,0.000997489,0.0002625,309.091,0.00068301,1,0.00304872,0.000816233,-0.0002625,729.497
0,4500961,11,phononTS,0.000729431,0.00148494,-0.000375569,-0.0002625,1523.51,0.000382,1,0.00200004,-2.30774e-06,0.0002625,1848.57
0,4503164,5,phononTS,0.000938715,0.002932,-2.85344e-05,-0.0002625,1408.27,0.000764,1,0.00199675,-1.70991e-06,0.0002625,1835.83
0,4509681,13,phononTS,0.000435809,0.0040756,0.00278088,-0.0002625,1574.81,0.000382,1,0.0010029,0.000996685,0.0002625,2490.61
0,4522096,22,phononTS,0.00150506,-0.00156612,-0.000317306,-0.0002625,649.502,0.000764,1,-0.00299748,-0.000998724,0.0002625,1975.19
0,4529300,21,phononTS,0.000759135,0.0023533,0.00181739,-0.0002625,1760.81,0.000382,1,0.00200342,0.00200074,0.0002625,2124.02
0,4531418,13,phononTS,0.000577551,0.00294696,0.00107799,-0.0002625,486.685,0.000382,1,0.00299694,0.00100489,0.0002625,728.044
0,4532250,21,phononTF,0.000421077,0.005,0.00189964,0.000125703,924.129,0.000382,1,0.00200334,0.00199646,0.0002625,2007.5
0,4536471,17,phononTF,0.00066222,0.00302361,0.00304472,-0.000262498,744.7,0.000382,1,0.00200265,0.00200423,0.0002625,1009.87
0,4541468,13,phononTS,0.000618502,0.00103044,0.000969211,-0.000262498,737.806,0.000382,1,0.00100477,0.000995584,0.0002625,833.873
0,4547921,17,phononL,0.0019863,0.00312003,0.00138381,-0.0002625,385.658,0.001146,1,0.00300055,0.0010024,0.0002625,664.561
0,4553106,15,phononTF,0.000816768,0.00162534,0.00237897,-0.0002625,1403.84,0.000382,1,0.00200365,0.00199624,0.0002625,1945.21
0,4553221,2,phononTF,0.00293063,0.00195256,0.00205347,-2.27049e-06,210.393,0.001146,1,0.00200271,0.00200414,0.0002625,561.416
0,4557174,9,phononTS,0.00102076,0.00249827,0.00203677,-0.0002625,851.602,0.000382,1,0.00200054,0.00200081,0.0002625,1142.77
0,4562427,22,phononTF,0.000734157,-0.00168791,0.00370519,-0.000262498,1645.11,0.000382,1,-0.0010042,0.00300303,0.0002625,1835.35
0,4571904,16,phononTS,0.0013668,0.00100336,0.00100031,0.000262498,786.958,0.000492969,1,-0.000773063,0.00175421,-0.0002625,1177.66
0,4586686,21,phononTS,0.000623939,0.00306599,0.00104317,-0.000262498,611.742,0.000382,1,0.00299528,0.00100136,0.0002625,707.616
0,4597814,20,phononTS,0.000998849,0.000908637,-0.00179313,-0.0002625,1350.3,0.000382,1,0.000999396,-0.00100497,0.0002625,1724.98
0,4598126,19,phononTS,0.00146658,0.00199984,1.07069e-06,0.000262498,1995.12,0.000704841,1,0.00205148,2.18286e-05,-0.0002625,2084.81
0,4600617,37,phononTS,0.00043669,-3.80992e-06,0.00200026,0.000262498,2314,0.00043669,1,-4.05413e-05,0.00193428,-0.0002625,2413.5
0,4605702,2,phononTF,0.00773882,0.00225999,0.00222755,-1.45732e-05,229.181,0.001146,1,0.00200384,0.00199755,0.0002625,885.896
0,4608422,9,phononTS,0.0014935,0.00231429,0.00216258,-0.0002625,1021.81,0.000764,1,0.00199737,0.00200081,0.0002625,1421.22
0,4612057,7,phononTS,0.0025054,0.00203235,0.00200651,-0.000262498,906.726,0.001146,1,0.00199558,0.00200056,0.0002625,997.953
0,4633969,14,phononTS,0.000773713,-0.000482504,0.000952877,-0.0002625,985.089,0.000382,1,-0.00100049,0.000998158,0.0002625,1281.32
0,4639731,8,phononTF,0.000988044,0.0033984,0.00136855,-0.0002625,380.444,0.000382,1,0.0029993,0.000996572,0.0002625,641.983
0,4646017,10,phononTF,0.000493003,0.00242595,0.00212575,-0.0002625,245.549,0.000382,1,0.00199577,0.00199793,0.0002625,761.893
0,4653274,19,phononTS,0.000687794,-0.00023795,0.00298811,-0.0002625,2251.39,0.000382,1,-0.00199863,0.00200271,0.0002625,3526.06
0,4668411,14,phononTS,0.000607729,0.00200417,0.00199612,0.0002625,1753.51,0.000607729,1,0.0018039,0.00198073,-0.0002625,1970.03
0,4668493,9,phononTS,0.000645557,0.005,0.00273968,-0.000120683,1347.96,0.000382,1,-0.00100494,0.00100259,0.0002625,3046.62
0,4673355,2,phononL,0.00423267,0.0017267,0.00126355,-0.000240215,193.029,0.001146,1,0.00100181,0.00100295,0.0002625,718.401
0,4673390,11,phononTF,0.000404217,-0.00166191,-0.00164961,-0.0002625,2976,0.000382,1,-0.0020005,-0.00199836,0.0002625,3220.88
0,4673945,30,phononTS,0.000740611,0.00337427,0.00197823,-0.0002625,288.591,0.000382,1,0.00299871,0.000997592,0.0002625,757.022
0,4674673,21,phononL,0.00186348,0.00299585,0.00223306,-0.0002625,683.177,0.001146,1,0.00299619,0.00100233,0.0002625,971.566
0,4684786,20,phononTS,0.000437012,0.00232385,-5.21202e-05,-0.000262498,1900.88,0.000382,1,0.00200247,-4.58133e-06,0.0002625,2026.77
0,4686475,3,phononTS,0.00523716,0.0018718,-0.000303298,-0.0002625,295.629,0.00191,1,0.0020038,2.45142e-06,0.0002625,2066.14
0,4687656,29,phononTS,0.000443845,0.00324858,0.00196897,-0.000262498,2762.06,0.000382,1,0.00299927,0.000996049,0.0002625,2991.49
0,4697760,6,phononTF,0.000839849,-0.00214948,0.000150078,-0.0002625,1852.49,0.000382,1,-0.00200133,-4.53949e-06,0.0002625,2091.07
0,4703415,11,phononTS,0.000661066,0.00207384,0.0015251,-0.0002625,481.138,0.000382,1,0.000995457,0.000996631,0.0002625,997.326
0,4704484,15,phononTS,0.000395431,0.00346553,0.000790188,-0.0002625,634.812,0.000382,1,0.00200083,-0.00200355,0.0002625,1902.27
0,4710051,8,phononTF,0.000457666,0.00300338,0.000998038,0.000262498,643.786,0.000457666,1,0.00180263,-0.0002747,-0.0002625,957.939
0,4713557,27,phononTF,0.00045786,-0.00219287,-0.000201566,-0.000262498,7162.67,0.000382,1,-0.00200156,-2.95884e-06,0.0002625,7264.16
0,4730835,8,phononTS,0.000709403,0.00300074,0.00100043,0.0002625,648.152,0.000709403,1,0.00265021,0.00148395,-0.0002625,1784.55
0,4732945,5,phononTS,0.00148827,0.00337596,0.00252526,0.000133491,28.6983,0.000764,1,0.0029992,0.00100243,0.0002625,393.162
0,4733301,23,phononTS,0.000659837,0.0010022,0.00100294,0.000262498,735.933,0.000659837,1,0.00104954,0.00142974,-0.0002625,871.533
0,4733302,1,phononTS,0.01,0.00380445,0.00247537,-0.000237634,0,0.00170486,1,0.00384925,0.00249266,-0.0002625,334.671
0,4754913,23,phononTS,0.0029166,0.00213875,0.00106497,-0.0002625,753.242,0.000382,1,0.00299688,0.00100499,0.0002625,1151.11
0,4761469,26,phononTS,0.000382198,0.00202853,0.00239244,-0.0002625,2351.02,0.000382,1,0.00199818,0.00199767,0.0002625,2763.74
0,4771501,20,phononTF,0.00117255,0.00254275,-0.000563316,-0.000262498,1925.5,0.000764,1,0.00199766,-4.62487e-07,0.0002625,2086.86
0,4790055,28,phononTF,0.000503614,2.97093e-06,-0.00199856,0.000262498,3709.07,0.000503614,1,0.000259584,-0.00184273,-0.0002625,3815.7
0,4797173,2,phononTF,0.0022624,0.00267505,0.000844991,-0.0002625,108.84,0.000382,1,0.00300482,0.000998133,0.0002625,636.583
0,4807438,16,phononTF,0.000602767,0.00331686,0.00068448,-0.0002625,775.222,0.000382,1,0.00299605,0.00100278,0.0002625,1486.32
0,4815495,3,phononTS,0.000866261,0.00351327,0.00303069,-0.000262498,542.302,0.000382,1,0.00199636,0.00200403,0.0002625,905.722
0,4818059,9,phononTS,0.000993441,0.00199805,0.00199846,0.0002625,951.368,0.000624469,1,0.00106792,0.00133502,-0.0002625,1725.32
0,4819079,8,phononTS,0.000996002,0.000355899,0.00103032,-0.0002625,1766.89,0.000382,1,2.25544e-06,-2.46756e-06,0.0002625,2608.33
0,4819079,9,phononTS,0.000526855,2.25544e-06,-2.46756e-06,0.000262498,2608.33,0.000526855,1,3.63726e-05,-1.66101e-05,-0.0002625,2700.52
0,4820281,22,phononTS,0.000668706,0.00297695,0.000994031,-0.0002625,536.449,0.000382,1,0.00300225,0.000997362,0.0002625,715.987
0,4829010,21,phononTF,0.000400872,0.00200357,-2.72664e-06,0.000262498,1686.25,0.000400872,1,0.0015488,0.000456936,-0.0002625,1829.01
0,4831415,2,phononTF,0.00193422,0.00112096,0.0028607,-0.0002625,344.644,0.000382,1,-0.00099653,0.00299718,0.0002625,1149.67
0,4846296,47,phononTS,0.000761411,-0.00134509,0.00102456,-0.0002625,2442.22,0.000382,1,-0.00099765,0.00100246,0.0002625,2693.26
0,4886652,13,phononTS,0.000496002,0.00321414,0.00182582,-0.0002625,559.468,0.000382,1,0.003004,0.00100169,0.0002625,960.067
0,4889040,27,phononTF,0.00178004,0.00233487,0.00176173,-0.000262498,821.232,0.000382,1,0.0019993,0.0020048,0.0002625,939.105
0,4895326,25,phononTS,0.000537018,-2.15132e-05,-0.00216231,-0.0002625,1676.08,0.000382,1,4.69503e-06,-0.00199601,0.0002625,1886.21
0,4897130,8,phononTS,0.000400205,0.000952327,-3.72601e-05,-0.0002625,464.518,0.000382,1,5.08432e-07,-0.00199757,0.0002625,1333.72
0,4897590,16,phononTF,0.000417008,0.00299621,0.00100057,0.000262498,583.285,0.000417008,1,0.00309687,0.0010961,-0.0002625,676.235
0,4904520,31,phononTS,0.000543246,0.000684722,0.000334012,-0.0002625,1638.73,0.000382,1,-0.0010046,0.000999531,0.0002625,2379.92
0,4940035,16,phononTF,0.00290694,0.00138052,0.000638528,-0.0002625,978.28,0.001146,1,0.00100125,0.00100243,0.0002625,1213.7
0,4946902,2,phononL,0.00355324,-0.00200138,0.00199845,0.000254487,405.511,0.001146,1,-0.00200022,0.00200446,0.0002625,1830.64
0,4956240,8,phononTF,0.0012778,0.00166436,0.000383826,-0.0002625,102.433,0.000382,1,1.00814e-06,-0.00199834,0.0002625,1130.69
0,4967660,24,phononTF,0.000722977,0.000939114,-0.000940792,-0.0002625,1357.43,0.000382,1,1.24043e-06,-4.61116e-06,0.0002625,1845.46
0,4970429,23,phononTS,0.000667119,0.0022042,0.00196008,-0.0002625,647.586,0.000382,1,0.00199939,0.00200221,0.0002625,1135.77
0,4991740,11,phononTS,0.000662868,0.00276614,0.00281857,-0.000262498,2263.18,0.000382,1,0.00200307,0.0019959,0.0002625,2518.26
0,4991740,3,phononTF,0.00412342,0.00279153,0.00263558,0.000262498,1618.84,0.00101172,1,0.0030408,0.00299162,-0.0002625,1739.47
0,5002286,18,phononTS,0.000930611,0.005,-0.000971083,-7.91046e-06,882.444,0.000382,1,0.0029986,0.000999373,0.0002625,2092.44
0,5004332,24,phononTS,0.00081721,0.00299792,0.000949138,-0.0002625,3418.25,0.000382,1,0.00300324,0.00100463,0.0002625,3600.18
0,5004332,2,phononTS,0.00166944,0.00402932,0.00251139,0.000262498,532.825,0.000676002,1,0.00401921,0.00245646,-0.0002625,622.967
0,5022324,8,phononTS,0.000463056,0.00361674,0.00297177,-0.0002625,339.984,0.000382,1,0.00200298,3.68048e-06,0.0002625,1133.84
0,5022324,7,phononTF,0.000841752,0.00360308,0.00268251,0.000262498,339.984,0.000841752,1,0.00280925,0.00301986,-0.0002625,528.065
0,5022324,3,phononTF,0.00561479,0.00347016,0.00279441,0.000262498,140.422,0.000522709,1,0.00326197,0.00258032,-0.0002625,243.854
0,5023173,34,phononTS,0.000461272,0.00202738,0.00205163,-0.000262498,493.832,0.000382,1,0.00199865,0.00200019,0.0002625,583.225
0,5047780,21,phononTS,0.000405113,-0.00175235,-0.000184002,-0.000262498,3221.99,0.000382,1,-0.00199552,-2.38704e-06,0.0002625,3348.79
0,5064546,24,phononTS,0.000407404,0.00199555,-2.95549e-06,0.000262498,2338.9,0.000407404,1,0.00269169,0.000539134,-0.0002625,2554.08
0,5076579,38,phononTF,0.000397078,-0.000546913,-0.000151077,-0.000262498,4748.64,0.000382,1,-0.000997861,0.00100258,0.0002625,4996.97
0,5086650,15,phononL,0.000435023,-0.00388534,-0.000551359,-0.0002625,2041.57,0.000382,1,-0.00299967,-0.000996748,0.0002625,2290.93
0,5108014,25,phononTS,0.000502694,0.00300079,0.000999769,0.000262498,1134.22,0.000502694,1,0.00217003,0.000936173,-0.0002625,1332.82
0,5128613,12,phononTS,0.000613733,-0.000945691,0.00293475,-0.0002625,2811.91,0.000382,1,-0.000998155,0.00299596,0.0002625,3001.55
0,5130189,25,phononTF,0.000590967,-0.000677094,0.00298903,-0.0002625,8130.47,0.000382,1,-0.000999758,0.00299512,0.0002625,8357.18
0,5136527,10,phononTF,0.000419589,-0.00465782,-0.005,-4.09377e-05,2412.88,0.000419589,1,-0.00495968,-0.00442342,-0.0002625,4125.63
0,5140098,3,phononTS,0.000878173,0.00325114,0.00187883,-0.0002625,19.4298,0.000382,1,0.00299945,0.000998077,0.0002625,442.812
0,5145708,18,phononTS,0.000531557,0.00318665,0.00202618,-0.0002625,2174.65,0.000382,1,0.00300312,0.000998538,0.0002625,2652.54
0,5147488,29,phononTS,0.000568474,0.000706233,0.00194429,-0.000262498,1774.24,0.000382,1,0.0019993,-3.66737e-06,0.0002625,2233.12
0,5155316,29,phononTF,0.00068723,7.22999e-05,-7.26825e-05,-0.000262498,899.564,0.000382,1,1.97176e-07,4.41515e-06,0.0002625,991.322
0,5165863,22,phononTF,0.00048501,-0.00100217,0.00300319,0.0002625,1219.94,0.00048501,1,-0.00130482,0.00325537,-0.0002625,1448.34
0,5179613,32,phononTF,0.000419864,0.00231758,0.000332801,-0.000262498,5620.47,0.000382,1,0.00200008,-4.10646e-06,0.0002625,5741.16
0,5186173,20,phononL,0.000479023,0.00386218,0.00217407,-0.0002625,767.586,0.000382,1,0.000997307,-0.00099693,0.0002625,1788.81
0,5194708,2,phononTS,0.000429491,0.00208473,0.000933955,-0.0002625,117.14,0.000382,1,0.00100325,-0.00099934,0.0002625,999.619
0,5197873,17,phononTF,0.00086612,0.00168485,0.0022975,-0.0002625,1058.29,0.000382,1,0.00199967,0.00199641,0.0002625,1291.69
0,5216003,4,phononTS,0.00129806,0.00328723,0.00295776,-0.000262498,488.008,0.000382,1,0.00200239,0.00199912,0.0002625,824.254
0,5228107,15,phononTS,0.000894171,0.00203389,0.00195196,-0.0002625,916.958,0.000382,1,0.0019971,0.00200127,0.0002625,1329.17
0,5230409,6,phononL,0.00038659,0.00294576,0.00195958,-0.0002625,342.063,0.000382,1,0.002996,0.000997623,0.0002625,577.475
0,5235195,28,phononTS,0.000394489,-0.00199544,-0.00200454,0.0002625,9464.65,0.000394489,1,-0.00215656,-0.00118389,-0.0002625,10197.3
0,5244561,26,phononTS,0.000494652,0.00214625,0.00201621,-0.0002625,2112.32,0.000382,1,0.00199702,0.00199686,0.0002625,2319.62
0,5250437,15,phononTF,0.00039769,0.00349428,0.00149225,-0.0002625,1839.7,0.000382,1,0.00299545,0.00100423,0.0002625,2139.94
0,5253598,21,phononTF,0.000398265,0.00217577,0.00182538,-0.000262498,985.803,0.000382,1,0.00199919,0.00200495,0.0002625,1085.48
0,5253598,16,phononTS,0.000969947,0.00191782,0.00282536,0.000262498,452.698,0.000234292,1,0.00194865,0.0027939,-0.0002625,542.179
0,5254396,8,phononTF,0.000545535,0.00215082,0.00159922,-0.000262498,702.367,0.000382,1,0.00200019,0.00200142,0.0002625,827.549
0,5254396,4,phononL,0.0010344,0.00380964,0.00225166,0.000262498,365.461,0.000901926,1,0.00381894,0.00177252,-0.0002625,442.446
0,5256899,24,phononTS,0.000390154,-3.78054e-07,-1.29279e-06,0.0002625,12265.9,0.000390154,1,-0.000196246,-0.000765598,-0.0002625,12635.6
0,5257304,12,phononTF,0.000405352,0.00332465,0.00131122,-0.0002625,2918.55,0.000382,1,0.00299754,0.000996032,0.0002625,3156.13
0,5277371,9,phononL,0.000958588,0.0032176,0.00180632,-0.0002625,139.815,0.000382,1,0.00300392,0.000997702,0.0002625,353.608
0,5277868,9,phononTS,0.000498679,0.00125757,-0.00036568,-0.0002625,896.886,0.000382,1,0.00100249,-0.000996277,0.0002625,1257.57
0,5278510,17,phononTS,0.000596515,0.00196838,-0.00199782,-0.000262499,1561.16,0.000382,1,0.00199954,-0.00199796,0.0002625,1650.72
0,5305754,26,phononTS,0.000704269,0.00186914,0.00204953,-0.0002625,2463.96,0.000382,1,0.00199866,0.00200183,0.0002625,2782.59
0,5305754,5,phononTF,0.000913752,0.0047613,0.00437805,0.000262498,975.478,0.000781011,1,0.00495793,0.00459413,-0.0002625,1079
0,5316679,17,phononTF,0.000419736,0.00152194,-0.00259276,-0.000262498,1030.28,0.000382,1,0.00100397,-0.00300027,0.0002625,1178.6
0,5360800,10,phononTF,0.000384192,4.36465e-06,0.00200073,0.0002625,1401.18,0.000384192,1,-0.000550461,0.00254402,-0.0002625,1974.73
0,5363732,18,phononTS,0.000508914,0.000947577,-0.000509487,-0.000262498,1953.76,0.000382,1,0.0030025,0.00100016,0.0002625,2444.3
0,5370917,7,phononTF,0.000566941,0.000686551,0.00266431,-0.0002625,1409.76,0.000382,1,4.18585e-06,0.00199908,0.0002625,1782.12
0,5406042,10,phononTS,0.000393005,0.00215233,0.00111097,-0.0002625,1228.82,0.000382,1,0.00299514,0.00100312,0.0002625,2075.95
0,5406042,7,phononTF,0.0018678,0.00357899,0.0025896,0.000262498,82.6552,0.000909785,1,0.00382174,0.00241816,-0.0002625,188.127
0,5409584,10,phononTF,0.000709752,-0.000344545,0.00224037,-0.000262499,1904.36,0.000382,1,-4.86348e-06,0.00200222,0.0002625,2022.62
0,5418241,31,phononTF,0.000637433,-0.0033731,-0.000623893,-0.0002625,4608.5,0.000382,1,-0.00299704,-0.000999864,0.0002625,5388.76
0,5432635,6,phononTS,0.00235959,-0.00053607,-0.0011277,1.52889e-05,291.953,0.000382,1,-0.000996389,-0.000996999,0.0002625,1604.27
0,5444532,3,phononTF,0.00092368,0.00312249,0.00118715,-0.0002625,42.5902,0.000764,1,0.00299509,0.00100206,0.0002625,909.685
0,5466827,15,phononTF,0.000616444,0.00299552,0.00100032,0.0002625,1744.38,0.000616444,1,0.00351624,0.00153551,-0.0002625,2056.83
0,5470385,29,phononTS,0.000705529,0.00306785,-0.000714345,-0.000262498,2916.61,0.000382,1,0.00199801,0.00199652,0.0002625,3519.85
0,5478150,4,phononTF,0.00401744,0.00197933,-0.00213077,0.000101189,53.7279,0.000764,1,0.00200338,-0.00200331,0.0002625,1646.02
0,5478150,14,phononTF,0.000501236,0.00200338,-0.00200331,0.000262498,1646.02,0.000501236,1,0.00217371,-0.00180619,-0.0002625,1747.15
0,5486281,27,phononTF,0.000453812,0.00171568,-0.000192243,-0.000262498,780.688,0.000382,1,0.00199664,6.68617e-07,0.0002625,890.778
0,5499582,20,phononTS,0.000433961,0.00199709,0.00199821,0.000262498,938.665,0.000433961,1,0.0013189,0.0014653,-0.0002625,1150.64
0,5505000,29,phononTS,0.000587378,0.0016644,0.00225824,-0.0002625,257.369,0.000382,1,-0.00199631,3.62335e-06,0.0002625,2269.98
0,5527686,5,phononL,0.00113791,0.00273306,0.00137389,-0.0002625,5.90401,0.000382,1,0.00199947,-3.2675e-06,0.0002625,380.634
0,5527686,11,phononTS,0.000397574,0.00199947,-3.2675e-06,0.000262498,380.634,0.000397574,1,0.00397348,-0.00017834,-0.0002625,813.292
0,5542023,5,phononTS,0.000685938,0.00164589,0.00120892,-0.0002625,454.728,0.000382,1,-0.00100023,-0.000997303,0.0002625,1769.27
0,5556105,22,phononTS,0.00113671,0.00308206,0.000513141,-0.0002625,761.153,0.000382,1,0.0020017,1.93199e-06,0.0002625,1276.72
0,5562232,21,phononTF,0.000823918,0.00199734,0.00199957,0.000262498,1348.57,0.00070513,1,0.00222865,0.00173743,-0.0002625,1457.66
0,5562232,5,phononTF,0.00137922,0.00345845,0.0026933,0.000262498,147.11,0.000742331,1,0.00379604,0.0027837,-0.0002625,262.768
0,5570069,3,phononTF,0.0014502,0.00203219,0.00182795,-0.0002625,206.209,0.000382,1,0.00100473,0.000998646,0.0002625,702.318
0,5573961,5,phononTS,0.000657224,0.00274822,0.00150573,-0.000262498,817.612,0.000382,1,0.00299978,0.000997148,0.0002625,981.428
0,5573961,2,phononTS,0.00745552,0.00393112,0.00317718,-0.000223905,410.379,0.00135827,1,0.00397181,0.0031541,-0.0002625,1004.08
0,5633708,30,phononTF,0.000430368,0.00260482,0.000605224,-0.0002625,160.026,0.000382,1,0.00199934,2.53321e-06,0.0002625,847.605
0,5641463,8,phononTS,0.000794088,0.0019662,0.000778252,-0.000262498,1439.73,0.000382,1,0.00200176,-2.72207e-06,0.0002625,1626.39
0,5642313,26,phononTS,0.000666552,0.00324954,0.00232217,-0.0002625,1716.01,0.000382,1,0.00200298,0.00200378,0.0002625,2084.18
0,5644874,15,phononL,0.000546789,0.00233535,0.00214231,-0.0002625,607.34,0.000382,1,0.00200434,0.00200477,0.0002625,818.704
0,5663405,20,phononTF,0.000412907,-0.0028392,0.0031609,-0.000262499,3785.26,0.000382,1,-0.00199584,0.00199576,0.0002625,4054.7
0,5669221,20,phononTS,0.000452592,0.00221679,0.00200528,-0.0002625,2326.32,0.000382,1,0.00199896,0.00200465,0.0002625,2884.25
0,5686107,27,phononTS,0.000551425,-1.63777e-06,0.0020047,0.000262498,2096.24,0.000551425,1,-0.000454752,0.00165705,-0.0002625,2261.95
0,5691400,26,phononTF,0.000500005,0.00332617,0.00102809,-0.000262498,713.385,0.000382,1,0.00300162,0.00100011,0.0002625,827.02
0,5708983,2,phononTF,0.00238476,0.00266014,0.00263733,-0.0002625,626.643,0.000382,1,0.00200073,0.00199504,0.0002625,836.252
0,5718436,10,phononTS,0.000969084,6.92398e-07,-0.0019981,0.000262498,4570.92,0.000246754,1,-2.64335e-05,-0.00197373,-0.0002625,4660.55
0,5725095,20,phononL,0.000739972,0.0024292,-0.000387196,-0.0002625,3594.97,0.000382,1,0.00199783,1.59227e-07,0.0002625,3766.44
0,5725470,10,phononTF,0.000487688,-0.00159225,0.00040568,-0.0002625,2738.55,0.000382,1,-0.000999076,0.00100225,0.0002625,3089.07
0,5728375,16,phononTF,0.000754145,0.00201306,0.00176879,-0.000262498,1379.94,0.000382,1,0.00200004,0.00199827,0.0002625,1482.38
0,5749048,14,phononTS,0.00145301,0.00299997,0.00100089,0.0002625,824.521,0.0010437,1,0.00282008,0.000303613,-0.0002625,1710.85
0,5756464,12,phononTS,0.000430011,0.00238934,-2.76284e-06,-0.0002625,1913.36,0.000382,1,0.00200066,-2.37367e-06,0.0002625,2177.48
0,5757536,5,phononTF,0.000957333,0.00199809,-0.00199958,0.0002625,68.8132,0.000664407,1,0.00173545,-0.00173954,-0.0002625,1117.8
0,5759125,26,phononTF,0.000779062,0.000854637,-0.00302748,-0.0002625,3481.86,0.000382,1,0.00100382,-0.00299838,0.0002625,3672.73
0,5775995,16,phononTF,0.00058217,0.00184336,0.00150478,-0.0002625,257.014,0.000382,1,0.000999485,0.00100408,0.0002625,659.035
0,5777880,13,phononTS,0.00215898,0.00293852,0.00235429,-0.0002625,965.418,0.000382,1,0.00200247,0.00200148,0.0002625,1640.87
0,5788288,18,phononTS,0.000704354,0.00237533,-0.00131256,-0.0002625,2546.63,0.000382,1,0.00200434,-2.4312e-06,0.0002625,3127.99
0,5807623,33,phononTF,0.000459854,-0.00224858,0.00224996,-0.000262498,8723.97,0.000382,1,-0.00200408,0.00199858,0.0002625,8832.03
0,5826854,17,phononTS,0.000385777,0.00172213,0.000162285,-0.000262498,1560.42,0.000382,1,0.00199968,-1.13992e-06,0.0002625,1689.3
0,5834400,19,phononTF,0.000605366,0.00234027,0.00234355,-0.0002625,1741.06,0.000382,1,0.00200086,0.00200447,0.0002625,1984.57
0,5854834,18,phononTS,0.000399135,0.00199676,0.00200473,0.0002625,917.803,0.000399135,1,0.00207625,0.00280002,-0.0002625,1294.86
0,5854834,3,phononTS,0.00225514,0.00347607,0.00280415,0.000262498,10.7722,0.000740349,1,0.00351197,0.00283913,-0.0002625,100.168
0,5867254,13,phononTF,0.000725195,0.00308247,0.00108901,-0.0002625,1460.27,0.000382,1,0.00299564,0.000997255,0.0002625,1645.13
0,5874402,25,phononTF,0.000391024,-0.00307962,-0.000916807,-0.000262498,4913.61,0.000382,1,-0.00299521,-0.000996846,0.0002625,5005.65
0,5881393,32,phononTF,0.000738616,0.00226364,0.00232856,-0.0002625,1525.48,0.000382,1,0.0020026,0.00200179,0.0002625,2742.72
0,5889745,4,phononTF,0.00172061,0.00245139,0.00243761,-0.000262498,667.151,0.000764,1,0.00199829,0.00200086,0.0002625,807.353
0,5889917,19,phononTF,0.000412859,0.00225871,0.000421504,-0.0002625,1576.04,0.000382,1,0.00200006,3.99817e-06,0.0002625,1834.32
0,5895728,16,phononTS,0.000733898,-0.00402891,-0.0014527,-0.0002625,205.878,0.000382,1,-0.0030021,-0.000999967,0.0002625,3530.7
0,5901393,24,phononTF,0.000438269,0.00135537,0.0013494,-0.0002625,1372.2,0.000382,1,0.00100355,0.00099678,0.0002625,1621.16
0,5912791,18,phononL,0.000753431,0.00265407,0.0029546,-0.000262498,524.684,0.000382,1,0.00199818,0.00199973,0.0002625,668.88
0,5919406,15,phononTF,0.00128187,0.00188181,0.0032975,-0.0002625,1373.5,0.000764,1,4.84475e-06,0.0020025,0.0002625,2192.33
0,5925709,14,phononTF,0.000750844,0.00329006,0.00329765,-0.000262498,490.156,0.000382,1,0.00200384,0.0019987,0.0002625,815.774
0,5942995,15,phononTS,0.000470084,0.00348998,0.00335941,-0.0002625,657.696,0.000382,1,0.00200131,0.00199943,0.0002625,1473.37
0,5956514,4,phononTS,0.00197679,0.0033539,0.00156647,-0.0002625,522.503,0.000764,1,0.00300488,0.00100497,0.0002625,880.735
0,5977647,15,phononTS,0.000420574,0.00212365,0.00198406,-0.0002625,2675.66,0.000382,1,0.0019979,0.00200237,0.0002625,2882.3
0,5984080,4,phononTS,0.000542601,0.00422209,0.00332305,-0.0002625,158.761,0.000382,1,0.00199503,0.00199955,0.0002625,934.507
0,5988884,3,phononTF,0.000917297,0.00120195,0.00194714,-0.0002625,45.1637,0.000382,1,-0.00100336,0.00100184,0.0002625,921.844
0,5992448,24,phononTS,0.000417349,0.000623528,-0.00168567,-0.0002625,4426.47,0.000382,1,-0.00100096,-0.000995503,0.0002625,5150.44
0,5994349,8,phononTS,0.000546105,0.00165186,0.00035283,-0.0002625,130.183,0.000382,1,4.1669e-06,-0.00199833,0.0002625,1242.97
0,5996842,28,phononTF,0.000938245,0.00199711,0.00199688,0.000262498,1414.36,0.000211862,1,0.00130994,0.00266776,-0.0002625,1601.66
0,6005351,5,phononTS,0.00249553,0.0035235,0.00271826,-0.000262498,202.487,0.000764,1,0.00199865,0.00200104,0.0002625,553.955
0,6018879,15,phononTF,0.000571233,0.000223698,0.005,0.00022957,1970.49,0.000382,1,3.18638e-06