Run ID,Event ID,Track ID,Particle Name,Start Energy [eV],Start X [m],Start Y [m],Start Z [m],Start Time [ns],Energy Deposited [eV],Track Weight,End X [m],End Y [m],End Z [m],Final Time [ns]
0,500,2,phononTS,0.00358033,-1.99511e-05,5.99696e-05,-8.14152e-05,192.612,0.001146,1,2.95998e-06,2.11989e-06,0.0002625,520.228
0,1920,6,phononTS,0.000772536,-0.00120725,0.00177372,-0.0002625,2529.54,0.000382,1,-0.00100466,0.00299699,0.0002625,6226.68
0,4212,5,phononL,0.000856481,0.000887782,0.00102577,-0.0002625,475.374,0.000382,1,0.00100273,0.00100472,0.0002625,1140.87
0,4212,4,phononTF,0.00158882,0.000313047,0.00113107,0.000262498,475.374,0.00142624,1,-0.000168154,0.00159877,-0.0002625,729.853
0,7117,8,phononTS,0.000558286,-4.68327e-06,1.25656e-06,0.0002625,1167.32,0.000558286,1,-0.000264343,-0.000538156,-0.0002625,1805.63
0,7117,4,phononTS,0.000433567,7.29627e-05,0.000587597,0.000262498,354.395,0.000433567,1,-0.00101797,0.00326351,-0.0002625,1389.38
0,9657,9,phononTS,0.0023992,-0.00129187,0.00291957,-6.25925e-05,2190.15,0.00145727,1,-0.00150726,0.00327321,-0.0002625,2368.55
0,14130,5,phononTF,0.00101872,8.62525e-07,-1.48108e-06,0.0002625,1004.41,0.00101872,1,-0.000496658,-0.00049334,-0.0002625,1534.82
0,14130,2,phononTS,0.000866255,0.000145687,0.000816402,0.000262498,756.893,0.000807197,1,0.000175096,0.00124614,-0.0002625,991.711
0,21472,8,phononTS,0.000389627,-6.03095e-05,0.00213352,-0.0002625,246.959,0.000382,1,-1.67415e-06,0.00199671,0.0002625,1407.94
0,30221,9,phononTS,0.000760729,-5.78441e-08,1.09666e-06,0.0002625,488.094,0.000760729,1,-7.60383e-05,-4.5167e-05,-0.0002625,798.131
0,34455,6,phononTF,0.000573626,-0.000997995,0.00299693,0.0002625,808.516,0.000573626,1,-0.00118765,0.0028421,-0.0002625,2800.04
0,34455,5,phononTS,0.000803661,9.61014e-05,0.000374817,0.000262498,808.516,0.000803661,1,-0.000676392,0.00148414,-0.0002625,1316.97
0,52272,8,phononTF,0.000552442,0.00100499,0.000997703,0.000262498,855.284,0.000552442,1,0.000922538,0.000914301,-0.0002625,1015.99
0,62264,6,phononTS,0.00442764,0.000994511,0.0010438,-4.71896e-05,711.003,0.000382,1,0.00100281,0.00100349,0.0002625,988.056
0,62264,8,phononTF,0.000399084,0.00100281,0.00100349,0.000262498,988.056,0.000399084,1,0.00054408,0.00151877,-0.0002625,1246.93
0,66317,4,phononL,0.000471135,5.27387e-05,0.000369433,-0.0002625,83.1377,0.000382,1,-9.96697e-07,-2.71287e-06,0.0002625,329.621
0,67077,4,phononTS,0.00117999,-4.80504e-06,0.0020034,0.000262498,912.909,0.00117999,1,-0.00229508,0.00420092,-0.0002625,1949.41
0,67077,2,phononTF,0.00175441,9.51338e-05,0.000601136,0.000262498,24.2921,0.000838128,1,0.000405323,0.00200313,-0.0002625,544.132
0,74211,5,phononTF,0.00055441,0.000325658,0.00172097,-0.0002625,408.099,0.000382,1,1.1077e-07,0.00199573,0.0002625,1001.12
0,79150,10,phononTS,0.00058113,-0.000997585,-0.00100073,0.0002625,472.347,0.00058113,1,-0.00217835,-0.00291972,-0.0002625,2145.5
0,82550,5,phononL,0.00419012,0.000939005,0.000945876,0.000217654,673.268,0.001146,1,0.00100379,0.00100215,0.0002625,692.333
0,82550,7,phononTF,0.000442018,0.00100379,0.00100215,0.000262498,692.333,0.000442018,1,0.000521357,0.00191292,-0.0002625,1071.62
0,82550,6,phononL,0.00138978,0.00100379,0.00100215,0.000262498,692.333,0.000679556,1,0.00127564,0.000455843,-0.0002625,843.254
0,82550,4,phononTS,0.00208221,0.000939005,0.000945876,0.000217654,673.268,0.00174802,1,0.00324941,-0.00106843,-0.0002625,1596.08
0,83718,3,phononTS,0.000912744,0.00200447,-0.0019971,0.0002625,2.82359,0.000584008,1,0.00294637,-0.00331424,-0.0002625,1913.69
0,84891,7,phononTS,0.000818293,7.5801e-05,0.000841245,-0.000262498,267.469,0.000382,1,0.000997175,0.00100436,0.0002625,649.098
0,85321,13,phononTS,0.000473545,-0.00134406,0.00233749,-0.000262498,852.282,0.000382,1,-0.00099672,0.00100491,0.0002625,1421.84
0,87742,5,phononTS,0.00358,0.0020032,0.00143983,-0.0002625,743.904,0.000382,1,0.00199744,0.00199713,0.0002625,2949.63
0,90468,6,phononTS,0.00118777,0.00295818,0.005,-0.000229088,492.76,0.000382,1,-5.34159e-07,0.00199749,0.0002625,3284.69
0,91859,5,phononTF,0.000396087,-1.149e-06,3.3354e-06,0.0002625,1194.08,0.000396087,1,-0.000169934,0.000159755,-0.0002625,1541.12
0,92111,4,phononL,0.000513033,3.64566e-05,0.00164902,-0.0002625,15.0488,0.000382,1,1.65127e-06,0.00199587,0.0002625,499.774
0,96381,2,phononL,0.00299538,0.00210803,0.00200285,0.000169828,32.4318,0.000764,1,0.00200359,0.00199508,0.0002625,817.5
0,103591,6,phononL,0.000465738,0.000419756,0.00220453,-0.0002625,887.873,0.000382,1,4.88853e-06,0.00199888,0.0002625,3283.81
0,103591,2,phononTS,0.00150839,0.000148274,0.000624345,0.000262498,20.8725,0.000715546,1,0.0025465,0.00284096,-0.0002625,1075.95
0,104175,12,phononTS,0.000456164,-0.000947431,0.000922817,-0.0002625,879.445,0.000382,1,-0.00100433,0.000997876,0.0002625,1411.04
0,112310,8,phononTS,0.000562551,-3.43627e-05,0.000105323,-0.0002625,1894.24,0.000382,1,4.07399e-06,-1.36613e-06,0.0002625,2781.46
