Run ID,Event ID,Track ID,Particle Name,Start Energy [eV],Start X [m],Start Y [m],Start Z [m],Start Time [ns],Energy Deposited [eV],Track Weight,End X [m],End Y [m],End Z [m],Final Time [ns]
0,2684,3,phononTS,0.000581604,-0.000998472,-0.000995825,0.0002625,460.594,0.000581604,1,-0.00184228,-0.000341479,-0.0002625,1753.53
0,12914,9,phononL,0.000662344,0.001003,-0.00099791,0.0002625,1488.89,0.000662344,1,0.00203174,-0.00119716,-0.0002625,1742.9
0,63027,2,phononTF,0.00236811,0.00231479,-0.00229879,-0.0002625,175.358,0.000382,1,0.00200442,-0.00200217,0.0002625,755.427
0,63027,12,phononL,0.000394964,0.00200442,-0.00200217,0.000262498,755.427,0.000394964,1,0.00143472,-0.00127325,-0.0002625,874.748
0,94808,4,phononTS,0.000724505,0.00199514,-0.00200175,0.000262498,1536.93,0.000369907,1,0.00190575,-0.00205199,-0.0002625,1634.08
0,111321,7,phononTF,0.00100642,0.000177285,0.000175559,3.43481e-06,48.2857,0.000764,1,-2.15678e-06,-2.58064e-06,0.0002625,1119.65
0,111321,6,phononTF,0.000641717,0.00384842,-0.00310629,0.000262498,48.2857,0.000641717,1,0.00401645,-0.00300173,-0.0002625,145.766
0,121231,4,phononTS,0.00187715,0.00287689,-0.00263812,-0.0002625,143.134,0.000764,1,0.00200451,-0.00200436,0.0002625,637.78
0,147571,4,phononTF,0.00071611,-0.00195145,3.96939e-05,-0.0002625,860.896,0.000382,1,-0.00100274,0.00100451,0.0002625,3748.73
0,147571,2,phononTS,0.0066577,0.00384624,-0.00329024,-2.81615e-05,469.56,0.00402589,1,0.00416439,-0.00329592,-0.0002625,553.844
0,239575,4,phononTS,0.000647212,0.00302324,0.00219153,-0.0002625,33.7129,0.000382,1,0.00199679,0.00199786,0.0002625,1590.89
0,254985,5,phononTF,0.000631378,-0.00160332,-0.00240476,-0.0002625,375.91,0.000382,1,-0.00199836,-0.00199778,0.0002625,3024.26
0,269735,9,phononTF,0.00052926,-0.000997067,0.00100313,0.000262498,2105.51,0.00052926,1,-0.00127995,0.000726221,-0.0002625,2218.15
0,352027,6,phononTF,0.000483143,0.00159836,-0.0016178,-0.0002625,302.938,0.000382,1,0.000996622,-0.000999563,0.0002625,994.182
0,353889,6,phononTS,0.00127927,0.00199776,-0.00200175,0.000262498,495.276,0.00127927,1,0.000547123,-0.00250227,-0.0002625,816.418
0,353889,3,phononTS,0.00124977,0.00390194,-0.00322753,0.000262498,49.241,0.00103853,1,0.00399091,-0.00326483,-0.0002625,146.532
0,367410,3,phononTS,0.000477585,0.00137434,-0.0030401,-0.0002625,378.73,0.000382,1,0.00100303,-0.0030034,0.0002625,1635.04
0,403850,6,phononTF,0.000533915,0.00199945,-1.43852e-06,0.0002625,1729.66,0.000533915,1,0.00121405,0.000726028,-0.0002625,2141.31
0,403850,3,phononTS,0.000692796,0.00376499,-0.00323449,0.000262498,4.08561,0.000692796,1,-0.00115192,0.00400675,-0.0002625,1601.68
0,403850,2,phononTF,0.00103651,0.00376499,-0.00323449,0.000262498,4.08561,0.00103651,1,0.00405573,-0.00353206,-0.0002625,118.826
0,460044,6,phononTS,0.000620665,0.00228061,-0.00161467,-0.0002625,1167.77,0.000382,1,0.00199622,-0.00199502,0.0002625,5514.93
0,480986,13,phononTF,0.000944744,-0.00200023,0.00200381,0.000262499,4145.9,0.000532664,1,0.00415306,0.00107131,-0.0002625,5241.66
0,516605,8,phononTS,0.000569933,-0.00191959,0.005,-0.000179954,606.347,0.000382,1,0.00100272,0.00100082,0.0002625,4447.02
0,516605,6,phononTF,0.00110201,0.00359698,0.005,-0.000119977,336.933,0.00110201,1,0.00330712,0.00474731,-0.0002625,2605.51
0,516606,1,phononTS,0.01,0.0030529,-0.00333351,-0.000251504,0,0.00638981,1,0.00304536,-0.00333341,-0.0002625,400.147
0,522276,11,phononTS,0.000429334,0.00200055,0.00199317,-0.000262498,5457.2,0.000382,1,0.00199896,0.00200026,0.0002625,5548.31
0,522277,3,phononTS,0.00492837,0.00226082,-0.00235257,-0.000160685,70.8793,0.00337069,1,0.00225665,-0.00228238,-0.0002625,468.602
0,523723,2,phononTF,0.000636117,0.0019969,-0.00200436,0.0002625,894.812,0.000636117,1,0.00178282,-0.00172397,-0.0002625,1702.32
0,591241,3,phononTS,0.00129644,-0.00105491,-0.001509,-0.0002625,129.852,0.000382,1,-0.00100413,-0.00100333,0.0002625,7078.77
0,591241,2,phononTS,0.00114959,0.00396591,-0.00335516,0.000262498,129.852,0.00114959,1,0.00391999,-0.003283,-0.0002625,225.645
0,601979,8,phononTS,0.000950262,0.00287148,-0.00181724,-0.0002625,614.025,0.000382,1,-4.85346e-06,0.00199823,0.0002625,3589.48
0,601979,7,phononTS,0.00128552,0.0038551,-0.001878,0.000262498,614.025,0.000249935,1,0.0035272,-0.00124559,-0.0002625,800.506
0,655326,5,phononTS,0.000526805,0.00103683,-0.00387859,-0.0002625,30.8133,0.000382,1,0.000996747,-0.00300049,0.0002625,1127.47
0,655326,4,phononTS,0.000548867,0.00374753,-0.00329287,0.000262498,30.8133,0.000460475,1,0.00328771,-0.00357875,-0.0002625,191.48
0,673068,7,phononTS,0.000753525,0.00103552,0.00082733,-0.000262498,961.472,0.000382,1,0.000997521,0.00100494,0.0002625,1067.16
0,673068,3,phononTS,0.00232927,0.00380867,-0.00319924,0.000262498,23.6068,0.00197727,1,0.00294498,-0.00296613,-0.0002625,231.656
0,690257,4,phononTS,0.000573222,0.00169861,-0.00305659,-0.0002625,19.5212,0.000382,1,0.000997848,-0.00300248,0.0002625,719.857
0,721996,4,phononTF,0.00078695,0.00187018,-0.000288457,-0.0002625,2564.48,0.000382,1,0.00199864,4.27664e-06,0.0002625,4730.67
0,722114,5,phononTS,0.00046986,0.00162463,-0.00306609,-0.0002625,67.4715,0.000382,1,0.00100324,-0.0030019,0.0002625,1323.68
0,722603,6,phononTS,0.000388096,-4.4803e-05,-0.00199263,-0.000262498,2291.45,0.000382,1,2.22642e-07,-0.00200117,0.0002625,2381.97
0,766880,4,phononTS,0.00254789,0.00104402,-0.00276555,-0.0002625,306.335,0.000764,1,0.000999618,-0.00300477,0.0002625,1446.49
0,809056,3,phononTS,0.00112162,-0.000566788,-0.00235882,-0.0002625,157.442,0.000382,1,-0.00200416,-0.00200346,0.0002625,1453.28
0,850508,9,phononTF,0.000408659,0.00200026,-0.00200306,0.000262498,1387.37,0.000408659,1,0.001448,-0.00143374,-0.0002625,1550.12
0,850908,6,phononTF,0.000507555,0.00100233,0.000995885,0.000262498,2104.57,0.000507555,1,0.000688373,0.000670638,-0.0002625,2223.14
0,875701,7,phononTF,0.000393046,0.00300133,0.000999897,0.000262498,2409.83,0.000393046,1,0.00331455,0.00077807,-0.0002625,2524.39
0,876977,6,phononTS,0.000457765,0.0033363,-0.000643645,-0.0002625,126.136,0.000382,1,0.00199509,3.11723e-06,0.0002625,1257.09
0,876977,5,phononTF,0.00121289,0.00223591,-0.005,0.00023518,126.136,0.000795206,1,0.00231973,-0.0047817,-0.0002625,1450.98
0,916555,7,phononTS,0.000952269,0.0028908,-0.00370633,-0.0002625,453.378,0.000382,1,-4.25525e-06,-0.00199913,0.0002625,1273.9
0,929393,5,phononTS,0.000394477,0.00239949,-0.00103101,-0.0002625,506.91,0.000382,1,-0.00100271,0.00100488,0.0002625,2207.69
0,946267,5,phononTS,0.00133745,0.000162189,-0.00311219,-0.0002625,1012.82,0.000382,1,-0.000996242,-0.00099749,0.0002625,2362.31
0,966344,3,phononTF,0.000648018,0.00379892,-0.00354281,-0.000262498,390.835,0.000382,1,0.00100105,-0.00299882,0.0002625,912.641
0,971074,10,phononTS,0.000885364,-0.000874179,-0.00232751,-0.0002625,2678.89,0.000382,1,-0.00199875,-0.0020022,0.0002625,4382.23
0,971074,3,phononL,0.000973706,0.00380148,-0.00324991,0.000262498,22.2956,0.000973706,1,0.00367244,-0.00107694,-0.0002625,266.287
0,971074,2,phononTS,0.000410419,0.00380148,-0.00324991,0.000262498,22.2956,0.000410419,1,0.00450886,-0.00297871,-0.0002625,214.549
0,993351,7,phononTF,0.000382761,0.00209273,-9.44054e-05,-0.000262498,932.175,0.000382,1,0.0019978,4.4026e-06,0.0002625,1025.06
0,1036279,5,phononTF,0.000499777,0.00246841,-0.00247498,-0.0002625,1567.03,0.000382,1,0.00199819,-0.00199627,0.0002625,2004.85
0,1038028,7,phononTS,0.000863679,-0.00100199,-0.00100398,0.000262498,1605.24,0.000746042,1,-0.000964423,-0.00104446,-0.0002625,1702.99
0,1038028,3,phononL,0.00138267,0.00343469,-0.00312755,0.000262498,127.43,0.000835908,1,0.00341238,-0.00332787,-0.0002625,192.149
0,1055977,2,phononL,0.00121738,0.00161625,-0.00293689,-0.0002625,888.72,0.000382,1,0.00100071,-0.00300214,0.0002625,1324.04
0,1055977,6,phononTF,0.000559975,0.00100071,-0.00300214,0.000262498,1324.04,0.000559975,1,0.00125537,-0.00306601,-0.0002625,1429.37
0,1078089,9,phononTF,0.000465639,0.000995875,-0.0030025,0.0002625,97.708,0.000465639,1,0.000469038,-0.00370772,-0.0002625,5140.98
0,1107696,6,phononTS,0.000492083,0.005,-0.000276598,-0.000156634,1208.53,0.000382,1,0.00300165,0.00100422,0.0002625,1715.72
0,1107696,4,phononTS,0.00100335,0.00386792,-0.0033294,0.000262498,345.861,0.00100335,1,0.00432608,-0.00391329,-0.0002625,538.431
0,1111726,5,phononTF,0.000822877,0.00200032,-0.00200447,0.0002625,109.264,0.000300206,1,0.002448,-0.00155821,-0.0002625,1018.73
0,1112817,13,phononTS,0.000558655,0.00364861,-0.005,-0.000126216,2067.84,0.000382,1,0.00100025,-0.000998381,0.0002625,3163.76
0,1124851,6,phononTF,0.000603303,0.000163487,-0.00183994,-0.000262498,2388.44,0.000382,1,-2.81313e-10,-0.0019964,0.0002625,2486.29
0,1198590,4,phononTS,0.000548164,0.00199612,-0.00199671,0.0002625,794.296,0.000548164,1,0.00150744,-0.00170237,-0.0002625,1641.63
0,1207702,4,phononTF,0.000807114,0.00229411,-0.0022068,-0.0002625,5.28554,0.000382,1,0.00199942,-0.00199777,0.0002625,677.589
0,1230047,5,phononTS,0.000582016,0.000167596,-0.00109628,-0.0002625,2373.7,0.000382,1,4.23327e-06,-0.00199648,0.0002625,3475.34
0,1236746,5,phononTS,0.000734704,-1.12367e-08,7.49602e-08,0.000262498,1888.59,0.000734704,1,-0.00147346,0.00179042,-0.0002625,2327.9
0,1267276,6,phononTF,0.000830974,0.005,0.000940472,-0.000256833,7673.62,0.000488722,1,0.00498858,0.000952106,-0.0002625,8227.44
0,1286879,3,phononTF,0.000731814,0.00176122,-0.000567799,-0.0002625,433.927,0.000382,1,1.24354e-06,0.00200224,0.0002625,1533.76
0,1298420,8,phononTF,0.000553663,0.00261197,-0.00246211,-0.0002625,295.707,0.000382,1,0.00100356,-0.00099865,0.0002625,1637.98
0,1309887,2,phononTF,0.000547071,0.00239384,-0.00235656,-0.0002625,1101.75,0.000382,1,0.00199588,-0.00200285,0.0002625,1603.23
0,1387233,5,phononTS,0.00125524,0.000915113,-0.00195627,-0.0002625,569.236,0.000382,1,3.31363e-06,-0.00200496,0.0002625,2256.9
0,1403912,7,phononTF,0.000485799,0.00244841,-0.0023947,-0.0002625,92.0661,0.000382,1,0.00199606,-0.00199711,0.0002625,647.57
0,1403912,6,phononL,0.00109054,0.00380545,-0.00358746,0.000262498,92.0661,0.00109054,1,0.00355885,-0.00425087,-0.0002625,187.713
0,1429487,8,phononTS,0.000396532,0.00203919,-0.00235712,-0.0002625,3203.48,0.000382,1,0.00200006,-0.00200296,0.0002625,3834.97
0,1442010,3,phononTS,0.00412165,-0.000876794,0.000947512,-0.0002625,364.032,0.000764,1,-0.00100484,0.00099595,0.0002625,3235.69
0,1442010,6,phononTF,0.000478074,-0.00100484,0.00099595,0.000262498,3235.69,0.000478074,1,-0.00118435,0.00118114,-0.0002625,3335.84
0,1442010,5,phononTS,0.00161847,-0.00100484,0.00099595,0.000262498,3235.69,0.00105802,1,-0.00142583,0.000690799,-0.0002625,3393.51
0,1482928,10,phononTS,0.000444529,0.00100291,0.0010041,0.000262498,2453.72,0.000444529,1,0.000314951,-0.000202894,-0.0002625,2742.68
0,1485375,6,phononTS,0.000561234,0.00232453,-0.00176836,-0.000262498,1194.57,0.000382,1,0.00200061,-0.00199756,0.0002625,1334.25
0,1533405,6,phononTS,0.000969723,0.00170802,-0.00305584,-0.0002625,8.33522,0.000382,1,0.00100318,-0.00299506,0.0002625,708.982
0,1533405,5,phononTF,0.000523636,0.00382255,-0.0032382,0.000262498,8.33522,0.000523636,1,0.00397398,-0.00309025,-0.0002625,105.28
0,1557579,7,phononTF,0.000642613,0.00171712,-0.000229309,-0.000262498,1078.59,0.000382,1,0.00199811,4.6411e-06,0.0002625,1189.77
0,1587812,2,phononTS,0.000591269,0.00186775,-0.00202469,-0.0002625,259.979,0.000382,1,0.00199703,-0.00199562,0.0002625,1904.59
0,1587813,1,phononTS,0.01,0.00420806,-0.00307712,-0.000149686,0,0.00520436,1,0.00424686,-0.00325755,-0.0002625,1002.73
0,1592446,6,phononTS,0.000446114,-0.00178535,0.00285003,-0.0002625,34.2558,0.000382,1,-0.00100302,0.0030015,0.0002625,4003.63
0,1619294,7,phononTF,0.000565674,0.00293015,0.005,7.03686e-07,1366.03,0.000565674,1,0.00342469,0.00368532,-0.0002625,2843.93
0,1624864,8,phononTS,0.000456525,0.00200297,-0.00199816,0.000262498,1156.42,0.000456525,1,0.00202755,-0.00222148,-0.0002625,1267.56
0,1636608,2,phononTS,0.000723933,0.00290307,-0.00163306,-0.0002625,48.953,0.000382,1,0.00200378,2.5185e-06,0.0002625,810.065
0,1636609,1,phononTF,0.01,0.00395967,-0.00330002,-0.000228998,0,0.00669524,1,0.00393344,-0.00327476,-0.0002625,287.394
0,1644999,6,phononTS,0.000930224,-0.000998243,0.00300461,0.000262498,4286.03,0.000222037,1,-0.00104553,0.00284918,-0.0002625,4389.33
0,1668264,11,phononTS,0.000743149,2.08677e-06,-3.69408e-06,0.0002625,1444.86,0.000258047,1,-0.000325914,0.000198305,-0.0002625,1720.3
0,1709082,10,phononTS,0.000437741,0.00200142,-0.00199792,0.0002625,760.98,0.000437741,1,0.00154548,-0.00130197,-0.0002625,10196.4
0,1714365,8,phononTS,0.000418333,0.00199846,-0.00128566,-0.000262498,2838.77,0.000382,1,0.00200146,-0.00200051,0.0002625,3016.24
0,1714365,2,phononL,0.0010587,0.00360962,-0.00341863,0.000262498,138.849,0.000460257,1,0.00399474,-0.0020824,-0.0002625,302.95
0,1714366,3,phononL,0.00587187,0.00356716,-0.00317946,0.00012619,28.6981,0.00410801,1,0.00323234,-0.00184444,-0.0002625,187.054
0,1746540,7,phononTS,0.00118789,0.000999985,-0.00299541,0.000262498,335.882,0.00118789,1,0.000965925,-0.00306201,-0.0002625,431.714
0,1812070,6,phononTF,0.000434675,0.0020021,-0.00200296,0.000262498,1011.06,0.000434675,1,0.00165651,-0.00233766,-0.0002625,1132.95
0,1834569,11,phononTF,0.000526213,-0.00020301,-0.00219371,-0.000262498,1640.17,0.000382,1,2.26893e-06,-0.00199558,0.0002625,1742.44
0,1853260,2,phononTS,0.00043161,0.000888827,-0.00167563,-0.0002625,181.194,0.000382,1,-0.00200277,4.78078e-06,0.0002625,1460.61
0,1908110,4,phononL,0.000967358,0.000757585,-0.00312446,-0.0002625,14.0577,0.000382,1,0.00100353,-0.000997935,0.0002625,593.202
0,1908110,3,phononTF,0.00163598,0.00380964,-0.00318944,0.000262498,14.0577,0.000607809,1,0.0034572,-0.0035563,-0.0002625,139.121
0,1923899,2,phononTS,0.00187513,0.00473311,-0.00303846,-0.0002625,59.2034,0.000764,1,0.00200125,-0.00200088,0.0002625,972.304
0,1981969,7,phononTS,0.000532716,0.00300254,0.000999773,0.0002625,2375.24,0.000532716,1,0.0032215,0.000544782,-0.0002625,3301.27
0,2025532,2,phononTS,0.00128936,0.00286383,-0.00154912,-0.0002625,38.2834,0.000382,1,0.00199957,4.44939e-06,0.0002625,768.804
0,2030939,9,phononTS,0.000391355,0.00099811,-0.00299818,0.0002625,486.602,0.000391355,1,0.000976791,-0.00304459,-0.0002625,1397.27
0,2039873,9,phononL,0.000593416,1.82941e-06,-0.00200314,0.000262498,1953.14,0.000593416,1,-0.00016509,-0.00103515,-0.0002625,2073.41
0,2039873,3,phononTS,0.00195899,0.00387098,-0.00313191,0.000262498,26.1497,0.000879831,1,0.00390524,-0.00345227,-0.0002625,148.201
0,2074912,4,phononTS,0.000707947,0.00199559,-0.00199963,0.0002625,519.679,0.000707947,1,0.00203773,-0.00171311,-0.0002625,971.384
0,2185546,4,phononTF,0.00126599,0.00246219,-0.00232821,-0.0002625,87.2574,0.000382,1,0.00199628,-0.00200222,0.0002625,638.578
0,2185546,3,phononTS,0.000485914,0.00385993,-0.00330616,0.000262498,87.2574,0.000485914,1,0.00401603,-0.00373408,-0.0002625,233.361
0,2229319,8,phononTS,0.000624609,0.00199945,-0.00199908,0.000262498,2286.78,0.000624609,1,0.00200917,-0.00221325,-0.0002625,2397.5
0,2253965,2,phononTS,0.000581565,0.00219802,-0.0028492,-0.0002625,107.516,0.000382,1,0.00199519,-0.00200106,0.0002625,1480.29
0,2253966,1,phononTF,0.01,0.00400696,-0.00341141,-0.000243887,0,0.00586731,1,0.00401478,-0.0034035,-0.0002625,309.255
0,2254654,2,phononTF,0.00437301,-0.000888062,0.000888874,-0.0002625,222.778,0.001146,1,-0.00100199,0.000995446,0.0002625,1892.09
0,2272607,2,phononTF,0.0010043,0.00148871,-0.000532135,-0.0002625,1807.1,0.000382,1,0.00100468,-0.00100012,0.0002625,3108.09
0,2317342,3,phononTS,0.000808912,0.00282649,-0.0016468,-0.0002625,81.165,0.000382,1,0.00199991,3.88259e-06,0.0002625,841.9
0,2388005,7,phononTF,0.00129927,-0.000119086,-0.00412701,-0.0002625,259.842,0.000382,1,0.000996588,-0.0030039,0.0002625,2228.62
0,2389128,3,phononTF,0.000858113,0.00257962,0.00240643,-0.0002625,149.255,0.000858113,1,0.005,0.00465585,0.000229147,4084.23
0,2389637,6,phononTS,0.00121257,0.00288976,-0.00162506,-0.0002625,1.89983,0.000382,1,0.00199834,2.33906e-06,0.0002625,759.19
0,2389637,8,phononTS,0.000451816,0.00199834,2.33906e-06,0.000262498,759.19,0.000451816,1,0.00200449,0.000945429,-0.0002625,980.195
0,2407901,7,phononTF,0.000632082,0.00148233,-0.0014699,-0.000262498,521.041,0.000382,1,0.00199809,-0.00200293,0.0002625,676.504
0,2458797,6,phononTS,0.000520122,0.0019993,-0.00238591,-0.0002625,1545.52,0.000382,1,0.00200128,-0.00200253,0.0002625,2202.88
0,2463762,6,phononTF,0.000502374,0.005,-0.00369451,3.81654e-05,835.508,0.000382,1,2.33515e-06,-0.00199546,0.0002625,1804.87
0,2464512,4,phononTF,0.000418746,0.00300372,0.000999271,0.000262498,4742.21,0.000418746,1,0.00284268,0.00116791,-0.0002625,4840.52
0,2472440,7,phononTS,0.000406435,0.00359223,-0.00244645,-0.000262498,501.713,0.000382,1,-0.00100392,0.000997253,0.0002625,1564.35
0,2474092,5,phononTS,0.000784184,0.00298761,0.00377706,-0.0002625,1571.35,0.000382,1,9.12712e-07,3.10753e-07,0.0002625,3432.54
0,2474092,3,phononTF,0.00455371,0.00381932,-0.00327461,0.000262498,30.4977,0.00390314,1,0.00377505,-0.00332123,-0.0002625,121.044
0,2500018,6,phononTF,0.0005172,0.00199989,0.00199971,0.000262498,4558.11,0.0005172,1,0.00199431,0.00178833,-0.0002625,4658.74
0,2557444,10,phononL,0.000465767,0.000999092,-0.000996665,0.000262498,3504.8,0.000465767,1,0.00118749,-0.000545571,-0.0002625,3582.91
0,2559960,7,phononL,0.00158824,0.0023725,-0.00254335,-0.0002625,686.477,0.000382,1,0.00200423,-0.00200493,0.0002625,870.186
0,2561880,5,phononTF,0.000495841,0.0046402,-0.00461975,-0.0002625,327.947,0.000382,1,0.00200499,-0.0019968,0.0002625,1479.43
0,2602382,2,phononL,0.00137947,0.00300217,-0.00161784,-0.0002625,143.246,0.000382,1,0.00200226,1.07368e-06,0.0002625,598.5
0,2606201,8,phononTS,0.000565598,-0.00200443,0.00199839,0.000262498,2853.64,0.00047814,1,7.46544e-05,0.00373241,-0.0002625,3361.68
0,2624298,9,phononTF,0.000845284,-0.00100186,0.00100139,0.000262499,2113.5,0.000845284,1,-0.00155303,0.000408431,-0.0002625,2280.19
0,2632289,3,phononTF,0.00126306,0.000124352,0.000166506,-0.0002625,10.098,0.000382,1,2.18125e-06,2.25824e-06,0.0002625,4251.08
0,2632289,6,phononTS,0.000730191,2.18125e-06,2.25824e-06,0.000262498,4251.08,0.000257106,1,0.00018173,-0.000547953,-0.0002625,4414.93
0,2632289,2,phononTS,0.000732343,0.00377429,-0.00327387,0.000262498,10.098,0.000621054,1,0.00374545,-0.00321883,-0.0002625,108.301
0,2647746,4,phononTS,0.00103346,0.00025161,-0.00180514,-0.0002625,985.777,0.000382,1,3.15521e-06,-0.00200134,0.0002625,2761.94
0,2647746,7,phononTS,0.000406685,3.15521e-06,-0.00200134,0.000262498,2761.94,0.000406685,1,-6.62916e-05,-0.00204731,-0.0002625,2857.51
0,2657118,5,phononTS,0.000449051,-0.000996192,-0.000995306,0.000262499,1813.45,0.000449051,1,-0.00147914,-0.00109989,-0.0002625,1963.34
0,2687028,5,phononTF,0.000979004,0.000226713,-0.000210865,-0.0002625,13.7307,0.000382,1,3.02205e-06,-2.56743e-06,0.0002625,1760.1
0,2687028,4,phononTF,0.000975191,0.00372154,-0.00330157,0.000262498,13.7307,0.000975191,1,0.0034821,-0.00353768,-0.0002625,120.46
0,2687028,3,phononTF,0.000425687,0.00372154,-0.00330157,0.000262498,13.7307,0.000425687,1,0.00422232,-0.00379595,-0.0002625,164.524
0,2687028,2,phononTF,0.00266702,0.00372154,-0.00330157,0.000262498,13.7307,0.00103632,1,0.00352142,-0.00349798,-0.0002625,115.694
0,2700226,5,phononTS,0.00119583,-0.000388135,0.000281048,-0.0002625,230.893,0.000382,1,-1.9853e-06,2.60736e-06,0.0002625,2036.69
0,2751133,7,phononTS,0.000745161,0.00100245,-0.0010023,0.0002625,216.58,0.000337922,1,0.00152737,-0.000238909,-0.0002625,3703.74
0,2761287,8,phononTS,0.000421561,0.000643105,-0.00102395,-0.0002625,1395.42,0.000382,1,-2.09229e-06,-2.80864e-06,0.0002625,2110.9
0,2768566,5,phononTF,0.00136902,-0.000869054,-0.000616797,-0.0002625,879.871,0.000764,1,-0.00200213,-2.81688e-06,0.0002625,2135.83
0,2799216,9,phononTS,0.000530331,0.00200436,0.00199566,0.000262498,2740.65,0.000530331,1,0.00421239,0.000246847,-0.0002625,3270.81
0,2803963,10,phononTF,0.000528561,-0.000962071,0.00096192,-0.0002625,172.556,0.000382,1,-0.00199679,0.0020037,0.0002625,1507.3
0,2832482,3,phononTF,0.000621253,0.00116137,-0.00114,-0.0002625,664.002,0.000382,1,2.52594e-06,-8.87893e-07,0.0002625,1457.21
0,2849790,8,phononTS,0.000762555,0.00466426,-0.000271208,-0.000262498,1459.46,0.000382,1,0.00200375,0.00200047,0.0002625,2104.22
0,2896669,2,phononTS,0.00246347,0.00437579,-0.00146189,-0.0002625,30.1248,0.001146,1,-1.96261e-06,4.05117e-06,0.0002625,1653.96
0,2896669,8,phononTF,0.000589432,-1.96261e-06,4.05117e-06,0.000262498,1653.96,0.000589432,1,0.000411088,-0.000417683,-0.0002625,1789.18
0,2903091,11,phononTS,0.000529166,0.00199666,-0.0020016,0.000262498,791.635,0.000529166,1,0.00153838,-0.00203557,-0.0002625,931.826
0,2930385,6,phononTS,0.00054698,-0.00226261,0.0049372,-0.000262498,2123.88,0.000382,1,-0.000997729,0.0029989,0.0002625,2582.86
0,2991370,6,phononTS,0.00258082,0.00214792,-0.00300508,-0.0002625,669.105,0.000764,1,0.00200078,-0.00200378,0.0002625,1127.43
0,3027901,7,phononTF,0.000986859,-0.00084651,0.000868479,-0.0002625,317.211,0.000382,1,-0.000999205,0.00100246,0.0002625,2034.09
0,3039040,12,phononTS,0.000656297,0.00200016,-5.56672e-05,-0.0002625,1079.68,0.000382,1,0.00199599,-4.71013e-07,0.0002625,1534.2
0,3096528,4,phononTS,0.000770712,0.00197526,-0.00103564,-0.0002625,5.17154,0.000382,1,0.002005,1.30877e-06,0.0002625,1679.82
0,3124083,8,phononTS,0.000826086,-0.00448935,0.0016646,-0.0002625,122.284,0.000382,1,-0.00200151,-1.36457e-07,0.0002625,3794.48
0,3124084,1,phononTS,0.01,0.00368593,-0.0037772,-0.000250314,0,0.00559685,1,0.00368684,-0.003776,-0.0002625,290.156
0,3133503,7,phononTF,0.000412049,0.00110698,-0.000916548,-0.0002625,1710.73,0.000382,1,0.000996427,-0.000997643,0.0002625,1990.87
0,3134786,4,phononTS,0.000950422,-0.000169482,-0.00110977,-0.0002625,1953.85,0.000382,1,-0.002001,-0.00199567,0.0002625,2772.46
0,3134786,5,phononTF,0.000565875,-0.002001,-0.00199567,0.000262498,2772.46,0.000565875,1,-0.00319445,-0.00281979,-0.0002625,3044.87
0,3140874,7,phononTF,0.000510927,0.000997428,-0.00299797,0.0002625,394.968,0.000510927,1,-4.86906e-05,-0.00195426,-0.0002625,1888.49
0,3172262,7,phononTF,0.00131145,0.00226945,-0.00174072,-0.0002625,567.935,0.000382,1,0.00199937,-0.0020021,0.0002625,1312.15
0,3192861,10,phononL,0.000625186,0.00202025,-0.00371866,-0.0002625,1249.51,0.000382,1,0.0020016,2.75018e-06,0.0002625,1825.22
0,3223576,8,phononTF,0.000441801,0.00222858,-0.00223222,-0.0002625,1473.8,0.000382,1,0.00200059,-0.00199691,0.0002625,1792.78
0,3241824,7,phononTF,0.000638755,-0.00228467,0.000350757,-0.0002625,2890.45,0.000382,1,-0.00199866,2.72202e-06,0.0002625,3494.26
0,3246200,4,phononTF,0.000401585,0.000453301,0.001546,-0.000262499,1582.09,0.000382,1,0.000999881,0.0010024,0.0002625,1742.15
0,3259105,6,phononTS,0.000416977,-0.00123748,-0.005,-7.83669e-05,3742.3,0.000416977,1,-0.00233587,-0.00347889,-0.0002625,4894.91
0,3303932,4,phononTF,0.000781793,0.00259371,-0.00139622,-0.0002625,400.369,0.000382,1,0.00199532,-0.0020021,0.0002625,1031.82
0,3321898,3,phononTS,0.00435984,0.00149871,0.00144503,-7.5222e-05,232.379,0.001528,1,-0.0010024,-0.00099647,0.0002625,1874.38
0,3321898,6,phononTS,0.00041552,-0.0010024,-0.00099647,0.000262498,1874.38,0.00041552,1,-0.000479681,-0.00048693,-0.0002625,2065.25
0,3347378,2,phononTF,0.000413184,0.00135907,-0.00126622,-0.0002625,297.724,0.000382,1,0.00100153,-0.000998348,0.0002625,1389.98
0,3354833,4,phononTF,0.000698248,0.00246622,-0.000482583,-0.0002625,834.399,0.000382,1,0.00200452,-4.0399e-06,0.0002625,1414.14
0,3354833,3,phononTF,0.000713401,0.0038513,-0.00191821,0.000262498,834.399,0.000713401,1,0.00418442,-0.00157745,-0.0002625,955.845
0,3354833,2,phononTF,0.000887705,0.0038513,-0.00191821,0.000262498,834.399,0.000774208,1,0.00416886,-0.00159669,-0.0002625,952.982
0,3516984,7,phononTS,0.000385373,0.0019992,-0.00200417,0.000262498,1592.1,0.000385373,1,0.00143625,-0.000793626,-0.0002625,1880.68
0,3529367,8,phononTS,0.000764772,0.00113929,-0.00269456,-0.0002625,907.445,0.000382,1,0.000995665,-0.0030042,0.0002625,1561.87
0,3557982,5,phononTS,0.000818106,0.00399934,-0.00312383,-0.0002625,53.6067,0.000382,1,0.00200366,-0.00199554,0.0002625,775.687
0,3598323,3,phononTF,0.000535215,-0.00288456,-0.00111334,-0.0002625,480.523,0.000382,1,-0.00299968,-0.000996651,0.0002625,3986.65
0,3609019,9,phononTF,0.000947678,0.00199775,-0.00200469,0.000262498,561.131,0.000947678,1,0.00248796,-3.90333e-05,-0.0002625,943.272
0,3609019,3,phononTF,0.000872755,0.005,-0.00413497,-3.00839e-05,66.0478,0.000872755,1,0.00466264,-0.00401103,-0.0002625,415.258
0,3609019,2,phononTF,0.000664475,0.00380129,-0.00319837,0.000262498,66.0478,0.000369672,1,0.00431404,-0.0039426,-0.0002625,252.391
0,3609020,1,phononTS,0.01,0.00364502,-0.00308893,-0.000235854,0,0.00649015,1,0.00365765,-0.00304151,-0.0002625,269.66
0,3615949,9,phononTS,0.000503525,0.00100309,-0.00099905,0.000262499,3910.08,0.000503525,1,0.00125954,-0.000721318,-0.0002625,4047.4
0,3647940,7,phononTS,0.00133833,0.00137945,-0.00243689,-0.0002625,202.426,0.000382,1,-4.13945e-06,-0.00200415,0.0002625,1402.22
0,3647940,8,phononL,0.000726644,-4.13945e-06,-0.00200415,0.000262498,1402.22,0.000516002,1,-0.000456083,-0.00267005,-0.0002625,1508.73
0,3662531,9,phononTF,0.000616177,0.00200431,-0.00200421,0.000262498,4271.69,0.000616177,1,0.00220291,-0.00179653,-0.0002625,4374.1
0,3680780,9,phononTS,0.000509753,-3.73581e-05,-0.005,-0.000108629,587.485,0.000509753,1,0.000948484,-0.0040565,-0.0002625,6082.68
0,3680780,2,phononTS,0.00079142,0.00398343,-0.00335833,0.000262498,131.163,0.00079142,1,0.0039257,-0.00275441,-0.0002625,291.398
0,3680781,1,phononTF,0.01,0.00410809,-0.0029981,-0.000192582,0,0.00790162,1,0.0040674,-0.00299798,-0.0002625,402.772
0,3687152,2,phononTF,0.000812628,0.00170297,-0.000298144,-0.0002625,13.4567,0.000382,1,0.0020009,2.75512e-06,0.0002625,5184.44
0,3753601,12,phononTS,0.00042659,-0.000996499,-0.000996025,0.0002625,6592.95,0.00042659,1,-0.0011864,-0.000763654,-0.0002625,7237.71
0,3765919,8,phononL,0.00041944,-0.00170483,0.00238634,-0.0002625,4798.65,0.000382,1,-0.00100141,0.00299904,0.0002625,6138.98
0,3765919,3,phononTF,0.000493253,0.00378725,-0.0032642,0.000262498,2.87437,0.000493253,1,0.00405474,-0.00299042,-0.0002625,114.167
0,3770947,9,phononTS,0.000408642,-0.00100024,0.0029993,0.000262498,1850.18,0.000408642,1,-0.000967054,0.00304115,-0.0002625,1939.69
0,3770947,5,phononTF,0.000640035,0.00383025,-0.00308339,0.000262498,294.532,0.000640035,1,0.00369931,-0.0032184,-0.0002625,389.995
0,3770947,4,phononTF,0.000448915,0.005,-0.00193869,1.01753e-05,294.532,0.000448915,1,0.00478285,-0.00171333,-0.0002625,678.223
0,3792116,8,phononTS,0.000556727,-0.00185469,-0.00100114,-0.0002625,4314.39,0.000382,1,-0.00300317,-0.00100037,0.0002625,5099.73
0,3820187,6,phononTS,0.000495014,-0.00300433,-0.000996521,0.000262498,1731.26,0.000495014,1,-0.00302574,-0.00127061,-0.0002625,1848.3
0,3820187,2,phononTF,0.00114111,0.00382109,-0.00324031,0.000262498,13.3743,0.000996459,1,0.00353535,-0.00334936,-0.0002625,122.663
0,3820188,1,phononTF,0.01,0.00405034,-0.00327322,-0.00023485,0,0.00775244,1,0.00405524,-0.00327018,-0.0002625,798.418
0,3826058,11,phononTF,0.000398032,-0.00200255,-0.00200073,0.000262498,4096.53,0.000398032,1,-0.00204543,-0.00196767,-0.0002625,4186.95
0,3836651,10,phononTF,0.000482258,0.0020036,-0.00199748,0.000262498,2913.58,0.000482258,1,-0.000828235,0.000765414,-0.0002625,3597.47
0,3836651,6,phononTS,0.000714068,0.00408559,-0.00347868,0.000262498,959.03,0.000714068,1,0.00329987,-0.0019542,-0.0002625,1313
0,3855625,7,phononTS,0.000453279,-6.67073e-05,-0.000501257,-0.0002625,139.048,0.000382,1,0.000995,0.000999862,0.0002625,2037.26
0,3860589,9,phononTF,0.000392671,0.00100018,-0.00100392,0.000262498,1922.86,0.000392671,1,0.000704973,-0.000714531,-0.0002625,2037.24
0,3863043,3,phononTS,0.00124655,0.00285321,-0.00267159,-0.0002625,158.673,0.000382,1,0.00199517,-0.00199902,0.0002625,657.701
0,3871171,2,phononL,0.00107296,-0.00177771,0.00288357,-0.0002625,118.109,0.000382,1,-0.00099977,0.0030029,0.0002625,1996.65
0,3871171,7,phononTF,0.000389792,-0.00099977,0.0030029,0.000262498,1996.65,0.000389792,1,-0.00142969,0.00276191,-0.0002625,2127.16
0,3888269,8,phononTS,0.000603261,-0.000655442,5.54036e-05,-0.000262498,1462.57,0.000382,1,-0.000997713,0.000998515,0.0002625,1688.69
0,3906874,7,phononTS,0.000516754,0.00200079,3.06736e-06,0.0002625,3117.01,0.000516754,1,0.00204686,3.37305e-05,-0.0002625,3304.9
0,3906874,2,phononTF,0.00496385,0.00342861,-0.00481687,1.40685e-05,714.872,0.00496385,1,0.00358182,-0.005,-0.000220881,1160.54
0,3907305,2,phononTS,0.000720205,0.0017914,-0.00300809,-0.0002625,338.321,0.000382,1,0.000998188,-0.00299971,0.0002625,1098.85
0,3907481,8,phononTF,0.000737936,0.00127948,-0.00328985,-0.0002625,729.258,0.000382,1,0.000995715,-0.00300228,0.0002625,1296.28
0,3925757,7,phononTS,0.000501609,0.00174152,-0.00305918,-0.000262498,1084.26,0.000382,1,0.00100151,-0.0029989,0.0002625,1268.8
0,3925757,5,phononTF,0.00145032,0.00304637,-0.00308613,0.000262498,532.764,0.0010876,1,0.00380421,-0.00384498,-0.0002625,737.185
0,3952087,2,phononTS,0.00142089,-0.00200389,1.96207e-06,0.0002625,200.917,0.000925095,1,-0.00352414,0.000745202,-0.0002625,1942.35
0,3970369,8,phononTF,0.000820427,-1.62914e-06,-0.00200281,0.0002625,616.031,0.000820427,1,5.51611e-05,-0.00205132,-0.0002625,2084.98
0,3977089,11,phononTS,0.000612041,-4.9144e-06,4.95978e-06,0.000262498,1664.51,0.000612041,1,2.55595e-05,0.000244484,-0.0002625,1777.01
0,3989334,6,phononL,0.000724798,0.00223037,-0.000369647,-0.0002625,111.653,0.000382,1,0.00199898,-9.85645e-07,0.0002625,1152.53
0,3989334,2,phononTS,0.00105594,0.00377684,-0.00325859,0.000262498,22.409,0.000732617,1,0.0037509,-0.00304608,-0.0002625,132.311
0,3993551,7,phononTF,0.00106152,0.000833422,-0.00282324,-0.0002625,1049.49,0.000382,1,0.00100025,-0.00299815,0.0002625,5538.76
0,3993551,8,phononTS,0.000409898,0.00100025,-0.00299815,0.000262498,5538.76,0.000409898,1,0.000997456,-0.00298975,-0.0002625,5631.16
0,3993552,1,phononL,0.01,0.00451264,-0.00198776,-0.000211293,0,0.00450943,1,0.00448953,-0.00196346,-0.0002625,2077.55
0,4028260,4,phononTS,0.00111043,0.00401492,-0.00189977,-0.0002625,655.913,0.000382,1,-4.87786e-06,0.0019974,0.0002625,2242.81
0,4028260,7,phononTS,0.000429917,-4.87786e-06,0.0019974,0.000262498,2242.81,0.000429917,1,-7.7716e-05,0.00195101,-0.0002625,2338.71
0,4033867,4,phononTS,0.00063183,0.00100275,-0.0029991,0.0002625,387.35,0.00063183,1,0.000947054,-0.002173,-0.0002625,2385.48
0,4033867,3,phononTS,0.000442542,0.00351981,-0.00285263,0.000262498,387.35,0.000442542,1,0.0024357,-0.0049861,-0.0002625,858.9
0,4048539,4,phononTS,0.00121387,0.00312169,-0.005,-9.65898e-05,937.094,0.000382,1,-1.45337e-06,-0.00199642,0.0002625,2704.07
0,4048539,5,phononTF,0.000636131,-1.45337e-06,-0.00199642,0.000262498,2704.07,0.000636131,1,6.29754e-05,-0.00229815,-0.0002625,2814.94
0,4070282,5,phononTF,0.00168659,0.00188835,-0.00211343,-0.0002625,545.163,0.000382,1,0.00200202,-0.00199624,0.0002625,2036.63
0,4070282,8,phononTS,0.000987112,0.00200202,-0.00199624,0.000262498,2036.63,0.000987112,1,0.00127212,-0.00375303,-0.0002625,2422.44
0,4087155,9,phononTF,0.000676283,0.000432662,0.000423943,-0.000262498,5758.85,0.000382,1,0.000997113,0.00100181,0.0002625,5923.72
0,4087155,6,phononTS,0.00105273,0.00383168,-0.00332585,0.000262498,42.1561,0.000660691,1,0.0037974,-0.00324787,-0.0002625,142.414
0,4088845,6,phononTF,0.000548893,0.00146878,-0.0012043,-0.000262498,704.935,0.000382,1,0.00100309,0.000997906,0.0002625,1125.71
0,4088845,3,phononTS,0.00465979,0.00458799,-0.00309804,-0.000183218,87.6578,0.00198242,1,0.00478959,-0.00317132,-0.0002625,452.038
0,4092202,2,phononTF,0.00397355,0.0017202,-0.000328193,-0.0002625,564.754,0.000764,1,0.00200112,3.54734e-06,0.0002625,1450.93
0,4092202,7,phononTS,0.00114082,0.00200112,3.54734e-06,0.000262498,1450.93,0.00112814,1,0.0010897,-0.000315804,-0.0002625,1670.44
0,4092202,6,phononTS,0.000566555,0.00200112,3.54734e-06,0.000262498,1450.93,0.000566555,1,0.00072858,-0.000243042,-0.0002625,1739.63
0,4092202,5,phononTS,0.000579025,0.00200112,3.54734e-06,0.000262498,1450.93,0.000579025,1,-0.00250246,0.00319703,-0.0002625,2474.56
0,4124145,10,phononTF,0.00150224,0.00200193,-0.00200179,0.000262498,1169.47,0.000555005,1,0.00202711,-0.00184634,-0.0002625,1265.35
0,4136109,2,phononTF,0.00452301,-1.88039e-06,-0.00200071,0.0002625,19.4448,0.00380028,1,0.000186106,-0.00219105,-0.0002625,1552.9
0,4155786,7,phononTS,0.000553143,-0.000298159,-0.00160582,-0.0002625,291.064,0.000382,1,-0.000995003,-0.00100446,0.0002625,1522.89
0,4160977,7,phononTF,0.00130794,0.00299928,0.00100146,0.000262498,1180.13,0.00127788,1,0.00304808,0.000949877,-0.0002625,1270.82
0,4160977,5,phononTF,0.00133033,0.00370218,-0.00333962,0.000262498,73.9288,0.00133033,1,-0.00221736,-0.005,1.44297e-05,1138.46
0,4199158,9,phononTF,0.000993614,0.00100234,-0.00300139,0.000262498,1034.27,0.000839242,1,0.0011805,-0.00318869,-0.0002625,1134.41
0,4201776,8,phononTF,0.00132697,0.00199991,-0.00199664,0.000262498,1260.71,0.00108312,1,0.00215226,-0.00208239,-0.0002625,1356.78
0,4205994,5,phononTS,0.00139062,0.00321644,-0.0016168,-0.0002625,1558.57,0.000764,1,0.00199736,-2.86216e-06,0.0002625,2375.78
0,4205994,4,phononTS,0.000848348,0.00443552,-0.00323074,0.000262498,1558.57,0.000848348,1,0.00446966,-0.00326035,-0.0002625,1648.07
0,4243057,2,phononTF,0.0040681,0.00208366,-0.00288358,-0.0002625,274.209,0.000382,1,4.35304e-06,-0.00199621,0.0002625,1028.38
0,4271888,6,phononTS,0.000778725,-0.000519138,0.000601839,-0.0002625,85.7255,0.000382,1,-0.00100411,0.00100365,0.0002625,1834.92
0,4271888,5,phononTS,0.000750315,0.005,-0.00464036,0.000201882,85.7255,0.000685029,1,0.00399704,-0.00418236,-0.0002625,681.419
0,4271888,4,phononTS,0.000506069,0.00384558,-0.00301448,0.000262498,85.7255,0.000506069,1,0.00217412,-0.00496369,-0.0002625,566.223
0,4271888,3,phononTF,0.0021033,0.00384558,-0.00301448,0.000262498,85.7255,0.00142615,1,0.003912,-0.00284107,-0.0002625,183.228
0,4273673,6,phononTS,0.00103418,-0.00181446,0.0019505,-0.0002625,110.022,0.000382,1,-0.00199618,0.00199597,0.0002625,4810.55
0,4273673,5,phononTS,0.000880817,0.005,-0.00357126,0.000124367,110.022,0.000880817,1,0.000293544,0.0014911,-0.0002625,1618.22
0,4273673,4,phononTF,0.000767733,0.00383839,-0.00329438,0.000262498,110.022,0.000767733,1,0.00395321,-0.00340605,-0.0002625,203.985
0,4273673,3,phononTS,0.000777551,0.00383839,-0.00329438,0.000262498,110.022,0.000777551,1,0.00349184,-0.00326813,-0.0002625,235.409
0,4308286,3,phononTF,0.000648595,-0.00248489,9.52462e-05,-0.0002625,304.764,0.000382,1,-1.77972e-06,-0.00200057,0.0002625,2296.51
0,4308286,2,phononTF,0.00112701,0.00381367,-0.00345496,0.000262498,304.764,0.00112701,1,0.000282149,-0.00119769,-0.0002625,1038.59
0,4344650,5,phononL,0.000408169,0.00139187,-0.00317809,-0.0002625,1343.25,0.000382,1,0.000998639,-0.00300475,0.0002625,1566.28
0,4344651,1,phononTF,0.01,0.00375384,-0.00348208,-0.000227196,0,0.0030087,1,0.0037701,-0.00349121,-0.0002625,617.06
0,4350776,6,phononTS,0.000501333,0.00186619,-0.00313108,-0.0002625,139.3,0.000382,1,0.000998484,-0.00300485,0.0002625,1006.55
0,4350776,5,phononTS,0.000873573,0.00363551,-0.00334576,0.000262498,139.3,0.000873573,1,0.00179247,-0.00252865,-0.0002625,544.98
0,4365840,8,phononTS,0.00045038,0.000959321,-0.00333209,-0.000262498,1479.39,0.000382,1,0.00100336,-0.00300341,0.0002625,1602.35
0,4365840,3,phononTS,0.000893412,0.00376183,-0.00304471,0.000262498,35.6753,0.000457418,1,0.00379468,-0.00306506,-0.0002625,127.823
0,4370162,5,phononTF,0.000608352,0.00100251,-0.00300118,0.0002625,936.17,0.000608352,1,0.00132844,-0.00258917,-0.0002625,1197.02
0,4442195,8,phononTS,0.000388125,0.005,-0.00399905,0.000147583,1789.06,0.000382,1,0.0010015,0.00100074,0.0002625,4459.1
0,4462589,7,phononTF,0.000542552,0.00287178,-0.00246646,-0.0002625,623.236,0.000382,1,0.00200089,-0.00200207,0.0002625,2154.47
0,4464042,3,phononTF,0.00110596,0.00250666,-0.00230073,-0.0002625,342.425,0.000382,1,0.00199789,-0.00199933,0.0002625,989.421
0,4464042,7,phononL,0.000562167,0.00199789,-0.00199933,0.000262498,989.421,0.000562167,1,0.00283347,-0.00279454,-0.0002625,1133.96
0,4518919,7,phononTS,0.000398313,0.00100225,-0.00300261,0.000262498,1374.49,0.000398313,1,0.0010262,-0.00297591,-0.0002625,1464.14
0,4518919,5,phononTS,0.000427821,0.00497131,-0.00170666,0.000262498,438.291,0.000427821,1,0.00498939,-0.00166463,-0.0002625,530.427
0,4550380,7,phononTS,0.000412257,0.00200056,2.66941e-06,0.000262498,1368.02,0.000412257,1,0.00291439,0.00184079,-0.0002625,1780.58
0,4550380,3,phononTS,0.000501115,0.00373695,-0.00314899,0.000262498,45.8404,0.000501115,1,0.0037591,-0.00309671,-0.0002625,135.486
0,4550380,2,phononTF,0.00231199,0.00373695,-0.00314899,0.000262498,45.8404,0.00122387,1,0.0039851,-0.00303709,-0.0002625,150.9
0,4559297,8,phononTS,0.000489048,0.00095912,-0.00300656,-0.000262498,388.529,0.000382,1,0.00100375,-0.00300278,0.0002625,479.135
0,4570347,7,phononTS,0.000493671,0.000999735,-0.001004,0.000262498,2835.17,0.000493671,1,0.000954182,-0.00103688,-0.0002625,2924.48
0,4626612,9,phononTS,0.000455599,0.00275823,-0.00298076,-0.000262498,284.977,0.000382,1,0.0020011,-0.0020001,0.0002625,559.384
0,4626612,2,phononTS,0.00122261,0.00383479,-0.00324301,0.000262498,37.8978,0.000592033,1,0.00350832,-0.00402345,-0.0002625,244.708
0,4657738,7,phononTS,0.000492846,0.00015038,0.00180987,-0.000262498,1401.68,0.000382,1,3.20161e-06,0.00200016,0.0002625,1520.26
0,4659388,3,phononTS,0.00314241,0.00199681,7.07228e-07,0.0002625,139.564,0.00225236,1,0.00323215,0.000972618,-0.0002625,1476.34
0,4703947,10,phononTS,0.000529617,-0.00300119,-0.000996296,0.000262498,3687.78,0.000529617,1,-0.00301393,-0.0010351,-0.0002625,3782.52
0,4703947,3,phononL,0.00171769,0.00391634,-0.00404399,0.000262498,744.77,0.000461277,1,0.00415325,-0.00358804,-0.0002625,824.838
0,4704705,2,phononL,0.000643448,0.0018898,-0.00265217,-0.0002625,9.66711,0.000382,1,-2.90331e-06,-0.00200344,0.0002625,473.968
0,4730447,8,phononTF,0.000452582,0.00146344,-0.00145363,-0.0002625,165.871,0.000382,1,0.000995113,-0.000999339,0.0002625,882.361
0,4749197,7,phononTS,0.000932806,0.00313214,-0.000221357,-0.0002625,264.779,0.000764,1,0.002999,0.000999938,0.0002625,1372.9
0,4761775,9,phononTS,0.000633157,0.00339476,-0.000322285,-0.0002625,549.818,0.000382,1,0.0030035,0.0010019,0.0002625,1432.05
0,4820886,9,phononTS,0.00050373,-0.000970099,0.00105393,-0.000262498,3475.96,0.000382,1,-0.00100084,0.00100119,0.0002625,3565.24
0,4820886,5,phononTF,0.000382224,0.00212669,-0.0019705,0.000262498,2609.46,0.000382224,1,0.00197156,-0.00220901,-0.0002625,2714.17
0,4820886,4,phononTS,0.000599769,0.00212669,-0.0019705,0.000262498,2609.46,0.000599769,1,0.00203945,-0.00197355,-0.0002625,2708.64
0,4856847,6,phononTF,0.000611902,0.00209962,-0.00219068,-0.0002625,65.0235,0.000382,1,0.00199602,-0.00200426,0.0002625,1171.35
0,4856847,5,phononTS,0.000384393,0.00444729,-0.00246583,-0.0002625,65.0235,0.000384393,1,0.005,-0.00177477,0.000160125,518.194
0,4868597,6,phononTF,0.00126742,-0.00291287,-0.000827513,-0.000262498,1988.4,0.000764,1,-0.00299627,-0.000998576,0.0002625,2085.87
0,4894843,11,phononTS,0.000481353,4.59929e-06,0.00199892,0.000262498,2424.99,0.000481353,1,-4.90097e-06,0.00141872,-0.0002625,2578.21
0,4894843,2,phononTF,0.000582525,0.00376611,-0.00339532,0.000262498,153.312,0.000582525,1,0.00172281,-0.00345578,-0.0002625,543.215
0,4896409,6,phononTF,0.000759214,0.00239845,-0.0023249,-0.0002625,1630.69,0.000382,1,0.00200218,-0.00199668,0.0002625,2016.04
0,4911047,3,phononTS,0.00119552,0.00323341,-0.00474623,-0.0002625,21.8841,0.000382,1,0.000997795,-0.000995016,0.0002625,1599.53
0,4911047,5,phononTS,0.000484394,0.000997795,-0.000995016,0.000262498,1599.53,0.000484394,1,0.00100887,-0.00106809,-0.0002625,1696.86
0,4911047,2,phononTF,0.00296673,0.00366135,-0.00321379,0.000262498,21.8841,0.00262825,1,0.00357838,-0.00309861,-0.0002625,115.54
0,4917443,6,phononTS,0.000736583,0.00326909,0.000604992,-0.0002625,349.691,0.000382,1,0.00300279,0.000998352,0.0002625,1161.47
0,4939158,5,phononTS,0.000858886,0.00285619,-0.0015454,-0.0002625,56.4133,0.000382,1,0.00199552,-8.65511e-07,0.0002625,772.003
0,4939158,6,phononTS,0.000417269,0.00199552,-8.65511e-07,0.000262498,772.003,0.000417269,1,0.00202767,3.78794e-05,-0.0002625,861.41
0,4972315,7,phononL,0.00103874,-0.000479048,-0.00162335,-0.0002625,1914.61,0.000382,1,-0.00100132,-0.00100016,0.0002625,2640.05
0,4977477,10,phononTS,0.000457105,0.0014969,-0.0013238,-0.0002625,423.498,0.000382,1,0.0010025,-0.001005,0.0002625,927.261
0,4977477,3,phononTS,0.00115933,0.00380858,-0.00323959,0.000262498,9.14696,0.00115933,1,0.00382405,-0.00324117,-0.0002625,101.432
0,4977477,2,phononTS,0.00060645,0.00380858,-0.00323959,0.000262498,9.14696,0.00060645,1,0.00382644,-0.00325055,-0.0002625,99.2334
0,5003296,8,phononTS,0.0010187,0.00194311,0.00266091,-0.0002625,1118.76,0.000764,1,0.00199893,0.00200206,0.0002625,7003.53
0,5035520,9,phononTS,0.000512849,0.00264044,-0.00200774,-0.0002625,328.875,0.000382,1,0.00199724,-0.00200046,0.0002625,1469.95
0,5038263,6,phononTF,0.000743045,0.00100192,-0.00300356,0.000262498,994.31,0.000743045,1,0.000566852,-0.00253177,-0.0002625,1137.71
0,5038263,4,phononTS,0.000983294,0.00371205,-0.00284796,0.000262498,307.99,0.000983294,1,0.00204822,-0.00218036,-0.0002625,674.502
0,5070623,6,phononTF,0.000400574,0.00102449,-0.000933418,-0.0002625,1033.73,0.000382,1,0.00100239,-0.0010016,0.0002625,2042.38
0,5088680,8,phononTS,0.000487466,-0.000954515,-0.00103523,-0.000262498,1841.02,0.000382,1,-0.00100246,-0.000997208,0.0002625,1930.16
0,5088680,5,phononTF,0.000885532,0.00356375,-0.00377161,0.000262498,504.196,0.000551538,1,0.00350704,-0.00382914,-0.0002625,595.142
0,5104250,7,phononTS,0.000387961,0.005,-0.000543383,0.000191911,1121.22,0.000387961,1,0.004957,-0.000536875,-0.0002625,3225.82
0,5104250,2,phononTF,0.00133318,0.00354014,-0.00337576,0.000262498,248.001,0.00125938,1,0.00275604,-0.00257892,-0.0002625,459.99
0,5137356,7,phononTF,0.000673058,0.00124516,-0.00286402,-0.0002625,1143.64,0.000382,1,0.0020022,-0.00199508,0.0002625,3337.92
0,5137356,2,phononTF,0.000715526,0.00420654,-0.00258979,0.000262498,472.989,0.000715526,1,0.00478998,-0.00315893,-0.0002625,638.9
0,5148620,4,phononL,0.000544448,0.0026044,0.00086365,-0.0002625,6.01501,0.000382,1,0.00299707,0.00100036,0.0002625,871.374
0,5148620,3,phononTS,0.00289954,0.00380652,-0.00325824,0.000262498,6.01501,0.00135872,1,0.00376677,-0.00330967,-0.0002625,99.2695
0,5166157,8,phononTF,0.000477638,-0.00235118,0.00163291,-0.0002625,3221.2,0.000382,1,-0.00199575,0.0020024,0.0002625,6467.02
0,5171794,10,phononL,0.000715202,0.00157925,-0.000936792,-0.000262498,1110.33,0.000382,1,0.000998759,-0.00100482,0.0002625,1194.74
0,5174779,8,phononTS,0.00081261,3.82605e-06,2.94228e-06,0.0002625,1232.43,0.00081261,1,5.54568e-05,-2.57097e-05,-0.0002625,1417.45
0,5247439,8,phononTS,0.000490877,0.000687808,-0.00207955,-0.0002625,758.948,0.000382,1,2.19716e-06,-0.00200134,0.0002625,3655.78
0,5247439,5,phononTS,0.000775263,0.00367992,-0.00300917,0.000262498,675.678,0.000775263,1,0.00366119,-0.00300425,-0.0002625,767.838
0,5247817,9,phononTF,0.000518455,0.00299902,0.00100461,0.000262498,2103.21,0.000518455,1,0.00122131,0.00276773,-0.0002625,2541.17
0,5247817,5,phononL,0.00125951,0.00374445,-0.00335973,0.000262498,48.9062,0.000573377,1,0.00452209,-0.00297864,-0.0002625,160.552
0,5255761,8,phononTS,0.000928325,0.00200341,2.54449e-06,0.0002625,436.2,0.00060718,1,0.00198284,2.14827e-05,-0.0002625,1178.81
0,5270418,5,phononTF,0.00108286,0.00247611,-0.000486065,-0.0002625,1765.51,0.000382,1,0.00200222,-9.60987e-07,0.0002625,2205.85
0,5270418,2,phononTF,0.00139308,0.00348844,-0.00385965,0.000262498,341.175,0.00103816,1,0.00344711,-0.00381624,-0.0002625,431.635
0,5278025,5,phononL,0.000776448,0.00198313,-0.000499069,-0.0002625,1941.73,0.000382,1,0.00200175,-1.93004e-06,0.0002625,2462.01
0,5292569,11,phononTF,0.000567119,0.000997179,-0.00099854,0.0002625,149.819,0.000567119,1,9.00957e-05,-9.41088e-05,-0.0002625,1097.79
0,5331088,4,phononTS,0.00109106,0.000997756,-0.00100332,0.000262499,6565.63,0.000938322,1,0.000968483,-0.000665447,-0.0002625,6692.58
0,5353906,3,phononTF,0.000876219,0.00116866,-0.00112462,-0.0002625,145.772,0.000382,1,-2.26725e-06,4.83206e-06,0.0002625,1792.26
0,5353906,2,phononTS,0.00189447,0.0036233,-0.00318599,0.000262498,145.772,0.00189447,1,0.00359755,-0.00321322,-0.0002625,235.391
0,5377425,2,phononTS,0.00248062,0.00165185,-0.00144659,-0.0002625,713.575,0.000382,1,0.000995385,-0.000996767,0.0002625,1516.85
0,5377425,6,phononTS,0.000748719,0.000995385,-0.000996767,0.000262498,1516.85,0.000748719,1,0.00104279,-0.000748148,-0.0002625,1634.28
0,5383251,6,phononTS,0.000429388,-2.54463e-06,-0.00200374,0.0002625,1622.03,0.000429388,1,-2.54665e-05,-0.00199739,-0.0002625,1801.76
0,5392222,7,phononTS,0.000427212,0.00099837,-0.0030521,-0.000262498,2440.15,0.000382,1,0.00100286,-0.00299667,0.0002625,2531.07
0,5396866,6,phononTF,0.000689974,-0.00199759,-0.0019972,0.000262498,1813.92,0.000689974,1,-0.00206052,-0.00206528,-0.0002625,1905.26
0,5434096,4,phononTS,0.000888906,-0.00200021,-0.00199836,0.0002625,366.301,0.000888906,1,-0.00195805,-0.00265042,-0.0002625,2881.36
0,5470992,2,phononTF,0.000540528,0.005,-0.00499203,-0.000185134,362.639,0.000382,1,0.00100325,-0.00100418,0.0002625,1644.08
0,5474658,8,phononTS,0.000445048,-0.00199699,0.00199587,0.000262498,1679.82,0.000445048,1,-0.00182696,0.00225065,-0.0002625,1806.81
0,5478069,4,phononL,0.000809317,0.00240757,-0.00299805,-0.0002625,54.5381,0.000382,1,0.000996698,-0.00299817,0.0002625,379.916
0,5482609,11,phononTS,0.0013385,-0.000995136,-0.00100083,0.000262498,686.974,0.00055359,1,-0.00391137,-0.00426749,-0.0002625,1508.52
0,5518752,7,phononTF,0.00134225,0.00466826,-0.000688678,-0.0002625,363.717,0.000764,1,0.00300276,0.000996448,0.0002625,3364.76
0,5518752,6,phononL,0.000485461,0.00347965,-0.00290401,0.000262498,363.717,0.000485461,1,0.00227249,-0.00446001,-0.0002625,600.889
0,5546469,5,phononTS,0.00253581,0.00235536,-0.000934367,-0.0002625,343.694,0.001146,1,0.000997884,0.00100127,0.0002625,1279.29
0,5581204,8,phononTS,0.000631068,0.00104147,-0.00104522,-0.0002625,1960.27,0.000382,1,0.00100423,-0.000995705,0.0002625,2405.93
0,5649426,6,phononTF,0.000598041,0.00191347,-0.00192226,-0.0002625,816.378,0.000382,1,0.00100105,-0.00100487,0.0002625,1533.51
0,5690002,7,phononTS,0.0004186,0.00116619,-0.0030103,-0.000262498,1202.56,0.000382,1,0.00100242,-0.00300131,0.0002625,1308.96
0,5690002,4,phononTS,0.000721929,0.00339493,-0.00368242,0.000262498,442.576,0.000721929,1,0.00328065,-0.00376076,-0.0002625,548.811
0,5690002,3,phononTS,0.000826517,0.00339493,-0.00368242,0.000262498,442.576,0.000577617,1,0.00334752,-0.0036909,-0.0002625,533.017
0,5690002,2,phononTS,0.00124801,0.00339493,-0.00368242,0.000262498,442.576,0.000712575,1,0.00319022,-0.00406026,-0.0002625,586.304
0,5695587,5,phononTF,0.000682531,0.000904333,0.00090501,-0.0002625,791.869,0.000382,1,0.00100154,0.00100143,0.0002625,1746.92
0,5695587,4,phononL,0.000846647,0.00421412,-0.00252513,0.000262498,791.869,0.00038408,1,0.00406678,-0.00300523,-0.0002625,870.699
0,5697521,5,phononTF,0.000774073,0.000336723,-0.00172384,-0.0002625,1836.71,0.000382,1,1.79102e-06,-0.00200416,0.0002625,2193.6
0,5701895,8,phononTS,0.000543613,0.00199977,0.00200167,0.000262498,3501.08,0.000543613,1,0.00194994,0.00196635,-0.0002625,3590.26
0,5712853,3,phononTS,0.00231407,0.00188447,-0.00061893,-0.0002625,106.545,0.000764,1,-2.49413e-06,0.00199903,0.0002625,1344.34
0,5817823,8,phononTS,0.000616731,-0.00112285,0.0028845,-0.0002625,974.771,0.000382,1,-0.000999913,0.00299652,0.0002625,3909.73
0,5825176,7,phononTF,0.000546283,0.000998961,-0.00300059,0.000262498,1657.79,0.000546283,1,0.000768387,-0.00320573,-0.0002625,1762.91
0,5889851,10,phononTS,0.000776265,0.00199787,-0.00199555,0.000262498,784.112,0.000776265,1,0.00202783,-0.00203006,-0.0002625,873.602
0,5908645,6,phononTF,0.00058763,0.00118111,-0.0012089,-0.0002625,705.223,0.000382,1,0.00100268,-0.00100458,0.0002625,2475.09
0,5949024,8,phononTS,0.000485048,0.0018394,-0.00164119,-0.0002625,145.981,0.000382,1,0.000999626,-0.00100334,0.0002625,876.495
0,5977599,9,phononTS,0.000589189,0.00200423,-4.09766e-06,0.000262498,1135.28,0.000589189,1,0.00198708,-3.10502e-06,-0.0002625,1225.07
0,5977599,6,phononTS,0.000650896,0.00463026,-0.00421045,-0.0002625,753.66,0.000650896,1,0.00393068,-0.005,-7.33178e-05,1995.68
0,5977840,4,phononTS,0.00131246,0.00014315,-0.000848197,-0.0002625,359.109,0.000382,1,-2.87254e-07,-8.1888e-07,0.0002625,2456.14
0,5977840,7,phononTS,0.000403431,-2.87254e-07,-8.1888e-07,0.000262498,2456.14,0.000403431,1,-4.49777e-05,0.000423351,-0.0002625,2591.43
0,5977840,6,phononL,0.000476934,-2.87254e-07,-8.1888e-07,0.000262498,2456.14,0.000476934,1,-0.000205229,-0.000504209,-0.0002625,2538.18
0,5999435,5,phononTF,0.000410047,0.000790675,-0.00227344,-0.0002625,45.1736,0.000382,1,-1.14996e-06,-0.00199718,0.0002625,994.163
0,6004583,9,phononTS,0.000785359,0.00336828,-2.80487e-05,-0.0002625,2397.81,0.000382,1,0.0030002,0.000997647,0.0002625,3808.41
0,6005806,2,phononTF,0.00049567,0.00199723,-0.00199995,0.0002625,440.854,0.00049567,1,0.000481071,-0.00128818,-0.0002625,1073.82
0,6005807,1,phononL,0.01,0.00414241,-0.00325135,-0.000183675,0,0.00769728,1,0.00422612,-0.00331046,-0.0002625,419.613
0,6019460,8,phononTS,0.000496308,-0.00190433,-0.00295151,-0.000262498,2286.25,0.000382,1,-0.00199688,-0.00200439,0.0002625,2504.37
0,6058973,5,phononTS,0.000481101,0.00130798,-0.00329713,-0.0002625,91.0914,0.000382,1,0.000999141,-0.00299757,0.0002625,936.354
0,6058973,4,phononTS,0.000503805,0.00379489,-0.00307005,0.000262498,91.0914,0.000503805,1,0.00445208,-0.00303424,-0.0002625,258.148
0,6058973,3,phononTF,0.000824491,0.00379489,-0.00307005,0.000262498,91.0914,0.000648489,1,0.0040189,-0.00333208,-0.0002625,199.932
0,6062181,4,phononTS,0.00109222,0.00186411,-0.00157659,-0.0002625,245.012,0.000382,1,3.60024e-06,-3.70611e-06,0.0002625,1161.49
0,6062181,2,phononTS,0.00162261,0.00380475,-0.00326072,0.000262498,64.8008,0.000957332,1,0.00382113,-0.00332014,-0.0002625,160.838
0,6108195,3,phononL,0.000772881,0.00347476,0.000634194,-0.0002625,120.028,0.000382,1,0.00299522,0.00099713,0.0002625,926.712
0,6130723,4,phononTS,0.0014355,0.00188981,-0.00307014,-0.0002625,378.471,0.000382,1,0.000996993,-0.00299567,0.0002625,1004.75
0,6150915,9,phononTF,0.000712223,0.00143515,-0.0018194,-0.0002625,250.306,0.000382,1,-0.00100142,-0.000998956,0.0002625,1469.78
0,6150915,2,phononTS,0.00176433,0.00388836,-0.00332441,0.000262498,28.2773,0.00146302,1,0.00397986,-0.00316853,-0.0002625,139.171
0,6164382,6,phononTS,0.000806902,0.00143938,-0.00295853,-0.0002625,372.65,0.000382,1,1.04264e-06,-0.00199509,0.0002625,1088.52
0,6164383,1,phononTF,0.01,0.0037613,-0.00272441,-0.000219062,0,0.00584338,1,0.00373403,-0.00269843,-0.0002625,450.909
0,6202591,5,phononTS,0.000982178,-0.005,0.002612,-0.000167856,39.2454,0.000382,1,-0.0019951,0.00199684,0.0002625,3210.4
0,6202591,4,phononTF,0.000592849,0.00382557,-0.00336825,0.000262498,39.2454,0.000592849,1,0.00391641,-0.0034935,-0.0002625,133.581
0,6209919,7,phononTS,0.000546321,0.005,-0.00303136,-0.000235814,363.181,0.000382,1,-0.00299738,-0.000995575,0.0002625,2518.17
0,6209919,3,phononTF,0.00107352,0.00383599,-0.00349049,0.000262498,230.868,0.000916723,1,0.00327771,-0.00283908,-0.0002625,406.109
0,6237332,8,phononTS,0.000422498,0.00166881,3.96106e-05,-0.000262498,2552.48,0.000382,1,0.0019993,-2.38387e-07,0.0002625,2679.06
0,6260357,2,phononTS,0.00137007,0.000641678,-0.00362313,-0.0002625,148.496,0.000382,1,-9.67539e-07,-0.00199987,0.0002625,3433.08
0,6260357,6,phononTS,0.000657678,-9.67539e-07,-0.00199987,0.000262498,3433.08,0.000657678,1,-0.000972162,-0.00291741,-0.0002625,3724.22
0,6289848,8,phononTS,0.000516325,0.00281695,-0.00221011,-0.000262498,619.98,0.000382,1,0.00200259,-0.0019967,0.0002625,823.85
0,6302380,4,phononTS,0.00105831,0.000136169,-0.00275931,-0.0002625,464.735,0.000382,1,-4.38733e-06,-0.00200146,0.0002625,1649.33
0,6326406,4,phononTF,0.000410701,0.00209888,-0.00209663,-0.000262498,2216.62,0.000382,1,0.00200044,-0.00199763,0.0002625,2309.62
0,6337533,6,phononTS,0.00115789,0.00101156,-0.00162404,-0.0002625,976.177,0.000382,1,0.00100004,-0.00100122,0.0002625,2183.95
0,6338901,7,phononL,0.000652147,0.00176752,-0.000588125,-0.000262498,1187.73,0.000382,1,0.00100281,-0.00100016,0.0002625,1299.99
0,6338901,3,phononTS,0.000780026,0.00385949,-0.00336699,0.000262498,30.078,0.000584599,1,0.00277797,-0.00319304,-0.0002625,273.416
0,6385044,6,phononTS,0.000873518,-0.00235072,0.00212311,-0.0002625,2824.3,0.000382,1,-0.00100236,0.00300066,0.0002625,3791.01
0,6452995,5,phononTS,0.000909579,0.00112509,0.000725371,-0.0002625,1873.02,0.000382,1,0.000998172,0.000996858,0.0002625,2875.68
0,6452995,4,phononTF,0.00199452,0.00201351,-0.00117504,0.000262498,1873.02,0.00187545,1,0.00126249,-0.00194516,-0.0002625,2077.84
0,6474339,9,phononTS,0.00072733,0.0019953,-0.00200021,0.000262498,2003.59,0.00072733,1,0.00194353,-0.00194621,-0.0002625,2097.88
0,6530989,9,phononTS,0.000443069,0.00196536,-0.00195088,-0.000262498,3094.15,0.000382,1,0.00200378,-0.00199952,0.0002625,3183.27
0,6535623,8,phononTF,0.00114787,-0.000996109,-0.00100466,0.000262498,1683.67,0.00107559,1,-0.00191897,-0.00203425,-0.0002625,1939.36
0,6547549,3,phononTS,0.000717,0.00454149,0.005,-0.000207212,19.168,0.000382,1,0.00100237,0.000999625,0.0002625,4640.98
0,6596363,5,phononTS,0.000621641,-0.005,-0.000907534,-0.000233566,226.294,0.000621641,1,-0.00494633,-0.000908249,-0.0002625,3836.38
0,6652397,6,phononTS,0.000539106,0.000997838,-0.00100046,0.000262498,1156.29,0.000539106,1,0.000955031,-0.00095771,-0.0002625,1245.42
0,6664661,3,phononTS,0.000384021,0.00165863,-0.00243466,-0.0002625,215.126,0.000382,1,-0.00100481,-0.00099887,0.0002625,2792.36
0,6669089,6,phononTS,0.000605378,-0.00104532,-0.0015793,-0.0002625,1644.11,0.000382,1,-6.44553e-07,-0.00199635,0.0002625,4193.14
0,6693199,3,phononL,0.000626051,0.00210797,-0.00490631,-0.0002625,583.23,0.000382,1,0.00199665,-0.00199574,0.0002625,1308.22
0,6698778,8,phononTS,0.000716667,0.00100373,-0.00299796,0.000262498,4691.45,0.000275056,1,0.000721652,-0.00207384,-0.0002625,4916.2
0,6707614,2,phononTF,0.000719567,0.00334127,-0.00300656,-0.000262498,670.073,0.000382,1,0.00199957,-0.00199927,0.0002625,977.697
0,6727510,3,phononTF,0.00120159,0.00244095,-0.00245262,-0.0002625,426.562,0.000764,1,0.00199871,-0.00200458,0.0002625,847.528
0,6738946,2,phononTS,0.00100015,0.00208486,-0.0028602,-0.0002625,571.425,0.000382,1,0.00200311,-0.00199894,0.0002625,2503.64
0,6746073,7,phononTF,0.000561371,0.00100019,-0.00300149,0.0002625,1251.83,0.000561371,1,0.00124499,-0.00334825,-0.0002625,1490.49
0,6807580,9,phononL,0.000421962,0.00262671,-0.00217354,-0.0002625,138.075,0.000382,1,0.0020044,-0.00200063,0.0002625,841.874
0,6807580,2,phononL,0.000436635,0.00378869,-0.00322729,0.000262498,5.51018,0.000436635,1,0.00315665,-0.00279554,-0.0002625,108.105
0,6811983,7,phononTF,0.000624856,-0.000583609,-0.0015497,-0.0002625,4138.92,0.000382,1,0.000999443,-0.00100203,0.0002625,4654.06
0,6811984,3,phononTS,0.00642218,0.00340028,-0.00283815,-0.00011872,386.765,0.00437181,1,0.0029534,-0.0025181,-0.0002625,525.921
0,6812971,9,phononTS,0.000470046,-4.06743e-06,0.00200069,0.000262498,1891.2,0.000470046,1,0.00105872,0.00148536,-0.0002625,2154.03
0,6827201,3,phononL,0.0025348,0.00469699,-0.005,-8.15229e-05,263.989,0.000382,1,3.86197e-06,-0.0019988,0.0002625,1324.57
0,6832282,5,phononTF,0.000397591,0.00212345,-0.00202149,-0.0002625,743.158,0.000382,1,0.00200224,-0.0019956,0.0002625,1349.1
0,6832282,4,phononTF,0.0012952,0.00303305,-0.00256618,0.000262498,743.158,0.00112654,1,0.00228223,-0.00299982,-0.0002625,927.182
0,6860297,4,phononTF,0.000430066,-0.00183931,-0.00213606,-0.0002625,921.332,0.000382,1,-0.00200486,-0.00199703,0.0002625,2292.31
0,6880689,8,phononTF,0.000908509,0.00200036,1.48428e-06,0.000262498,2635.24,0.000431571,1,0.00159589,0.000421404,-0.0002625,2769.46
0,7009014,8,phononTS,0.000427335,0.00104485,-0.00286479,-0.0002625,408.09,0.000382,1,0.00100459,-0.00299874,0.0002625,2419.13
0,7009014,3,phononL,0.000689639,0.0037538,-0.00318544,0.000262498,83.6858,0.000689639,1,0.00477967,-0.00298332,-0.0002625,210.498
0,7009014,2,phononTS,0.00113468,0.0037538,-0.00318544,0.000262498,83.6858,0.00113468,1,0.00365992,-0.00316368,-0.0002625,184.454
0,7009782,4,phononTF,0.00059664,-1.59163e-06,-0.00200118,0.0002625,4.38415,0.00059664,1,-0.00349567,-0.00198649,-0.0002625,1972.45
0,7026436,5,phononTS,0.00046474,-0.00232823,0.00305033,-0.0002625,301.07,0.000382,1,-0.00199819,0.00200363,0.0002625,3678.63
0,7061128,8,phononTF,0.000581638,-0.00264484,-0.00275012,-0.0002625,248.818,0.000382,1,-0.000997354,-0.0010011,0.0002625,5856.27
0,7061129,1,phononTF,0.01,0.00414351,-0.00293625,-0.000235782,0,0.00563873,1,0.00415105,-0.0029448,-0.0002625,418.313
0,7110562,7,phononTF,0.00040159,-0.00294416,0.005,-0.000126129,4542.41,0.00040159,1,-0.00222143,0.0045728,-0.0002625,5480.94
0,7133354,7,phononTF,0.000598901,0.00128339,-0.00273817,-0.0002625,576.333,0.000382,1,0.00100195,-0.00299654,0.0002625,912.53
0,7213879,10,phononTF,0.000554291,0.00199536,-0.00200328,0.000262498,814.82,0.000554291,1,0.00206891,-0.00192568,-0.0002625,906.535
0,7213879,8,phononTF,0.000708234,0.00396814,-0.00375555,0.000262498,323.307,0.000708234,1,0.00440159,-0.00333247,-0.0002625,460.558
0,7215440,4,phononTF,0.000880931,0.00163252,-0.000361599,-0.0002625,212.256,0.000382,1,0.00300285,0.00100147,0.0002625,3473.33
0,7215440,5,phononTF,0.000384809,0.00300285,0.00100147,0.000262498,3473.33,0.000384809,1,0.0033427,0.000816569,-0.0002625,3590.45
0,7245773,7,phononTS,0.00060702,0.00100497,-0.00299534,0.000262498,2812.78,0.00060702,1,0.00200725,-0.00323555,-0.0002625,3045.27
0,7262427,7,phononTF,0.00061638,0.00220987,-0.00237063,-0.0002625,21.8409,0.000382,1,0.00200478,-0.00199552,0.0002625,957.33
0,7262427,6,phononTF,0.000988349,0.00376641,-0.00312627,0.000262498,21.8409,0.000988349,1,0.00374498,-0.00316458,-0.0002625,112.124
0,7262427,5,phononTS,0.000945419,0.00376641,-0.00312627,0.000262498,21.8409,0.000945419,1,0.00381075,-0.00315567,-0.0002625,119.327
0,7262427,4,phononTS,0.000881178,0.005,-0.00191371,0.000138035,21.8409,0.0003087,1,0.00484831,-0.00227752,-0.0002625,444.847
0,7296755,8,phononTS,0.000416883,4.5635e-06,-0.00200229,0.000262498,1779.97,0.000416883,1,0.000585752,-0.00205031,-0.0002625,1937.01
0,7296755,4,phononTS,0.00131601,0.0010274,-0.005,0.000238289,194.687,0.00100895,1,0.00290934,-9.20611e-07,-0.0002625,1951.52
0,7303153,4,phononTF,0.000391161,0.00495894,-0.00387041,-0.0002625,31.6905,0.000382,1,0.00199936,3.7544e-06,0.0002625,1148.61
0,7315004,6,phononL,0.000479965,0.00164271,-0.00311764,-0.0002625,459.844,0.000382,1,0.000996095,-0.00300241,0.0002625,821.108
0,7347680,10,phononL,0.00051877,0.00138481,-0.00311833,-0.0002625,647.736,0.000382,1,0.00100267,-0.00299589,0.0002625,1286.26
0,7397603,2,phononTF,0.000549185,0.00222281,-0.00218934,-0.0002625,266.408,0.000382,1,0.00199979,-0.00200306,0.0002625,993.525
0,7399547,2,phononTS,0.00203156,0.005,-0.00396673,8.41887e-05,38.5831,0.000382,1,-3.93133e-06,1.78544e-07,0.0002625,1448.33
0,7430665,8,phononTF,0.000423307,0.00200027,-0.00199535,0.000262498,5917.9,0.000423307,1,0.00303497,-0.000973412,-0.0002625,6182.62
0,7436015,6,phononL,0.000820928,0.000362337,-0.000497179,-0.0002625,851.375,0.000382,1,0.00100239,0.00100376,0.0002625,1446.06
0,7466759,6,phononTF,0.000830791,0.000867968,0.000867192,-0.0002625,1738.91,0.000382,1,0.001004,0.00100396,0.0002625,3059.08
0,7489116,8,phononTS,0.000428145,-0.0010006,0.000998922,0.000262498,3421.39,0.000428145,1,-0.00226832,0.00147948,-0.0002625,3710.42
0,7493548,6,phononTS,0.00115756,0.00237315,-0.00195714,-0.0002625,689.149,0.000382,1,0.00200194,-0.00200023,0.0002625,1145.36
0,7493548,2,phononTS,0.000872759,0.00389215,-0.00319215,0.000262498,314.146,0.000872759,1,0.00408923,-0.00319983,-0.0002625,423.859
0,7503465,4,phononTF,0.00098534,-0.00113875,-0.000865867,-0.0002625,186.705,0.000382,1,-0.00100493,-0.00100383,0.0002625,4596.44
0,7520194,5,phononTF,0.00112576,0.00099678,-0.00100355,0.000262498,1828.39,0.000776944,1,-0.000341006,-0.00108091,-0.0002625,2102.61
0,7533189,7,phononTF,0.000578273,-0.00148502,-0.002379,-0.0002625,2018.23,0.000382,1,-0.0019997,-0.00200339,0.0002625,2560.92
0,7545249,11,phononTF,0.000608875,0.005,-0.00315563,-1.96805e-06,1803.43,0.000608875,1,0.0047389,-0.00340912,-0.0002625,2580.78
0,7545652,7,phononTF,0.000640277,0.00200214,0.00200073,0.000262498,2625.92,0.000640277,1,0.00178972,0.00209771,-0.0002625,2727.17
0,7570010,6,phononTS,0.000470087,0.00257273,-0.00339352,-0.0002625,341.475,0.000382,1,0.000998114,-0.000998074,0.0002625,1713.57
0,7591286,3,phononTS,0.00489437,0.0017318,-0.00220306,0.000241689,128.274,0.001146,1,0.00199583,-0.00199901,0.0002625,870.512
0,7591286,6,phononTF,0.000463624,0.00199583,-0.00199901,0.000262498,870.512,0.000463624,1,0.000236479,0.0041839,-0.0002625,1997.52
0,7641090,2,phononTF,0.00131065,0.00362764,0.00076698,-0.0002625,62.269,0.000382,1,0.00299715,0.0010018,0.0002625,1181.2
0,7664267,9,phononTS,0.000607199,0.00299578,0.000999402,0.000262498,861.943,0.000607199,1,0.00275269,0.00120774,-0.0002625,991.146
0,7672144,7,phononTF,0.000531663,1.35284e-06,-0.00199624,0.000262498,1919.9,0.000531663,1,0.000319955,-0.0016667,-0.0002625,2039.16
0,7705741,7,phononTF,0.000440707,0.00386618,-3.73989e-05,-0.0002625,1807.46,0.000382,1,0.00200386,0.00199653,0.0002625,2975.75
0,7706084,7,phononTS,0.000481003,0.00405869,-0.00418822,-0.000262498,1766.08,0.000382,1,0.00199544,-0.00199964,0.0002625,2346.72
0,7706664,2,phononTS,0.000688781,0.00251599,-0.001291,-0.0002625,812.209,0.000382,1,0.00199531,4.20361e-06,0.0002625,1678.9
0,7715132,2,phononTS,0.00134236,0.005,-0.00338203,-0.000209658,354.186,0.000382,1,-1.07449e-06,0.00200192,0.0002625,1837.76
0,7715132,8,phononL,0.000626542,-1.07449e-06,0.00200192,0.000262498,1837.76,0.000626542,1,0.000229625,0.00193348,-0.0002625,1903.56
0,7715133,1,phononL,0.01,0.00390948,-0.00284417,-0.000252585,0,0.00692067,1,0.00390084,-0.00284239,-0.0002625,231.715
0,7719955,4,phononTF,0.00102827,0.00235884,-0.00201025,-0.0002625,82.7384,0.000382,1,0.00100341,-0.00100191,0.0002625,702.207
0,7719955,9,phononTS,0.000440398,0.00100341,-0.00100191,0.000262498,702.207,0.000440398,1,0.000976571,-0.00104259,-0.0002625,796.426
0,7719955,3,phononTS,0.000635575,0.00371427,-0.00301858,0.000262498,82.7384,0.000635575,1,0.00376538,-0.00296805,-0.0002625,176.79
0,7719955,2,phononTF,0.00125781,0.00371427,-0.00301858,0.000262498,82.7384,0.000386123,1,0.0038371,-0.00298444,-0.0002625,176.456
0,7790678,12,phononTS,0.000459314,0.00200453,-0.00200067,0.000262499,3219.8,0.000459314,1,0.0020269,-0.00195093,-0.0002625,3317.22
0,7790679,1,phononL,0.01,0.00325585,-0.00293881,-0.000262344,0,0.00808585,1,0.00325586,-0.00293839,-0.0002625,706.943
0,7797827,4,phononTF,0.00211467,0.00242887,-0.00161284,-0.0002625,265.733,0.000382,1,0.0019984,-0.00200494,0.0002625,1475.07
0,7806598,7,phononTS,0.00045962,0.000998797,-0.00299888,0.0002625,4279.27,0.00045962,1,0.00190268,-0.00281891,-0.0002625,4710.31
0,7806598,4,phononTS,0.000999442,0.00369715,-0.00330948,0.000262498,33.787,0.000504055,1,0.00373637,-0.00327856,-0.0002625,123.213
0,7853189,4,phononTS,0.000460474,-0.000314134,-0.00251425,-0.0002625,99.3687,0.000382,1,0.0030004,0.00100163,0.0002625,9201.35
0,7858311,3,phononTS,0.000746629,-0.000136634,0.00163082,-0.0002625,40.4957,0.000382,1,0.00200417,-2.66937e-06,0.0002625,4338.57
0,7877744,8,phononTF,0.000628039,0.000999074,-0.00300322,0.000262498,2348.18,0.00044576,1,0.00120732,-0.00279996,-0.0002625,2450.99
0,7877744,3,phononTF,0.000735171,0.00357505,-0.00336197,0.000262498,647.045,0.000735171,1,0.00368774,-0.00347706,-0.0002625,741.083
0,7889795,3,phononTF,0.00388047,0.00221951,-0.00161407,-0.000146539,711.007,0.001146,1,0.000999405,-0.00100484,0.0002625,1236.7
0,7889795,5,phononTS,0.000582262,0.000999405,-0.00100484,0.000262499,1236.7,9.30709e-05,1,0.00101477,-0.00102686,-0.0002625,1326.59
0,7894368,5,phononTS,0.000761903,-0.00012452,-0.00233672,-0.0002625,98.5585,0.000382,1,-0.00200112,-0.0019959,0.0002625,1931.07
0,7935202,5,phononTF,0.000541624,0.00252491,-0.00250188,-0.0002625,574.299,0.000382,1,0.00200265,-0.0019964,0.0002625,1034.49
0,7983792,7,phononTS,0.000386634,0.000163075,-0.005,0.000156572,4449.94,0.000386634,1,0.000585047,-0.00378862,-0.0002625,8821.81
0,7991577,7,phononTF,0.00053685,0.000713501,-0.00269137,-0.0002625,481.848,0.000382,1,0.00100288,-0.00299928,0.0002625,1154.92
0,7996466,7,phononL,0.000443571,-0.00103906,-0.0023989,-0.0002625,262.485,0.000382,1,-0.00199671,-0.00200242,0.0002625,904.862
0,8006996,8,phononTS,0.000512694,2.24473e-06,-0.00200149,0.000262498,1229.64,0.000512694,1,2.09567e-05,-0.00194744,-0.0002625,1327.15
0,8013828,7,phononL,0.000501089,-0.00300114,-0.00100462,0.000262498,3376.21,0.000501089,1,-0.00352989,-0.00133412,-0.0002625,3465.31
0,8018595,5,phononTF,0.000577382,0.00113348,0.0011294,-0.0002625,3734.08,0.000382,1,0.000995977,0.000998031,0.0002625,4508.57
0,8029722,8,phononTF,0.000937908,0.00199784,-0.00199943,0.000262498,1008.62,0.000937908,1,0.0017658,-0.00181128,-0.0002625,1113.41
0,8033747,8,phononTS,0.000568999,0.00199712,-0.00200229,0.000262498,806.668,0.000568999,1,0.00202788,-0.00198258,-0.0002625,896.202
0,8045849,8,phononTS,0.000557118,0.0020023,-0.00199633,0.000262498,1588.39,0.000557118,1,0.00206003,-0.00196988,-0.0002625,1686.63
0,8045850,1,phononL,0.01,0.00399198,-0.00300075,-7.12773e-05,0,0.00783234,1,0.00396653,-0.00322966,-0.0002625,632.408
0,8058032,6,phononTF,0.0018042,0.00291401,-0.00294332,-0.0002625,882.003,0.000382,1,0.00199506,-0.00200477,0.0002625,1366.16
0,8067485,7,phononTS,0.00086858,-0.00299926,-0.00100431,0.000262498,1709.45,0.00086858,1,-0.00304369,-0.00103316,-0.0002625,1799.05
0,8067485,2,phononL,0.0037956,0.00379292,-0.00322581,0.000262498,34.363,0.00272392,1,0.00381845,-0.00258226,-0.0002625,123.333
0,8097820,6,phononTF,0.00109697,0.00174553,0.000391284,-0.0002625,26.6432,0.000764,1,-4.9779e-06,0.00199533,0.0002625,2358.81
0,8105311,8,phononTF,0.000803846,0.00115869,-0.00284299,-0.000262498,494.465,0.000382,1,0.00100389,-0.002996,0.0002625,591.898
0,8137587,2,phononTF,0.00115939,-0.00445576,-0.000387742,-0.0002625,101.017,0.000382,1,-0.00199802,-4.20996e-06,0.0002625,2592.48
0,8137587,7,phononTS,0.000498699,-0.00199802,-4.20996e-06,0.000262498,2592.48,0.000498699,1,-0.00132639,2.51795e-05,-0.0002625,2762.8
0,8137588,1,phononTS,0.01,0.00397778,-0.00296185,-0.000250785,0,0.00482711,1,0.00395881,-0.00296615,-0.0002625,405.16
0,8171592,10,phononTS,0.000459514,0.00180697,0.000580768,-0.0002625,1680.95,0.000382,1,9.83817e-07,0.00200281,0.0002625,4023.68
0,8171592,3,phononTS,0.000903301,0.00354566,-0.0033382,0.000262498,87.512,0.000903301,1,0.00257014,-0.00355192,-0.0002625,316.009
0,8190036,6,phononTF,0.000530199,0.0013888,-0.0024997,-0.0002625,1320.36,0.000382,1,-0.000997434,-0.00100043,0.0002625,2974.07
0,8197946,6,phononTS,0.000663599,0.0019995,3.57979e-06,0.000262498,1037.2,0.000663599,1,0.00143949,0.000535591,-0.0002625,1234.85
0,8212845,4,phononTS,0.000824205,0.00260531,-0.00302245,-0.0002625,939.335,0.000382,1,0.00100439,-0.00100368,0.0002625,2274.4
0,8212845,3,phononTF,0.000404786,0.00408281,-0.00347476,0.000262498,939.335,0.000404786,1,-0.00233374,-0.00259179,-0.0002625,2078.66
0,8212845,2,phononL,0.00127144,0.00408281,-0.00347476,0.000262498,939.335,0.00119053,1,0.00401289,-0.00392163,-0.0002625,1014.73
0,8235959,3,phononTF,0.000508004,0.00266213,-0.00264698,-0.0002625,1191.19,0.000382,1,0.00200369,-0.0020013,0.0002625,1554.54
0,8272527,3,phononTS,0.00132375,0.000691978,-0.00213382,-0.0002625,124.762,0.000382,1,1.06766e-06,-0.00200359,0.0002625,1735.01
0,8301540,5,phononTS,0.000613765,-0.00211697,-0.00105806,-0.0002625,1374.38,0.000382,1,-0.00299711,-0.00100453,0.0002625,2418.8
0,8301540,3,phononTF,0.00131469,0.0038398,-0.00321456,0.000262498,15.6322,0.0012033,1,0.00420192,-0.00283787,-0.0002625,142.353
0,8301817,5,phononTS,0.00088068,-0.00200072,2.40914e-06,0.0002625,514.182,0.000855443,1,-0.00316386,-0.000418543,-0.0002625,5250.48
0,8316334,3,phononTS,0.00113799,0.00226544,-0.00220737,-0.0002625,149.345,0.000382,1,0.00199796,-0.00200378,0.0002625,937.003
0,8316334,2,phononTS,0.00537122,0.00360284,-0.0032253,0.000262498,149.345,0.00322375,1,0.00428285,-0.00325479,-0.0002625,319.216
0,8340460,4,phononTS,0.00056654,0.00064205,-0.00150697,-0.0002625,61.0881,0.000382,1,0.00199975,-0.00200424,0.0002625,4488.41
0,8340460,3,phononTS,0.000437181,0.00364547,-0.00318202,0.000262498,61.0881,0.000437181,1,0.00255575,-0.00141854,-0.0002625,470.674
0,8352888,7,phononTF,0.000879867,0.00164317,0.000377817,-0.0002625,216.845,0.000764,1,0.00100054,0.00100252,0.0002625,1577.94
0,8352888,2,phononTS,0.00155774,0.00378101,-0.00311797,0.000262498,124.7,0.00155774,1,0.00400355,-0.00417329,-0.0002625,365.577
0,8354250,4,phononTS,0.000660356,-0.000342617,0.005,-0.000215051,1264.13,0.000660356,1,-0.000342701,0.00499842,-0.0002625,4492.75
0,8354250,2,phononTF,0.00207578,0.00462517,-0.00354243,4.29015e-05,831.945,0.000535362,1,0.00484457,-0.00331315,-0.0002625,907.817
0,8354250,8,phononTS,0.00140314,0.00226473,-0.005,0.00016947,907.817,0.000365234,1,0.00242432,-0.00430184,-0.0002625,1663.26
0,8355750,6,phononTS,0.000459975,0.00200082,-0.00200064,0.000262498,1533.58,0.000459975,1,0.00133414,-0.00193642,-0.0002625,1700.78
0,8355750,2,phononTF,0.000892027,0.00378905,-0.00323655,0.000262498,3.75543,0.000892027,1,0.00432736,-0.0036527,-0.0002625,155.336
0,8359871,8,phononTF,0.00105079,7.05118e-07,-3.32018e-06,0.000262498,4701.64,0.00105079,1,8.8452e-05,-4.28345e-05,-0.0002625,4793.57
0,8365416,2,phononTF,0.00191923,0.00312978,-0.00230374,-0.0002625,682.512,0.000382,1,0.0019975,-0.00200346,0.0002625,1551.1
0,8380968,4,phononTS,0.00262442,0.00235926,-0.000441968,-0.0002625,67.6886,0.001146,1,-3.0696e-06,0.00199721,0.0002625,2672.72
0,8380968,7,phononTS,0.000650414,-0.00458451,0.005,-0.000149236,2672.72,0.000650414,1,-0.00477234,0.00490978,-0.0002625,3728.92
0,8389583,6,phononTS,0.00100473,0.0029919,-0.000684954,-0.0002625,2319.83,0.000382,1,0.000998662,0.000995234,0.0002625,3416.5
0,8389583,5,phononL,0.000410764,0.00481934,-0.00274031,0.000262498,2319.83,0.000410764,1,0.00441912,-0.00156848,-0.0002625,2468.61
0,8406956,5,phononL,0.000524659,0.00300257,0.00100276,0.000262498,1591.86,0.000524659,1,0.00318045,0.00149122,-0.0002625,1672.05
0,8457444,9,phononTS,0.0017952,0.00199683,-0.00199904,0.000262498,600.022,0.0016786,1,0.002006,-0.00254259,-0.0002625,747.033
0,8486883,7,phononTS,0.000472481,0.00186926,-0.00143569,-0.0002625,1193.54,0.000382,1,-0.000997999,0.00099707,0.0002625,4038.95
0,8486883,2,phononTF,0.00116923,0.00413671,-0.00285527,0.000262498,1099.53,0.000397806,1,0.00408973,-0.00270616,-0.0002625,1195.04
0,8498120,2,phononTF,0.000951151,-0.000399779,0.00191677,-0.0002625,184.577,0.000764,1,-0.0010016,0.00300435,0.0002625,2255.3
0,8498121,1,phononTS,0.01,0.0035806,-0.00302756,-0.000258344,0,0.00391559,1,0.00357895,-0.00303512,-0.0002625,515.643
0,8510502,10,phononTS,0.00039485,-2.68747e-05,0.000242781,-0.0002625,3671.9,0.000382,1,-3.26717e-06,3.66611e-07,0.0002625,4018.18
0,8510949,8,phononTS,0.000491858,0.00201884,-0.001975,-0.0002625,1021.72,0.000382,1,0.00200004,-0.00199622,0.0002625,1206.48
0,8517251,6,phononTF,0.00128718,0.000995415,-0.00100242,0.000262498,1872.01,0.00127273,1,0.000770936,-0.000770335,-0.0002625,1977.5
0,8517251,2,phononTF,0.00242629,0.00393982,-0.00313066,8.03332e-05,94.4286,0.0017797,1,0.00415872,-0.00342409,-0.0002625,183.129
0,8521860,8,phononTS,0.000554389,-0.00299895,-0.00099968,0.000262498,3781.78,0.000554389,1,-0.0026572,-0.00184054,-0.0002625,3998.44
0,8547161,6,phononTS,0.000392538,0.000993638,-0.00301473,-0.0002625,1061.53,0.000382,1,0.00100353,-0.00300328,0.0002625,1446.16
0,8547162,1,phononTS,0.01,0.00361012,-0.00298052,-0.000239641,0,0.00484743,1,0.0034804,-0.00306256,-0.0002625,849.653
0,8573162,5,phononTF,0.000832877,0.00201371,0.000336866,-0.000262498,2199.62,0.000382,1,0.00199956,3.09389e-06,0.0002625,2314.45
0,8598385,5,phononTF,0.00038885,0.00213546,-0.00217107,-0.0002625,1701.39,0.000382,1,0.00200442,-0.00200391,0.0002625,2276.26
0,8598385,4,phononTS,0.00230774,0.00267583,-0.00251962,0.000262498,1701.39,0.00230774,1,-0.00104688,0.00308554,-0.0002625,2939.91
0,8598385,3,phononTS,0.00271602,0.00267583,-0.00251962,0.000262498,1701.39,0.00190568,1,0.00265336,-0.00248006,-0.0002625,1791.43
0,8599290,5,phononTS,0.000390136,-0.00392252,0.005,5.42905e-05,369.748,0.000390136,1,0.00096931,-0.000936344,-0.0002625,4434.83
0,8629887,9,phononTS,0.000741359,0.00200411,-0.005,-0.000190786,1060.56,0.000553652,1,0.00243434,-0.00456963,-0.0002625,1601.88
0,8649122,7,phononTS,0.000428327,0.005,-0.0022612,-5.10664e-05,1950.84,0.000428327,1,0.00453234,-0.00166855,-0.0002625,3706.95
0,8658909,10,phononTS,0.000387274,-0.005,-0.00485151,-0.000137799,1145.49,0.000387274,1,-0.00342575,-0.00431658,-0.0002625,2420.37
0,8660127,9,phononTS,0.000571531,2.65922e-06,1.19916e-07,0.000262499,1513.9,0.000571531,1,-4.36462e-05,0.000414732,-0.0002625,1647.9
0,8661950,9,phononTF,0.000448136,0.000251137,0.00195351,-0.000262498,3297.48,0.000382,1,-6.27941e-07,0.00200264,0.0002625,3402.4
0,8663318,9,phononTS,0.000781136,-0.00187299,-0.000280507,-0.0002625,8321.64,0.000382,1,-0.00199591,-6.2831e-07,0.0002625,9219.79
0,8698947,9,phononTF,0.00066656,-0.0010027,-0.000997709,0.000262498,1762.1,0.00066656,1,-0.00121428,-0.000670152,-0.0002625,1878.18
0,8698947,5,phononTS,0.0019354,0.00377987,-0.00326456,0.000262498,5.0621,0.00152727,1,0.00342293,-0.00334348,-0.0002625,137.125
0,8713957,7,phononTF,0.000972767,0.00104944,0.00096167,-0.0002625,1786.07,0.000764,1,0.00100476,0.00100423,0.0002625,2063.02
0,8713957,4,phononTF,0.00135995,0.00499813,-0.0039076,0.000262498,609.249,0.00135995,1,0.00492702,-0.00383993,-0.0002625,700.68
0,8755368,10,phononTS,0.000581865,0.00199785,-2.98804e-06,0.000262499,1833.76,0.000581865,1,5.08392e-05,-0.0015487,-0.0002625,2323.03
0,8755368,2,phononTF,0.000777411,0.00377593,-0.00321027,0.000262498,30.2739,0.000282311,1,0.00409082,-0.00353109,-0.0002625,149.033
0,8771745,7,phononTS,0.000403346,0.00300154,0.00100192,0.000262498,1797.59,0.000403346,1,0.00144028,-8.5702e-05,-0.0002625,2172.04
0,8794223,12,phononTS,0.00039193,0.00299924,0.000997158,0.000262498,957.147,0.00039193,1,0.0029812,0.00123157,-0.0002625,1069.15
0,8826615,7,phononTS,0.00038971,0.00199886,-0.00199903,0.0002625,5391.94,0.00038971,1,0.00200019,-0.00222882,-0.0002625,5843.15
0,8831730,5,phononTS,0.000690185,0.00303069,-0.005,-0.000217516,495.374,0.000382,1,-2.49314e-06,-0.00200257,0.0002625,1531.76
0,8846189,8,phononTF,0.000800185,0.00290717,-0.00488937,-0.0002625,1285.44,0.000382,1,0.0010014,-0.00300351,0.0002625,1852.21
0,8850151,6,phononTS,0.000775051,0.00217695,-0.00216336,-0.0002625,236.047,0.000382,1,0.00100316,-0.00299891,0.0002625,2382.45
0,8885963,2,phononTS,0.000591228,0.00313833,0.000703836,-0.0002625,167.104,0.000382,1,0.0030044,0.000996583,0.0002625,2368.32
0,8890363,9,phononTS,0.000400656,-4.29893e-08,-0.00199945,0.000262498,1906.65,0.000400656,1,0.00091094,-0.001715,-0.0002625,2124.83
0,8914606,8,phononTF,0.00110751,0.00139638,-0.00270686,-0.0002625,309.358,0.000382,1,0.0019969,-0.00200146,0.0002625,2647.43
0,8946818,6,phononTF,0.000698234,0.00084394,-0.000845705,-0.000262498,738.326,0.000382,1,0.000995484,-0.00100259,0.0002625,835.638
0,8946818,4,phononTF,0.000430656,0.00374276,-0.003246,0.000262498,27.3327,0.000430656,1,0.00378843,-0.00306975,-0.0002625,124.932
0,8956398,2,phononTF,0.000860232,0.00289916,0.000290402,-0.0002625,129.761,0.000764,1,0.00100084,0.00099509,0.0002625,1744.3
0,8975334,2,phononTS,0.00110991,0.000903406,0.000632014,-0.0002625,282.413,0.000382,1,7.71769e-07,0.00199993,0.0002625,1599.6
0,8997590,5,phononTS,0.000451806,0.00399584,-0.00354439,-0.000262498,1250.02,0.000382,1,0.00200075,-0.00199527,0.0002625,1731.5
0,9021537,5,phononTS,0.00129347,3.5316e-05,-0.000896849,-0.0002625,46.6601,0.000382,1,0.00200453,-9.7826e-07,0.0002625,1403.62
0,9025927,9,phononTS,0.000560596,0.00200487,-0.00200276,0.000262498,581.668,0.000560596,1,0.00201561,-0.00215618,-0.0002625,687.151
0,9025927,5,phononTS,0.000472686,0.0038431,-0.00333136,0.000262498,24.2175,0.000472686,1,-0.00494463,0.00269262,-0.0002625,1959.56
0,9069699,5,phononL,0.000742461,0.00189194,-0.00319464,-0.0002625,248.276,0.000382,1,0.0010024,-0.00299969,0.0002625,589.301
0,9072904,8,phononTS,0.000452892,0.00200379,-0.00199602,0.000262498,1090.49,0.000452892,1,0.0019771,-0.00196983,-0.0002625,1183.06
0,9082252,7,phononTS,0.000554308,-5.3458e-05,-0.0020724,-0.000262498,4799.01,0.000382,1,-1.78079e-06,-0.00200203,0.0002625,4894.57
0,9114449,5,phononTF,0.000627122,0.00199527,-0.00199572,0.000262498,5191.23,0.000627122,1,0.00166442,-0.00172091,-0.0002625,5309.51
0,9114449,2,phononTS,0.00299828,0.0031365,-0.00341763,-0.000158274,385.776,0.00190717,1,0.00322813,-0.00330431,-0.0002625,504.466
0,9130860,5,phononTS,0.000634237,0.00186486,0.00200464,-0.0002625,4561.42,0.000382,1,0.00199612,0.00199649,0.0002625,5511.79
0,9195185,13,phononTS,0.000531971,0.00200264,-4.54637e-06,0.0002625,3956.98,0.000531971,1,0.00221117,-4.05654e-05,-0.0002625,4155.26
0,9207336,7,phononTS,0.000498615,0.00100498,-0.000995637,0.000262498,2602.25,0.000498615,1,0.000957095,-0.00108809,-0.0002625,2699.72
0,9207336,2,phononTF,0.00137724,0.00305223,-0.00228252,0.000262499,763.333,0.000351571,1,0.00281265,-0.00166424,-0.0002625,922.367
0,9216510,7,phononTF,0.000505932,0.00199975,0.00200301,0.000262498,8458.35,0.000505932,1,0.00250838,0.00175363,-0.0002625,8600.59
0,9216510,3,phononTF,0.00109669,0.00370216,-0.00328047,0.000262498,141.221,0.000934715,1,0.00134566,-0.000168559,-0.0002625,822.396
0,9217512,7,phononTS,0.00135625,-0.00100341,0.00300072,0.000262498,4121.83,0.00135625,1,-0.000460248,0.00218922,-0.0002625,4352.03
0,9240029,4,phononTS,0.00166807,0.000210697,-0.000890066,-0.0002625,63.9251,0.000382,1,-8.40253e-07,-1.57809e-06,0.0002625,1809.47
0,9240029,5,phononTS,0.000580269,-8.40253e-07,-1.57809e-06,0.000262499,1809.47,0.000580269,1,-3.02522e-05,2.7611e-05,-0.0002625,1902.83
0,9240029,3,phononTF,0.00279301,0.00368095,-0.0033153,0.000262498,63.9251,0.00162687,1,0.00399449,-0.00432764,-0.0002625,286.56
0,9251322,3,phononTF,0.000555998,0.00239608,-0.00239113,-0.0002625,706.333,0.000382,1,0.00200494,-0.00199675,0.0002625,1098.86
0,9251322,2,phononTS,0.000539125,0.005,-0.00103054,-2.85968e-06,706.333,0.000539125,1,0.00499182,-0.00101615,-0.0002625,1271.31
0,9282727,3,phononTF,0.000489752,0.00136871,-0.000622374,-0.0002625,301.21,0.000382,1,0.00100195,-0.00100441,0.0002625,1257.58
0,9370461,7,phononTF,0.000558247,-0.00187938,-0.000129303,-0.0002625,2438.05,0.000382,1,-0.00200002,-2.00024e-06,0.0002625,2934.32
0,9370461,2,phononTS,0.000548318,0.00457666,-0.005,0.000225557,24.0299,0.000548318,1,-0.00246784,0.0024714,-0.0002625,2218.11
0,9387249,5,phononTS,0.000674319,-0.000843178,-0.00101572,-0.0002625,1758.59,0.000382,1,-0.00100279,-0.00100224,0.0002625,3851.04
0,9387249,2,phononTS,0.00160485,0.00355773,-0.00292965,0.000262498,174.781,0.0014292,1,0.00359999,-0.00268835,-0.0002625,287.342
0,9387250,1,phononTS,0.01,0.00369616,-0.00327905,-0.000201915,0,0.00616427,1,0.00370055,-0.00327532,-0.0002625,660.454
0,9388559,4,phononTS,0.0022384,0.00206872,-0.00281365,-0.0002625,167.818,0.000382,1,0.00100361,-0.00299697,0.0002625,1201.08
0,9423126,10,phononTF,0.000455131,0.000985599,0.00106285,-0.000262498,2643.46,0.000382,1,0.00100273,0.000998866,0.0002625,2734.39
0,9434505,4,phononTS,0.00181554,0.00476641,0.005,7.85435e-05,370.461,0.000382,1,0.00200039,0.00199842,0.0002625,3631.29
0,9436354,7,phononTS,0.000475775,0.00200273,-0.00199798,0.000262498,5504.75,0.000475775,1,0.00117434,-0.00240286,-0.0002625,5724.68
0,9443382,8,phononTS,0.000897928,0.00409162,-0.00450444,-0.000262498,540.934,0.000382,1,0.00199707,-0.00199853,0.0002625,1166.76
0,9512174,10,phononTS,0.000793932,0.0010014,-0.00300414,0.000262498,3120.02,0.000613886,1,0.00105306,-0.00305707,-0.0002625,3214.11
0,9512174,8,phononTS,0.00130006,0.00280012,-0.00221035,0.000262498,1011.98,0.00130006,1,0.00378254,-0.00299563,-0.0002625,1289.64
0,9512175,1,phononTS,0.01,0.00403374,-0.00387693,-0.000232016,0,0.00502754,1,0.00403564,-0.00392274,-0.0002625,468.973
0,9548242,4,phononTS,0.00133208,0.00332924,0.00135434,4.35983e-05,254.509,0.000382,1,0.00299697,0.00100449,0.0002625,2526.9
0,9551259,7,phononTS,0.000403976,-3.49439e-05,-0.00201907,-0.0002625,1542.42,0.000382,1,3.83478e-06,-0.00200234,0.0002625,2952.71
0,9551259,2,phononTS,0.000862219,0.00386616,-0.00319678,0.000262498,30.301,0.000528094,1,0.00458387,-0.0030624,-0.0002625,205.186
0,9630390,9,phononTS,0.000818044,-2.19625e-06,2.16814e-06,0.000262498,2713.11,0.000656526,1,0.00252965,0.00350451,-0.0002625,3524.75
0,9648283,5,phononTS,0.000619445,0.00416768,-0.000392235,-0.0002625,193.259,0.000382,1,0.00200075,-0.00199797,0.0002625,2856.91
0,9660248,6,phononTS,0.000606063,0.00140745,-0.000958249,-0.000262498,745.628,0.000382,1,0.000996508,-0.00100496,0.0002625,879.129
0,9660248,4,phononTF,0.000491995,0.00369288,-0.00332713,0.000262498,25.3944,0.000491995,1,0.00343963,-0.00365736,-0.0002625,142.9
0,9671445,3,phononTS,0.00050185,-5.38212e-05,-0.00201707,-0.0002625,14.0394,0.000382,1,1.86434e-06,-0.00200195,0.0002625,1492.1
0,9718609,7,phononL,0.000828413,0.00280562,-0.00111686,-0.0002625,423.23,0.000382,1,0.00199799,2.16602e-06,0.0002625,1075.37
0,9827431,7,phononTS,0.000800488,0.00200049,-0.00200088,0.0002625,627.121,0.000800488,1,0.00199918,-0.00171074,-0.0002625,1176.99
0,9827431,6,phononTS,0.00103906,0.00381753,-0.0023553,0.000262498,627.121,0.000979023,1,0.00379449,-0.0023003,-0.0002625,716.664
0,9836139,8,phononL,0.000616975,0.000997289,0.000996906,0.0002625,5442.15,0.000616975,1,0.00145995,0.00199416,-0.0002625,5990.41
0,9852517,9,phononTS,0.000781805,0.00200954,-0.000147187,-0.0002625,1188.26,0.000382,1,0.00199615,-2.50284e-06,0.0002625,5957.1
0,9853784,4,phononTF,0.00335369,-0.000602331,0.00252571,-0.0002625,247.577,0.000382,1,-0.00100179,0.00299886,0.0002625,2005.62
0,9853784,7,phononTS,0.00230303,-0.00100179,0.00299886,0.000262498,2005.62,0.00156754,1,-0.000651629,0.00304412,-0.0002625,2131.26
0,9860715,5,phononTF,0.000423302,0.00199669,-0.00199705,0.0002625,1795.97,0.000423302,1,0.000923559,-0.000942818,-0.0002625,2341.38
0,9875991,9,phononTS,0.000742588,0.00199997,0.00200435,0.000262498,2994.21,0.00049038,1,0.00478148,0.00476798,-0.0002625,3695.47
0,9875991,2,phononTS,0.0057804,0.00375819,-0.0032786,0.00017931,279.331,0.00542172,1,0.00367495,-0.00365842,-0.0002625,401.645
0,9885189,9,phononTS,0.000583442,0.00188229,-0.00237381,-0.0002625,442.931,0.000382,1,0.00100475,-0.0010045,0.0002625,1669.33
0,9886502,14,phononTF,0.000682273,0.00199915,-0.0020035,0.000262498,780.039,0.000682273,1,0.00225553,-0.00257227,-0.0002625,931.563
0,9976064,8,phononL,0.000474732,0.000565193,-0.0025286,-0.000262498,1601.33,0.000382,1,-3.62057e-06,-0.00200361,0.0002625,1705.23
