Run ID,Event ID,Track ID,Particle Name,Start Energy [eV],Start X [m],Start Y [m],Start Z [m],Start Time [ns],Energy Deposited [eV],Track Weight,End X [m],End Y [m],End Z [m],Final Time [ns]
0,25540,3,phononTF,0.00305193,-0.000117185,0.00210839,-2.59288e-05,5.70217,0.000382,1,-2.25238e-06,0.00200395,0.0002625,2332.89
0,48505,3,phononTS,0.00298725,-0.00112266,0.00301715,5.21052e-05,12.4214,0.000382,1,-0.00100219,0.00299713,0.0002625,1119.86
0,64248,11,phononTF,0.000893027,0.00100375,-0.000997357,0.000262498,10644.1,0.000563578,1,0.00126224,-0.000574612,-0.0002625,10859.8
0,74262,4,phononTF,0.00209098,0.00181703,-0.00016932,-7.79848e-05,247.113,0.00177247,1,0.00230842,-0.000662051,-0.0002625,2273.62
0,75209,2,phononTF,0.00136653,-0.00341631,-0.000606637,-0.0002625,3.82381,0.000382,1,-0.00299652,-0.000999583,0.0002625,2164.69
0,100845,7,phononTF,0.000503455,-0.00099915,0.00300438,0.000262498,1757.22,0.000503455,1,-0.000821842,0.00303475,-0.0002625,1918.49
0,100845,4,phononTS,0.000652705,-0.00220224,0.00388403,0.000262498,1.25344,0.000652705,1,-0.00224055,0.0037362,-0.0002625,179.984
0,100845,3,phononTS,0.00243914,-0.00220224,0.00388403,0.000262498,1.25344,0.00185359,1,-0.00168663,0.00423286,-0.0002625,292.957
0,131914,4,phononTF,0.000434662,-0.00155593,0.00247396,-0.000262498,766.053,0.000382,1,-0.00199741,0.00200056,0.0002625,1000.56
0,135180,2,phononL,0.000720614,-0.00143567,0.000463365,-0.0002625,3.43743,0.000382,1,-0.000999508,-0.00100331,0.0002625,1059.4
0,155041,4,phononTF,0.000720866,-0.000272645,0.00229371,-0.0002625,3370.04,0.000382,1,6.98275e-07,0.00200459,0.0002625,4271.43
0,163021,7,phononTF,0.000545223,-0.00200149,0.00199852,0.000262498,2655.16,0.000545223,1,-0.00217481,0.00218519,-0.0002625,2820.76
0,177445,6,phononTF,0.000496803,-0.00100122,0.00300095,0.000262498,9973.21,0.000496803,1,-0.000439502,0.00240354,-0.0002625,10247.2
0,206057,6,phononTF,0.00069429,-0.000999965,0.0030024,0.000262498,767.375,0.00069429,1,-0.000813101,0.00319077,-0.0002625,933.178
0,226288,5,phononL,0.00174012,-0.00177731,6.53415e-05,4.7474e-05,1454.14,0.000382,1,-0.00200167,4.26487e-07,0.0002625,2582.6
0,226288,6,phononTS,0.00116399,-0.00200167,4.26487e-07,0.000262498,2582.6,0.000879489,1,-0.00268187,7.71863e-05,-0.0002625,2868.78
0,226288,4,phononTS,0.00183572,-0.00107136,0.00348122,-0.000189624,1454.14,0.00103495,1,-0.00105499,0.00349176,-0.0002625,1478.93
0,270044,3,phononTF,0.00293837,-0.00149648,0.00324668,-0.0002625,39.5248,0.000764,1,-0.000997043,0.00300213,0.0002625,723.538
0,270044,5,phononTF,0.00050225,-0.000997043,0.00300213,0.000262498,723.538,0.00050225,1,-0.00102506,0.00297423,-0.0002625,871.952
0,287348,7,phononTF,0.000899359,-0.00112443,0.00312919,-0.0002625,188.719,0.000382,1,-0.00099804,0.00300292,0.0002625,1634.72
0,293065,5,phononTS,0.000451343,-0.000512283,0.00309024,-0.000262498,2107.59,0.000382,1,-0.000998725,0.0029972,0.0002625,2358.97
0,300917,8,phononTS,0.000486848,0.000283813,0.00390192,-0.000262498,1545.1,0.000382,1,0.00199681,0.00199869,0.0002625,2338.8
0,335162,11,phononTF,0.000426771,-2.3096e-06,0.00199593,0.000262498,1514.19,0.000426771,1,0.000652668,0.00266489,-0.0002625,1817.25
0,338316,6,phononTS,0.000660486,-0.00100243,-0.000999184,0.000262498,7317.46,0.000660486,1,-0.00105401,-0.000689916,-0.0002625,7519.06
0,396074,6,phononTS,0.00119874,-0.00105544,0.00301122,-0.0002625,2441.46,0.000382,1,-0.00100177,0.00300173,0.0002625,3725.36
0,396074,7,phononTF,0.000574951,-0.00100177,0.00300173,0.000262498,3725.36,0.000574951,1,-0.000825729,0.00284203,-0.0002625,3887.65
0,414667,2,phononTF,0.00259566,-0.00139868,0.0033744,-0.0002625,9.53318,0.000764,1,-0.00100011,0.00299905,0.0002625,807.926
0,414667,4,phononTS,0.000796607,-0.00100011,0.00299905,0.000262498,807.926,0.000796607,1,-0.000498294,0.00328504,-0.0002625,1087
0,414872,10,phononTS,0.000535373,-0.00198777,0.00191361,-0.000262498,1125.7,0.000382,1,-0.0020022,0.00200333,0.0002625,1290.6
0,423520,5,phononTS,0.000444193,-0.00200439,0.0019967,0.0002625,857.344,0.000444193,1,-0.00174907,0.00152768,-0.0002625,2211.26
0,423520,2,phononTF,0.000776002,-0.00218027,0.00388285,0.000262498,58.1614,0.000287889,1,-0.00202553,0.00374222,-0.0002625,217.334
0,511916,7,phononTF,0.000482301,-0.00105639,0.00306102,-0.0002625,465.346,0.000382,1,-0.00100402,0.00300284,0.0002625,921.54
0,521143,9,phononTF,0.000526801,-0.00105875,-0.000897307,-0.0002625,4174.51,0.000382,1,-0.000995622,-0.00100327,0.0002625,4634.22
0,526560,8,phononTS,0.000595325,-0.00200199,0.00199535,0.000262498,2490.77,0.000194033,1,-0.00203014,0.00209629,-0.0002625,2655.07
0,537809,2,phononTF,0.00170622,-0.000938691,0.000843512,-5.85949e-06,38.5373,0.000382,1,-0.0009966,0.000999294,0.0002625,3585.82
0,537809,5,phononTS,0.000415567,-0.0009966,0.000999294,0.000262498,3585.82,0.000415567,1,-0.000488679,0.00105681,-0.0002625,3838.74
0,537809,4,phononTF,0.000789265,-0.0009966,0.000999294,0.000262498,3585.82,0.000789265,1,-0.00176171,0.00172972,-0.0002625,3918.33
0,540054,3,phononL,0.00152754,-0.00260635,0.00196335,-0.0002625,20.4799,0.000764,1,-0.00199896,0.00200246,0.0002625,629.681
0,551482,3,phononTS,0.00212667,-0.000997205,0.00301432,0.00015904,5.60958,0.000382,1,-0.000997013,0.00300257,0.0002625,1629.72
0,565552,6,phononTF,0.000594643,-0.000998358,0.000998466,0.0002625,5591.96,0.000594643,1,-0.00117372,0.000943106,-0.0002625,5914.33
0,606130,5,phononTF,0.000401295,0.00285713,0.00295778,-0.0002625,1859.58,0.000382,1,-0.0010014,0.0030037,0.0002625,5471.55
0,617764,7,phononTF,0.000596085,-0.00229663,-0.00228921,-0.000262499,4168.48,0.000382,1,-0.00199735,-0.00200367,0.0002625,4356.78
0,626698,6,phononTF,0.000793524,0.000999559,-0.00299805,0.000262498,2619.63,0.000711327,1,0.00120554,-0.00279737,-0.0002625,2788.34
0,626698,4,phononTF,0.00183652,-0.00226118,0.00383986,0.000262498,31.0547,0.00117419,1,-0.00190867,0.00416926,-0.0002625,231.779
0,631354,2,phononTS,0.00141893,-0.00193565,0.00262406,-0.0002625,3.26749,0.000764,1,-0.00200211,0.00200235,0.0002625,1347.67
0,662083,14,phononTF,0.000547506,0.00153459,-0.000526435,-0.0002625,1245.64,0.000382,1,0.00199935,-0.00200459,0.0002625,4069.32
0,662417,6,phononTF,0.000396356,-0.000262493,-0.0017492,-0.000262498,3336.33,0.000382,1,2.79509e-06,-0.00199573,0.0002625,3515.91
0,689921,8,phononTS,0.000693805,-0.00200067,0.00199772,0.000262499,2322.51,0.000168457,1,-0.00342244,0.001548,-0.0002625,2847.52
0,723167,2,phononTF,0.00170836,-0.00177043,0.002051,0.000235994,11.4599,0.00120769,1,-0.00102226,0.00128306,-0.0002625,4640.33
0,754932,5,phononTF,0.00042782,-0.00199986,0.00200372,0.0002625,2854.26,0.00042782,1,-0.00173424,0.00175293,-0.0002625,3218.2
0,754932,3,phononTF,0.000834731,-0.00220125,0.00388144,0.000262498,7.13493,0.000514096,1,-0.00191047,0.00399113,-0.0002625,189.334
0,754932,2,phononTS,0.00150971,0.00425801,-0.00031471,0.000114325,7.13493,0.00131065,1,0.00421549,-0.000331999,-0.0002625,2620.86
0,770807,2,phononL,0.00211119,-0.00134647,0.00354339,-9.08154e-05,2.39175,0.000764,1,-0.00100416,0.0030003,0.0002625,1066.09
0,770807,9,phononTF,0.000958849,-0.00100416,0.0030003,0.000262498,1066.09,0.000746101,1,-0.000499683,0.00352728,-0.0002625,1319.25
0,798943,5,phononTF,0.000619029,-0.00085854,0.00313098,-0.0002625,1961.12,0.000382,1,-0.00100224,0.00299874,0.0002625,2750.33
0,803326,4,phononTF,0.000484946,-0.00183295,0.00380319,-0.000262498,1914.67,0.000382,1,-0.000997112,0.00300211,0.0002625,2272.68
0,807082,4,phononTS,0.000506437,-0.00199923,0.00199746,0.000262498,2267.2,0.000506437,1,-0.00291162,0.00203076,-0.0002625,2615.45
0,820969,9,phononTS,0.000546759,-0.00200333,0.00200176,0.000262498,1903.88,0.000546759,1,-0.00201528,0.00197485,-0.0002625,2055.66
0,820969,7,phononTS,0.000392756,-0.00253769,0.00395675,0.000262498,648.992,0.000392756,1,-0.0025672,0.00351307,-0.0002625,884.926
0,830968,6,phononTS,0.000551525,-0.00279877,0.00405411,-0.000262498,820.945,0.000382,1,-0.000996939,0.00100435,0.0002625,1950.22
0,831660,8,phononTS,0.000421226,5.54408e-05,0.00202105,-0.000262498,2388.38,0.000382,1,5.684e-07,0.00199962,0.0002625,2541.66
0,863793,2,phononL,0.000709319,-0.00210278,0.002942,-0.0002625,2.49989,0.000382,1,-0.00199701,0.00200305,0.0002625,398.522
0,866178,3,phononTF,0.00258056,-0.00110896,0.00307882,9.29263e-05,3.89024,0.000764,1,-0.00100248,0.00300155,0.0002625,667.122
0,866178,4,phononTF,0.00152902,-0.00100248,0.00300155,0.000262498,667.122,0.00152902,1,-0.00203589,0.00132795,-0.0002625,1261.46
0,910511,7,phononTS,0.00063178,0.00199616,0.00199668,0.000262498,1533.85,0.00063178,1,0.00194418,0.00165063,-0.0002625,1743.11
0,927381,2,phononTS,0.000941334,-0.00137089,0.00394036,-0.0002625,1.1211,0.000382,1,-0.00100101,0.00299533,0.0002625,2012.18
0,927381,6,phononTF,0.000498747,-0.00100101,0.00299533,0.000262498,2012.18,0.000498747,1,-0.00125434,0.00320796,-0.0002625,2190.08
0,953199,2,phononTS,0.000537161,-0.00200351,0.00200122,0.0002625,7.83887,0.000537161,1,-0.00173702,0.00319303,-0.0002625,2816.71
0,972862,3,phononTS,0.00101175,-0.00203446,0.00227092,-0.0002625,7.10651,0.000382,1,-0.00199521,0.00199974,0.0002625,2342.28
0,972862,6,phononTS,0.000576272,-0.00199521,0.00199974,0.000262498,2342.28,0.000576272,1,-0.00126122,0.00229905,-0.0002625,2675.22
0,1012770,6,phononTF,0.0029801,-0.00100727,0.00299936,0.000239327,42.3573,0.001146,1,-0.00100208,0.00300415,0.0002625,3398.29
0,1039627,4,phononTS,0.0018779,-0.000876366,0.00285862,-0.0002625,1677.69,0.000382,1,-0.00100432,0.00299812,0.0002625,2803.42
0,1055960,6,phononL,0.00076629,0.00200284,0.00200307,0.000262498,1691.3,0.00076629,1,0.00151592,0.00229567,-0.0002625,1835.47
0,1069754,6,phononTF,0.00192739,-0.00130962,0.00333234,-0.0002367,1243.79,0.000382,1,-0.0010022,0.00299765,0.0002625,2829.29
0,1088830,6,phononTF,0.000461875,-0.00100074,0.00300366,0.000262498,1202.52,0.000461875,1,-0.00134271,0.00265447,-0.0002625,1406.26
0,1130232,5,phononTS,0.00279421,-0.000970272,0.00299618,0.000186303,97.901,0.000382,1,-0.00100155,0.00300257,0.0002625,1364.1
0,1130232,8,phononTF,0.000424532,-0.00100155,0.00300257,0.000262498,1364.1,0.000424532,1,-0.00100625,0.00280344,-0.0002625,1528.56
0,1130232,7,phononTS,0.00105657,-0.00100155,0.00300257,0.000262498,1364.1,0.000651499,1,-0.0010559,0.00247669,-0.0002625,1613.53
0,1191500,8,phononTS,0.000419552,-0.000996174,0.000996545,0.000262498,1738.84,0.000419552,1,0.000711992,0.000185822,-0.0002625,2382.82
0,1192097,6,phononTS,0.000580971,0.000368442,0.00105211,-0.0002625,2039.57,0.000382,1,0.000996371,0.000997153,0.0002625,4156.95
0,1195759,7,phononL,0.000729174,-0.000847637,0.00162767,-0.0002625,3230.31,0.000382,1,-0.00100248,0.00100254,0.0002625,4302.57
0,1227241,4,phononTF,0.000472958,-4.48212e-06,0.0019958,0.0002625,67.4485,0.000472958,1,0.000515242,0.00149717,-0.0002625,1284.59
0,1233104,4,phononTS,0.000382174,-0.00100465,0.00299603,0.0002625,807.407,0.000382174,1,-0.000467803,0.00148895,-0.0002625,1922.07
0,1238332,3,phononTS,0.0012095,-0.00200317,0.00200294,0.0002625,37.5382,0.000891081,1,-0.00140276,0.000426962,-0.0002625,1502.82
0,1252931,7,phononTS,0.000596255,0.0010139,0.000955821,-0.000262498,4029.78,0.000382,1,0.000998659,0.00099533,0.0002625,4180.29
0,1261920,7,phononTS,0.00144739,-0.00211691,0.00292892,-0.0002625,128.364,0.000382,1,-0.00199819,0.00200392,0.0002625,859.75
0,1265880,9,phononTS,0.000398905,0.000997364,0.00100027,0.0002625,2872.55,0.000398905,1,0.00106415,0.00165155,-0.0002625,6796.93
0,1277318,3,phononTF,0.000472879,-0.000665205,0.00335018,-0.0002625,15.9267,0.000382,1,-0.00100302,0.00300074,0.0002625,1003.92
0,1277525,5,phononTS,0.00203965,-0.00175508,1.80872e-05,-0.0002625,255.69,0.000382,1,-0.00199528,-4.49562e-06,0.0002625,7853.84
0,1277525,7,phononTF,0.000841417,-0.00199528,-4.49562e-06,0.000262498,7853.84,0.000841417,1,-0.00157743,-0.000453497,-0.0002625,8080.99
0,1277525,6,phononTS,0.000416511,-0.00199528,-4.49562e-06,0.000262498,7853.84,0.000416511,1,-0.00271881,0.00176988,-0.0002625,8503.66
0,1277525,4,phononTS,0.000566705,-0.00032366,0.005,0.000150933,255.69,0.000566705,1,-0.00341778,0.0017834,-0.0002625,2194.46
0,1338122,6,phononTS,0.000941871,-0.000867333,0.000941819,-0.0002625,1294.12,0.000382,1,-0.00100282,0.000995656,0.0002625,2798.45
0,1349369,6,phononTS,0.000988807,-0.00197561,0.00305193,-0.000262498,349.842,0.000382,1,-0.000995815,0.00299996,0.0002625,720.992
0,1349369,2,phononTS,0.00086941,-0.00220127,0.0038816,0.000262498,2.56499,0.000423425,1,-0.00226501,0.00390745,-0.0002625,150.688
0,1358585,5,phononTF,0.000636818,-0.00190552,8.78624e-05,-0.000262498,2278.13,0.000382,1,-0.00199711,3.92757e-06,0.0002625,2430.17
0,1412024,6,phononL,0.000463231,-0.000731678,0.000804837,-0.000262498,4394.81,0.000382,1,-0.00100325,0.000999893,0.0002625,4513.9
0,1434827,7,phononTF,0.00136633,-0.000888781,0.00112647,-0.0002625,1687.63,0.000382,1,-0.000999903,0.00100296,0.0002625,3818.38
0,1434827,9,phononL,0.000814227,-0.000999903,0.00100296,0.000262499,3818.38,0.000814227,1,-0.00076236,0.0013232,-0.0002625,3942.86
0,1443898,3,phononTS,0.000533567,-0.00286591,0.000649361,-0.0002625,1228.51,0.000382,1,-0.00100315,-0.00100227,0.0002625,4803.64
0,1453460,3,phononL,0.00258367,-0.00129672,0.0033728,-0.0002625,22.4089,0.000764,1,-0.000995447,0.00300135,0.0002625,926.587
0,1453460,9,phononTS,0.000515056,-0.000995447,0.00300135,0.000262498,926.587,0.000515056,1,-0.00100529,0.00281472,-0.0002625,1107.31
0,1454294,14,phononL,0.000963912,-0.0010045,0.00299984,0.0002625,1561.13,0.000701081,1,-0.000761789,0.00240058,-0.0002625,1869.68
0,1485297,12,phononTS,0.000392193,-0.00100024,-0.0010029,0.000262498,2981.37,0.000392193,1,-0.000925806,-0.00101227,-0.0002625,3141.94
0,1488267,3,phononTS,0.000891584,-0.000100987,0.00294436,-0.0002625,3.7692,0.000382,1,0.00199846,0.00200493,0.0002625,1529.93
0,1513356,8,phononTS,0.000527602,-0.00154864,5.8106e-05,-0.000262498,1201.55,0.000382,1,-0.00200316,5.13593e-07,0.0002625,1434.45
0,1524621,6,phononTS,0.00054283,-0.00200551,0.00285606,-0.0002625,494.536,0.000382,1,-0.00200264,0.0019986,0.0002625,1501.36
0,1538348,3,phononTF,0.00101727,-0.00222745,0.00360917,-0.0002625,14.1993,0.000382,1,0.00199563,0.0019987,0.0002625,1512.77
0,1538348,2,phononTS,0.0023539,-0.00299316,0.00362365,-0.000213528,14.1993,0.00176071,1,-0.00305207,0.00352739,-0.0002625,373.285
0,1593244,5,phononTS,0.000478445,0.000998559,-0.00300222,0.000262498,4163.19,0.000478445,1,0.00104822,-0.00301281,-0.0002625,4323.08
0,1597269,3,phononTF,0.00284243,-0.000832436,0.00316705,-2.49592e-05,1.07175,0.000764,1,-0.000998059,0.00300208,0.0002625,2420.18
0,1653900,4,phononTS,0.000456483,-0.00146279,-4.58075e-05,-0.0002625,2804.01,0.000382,1,-0.00200261,-4.08742e-06,0.0002625,4071.33
0,1653900,2,phononTS,0.00135423,-0.00431914,0.00137457,-8.3602e-05,62.2835,0.000404888,1,-0.00371393,0.000988305,-0.0002625,2253.81
0,1653900,5,phononTS,0.000572097,-0.005,-0.000889546,0.000208462,2253.81,0.000572097,1,-0.00434237,-0.00247033,-0.0002625,3583.48
0,1664076,2,phononTS,0.000736487,-0.00100236,0.00300067,0.0002625,31.6836,0.000220541,1,-0.00100509,0.00246685,-0.0002625,2086.88
0,1701251,6,phononTS,0.00268126,-0.00101806,0.00280115,0.000157199,206.287,0.001146,1,-0.00099515,0.00300159,0.0002625,1129.05
0,1701251,7,phononL,0.000694196,-0.00099515,0.00300159,0.000262498,1129.05,0.000694196,1,-0.000534423,0.00316008,-0.0002625,1262.01
0,1750911,3,phononTS,0.000578145,0.00288263,-0.00213376,-0.0002625,195.285,0.000382,1,0.00200003,-0.00199655,0.0002625,4707.47
0,1763291,7,phononTS,0.000486274,-0.000752693,0.00133077,-0.000262498,1029.62,0.000382,1,-0.000997794,0.000996388,0.0002625,1269.07
0,1777165,6,phononTS,0.000534544,3.94542e-08,4.35841e-06,0.0002625,388.249,0.000534544,1,1.39587e-05,0.000196531,-0.0002625,2071.43
0,1777165,5,phononTS,0.000402636,0.005,-0.00365826,-0.000141796,388.249,0.000402636,1,0.00468035,-0.00345101,-0.0002625,3746.54
0,1777246,6,phononTS,0.0028396,-0.00111151,0.00289239,0.00022417,3.5531,0.000382,1,-0.00100174,0.00299607,0.0002625,1721.79
0,1777246,8,phononTF,0.000399905,-0.00100174,0.00299607,0.000262498,1721.79,0.000399905,1,-0.000770754,0.00274567,-0.0002625,1898.04
0,1777246,7,phononTS,0.00144613,-0.00100174,0.00299607,0.000262498,1721.79,0.000768871,1,-0.000337054,0.00205939,-0.0002625,2157.12
0,1814221,3,phononL,0.00188269,-0.00186383,0.00164547,-0.0002625,84.8936,0.000382,1,-0.00200078,0.00199737,0.0002625,1351.06
0,1833036,6,phononTF,0.000557371,-0.0018026,0.00444017,-0.000262498,257.038,0.000382,1,0.00200041,0.0020025,0.0002625,1558.76
0,1845571,6,phononTS,0.000454255,0.00200347,0.0020021,0.000262499,3155.1,0.000454255,1,0.00149209,0.00219372,-0.0002625,3423.25
0,1864531,6,phononTS,0.00073802,-0.00267061,0.005,-0.000164488,936.799,0.000382,1,1.56097e-06,0.00200407,0.0002625,2488.87
0,1864987,6,phononTF,0.000562738,-0.00149191,0.00147385,-0.000262498,3516.36,0.000382,1,-0.00100215,0.000997286,0.0002625,3759.19
0,1864987,4,phononTF,0.00114876,-0.00219294,0.00385329,0.000262498,59.5116,0.00114876,1,-0.00217263,0.0037145,-0.0002625,215.756
0,1877532,2,phononTS,0.00105502,-0.000817245,0.0019044,-0.0002625,39.0037,0.000764,1,-1.17187e-06,-6.29456e-07,0.0002625,4479.21
0,1894866,6,phononL,0.000797902,-0.005,0.000339648,5.26841e-05,735.681,0.000797902,1,-0.00471555,0.000417595,-0.0002625,7863.62
0,1924534,4,phononTF,0.00178709,-0.000209973,0.0021946,-0.0002625,50.8371,0.000382,1,3.81017e-06,0.00200004,0.0002625,1593.73
0,1945641,4,phononTF,0.00044049,-0.00108654,0.00278007,-0.0002625,177.736,0.000382,1,-0.00100486,0.0029985,0.0002625,1225.4
0,1946479,4,phononL,0.000498766,0.0021948,-0.00261886,-0.0002625,2633.4,0.000382,1,0.00200492,-0.00200006,0.0002625,6339.2
0,1946479,2,phononTF,0.000398287,-0.00219966,0.00389199,0.000262498,5.04309,0.000398287,1,-0.0018069,0.00431626,-0.0002625,224.719
0,1978944,7,phononTF,0.000498514,0.00224926,0.00176674,-0.0002625,3242.02,0.000382,1,0.00200348,0.00200115,0.0002625,3770.56
0,1992794,2,phononL,0.000700133,-0.00160199,0.00344166,-0.0002625,1.27868,0.000382,1,-0.00100095,0.00300199,0.0002625,346.139
0,2116390,4,phononTS,0.00194648,-0.000951522,0.00294791,8.70356e-05,30.4659,0.000764,1,-0.00100349,0.00299861,0.0002625,792.442
0,2116390,3,phononTF,0.000615115,3.95231e-05,-0.005,-0.000142193,30.4659,0.000615115,1,1.60317e-05,-0.00490453,-0.0002625,3320.75
0,2116390,2,phononTS,0.00099451,-0.000147228,0.00167541,0.000160461,30.4659,0.000831326,1,-0.000182714,0.00133747,-0.0002625,1106.05
0,2139423,7,phononL,0.000479183,0.000996716,-0.000997714,0.000262498,6156.26,0.000479183,1,0.000999424,-7.83121e-06,-0.0002625,6361.01
0,2149231,13,phononTF,0.000413649,0.0019998,0.00200378,0.000262498,2698.82,0.000413649,1,0.0016699,0.000835297,-0.0002625,3111.61
0,2174731,7,phononTS,0.00056647,-0.00209067,0.00261167,-0.0002625,152.336,0.000382,1,-0.00200344,0.00200471,0.0002625,988.875
0,2176228,5,phononL,0.000471607,-0.00100137,0.00299807,0.0002625,448.475,0.000471607,1,-0.00125573,0.00269538,-0.0002625,748.008
0,2176228,3,phononTF,0.00110199,-0.00220892,0.00388598,0.000262498,11.9474,0.00110199,1,-0.00231203,0.00409601,-0.0002625,179.104
0,2180859,4,phononTS,0.000547128,-0.00209111,0.00358127,-0.000262498,230.28,0.000382,1,-0.000998876,0.00299602,0.0002625,670.772
0,2217870,6,phononTS,0.000401273,0.00105404,-0.00287143,-0.0002625,3915.32,0.000382,1,0.00100487,-0.00299575,0.0002625,4768.46
0,2233511,5,phononTS,0.000521622,0.00199569,-0.00199716,0.0002625,53.3383,0.000521622,1,0.00204054,-0.00193367,-0.0002625,5454.62
0,2256660,5,phononTS,0.00257388,-0.00198175,0.00198157,1.69996e-05,9.32698,0.000382,1,-0.002002,0.00200009,0.0002625,1502.87
0,2256660,7,phononTS,0.000486637,-0.002002,0.00200009,0.000262498,1502.87,0.000486637,1,-0.00354669,0.0007391,-0.0002625,2180.66
0,2269040,5,phononTS,0.000759379,-0.00199528,3.04652e-06,0.000262498,2194.44,0.000473206,1,-0.00193419,1.04876e-06,-0.0002625,2344.89
0,2339531,3,phononTS,0.00305935,-0.000992658,0.00299717,0.000257261,16.0015,0.001146,1,-0.000999715,0.00299801,0.0002625,713.872
0,2339531,4,phononL,0.000633583,-0.000999715,0.00299801,0.000262498,713.872,0.000633583,1,-0.00107059,0.00344061,-0.0002625,842.253
0,2339531,2,phononTF,0.000395564,-0.00221499,0.0038759,0.000262498,16.0015,0.000395564,1,-0.00205185,0.00402288,-0.0002625,176.241
0,2359319,3,phononTF,0.00110916,-0.000378329,0.0024056,-0.0002625,5.74988,0.000382,1,8.49947e-07,0.00200186,0.0002625,1266.63
0,2373040,7,phononTS,0.000642067,-0.000690281,0.00303706,-0.000262498,1028.24,0.000382,1,-0.000999379,0.00300118,0.0002625,1230.58
0,2408317,3,phononTF,0.00280138,-0.00172876,0.0023478,-2.4482e-05,86.9792,0.000764,1,-0.00200118,0.0019974,0.0002625,1520.9
0,2456846,5,phononTS,0.000438075,-0.00229934,0.00335649,-0.0002625,918.765,0.000382,1,-0.00100091,0.00300156,0.0002625,2431.09
0,2490339,3,phononTF,0.000715826,-0.00055188,0.00246932,-0.0002625,11.8329,0.000382,1,-4.69283e-06,0.00199649,0.0002625,1042.2
0,2490339,2,phononL,0.00266391,-0.0022058,0.00387603,0.00023936,11.8329,0.00203631,1,-0.00168642,0.00395297,-0.0002625,153.331
0,2503301,5,phononTS,0.000565339,-0.00101906,0.00296163,-0.0002625,618.446,0.000382,1,-0.00099905,0.002997,0.0002625,3438.25
0,2522252,5,phononTS,0.000581302,0.000874279,0.00022069,-0.0002625,2517.54,0.000382,1,-3.73551e-06,3.00878e-06,0.0002625,6567.78
0,2539496,5,phononTS,0.000482228,-0.00174795,0.00319432,-0.000262498,903.024,0.000382,1,-0.00100242,0.00300184,0.0002625,1225.96
0,2541751,5,phononTS,0.000753203,-0.00194753,0.00102012,-0.000262498,2086.67,0.000382,1,-0.00199749,-5.02589e-07,0.0002625,2459.65
0,2541751,3,phononTS,0.000698178,-0.00218682,0.00385962,0.000262498,41.7774,0.000698178,1,-0.002228,0.00383863,-0.0002625,191.668
0,2541751,2,phononTF,0.00101194,-0.00218682,0.00385962,0.000262498,41.7774,0.00101194,1,-0.00207299,0.00398425,-0.0002625,197.146
0,2542563,5,phononTS,0.00170661,-0.00213029,0.000760075,-0.0002625,38.1652,0.000382,1,-0.00199863,-4.3944e-06,0.0002625,1567.91
0,2558118,3,phononTS,0.00186728,-0.000861735,0.00240174,-0.0002625,4.33284,0.001146,1,-3.44739e-06,0.00199916,0.0002625,1232.39
0,2569461,4,phononTS,0.00103179,-0.00209891,0.00291913,-0.0002625,159.89,0.000382,1,-0.00199826,0.00199552,0.0002625,854.97
0,2571150,5,phononTF,0.000470786,-0.00111224,0.00311332,-0.0002625,750.46,0.000382,1,-0.000999519,0.00299947,0.0002625,1215.22
0,2596303,5,phononTS,0.00110994,-0.00154927,0.00380183,-0.000262498,282.446,0.000764,1,-0.00100232,0.0029994,0.0002625,668.117
0,2625158,4,phononTF,0.00254118,-0.000993624,0.00300745,0.000259733,3.68433,0.000764,1,-0.00099809,0.00300415,0.0002625,774.173
0,2653525,8,phononTS,0.000405151,0.00436488,-0.005,0.000128162,143.82,0.000382,1,0.00200464,-0.00199929,0.0002625,5909.91
0,2663031,6,phononTF,0.000402619,-0.00141072,0.00330644,-0.000262498,563.078,0.000382,1,-0.00200321,0.00200406,0.0002625,1022.56
0,2701412,5,phononTS,0.000566565,-0.00195895,0.000874783,-0.0002625,2246.64,0.000382,1,-0.00199773,3.54342e-06,0.0002625,3935.6
0,2718415,7,phononTS,0.000487247,0.00278025,0.0011016,-0.0002625,3013.57,0.000382,1,0.00300356,0.00100424,0.0002625,4401.42
0,2723652,6,phononTF,0.000427143,0.00167097,0.00229686,-0.0002625,1006,0.000382,1,0.00200191,0.00199803,0.0002625,2386.21
0,2723652,4,phononTS,0.00197111,-0.00219034,0.00388193,0.000262498,3.46009,0.00130441,1,-0.00222109,0.00405652,-0.0002625,180.561
0,2729773,6,phononTS,0.000814618,-0.00194134,0.00203219,-0.000262498,1187.53,0.000382,1,-0.0020047,0.00199899,0.0002625,1335.08
0,2799172,6,phononTF,0.00039863,2.25753e-07,1.49304e-06,0.0002625,1471.19,0.00039863,1,-0.000336974,0.000312463,-0.0002625,2115.11
0,2799172,2,phononTS,0.00098842,-0.0027404,0.005,-0.000195618,47.3982,0.00098842,1,-0.00279013,0.00498936,-0.0002625,517.403
0,2839868,6,phononTF,0.000637093,-0.000492731,0.00250219,-0.0002625,501.591,0.000382,1,-1.11092e-06,0.0020043,0.0002625,1244
0,2855715,6,phononTS,0.00143155,-0.00210299,0.00262608,-0.0002625,28.4783,0.000382,1,-0.00199923,0.00200219,0.0002625,998.648
0,2861723,5,phononL,0.000574366,0.00160992,0.00194342,-0.0002625,1652.73,0.000382,1,0.00200122,0.00199674,0.0002625,2023.06
0,2863256,4,phononTF,0.00160089,0.000955238,0.00136236,-0.0002625,1191.53,0.000382,1,-8.97132e-07,0.00199637,0.0002625,5752.39
0,2868229,3,phononTS,0.00285629,-0.000860981,0.00303186,-0.000164779,4.77375,0.000382,1,-0.00100293,0.00299609,0.0002625,1480.87
0,2870492,6,phononTS,0.000498151,-0.00100209,0.00300173,0.000262498,683.864,0.000498151,1,-0.00130437,0.0019747,-0.0002625,1089.37
0,2881320,4,phononTF,0.000483183,-0.00203168,0.00405917,-0.0002625,18.502,0.000382,1,-0.00100036,0.00299784,0.0002625,624.356
0,2882533,6,phononTS,0.000488173,-0.00159016,0.0042685,-0.000262498,606.727,0.000382,1,-0.00200224,0.00200102,0.0002625,1441.74
0,2885733,7,phononTS,0.000509683,-0.00103275,0.00306824,-0.000262498,999.766,0.000382,1,-0.00100055,0.00300487,0.0002625,1159.67
0,2905134,3,phononL,0.00272265,-0.00117524,0.00319669,0.000185697,3.76921,0.000764,1,-0.000995231,0.00299787,0.0002625,2729.91
0,2905134,5,phononTF,0.000830728,-0.000995231,0.00299787,0.000262498,2729.91,0.000830728,1,-0.00119747,0.00315805,-0.0002625,2897.31
0,2914275,3,phononTF,0.000650058,-0.00034011,0.00167049,5.36936e-06,5.16225,0.000382,1,4.98772e-06,0.00199804,0.0002625,2596.72
0,2962875,4,phononTS,0.00104273,-0.00363129,0.00181762,-0.0002625,132.782,0.000382,1,-0.00200416,-9.12136e-07,0.0002625,2766.05
0,3005031,3,phononTS,0.00230741,-0.00198235,0.00248168,-8.47758e-05,5.72387,0.000382,1,-0.00199655,0.00200087,0.0002625,1575.87
0,3010549,6,phononTF,0.000728816,0.00199744,-1.12866e-06,0.0002625,3192.9,0.000728816,1,0.000953303,-0.00209504,-0.0002625,4601.64
0,3043243,6,phononTS,0.000874993,-0.00299585,-0.000997501,0.000262498,2596.43,0.00013959,1,-0.00296083,-0.00102832,-0.0002625,2758.74
0,3108772,7,phononL,0.000501098,-0.00100287,0.00300044,0.000262498,1030.63,0.000501098,1,-0.000807138,0.00377776,-0.0002625,1207.21
0,3159355,3,phononTF,0.00262325,-0.00100134,0.00300368,0.0002625,3.0726,0.00178349,1,-0.00121769,0.00280772,-0.0002625,1359.69
0,3170790,6,phononTF,0.000516353,0.000388941,0.00117145,-0.0002625,1154.2,0.000382,1,0.00200474,-2.27818e-06,0.0002625,2942.6
0,3182082,12,phononL,0.00059389,7.32992e-08,-0.00200092,0.000262498,6889.24,0.00059389,1,5.16374e-05,-0.00074963,-0.0002625,7138.96
0,3202329,5,phononTS,0.000779596,0.000474786,-0.00425134,0.000236522,188.277,0.000779596,1,0.000507758,-0.00423392,-0.0002625,3051.9
0,3214720,4,phononTS,0.000706883,0.0010421,0.00112518,-0.0002625,16.991,0.000382,1,0.000995413,0.000999355,0.0002625,2316.85
0,3226428,3,phononL,0.00303746,-0.000738126,0.00127191,-0.000103894,126.87,0.001146,1,-0.0010012,0.000997488,0.0002625,1246.22
0,3253875,2,phononTF,0.00101521,-0.00103741,0.00288241,-0.0002625,113.823,0.000382,1,0.000998503,0.00100209,0.0002625,2358.84
0,3276520,6,phononTS,0.00116162,-0.000995661,0.0029987,0.000262498,5676,0.00116162,1,-0.00104487,0.00280114,-0.0002625,5856.03
0,3306890,5,phononTF,0.000568591,-0.00100076,0.0030013,0.000262498,544.66,0.000568591,1,-0.00106281,0.00308423,-0.0002625,696.042
0,3308197,7,phononTS,0.000841162,-0.000363359,0.00196068,-0.0002625,1097.14,0.000764,1,-1.39211e-06,0.00199699,0.0002625,2965.54
0,3308197,4,phononTS,0.000494765,-0.00221104,0.00389714,0.000262498,13.8991,0.000494765,1,-0.00226772,0.00395154,-0.0002625,160.335
0,3402110,4,phononL,0.0014886,-0.00116935,0.00297948,-0.00022005,331.229,0.000764,1,-0.000995415,0.00300247,0.0002625,806.543
0,3493414,6,phononTS,0.000705684,-0.00103143,0.00311894,-0.0002625,1033.58,0.000382,1,-0.00100066,0.00300289,0.0002625,1866.57
0,3501582,3,phononTS,0.00260946,-0.000953819,0.00300626,0.000231881,6.01028,0.001146,1,-0.00100354,0.00299781,0.0002625,1419.6
0,3538015,7,phononL,0.000772841,0.000528908,-0.00328403,-0.0002625,529.096,0.000382,1,0.0010042,-0.00299664,0.0002625,3942.25
0,3591946,8,phononTS,0.000694645,-0.00279644,-0.005,-0.000133357,2337.04,0.000694645,1,-0.002651,-0.00482659,-0.0002625,4261.25
0,3606970,6,phononTS,0.000643275,0.00216679,0.00108174,-0.000262498,2924.72,0.000382,1,0.00300188,0.000999134,0.0002625,3259.96
0,3637144,3,phononTF,0.00140602,0.00217348,1.34182e-05,-0.0002625,2.48021,0.000382,1,0.00100426,0.000997176,0.0002625,5164.81
0,3637144,6,phononL,0.000662124,0.00100426,0.000997176,0.000262498,5164.81,0.000283182,1,0.00119544,0.000254911,-0.0002625,5335.88
0,3715573,9,phononTF,0.000470343,-0.00172578,0.00170426,-0.0002625,2068.33,0.000382,1,-0.00199925,0.00200045,0.0002625,2623.21
0,3788283,8,phononTS,0.000442379,-0.00288399,0.000450146,-0.0002625,202.843,0.000382,1,-0.000997688,-0.000995684,0.0002625,2940.31
0,3809561,4,phononTF,0.000442645,-0.00176702,0.0023594,-0.0002625,2762.25,0.000382,1,-0.00200178,0.00199659,0.0002625,3262.59
0,3855023,10,phononTF,0.000392732,-0.00200357,0.00199576,0.000262498,998.324,0.000392732,1,-0.00208617,0.00191808,-0.0002625,1149.95
0,3862603,8,phononTS,0.000395074,-0.00104853,0.00293966,-0.000262498,2113.86,0.000382,1,-0.000999948,0.00299643,0.0002625,2260.53
0,3871989,9,phononL,0.000783286,-0.00212932,0.00246044,-0.0002625,176.316,0.000382,1,-0.0020025,0.00200437,0.0002625,701.256
0,3871989,10,phononTF,0.000384685,-0.0020025,0.00200437,0.000262498,701.256,0.000384685,1,-0.00147837,0.00175541,-0.0002625,941.75
0,3872248,5,phononTS,0.000510174,-0.00219236,0.00195378,-0.000262498,846.762,0.000382,1,-0.00200022,0.00199885,0.0002625,1025.92
0,3873498,2,phononL,0.00112538,0.00128844,0.00238677,-0.0002625,7.89711,0.000382,1,0.00200004,0.00200352,0.0002625,2052.01
0,3873607,5,phononTS,0.000465055,-0.00219681,0.00209775,-0.000262498,4380.92,0.000382,1,-0.00199634,0.00199621,0.0002625,4575.75
0,3874640,4,phononTF,0.00176693,-0.000571714,0.00260372,-0.0002625,198.085,0.000382,1,-0.00100267,0.0030047,0.0002625,1588.14
0,3874640,7,phononL,0.00111819,-0.00100267,0.0030047,0.000262498,1588.14,0.00061156,1,-0.00146853,0.00280338,-0.0002625,1723.78
0,3907934,2,phononTS,0.00208714,-0.0011199,0.00321314,-0.0002625,24.559,0.000764,1,-0.000997205,0.00299643,0.0002625,1067.29
0,3907934,6,phononTF,0.00111791,-0.000997205,0.00299643,0.000262498,1067.29,0.000394679,1,-0.00124884,0.00322882,-0.0002625,1243.78
0,3926636,7,phononTS,0.00039081,-1.3514e-05,0.0019724,-0.000262498,3441,0.000382,1,-2.69755e-06,0.00200325,0.0002625,3591.06
0,3970971,8,phononTS,0.000750243,-0.00100128,0.000997436,0.000262498,1501.42,0.000750243,1,-0.00146882,0.000787764,-0.0002625,1762.41
0,3979955,12,phononTF,0.000556087,-0.00200342,0.00200248,0.0002625,5641.71,0.000556087,1,-0.00323877,0.00325592,-0.0002625,7001.18
0,3984515,5,phononTS,0.000478662,-0.0018153,0.00307191,-0.000262499,516.179,0.000382,1,-0.0009951,0.00299616,0.0002625,847.197
0,4020639,5,phononTS,0.000433821,-0.000636346,0.00172831,-0.0002625,1263.21,0.000382,1,-0.000996284,0.00100338,0.0002625,2280.62
0,4025933,9,phononTF,0.000618556,-0.0010002,0.000995963,0.000262499,2915.55,0.000618556,1,-0.00158843,0.001439,-0.0002625,3180.67
0,4026125,6,phononTS,0.000503812,-0.00386618,0.005,0.00017686,781.251,0.000503812,1,-0.00375171,0.00375078,-0.0002625,2298.75
0,4031311,8,phononTS,0.000510243,-0.00131969,0.00299494,-0.0002625,1717.09,0.000382,1,-0.00100327,0.00300421,0.0002625,2333.77
0,4057561,5,phononL,0.00274189,-0.00140962,0.00298852,-0.000260084,516.015,0.000764,1,-0.000998342,0.00300407,0.0002625,1870.55
0,4057561,7,phononTS,0.000744408,-0.000998342,0.00300407,0.000262498,1870.55,0.00017908,1,-0.000982915,0.00302672,-0.0002625,2024.36
0,4069058,6,phononTF,0.00060335,0.00199917,0.00199684,0.000262498,3979.05,0.00060335,1,0.0022701,0.00224972,-0.0002625,4160.02
0,4069058,2,phononTF,0.00545811,-0.0026643,0.00346398,-0.000234941,32.2816,0.00284541,1,-0.00269007,0.00343533,-0.0002625,831.367
0,4086926,6,phononTS,0.00100572,-0.000995027,0.00299731,0.000262498,781.596,0.000824361,1,-0.000905763,0.00227465,-0.0002625,1088.89
0,4139323,5,phononTF,0.000429434,0.000323343,0.00191539,-0.000262498,2580.54,0.000382,1,-1.59598e-06,0.00199879,0.0002625,2769.69
0,4139323,3,phononTS,0.00146443,-0.00220606,0.00388607,0.000262498,3.67648,0.000587543,1,-0.00194824,0.00440333,-0.0002625,281.961
0,4143658,8,phononTS,0.000573809,-0.00199672,0.00200122,0.000262498,2831.42,0.000573809,1,-0.00194922,0.00199438,-0.0002625,2978.57
0,4143658,2,phononTS,0.00110889,-0.00221245,0.00388138,0.000262498,5.57176,0.00110889,1,-0.00129546,0.00424472,-0.0002625,390.788
0,4168751,5,phononTF,0.00204881,-0.00099511,0.00300251,0.0002625,76.4824,0.00128894,1,-0.000527976,0.00256441,-0.0002625,847.37
0,4204428,8,phononTS,0.00124337,7.48946e-07,0.0020045,0.000262498,1902.16,0.00121841,1,-0.000238808,0.00223576,-0.0002625,2122.62
0,4204428,4,phononTS,0.000744109,-0.00219196,0.00389037,0.000262498,13.9954,0.000616076,1,-0.00100021,0.00428074,-0.0002625,471.82
0,4214853,4,phononTS,0.00272121,-0.000921783,0.00311486,0.00020285,19.4033,0.001146,1,-0.000996132,0.00300447,0.0002625,1767.09
0,4222362,5,phononTS,0.000499919,-0.00251961,0.00205796,-0.000262499,2132.7,0.000382,1,-0.00200428,0.00199828,0.0002625,2387.51
0,4222362,3,phononTS,0.000762323,-0.00219973,0.00387355,0.000262498,13.444,0.00026564,1,-0.00218772,0.00447966,-0.0002625,276.62
0,4236924,5,phononTS,0.000721498,0.000333438,0.00201027,-0.0002625,2035.89,0.000382,1,-1.43071e-06,0.00200428,0.0002625,3508.22
0,4236924,3,phononTS,0.00187235,-0.00220472,0.00388132,0.000262498,7.31511,0.00066705,1,-0.00333391,0.0033347,-0.0002625,456.952
0,4251253,5,phononTS,0.000479021,-0.00104181,0.00282988,-0.000262498,972.538,0.000382,1,-0.000995719,0.0030032,0.0002625,1148.49
0,4251253,3,phononTS,0.0011503,-0.00220159,0.00389418,0.000262498,6.23272,0.000597881,1,-0.00221189,0.00390787,-0.0002625,163.988
0,4266232,5,phononTF,0.00209327,-0.00122464,0.00292685,-0.000226682,1.96314,0.000382,1,-0.000999367,0.00300261,0.0002625,572.229
0,4266232,6,phononTF,0.000965585,-0.000999367,0.00300261,0.000262498,572.229,0.000911081,1,-0.00170821,0.00225712,-0.0002625,897.363
0,4266232,4,phononTF,0.000606866,-0.00220367,0.00388427,0.000262498,1.96314,0.000606866,1,-0.00222123,0.00409055,-0.0002625,167.593
0,4266232,3,phononTF,0.000630888,-0.00220367,0.00388427,0.000262498,1.96314,0.000630888,1,-0.00207889,0.0039981,-0.0002625,157.352
0,4266232,2,phononTF,0.000515381,-0.00220367,0.00388427,0.000262498,1.96314,0.000515381,1,-0.00159781,0.00332213,-0.0002625,281.548
0,4297304,2,phononTS,0.000474659,-0.0016034,0.00344056,-0.0002625,3.90426,0.000382,1,-0.00100061,0.00300131,0.0002625,653.314
0,4301607,4,phononTS,0.000711384,-0.00201672,0.000893406,-0.0002625,1578.08,0.000382,1,-0.00199532,-1.63837e-07,0.0002625,2614.71
0,4303766,9,phononTF,0.00233238,-0.000908321,0.00287507,0.0001735,170.366,0.000382,1,-0.000996819,0.0029981,0.0002625,3404.77
0,4322592,5,phononTS,0.000966055,0.000408164,-0.00131341,-0.0002625,510.271,0.000382,1,0.00100321,-0.00100365,0.0002625,4722.06
0,4400660,3,phononTF,0.00260542,-0.000988483,0.0030405,0.000251843,1.68841,0.001146,1,-0.000995822,0.00299526,0.0002625,1672.7
0,4416766,8,phononTF,0.000565469,0.000166368,-0.00181222,-0.0002625,3756.61,0.000382,1,-1.23764e-06,-0.00199787,0.0002625,4247.76
0,4476987,3,phononTF,0.00161378,-0.000596832,0.000630601,-0.0002625,37.8806,0.000764,1,3.74832e-07,4.46985e-06,0.0002625,2249.45
0,4559365,5,phononTS,0.000515563,-0.00200034,0.00200275,0.0002625,3684.34,0.000515563,1,-0.00172738,0.00201898,-0.0002625,5493.47
0,4580813,2,phononL,0.000421806,-0.00160583,0.00244084,-0.0002625,6.21903,0.000382,1,-0.00100394,0.00100019,0.0002625,643.366
0,4589884,5,phononTS,0.000433055,-0.000977067,0.00228483,-0.000262498,4360.05,0.000382,1,-0.00299751,-0.00100166,0.0002625,5582.4
0,4589884,2,phononTS,0.000517489,-0.002214,0.00389399,0.000262498,37.6931,0.000517489,1,-0.00216297,0.00394947,-0.0002625,194.515
0,4603372,10,phononTS,0.000481968,-0.0019726,0.000164539,-0.000262498,4558.41,0.000382,1,-0.00199986,-4.37104e-06,0.0002625,4739.43
0,4650822,7,phononTF,0.000505597,-0.00100033,0.00300174,0.000262498,1043.13,0.000505597,1,-0.00065064,0.00268088,-0.0002625,1242.2
0,4663031,3,phononTF,0.00143899,-0.00330279,-0.000771953,9.00387e-05,2.55658,0.000382,1,-0.00300029,-0.000996349,0.0002625,1845.58
0,4663031,4,phononTS,0.000902358,-0.00300029,-0.000996349,0.000262498,1845.58,0.000902358,1,-0.0032024,-0.000970818,-0.0002625,2026.85
0,4663031,2,phononTS,0.00234571,-0.00179727,0.00253572,1.53458e-05,2.55658,0.000983547,1,-0.00142493,0.00247482,-0.0002625,736.746
0,4668166,5,phononTF,0.000511585,-0.0022129,0.00222308,-0.000262498,2915.63,0.000382,1,-0.00199527,0.00200209,0.0002625,3087.5
0,4679283,7,phononTS,0.000893371,-0.00291805,0.00220802,-0.0002625,568.514,0.000382,1,-0.00100193,0.00300155,0.0002625,3470.66
0,4732591,4,phononTF,0.000577751,-0.000352136,-0.00437773,-0.0002625,4.14292,0.000382,1,0.00100414,-0.00300318,0.0002625,11323.9
0,4754587,3,phononL,0.0027634,-0.00142906,0.00335734,-0.0002625,2.66333,0.000382,1,-0.000997871,0.00300032,0.0002625,823.752
0,4799714,4,phononL,0.00142789,-0.00116213,-0.000635694,-0.0002625,3106.7,0.000764,1,-0.000999816,-0.00100408,0.0002625,4053.89
0,4799714,5,phononTF,0.000414857,-0.000999816,-0.00100408,0.000262498,4053.89,0.000414857,1,-0.00123625,-0.0012262,-0.0002625,4227.89
0,4832271,8,phononTS,0.000506824,-0.00200286,-4.83872e-06,0.000262498,3739.68,0.000506824,1,-0.00206064,-6.14593e-05,-0.0002625,3885.99
0,4858297,12,phononTS,0.000620563,0.000665016,0.00207513,-0.000262498,8200.59,0.000382,1,2.68279e-06,0.00199796,0.0002625,8482.21
0,4873611,5,phononTF,0.000675089,-0.00099527,0.00299694,0.0002625,108.535,0.000436138,1,-0.000956094,0.00307143,-0.0002625,1461.29
0,4887356,8,phononTS,0.000421795,0.00100281,-0.00299761,0.0002625,5131.62,0.000421795,1,0.000950192,-0.00296585,-0.0002625,5811.26
0,4906885,8,phononTS,0.000829663,-0.00100446,0.00300002,0.000262498,7176.12,0.000829663,1,-0.000504094,0.00296907,-0.0002625,7420.86
0,4935825,7,phononTF,0.000590494,-0.00138248,0.00148249,-0.0002625,467.064,0.000382,1,-0.00100128,0.000996856,0.0002625,2437
0,4989541,13,phononTS,0.00147579,-0.00299865,-0.000998165,0.0002625,1280.67,0.0013657,1,-0.0030512,-0.00117273,-0.0002625,3234.33
0,4994483,3,phononTS,0.0029484,-0.0010601,0.000805582,0.000170193,2.39794,0.000764,1,-0.000995647,0.00100255,0.0002625,2807.08
0,4996250,4,phononTS,0.000679688,-0.00119006,0.00296567,-0.000262498,1121.07,0.000382,1,-0.00100193,0.00300072,0.0002625,1299.7
0,5020267,7,phononTS,0.000483593,-0.00199793,-1.66136e-06,0.000262498,5655.46,0.000483593,1,-0.00207619,-0.000782873,-0.0002625,5966.85
0,5020267,4,phononL,0.000425957,-0.00217164,0.00385034,0.000262498,40.8798,0.000425957,1,-0.00205349,0.00354104,-0.0002625,159.559
0,5020267,9,phononTS,0.00163523,-0.000811995,0.00218076,-0.000242634,723.544,0.00149247,1,-0.000806362,0.00221352,-0.0002625,1348.67
0,5020267,8,phononTF,0.00226377,-0.000727068,0.00269757,0.000100168,723.544,0.00226377,1,-0.000555392,0.00252204,-0.0002625,1164.54
0,5035927,4,phononTS,0.00108667,0.00186534,4.10028e-05,-0.0002625,2403.61,0.000382,1,0.00199751,-4.01012e-06,0.0002625,8261.01
0,5055973,4,phononTS,0.00306938,-0.00193872,0.00193806,0.000236345,1.0782,0.001146,1,-0.00199555,0.00199606,0.0002625,4864.43
0,5060300,5,phononTS,0.00100641,0.00100321,-0.00299859,0.000262498,8726.68,0.000953676,1,0.000210976,-0.00315842,-0.0002625,9057.81
0,5072415,2,phononL,0.00105411,0.00157522,0.00210331,-0.000130578,3.87783,0.000382,1,0.00199561,0.00200231,0.0002625,2111.63
0,5076309,6,phononTF,0.000464458,-0.00178427,0.00378075,-0.000262498,900.606,0.000382,1,-0.000999567,0.00300208,0.0002625,1245.55
0,5085953,8,phononTS,0.000609606,-0.00244701,0.0036948,-0.000262498,439.313,0.000382,1,-0.00199698,0.00200216,0.0002625,1074.32
0,5139193,8,phononTF,0.000515133,-0.00153761,0.00242187,-0.000262498,2652.31,0.000382,1,-0.00199529,0.00199706,0.0002625,2881.8
0,5178976,2,phononTF,0.000765291,-0.00214608,0.00401176,-0.0002625,191.938,0.000382,1,-0.000996723,0.00299744,0.0002625,2139.07
0,5190327,6,phononTS,0.00170537,-0.00108153,0.00297515,-0.0002625,1846.82,0.000382,1,-0.00099635,0.00299926,0.0002625,2280.42
0,5190327,7,phononL,0.0012637,-0.00099635,0.00299926,0.000262498,2280.42,0.00103313,1,-0.000914074,0.00270026,-0.0002625,2397.63
0,5190327,5,phononTS,0.000743843,-0.00164696,0.00249572,-9.18344e-05,1846.82,0.000594013,1,-0.00240888,0.00306062,-0.0002625,2150.56
0,5244085,5,phononTS,0.000685664,-6.86391e-05,0.00198629,-0.000262498,1221.94,0.000382,1,-4.6745e-06,0.00200425,0.0002625,1370.74
0,5249881,5,phononL,0.000689656,-3.23951e-06,0.00199536,0.000262499,2255.05,0.000689656,1,0.00107682,0.00190562,-0.0002625,2476.07
0,5268472,6,phononTS,0.00180277,-0.000944339,0.000953678,-0.0002625,106.202,0.000382,1,-0.000996861,0.00100088,0.0002625,2041.79
0,5268472,8,phononTS,0.000403616,-0.000996861,0.00100088,0.000262498,2041.79,0.000403616,1,-0.000951202,0.000780725,-0.0002625,2226.19
0,5289363,5,phononTF,0.00175703,-0.00129493,0.00322038,-0.0002625,7.53099,0.000764,1,-0.000995464,0.00299778,0.0002625,755.718
0,5289363,4,phononTF,0.00122873,-0.00219334,0.00388816,0.000262498,7.53099,0.000948223,1,-0.00200263,0.00408899,-0.0002625,175.913
0,5291346,7,phononTS,0.000851983,-0.00137427,-6.83344e-05,-0.0002625,182.576