Run ID,Event ID,Track ID,Particle Name,Start Energy [eV],Start X [m],Start Y [m],Start Z [m],Start Time [ns],Energy Deposited [eV],Track Weight,End X [m],End Y [m],End Z [m],Final Time [ns]
0,7946,10,phononTS,0.00050464,-0.00125715,-0.000788292,-0.000262498,2531.76,0.000382,1,-0.00099635,-0.000996958,0.0002625,2752.23
0,7946,7,phononTS,0.000479677,-0.00336194,-0.0014809,0.000262498,403.998,0.000479677,1,-0.00319486,-0.00171007,-0.0002625,612.734
0,26692,3,phononTF,0.00120198,-0.00313174,-0.00113713,-0.0002625,1.41253,0.000382,1,-0.00300234,-0.000996129,0.0002625,631.215
0,26692,4,phononTS,0.000622789,-0.00300234,-0.000996129,0.000262498,631.215,0.000622789,1,-0.00390637,0.00041343,-0.0002625,1195.78
0,54745,6,phononTF,0.000513165,-0.00199821,-7.87889e-08,0.000262498,1132.53,0.000513165,1,-0.00184358,0.000160361,-0.0002625,1293.94
0,61308,6,phononTF,0.000744227,-0.00304378,-0.00102628,-0.0002625,984.722,0.000382,1,-0.00299912,-0.00100086,0.0002625,2957.93
0,67628,7,phononTS,0.00176276,-0.00205068,0.00199466,0.000223139,366.464,0.001146,1,-0.00199524,0.0020014,0.0002625,1797.42
0,67628,2,phononTS,0.000602172,-0.00352541,-0.00157145,0.000240187,59.591,0.000602172,1,-0.00357396,-0.00131441,-0.0002625,244.787
0,69284,8,phononL,0.000555549,-0.00257367,-0.00225834,-0.0002625,1187.46,0.000382,1,-0.00199676,-0.00199608,0.0002625,1645.81
0,70982,2,phononTF,0.000886837,-0.00312515,-0.00114308,-0.0002625,1.04398,0.000382,1,-0.00299947,-0.00100337,0.0002625,631.114
0,76373,2,phononTF,0.00127564,-0.00310426,-0.00112106,-0.0002625,8.53867,0.000382,1,-0.00299777,-0.00100152,0.0002625,391.488
0,79659,5,phononTS,0.000610122,-0.00300422,-0.00100446,0.0002625,1034.19,0.000610122,1,-0.00379647,0.000827651,-0.0002625,1855.08
0,79659,2,phononTS,0.000669271,-0.00353493,-0.00153542,0.000262498,45.1147,0.000669271,1,-0.00241374,-0.00204778,-0.0002625,490.132
0,82687,6,phononTS,0.00127866,0.00189646,-0.00251685,-0.0002625,1537.5,0.000382,1,0.00199903,-0.00199643,0.0002625,4604.57
0,82687,8,phononTF,0.000416019,0.00199903,-0.00199643,0.000262498,4604.57,0.000416019,1,0.00225187,-0.00225088,-0.0002625,4784.72
0,92570,5,phononTF,0.000666944,-0.00300188,-0.00099905,0.000262498,630.53,0.000666944,1,-0.00328793,-0.000738394,-0.0002625,814.018
0,98478,10,phononTF,0.000408889,-0.00398008,-0.0019481,-0.000262498,599.088,0.000382,1,-0.00300216,-0.00100192,0.0002625,1010.03
0,98919,9,phononTS,0.0014091,-0.00099901,0.000998576,0.0002625,1396.87,0.00114788,1,-0.000982568,0.000955011,-0.0002625,1546.61
0,110118,4,phononTF,0.00116739,-0.00326861,-0.0012838,-0.0002625,14.469,0.000382,1,-0.00300238,-0.000996356,0.0002625,383.425
0,110118,3,phononTS,0.000988288,-0.00353485,-0.00157125,0.000262498,14.469,0.000988288,1,-0.00296096,-0.0015239,-0.0002625,275.802
0,119968,9,phononTF,0.000502576,-0.00100344,0.000996409,0.000262498,1883.33,0.000502576,1,-0.000198616,0.0017335,-0.0002625,2228.9
0,122557,6,phononTF,0.000547175,-0.00299519,-0.000998165,0.000262498,381.384,0.000547175,1,-0.00278093,-0.000998946,-0.0002625,548.297
0,136527,4,phononTS,0.00284075,-0.00295037,-0.00105762,0.000228429,17.3588,0.001146,1,-0.00299993,-0.000995363,0.0002625,537.93
0,137544,6,phononTS,0.00104977,-0.00199597,-0.0019996,0.000262498,850.872,0.000865118,1,-0.00234505,-0.00208167,-0.0002625,1071.45
0,151117,3,phononTF,0.000813674,-0.000139046,-0.00186186,-0.0002625,1648.72,0.000382,1,-2.24353e-06,-0.00200135,0.0002625,6881.35
0,151841,2,phononTF,0.00190686,-0.00311451,-0.00112709,-0.0002625,4.27851,0.000382,1,-0.00299875,-0.00100473,0.0002625,670.358
0,176098,3,phononL,0.000437622,-0.00238322,-0.00188603,-0.0002625,1.1574,0.000382,1,-0.00200326,-0.00199519,0.0002625,495.764
0,176098,2,phononTS,0.000726119,-0.00352309,-0.00155855,0.000262498,1.1574,0.000484574,1,-0.00351232,-0.00153016,-0.0002625,155.066
0,191490,4,phononTS,0.000879716,-0.00297462,-0.000932746,-0.000262498,446.408,0.000382,1,-0.00300289,-0.000997421,0.0002625,594.303
0,191490,6,phononTF,0.000451364,-0.00300289,-0.000997421,0.000262498,594.303,0.000451364,1,-0.00256111,-0.000541827,-0.0002625,826.927
0,204750,5,phononTF,0.000637495,-0.0017879,0.00223705,-0.0002625,835.08,0.000382,1,-0.00200488,0.00200076,0.0002625,2992.43
0,214089,7,phononTF,0.000412612,-0.00188359,-9.29956e-05,-0.0002625,1759.83,0.000382,1,-0.00199525,2.58806e-06,0.0002625,2222.84
0,241228,15,phononTF,0.00053416,0.005,0.00394488,-0.000196943,872.718,0.00053416,1,0.0026619,0.00391348,-0.0002625,4204.17
0,255415,3,phononTF,0.000766558,-0.00312775,-0.00113598,-0.0002625,3.6056,0.000382,1,-0.00299698,-0.000998101,0.0002625,635.395
0,255415,2,phononTS,0.000464398,-0.00352005,-0.00154963,0.000262498,3.6056,0.000464398,1,-0.0035293,-0.00156986,-0.0002625,153.908
0,270961,6,phononL,0.000912389,-0.00111143,0.00277313,-8.50812e-05,678.319,0.000382,1,-0.000996039,0.00299651,0.0002625,2138.18
0,275124,2,phononTF,0.00166824,-0.00238278,-0.000387222,-0.0002625,8.74544,0.000764,1,-0.00200022,2.39655e-06,0.0002625,865.914
0,285765,7,phononTS,0.000625227,-0.00452117,-0.005,-0.00021834,1491.82,0.000625227,1,-0.005,-0.00432565,0.000153975,3019.58
0,285765,9,phononTF,0.00266488,-0.00337916,-0.00148964,3.40053e-05,375.103,0.00204675,1,-0.00368766,-0.00120011,-0.0002625,539.837
0,287389,8,phononTF,0.00103201,-0.00321321,-0.0012194,-0.0002625,135.01,0.000382,1,-0.00300119,-0.000999665,0.0002625,478.014
0,291727,7,phononTS,0.000639225,-0.0029994,-0.000995774,0.0002625,743.377,0.000639225,1,-0.00225054,-0.0006831,-0.0002625,1233.16
0,299398,5,phononTF,0.000535569,-0.00232757,-0.00234535,-0.000262498,4174.92,0.000382,1,-0.00200338,-0.00199525,0.0002625,4374.56
0,299594,3,phononTS,0.00465732,-0.00299703,-0.000992177,0.000197775,12.2412,0.001146,1,-0.00299648,-0.000999026,0.0002625,1241.03
0,299594,6,phononTS,0.00154114,-0.00299648,-0.000999026,0.000262498,1241.03,0.000701967,1,-0.00316487,-0.000691127,-0.0002625,1464.14
0,303743,8,phononTS,0.000590075,-0.00218057,-0.00140149,5.92399e-05,705.12,0.000590075,1,-0.00166048,-0.00146703,-0.0002625,2398.05
0,324700,4,phononTF,0.000471428,-0.00141685,0.000573392,-0.0002625,18.432,0.000382,1,-0.000995537,0.00100351,0.0002625,1379.95
0,332741,4,phononL,0.0021958,-0.00329538,-0.00116586,-0.0002625,14.9164,0.000382,1,-0.00299819,-0.00100271,0.0002625,392.363
0,338154,6,phononTF,0.00113291,-0.0020022,-0.00200308,0.000262498,383.971,0.00067927,1,0.00407091,-0.00251996,-0.0002625,2165.27
0,349039,6,phononTS,0.000408899,-0.00280784,-0.00178881,-0.000262498,175.884,0.000382,1,-0.00300393,-0.000998782,0.0002625,500.101
0,357785,7,phononTS,0.000628038,-4.48749e-06,-0.00200324,0.0002625,5192.47,0.000539661,1,6.23847e-05,-0.00142203,-0.0002625,5717.07
0,357916,3,phononTS,0.00289941,-0.00199865,-2.33865e-05,-9.21137e-07,8.42696,0.000764,1,-0.00199631,-4.14741e-06,0.0002625,1475.32
0,361660,3,phononTF,0.00223349,-0.00325499,-0.00128261,-0.0002625,2.8091,0.000382,1,-0.00299594,-0.00100111,0.0002625,368.554
0,385372,6,phononTF,0.000459941,-0.00299817,-0.00100081,0.000262498,598.548,0.000459941,1,-0.00319798,-0.000807413,-0.0002625,765.981
0,385372,2,phononTF,0.0050089,-0.00325853,-0.00158146,-0.000246492,7.97646,0.0035317,1,-0.00325349,-0.00158699,-0.0002625,559.663
0,399748,5,phononTS,0.000548813,0.00262692,0.00203437,-0.0002625,596.671,0.000382,1,0.00199743,0.00199564,0.0002625,7043.7
0,399748,3,phononTS,0.00281466,-0.00357913,-0.00155357,0.00011872,1.86034,0.00154424,1,-0.00354466,-0.00166042,-0.0002625,211.621
0,404025,4,phononTS,0.000585003,0.000827535,-0.00386369,-0.0002625,167.232,0.000382,1,0.000997531,-0.00300125,0.0002625,3649.23
0,409286,6,phononTS,0.000579199,-0.00300448,-0.00100447,0.000262498,751.302,0.000579199,1,-0.0030412,-0.00102026,-0.0002625,905.119
0,424332,5,phononL,0.00105522,-0.00188362,-0.00123402,-0.0002625,165.314,0.000382,1,-0.000999865,-0.00100062,0.0002625,751.361
0,424332,6,phononTS,0.000469709,-0.000999865,-0.00100062,0.000262498,751.361,0.000469709,1,-0.00096698,-0.00141217,-0.0002625,975.778
0,438682,3,phononTF,0.001316,-0.00326866,-0.00127034,-0.0002625,70.2236,0.000382,1,-0.00299659,-0.00100397,0.0002625,437.012
0,438908,3,phononL,0.0019845,-0.00301492,-0.00101798,0.000247669,5.63262,0.000764,1,-0.00299712,-0.000996404,0.0002625,371.738
0,438908,4,phononTS,0.000895045,-0.00299712,-0.000996404,0.000262498,371.738,0.000800516,1,-0.00303234,-0.000988584,-0.0002625,527.09
0,438908,2,phononTF,0.00157408,-0.00352685,-0.00156607,0.000262498,5.63262,0.000918987,1,-0.00369939,-0.00172345,-0.0002625,167.473
0,440883,5,phononTF,0.0019878,-0.00325545,-0.00127742,-0.0002625,198.882,0.000382,1,-0.00299892,-0.0010041,0.0002625,562.249
0,440883,6,phononTF,0.00125171,-0.00299892,-0.0010041,0.000262498,562.249,0.000584706,1,-0.00274077,-0.0012412,-0.0002625,739.969
0,446153,3,phononL,0.00102034,-0.00200267,1.5989e-06,0.0002625,29.9334,0.000332132,1,-0.00159908,0.000469558,-0.0002625,1000.06
0,454780,3,phononTF,0.000407181,-0.000883,0.00111037,-0.0002625,5.78967,0.000382,1,-1.51791e-07,0.0020036,0.0002625,1542.86
0,455910,5,phononTS,0.000403095,-0.00367457,0.00107184,-0.000262498,2473.18,0.000382,1,-0.00199501,0.00200067,0.0002625,3126.75
0,455910,3,phononL,0.000490771,-0.00351732,-0.0015592,0.000262498,18.6794,0.000490771,1,-0.00334164,-0.00108205,-0.0002625,154.186
0,457748,5,phononTS,0.0026733,-0.00127524,0.000237861,-0.000190911,1.05944,0.000382,1,-0.000999867,0.00100428,0.0002625,1580.59
0,457748,7,phononTS,0.00119451,-0.000999867,0.00100428,0.000262498,1580.59,0.000296611,1,-0.00100602,0.000944848,-0.0002625,1731.9
0,469346,6,phononTS,0.000774538,-0.00346342,-0.00133958,-0.000262498,857.068,0.000382,1,-0.00299779,-0.000999371,0.0002625,1137.22
0,485568,2,phononTF,0.000598627,-0.00326501,-0.00127584,-0.0002625,3.85686,0.000382,1,-0.00300219,-0.000995837,0.0002625,370.572
0,508257,4,phononTS,0.00243315,-0.00300748,-0.000997972,0.000120913,22.8972,0.000382,1,-0.00299538,-0.00100057,0.0002625,641.993
0,508602,5,phononTS,0.00148091,-0.00300464,-0.000997384,0.000262498,366.947,0.0012793,1,-0.000462481,-0.00151847,-0.0002625,1301.47
0,509848,6,phononTS,0.0025678,-0.00300061,-0.00109929,-6.70667e-05,266.412,0.00157207,1,-0.00301375,-0.000914893,-0.0002625,1012.39
0,509848,7,phononTS,0.000566942,-0.005,0.00143982,7.24889e-05,1012.39,0.000566942,1,-0.0022135,-0.00194501,-0.0002625,3321.81
0,520978,6,phononTF,0.000559547,-0.00318897,-0.00191005,-0.000262498,216.559,0.000382,1,-0.00100183,0.00299541,0.0002625,1771.27
0,532138,3,phononTF,0.00204848,-0.00300453,-0.00100277,0.0002625,10.0048,0.000267588,1,-0.00275425,-0.000724547,-0.0002625,562.666
0,537069,4,phononTF,0.00228577,-0.0019937,-0.00200894,0.000251943,2.15958,0.000764,1,-0.00199874,-0.00200345,0.0002625,773.156
0,562948,13,phononTS,0.00228134,-0.00208921,-0.00240646,-9.50798e-07,784.028,0.000382,1,-0.00200396,-0.00200423,0.0002625,1746.84
0,562948,15,phononL,0.00135117,-0.00200396,-0.00200423,0.000262498,1746.84,0.000690162,1,-0.00173164,-0.00128699,-0.0002625,1919.67
0,579985,7,phononTS,0.000419267,-0.00300374,-0.00100033,0.000262498,2065.82,0.000419267,1,-0.00300141,-0.00105399,-0.0002625,2216.87
0,584717,3,phononTF,0.00116582,-0.00238102,-0.000396619,-0.0002625,19.4142,0.000382,1,-0.00199977,-2.21393e-06,0.0002625,883.467
0,584717,2,phononTS,0.0015454,-0.00352478,-0.00157983,0.000262498,19.4142,0.0015454,1,-0.00343869,-0.00156287,-0.0002625,181.613
0,587986,5,phononTF,0.000640875,-0.00299746,-0.00100227,0.0002625,2.49897,0.000640875,1,-0.00273754,-0.000724574,-0.0002625,550.217
0,587986,4,phononTS,0.000447448,-0.0035173,-0.00155768,0.000262498,2.49897,0.000447448,1,-0.00355364,-0.00173001,-0.0002625,178.322
0,595444,2,phononTF,0.00155382,-0.00312975,-0.00114291,-0.0002625,9.30613,0.000764,1,-0.00299845,-0.00100415,0.0002625,639.062
0,595444,6,phononTS,0.000510017,-0.00299845,-0.00100415,0.000262498,639.062,0.000510017,1,-0.00196381,-0.00133938,-0.0002625,1050.2
0,612506,7,phononTF,0.000623412,-0.00299543,-0.00100212,0.000262498,777.283,0.000623412,1,-0.00279918,-0.00116231,-0.0002625,943.777
0,615148,2,phononTF,0.00255486,-0.00329708,-0.00126901,-0.0002625,0.0780981,0.001146,1,-0.00300322,-0.00100097,0.0002625,387.581
0,615148,10,phononL,0.000429494,-0.00300322,-0.00100097,0.000262498,387.581,0.000429494,1,-0.00281985,-0.000928038,-0.0002625,499.097
0,615148,9,phononTS,0.000390227,-0.00300322,-0.00100097,0.000262498,387.581,0.000390227,1,-0.00273406,-0.000467569,-0.0002625,670.955
0,626733,5,phononTS,0.000441804,-0.00299642,-0.000997052,0.000262498,370.226,0.000441804,1,-0.00306516,-0.000944773,-0.0002625,529.438
0,637449,5,phononTF,0.000545125,-0.00299664,-0.00100474,0.0002625,677.752,0.000545125,1,-0.00271823,-0.00129972,-0.0002625,1190.39
0,637449,3,phononL,0.00112636,-0.00351826,-0.0015602,0.000262498,6.96741,0.00112636,1,-0.00391256,-0.00196626,-0.0002625,151.544
0,637449,2,phononL,0.000544475,-0.00351826,-0.0015602,0.000262498,6.96741,0.000544475,1,-0.00352147,-0.00204046,-0.0002625,138.464
0,653191,8,phononTS,0.000593158,-0.00326201,-0.00101979,-0.000262498,677.905,0.000382,1,-0.00299558,-0.00100364,0.0002625,875.522
0,659813,6,phononTF,0.000632849,-0.00316434,-0.00118129,-0.0002625,227.976,0.000382,1,-0.00300311,-0.00100359,0.0002625,715.615
0,664832,3,phononTS,0.0015181,-0.00300165,-0.000999818,0.0002625,44.89,0.0015181,1,-0.00265429,-8.6845e-05,-0.0002625,630.578
0,664832,2,phononTS,0.00171964,-0.00352677,-0.00153864,0.000262498,44.89,0.00140322,1,-0.00351606,-0.000748726,-0.0002625,362.141
0,684429,6,phononTS,0.00038483,-0.000955996,0.000951166,-0.000262498,2008.64,0.000382,1,-0.0010038,0.000995809,0.0002625,2155.68
0,690755,8,phononTS,0.00104443,-0.000999053,-0.000995495,0.000262498,1868.3,0.00104443,1,-0.00104237,-0.00098328,-0.0002625,2021.27
0,711757,8,phononTF,0.000528921,-0.00321921,-0.00120202,-0.000262498,1540.51,0.000382,1,-0.00300086,-0.0010037,0.0002625,1710.02
0,713355,4,phononL,0.00276112,-0.00142806,-0.000374497,1.71333e-05,4.81874,0.000764,1,-0.00299558,-0.000995796,0.0002625,4014.21
0,713355,6,phononTF,0.000664909,-0.00299558,-0.000995796,0.000262498,4014.21,0.000664909,1,-0.00294847,-0.00133972,-0.0002625,4207.36
0,714447,6,phononTF,0.000421641,-0.00316242,-0.001148,-0.0002625,200.847,0.000382,1,-0.00299906,-0.000997914,0.0002625,682.581
0,719289,8,phononTF,0.000809429,-0.00200018,2.99537e-06,0.000262498,903.033,0.000809429,1,-0.0016605,0.000314986,-0.0002625,1099.63
0,726441,9,phononTS,0.000907667,-0.00112949,0.00302486,-0.0002625,3436.19,0.000382,1,-0.00100254,0.00299988,0.0002625,3985.41
0,748869,6,phononTF,0.000835961,-0.00323563,-0.00121455,-0.000262498,352.669,0.000382,1,-0.00300135,-0.000998085,0.0002625,525.646
0,754514,5,phononTF,0.000509662,-0.00289154,0.00113953,-0.0002625,290.254,0.000382,1,-0.00199733,0.00200385,0.0002625,1758.48
0,754514,3,phononTS,0.000795615,-0.00353788,-0.00155363,0.000262498,64.7962,0.000795615,1,-0.00148215,-0.00348524,-0.0002625,927.991
0,754514,2,phononTF,0.000861336,-0.00353788,-0.00155363,0.000262498,64.7962,0.000556455,1,-0.00395348,-0.00197149,-0.0002625,288.362
0,764759,2,phononTF,0.000903768,-0.00312809,-0.00113858,-0.0002625,18.8429,0.000382,1,-0.00299831,-0.000997406,0.0002625,648.706
0,773934,4,phononTS,0.00269606,-0.00299859,-0.00101588,0.000242263,8.61053,0.001146,1,-0.00299763,-0.0010037,0.0002625,840.964
0,779228,8,phononL,0.00101066,-0.00299705,-0.00099642,0.000262498,374.576,0.00101066,1,-0.00248303,-0.000779417,-0.0002625,516.532
0,779228,2,phononTS,0.000634611,-0.00352313,-0.00156224,0.000262498,3.00131,0.000481835,1,-0.00370703,-0.00123704,-0.0002625,231.578
0,782526,4,phononTF,0.000644812,-0.00237701,-0.000389185,-0.0002625,9.40488,0.000382,1,-0.0020016,-3.86063e-06,0.0002625,856.738
0,810837,5,phononTF,0.000621682,-0.00302981,-0.00102191,-0.000262498,563.629,0.000382,1,-0.00299812,-0.000995656,0.0002625,712.125
0,810837,2,phononL,0.00429511,-0.00338124,-0.00181762,2.83016e-05,3.88609,0.00311126,1,-0.00357957,-0.00182623,-0.0002625,724.373
0,815026,2,phononTF,0.00204164,-0.00289612,-0.000900804,-0.000243117,4.5468,0.000382,1,-0.00299747,-0.000998312,0.0002625,857.987
0,815026,6,phononTS,0.00146122,-0.00299747,-0.000998312,0.000262498,857.987,0.00107369,1,-0.00297455,-0.00118157,-0.0002625,1041.01
0,827961,2,phononTF,0.000538377,-0.00326215,-0.00128209,-0.0002625,10.1929,0.000382,1,-0.00300252,-0.00100377,0.0002625,375.615
0,830008,12,phononTS,0.000433376,-0.00299757,-0.000960816,-0.000262498,2684.26,0.000382,1,-0.00299942,-0.001002,0.0002625,2835.1
0,871854,7,phononTF,0.001972,0.00121968,-0.00279174,-0.000229452,166.836,0.000764,1,0.000999785,-0.00299733,0.0002625,1977
0,871854,8,phononTS,0.000390575,0.000999785,-0.00299733,0.000262498,1977,0.000390575,1,0.00107776,-0.00392876,-0.0002625,2337
0,871854,2,phononTS,0.00212251,-0.00352835,-0.00153735,0.000205725,90.268,0.00212251,1,-0.00352829,-0.00148767,-0.0002625,224.874
0,888283,3,phononTF,0.000867892,-0.00238201,-0.000390885,-0.0002625,40.4937,0.000382,1,-0.00200462,-4.34907e-06,0.0002625,896.764
0,909446,5,phononTF,0.000455607,-0.00348631,-0.00148081,-0.000262498,482.897,0.000382,1,-0.00300308,-0.00100166,0.0002625,726.64
0,909446,3,phononTS,0.00171657,-0.00352463,-0.00155645,0.000262498,1.89936,0.000687512,1,-0.00228098,-0.00184517,-0.0002625,463.019
0,914472,4,phononTF,0.00281625,-0.00199621,-0.00200014,0.0002625,17.0014,0.00210885,1,-0.00207983,-0.00208262,-0.0002625,1353.75
0,915007,4,phononTF,0.00118549,-0.00313228,-0.00113941,-0.0002625,46.5168,0.000382,1,-0.00300449,-0.00100019,0.0002625,675.4
0,915007,5,phononTS,0.000386198,-0.005,-0.00260871,-0.000172393,675.4,0.000386198,1,-0.00483026,-0.00253464,-0.0002625,1570.83
0,933517,2,phononTF,0.00302682,-0.00307674,-0.000918725,-5.5917e-06,3.82345,0.001146,1,-0.00299724,-0.00100224,0.0002625,3030.26
0,933517,7,phononTS,0.000438722,-0.00299724,-0.00100224,0.000262498,3030.26,0.000438722,1,-0.00494587,-0.0027086,-0.0002625,3836.43
0,946251,3,phononL,0.000696274,0.00114907,-0.00156915,-0.0002625,44.4113,0.000382,1,0.000996635,-0.00100376,0.0002625,1939.54
0,946251,2,phononTF,0.000957687,-0.00350616,-0.00157434,0.000262498,44.4113,0.00045454,1,-0.00380745,-0.00121104,-0.0002625,248.458
0,951129,3,phononTF,0.000607767,-0.00326549,-0.00127762,-0.0002625,2.31758,0.000382,1,-0.00300464,-0.000998243,0.0002625,368.055
0,967920,5,phononTF,0.00071882,-0.00325728,-0.0012781,-0.0002625,6.33853,0.000382,1,-0.0030011,-0.000996316,0.0002625,376.739
0,983140,7,phononTS,0.000424588,-0.00100069,0.00100444,0.000262498,5800.71,0.000424588,1,-0.00195795,0.000962503,-0.0002625,6165.01
0,988108,5,phononTS,0.000391411,-0.00346766,-0.00146087,-0.000262498,171.437,0.000382,1,-0.00299813,-0.000995008,0.0002625,474.418
0,988108,3,phononTS,0.000772025,-0.00347222,-0.00151538,-0.000192387,9.15127,0.000730055,1,-0.00366753,-0.00152793,-0.0002625,219.302
0,988108,2,phononL,0.000843765,-0.00351899,-0.00155029,0.000262498,9.15127,0.000843765,1,-0.00377483,-0.00200448,-0.0002625,146.958
0,988837,8,phononTF,0.000399255,-0.00199979,-0.00200141,0.000262498,4264.04,0.000399255,1,-0.00233161,-0.00167515,-0.0002625,4462.55
0,988837,2,phononTS,0.000480405,-0.00352119,-0.00155762,0.000262498,1.3552,0.000480405,1,-0.00346157,-0.00217453,-0.0002625,272.366
0,994790,3,phononTS,0.000529658,-0.00100181,-0.000999409,0.000262498,953.448,0.000529658,1,-0.00100928,-0.000737679,-0.0002625,1146.1
0,1006336,7,phononTS,0.000572879,-0.00299816,-0.00100105,0.0002625,1319,0.000474945,1,-0.00306121,-0.00105074,-0.0002625,1611.92
0,1006763,5,phononTS,0.0015414,-0.00274215,-0.00212629,-0.0002625,521.288,0.000382,1,-0.00200004,-0.00199675,0.0002625,1197.04
0,1008014,3,phononTF,0.0016366,-0.00313359,-0.00113879,-0.0002625,8.26663,0.000764,1,-0.00300095,-0.00100225,0.0002625,639.727
0,1008014,4,phononTS,0.000508628,-0.00300095,-0.00100225,0.000262498,639.727,0.000508628,1,-0.00353917,-0.00100985,-0.0002625,894.755
0,1008344,4,phononTF,0.00185301,-0.00312699,-0.00113882,-0.0002625,1.26216,0.000764,1,-0.00299538,-0.000999309,0.0002625,631.681
0,1010986,8,phononTS,0.000642542,-0.00210935,-0.00142616,-0.0002625,743.048,0.000382,1,-0.00199535,-0.00199818,0.0002625,1698.73
0,1011553,3,phononTF,0.000772875,-0.00326415,-0.00128359,-0.0002625,4.21225,0.000382,1,-0.00300035,-0.00100358,0.0002625,370.861
0,1011553,2,phononTS,0.00155486,-0.00352794,-0.00156361,0.000262498,4.21225,0.00089295,1,-0.0049289,-0.00196595,-0.0002625,518.775
0,1023500,3,phononTF,0.00204767,-0.00225781,-0.00171849,-0.000143669,9.69067,0.000764,1,-0.00300076,-0.0010034,0.0002625,991.034
0,1042328,6,phononTF,0.000385322,-0.00300156,-0.00100163,0.0002625,615.026,0.000385322,1,-0.00308589,-0.000945889,-0.0002625,917.82
0,1051564,6,phononTF,0.000393656,-0.000998976,-0.000995815,0.000262498,703.013,0.000393656,1,-0.00132772,-0.00129758,-0.0002625,899.924
0,1053596,5,phononTS,0.00125871,-0.00313415,-0.00105068,-0.0002625,1072.45,0.000382,1,-0.00299717,-0.00100275,0.0002625,1942.22
0,1067418,7,phononTF,0.00052961,-0.00100061,-0.00100198,0.000262498,1594.81,0.00052961,1,-0.00146377,-0.00143397,-0.0002625,1826.3
0,1080309,4,phononTF,0.000629995,-0.00232207,-0.000288631,-0.0002625,659.973,0.000382,1,-0.002004,2.44767e-06,0.0002625,1615.51
0,1081479,7,phononTS,0.000940079,-0.00300492,-0.000995377,0.000262498,665.946,0.000516479,1,-0.00298459,-0.00105918,-0.0002625,814.555
0,1092015,3,phononTF,0.000476084,-0.00300089,-0.00100181,0.0002625,23.6152,0.000476084,1,-0.0035224,-0.00155023,-0.0002625,647.51
0,1099133,5,phononTS,0.0025681,-0.003257,-0.0015065,-0.000125683,78.1378,0.000382,1,-0.00300307,-0.00100419,0.0002625,460.368
0,1099133,8,phononTS,0.00158902,-0.00300307,-0.00100419,0.000262498,460.368,0.000872097,1,-0.00302089,-0.00106902,-0.0002625,609.153
0,1100547,2,phononTF,0.000678345,-0.00313061,-0.00113915,-0.0002625,31.1601,0.000382,1,-0.0030038,-0.00100099,0.0002625,659.501
0,1102621,6,phononTS,0.000506775,-0.0019673,-0.0019801,-0.000262498,1100.88,0.000382,1,-0.0020043,-0.00199589,0.0002625,1248.75
0,1102621,2,phononTF,0.000829079,-0.00352086,-0.00156282,0.000262498,2.2437,0.000429232,1,-0.0043476,-0.0007041,-0.0002625,369.186
0,1106361,9,phononTF,0.000757143,-0.00299573,-0.000997029,0.000262498,10102.4,0.000757143,1,-0.00472294,-0.00378619,-0.0002625,11059.9
0,1124458,9,phononTF,0.000464498,-0.00299967,-0.00100072,0.000262498,1021.06,0.000464498,1,-0.0032145,-0.00121196,-0.0002625,1191.67
0,1136263,5,phononTS,0.000901798,-0.000997088,0.00100282,0.000262498,1207.44,0.000886959,1,7.29731e-05,0.000560979,-0.0002625,1632.01
0,1141338,6,phononTS,0.000448876,-0.00300137,-0.00100423,0.0002625,232.368,0.000448876,1,-0.00283887,6.15544e-06,-0.0002625,1007.41
0,1141338,4,phononTS,0.00129681,-0.00352645,-0.00155925,0.000262498,4.16328,0.000916258,1,-0.0035885,-0.00155231,-0.0002625,154.085
0,1147118,3,phononTF,0.00258567,-0.00260633,-0.00131657,-8.90442e-05,5.36095,0.000382,1,-0.0029954,-0.00100433,0.0002625,2347.5
0,1147118,6,phononTF,0.000425381,-0.0029954,-0.00100433,0.000262498,2347.5,0.000425381,1,-0.00306466,-0.000735572,-0.0002625,2524.73
0,1147118,5,phononTF,0.000471193,-0.0029954,-0.00100433,0.000262498,2347.5,0.000471193,1,-0.00276273,-0.00125503,-0.0002625,2525.89
0,1155574,3,phononTS,0.00245611,-0.00199951,-0.00199787,0.0002625,3.0424,0.000582315,1,-0.00168196,-0.00200751,-0.0002625,970.465
0,1157388,4,phononTS,0.000996458,0.000984211,0.005,-0.00013529,159.869,0.000703212,1,0.000310315,0.00393,-0.0002625,5937.86
0,1160395,3,phononTF,0.00410956,-0.00299407,-0.00101545,0.000197926,36.2795,0.000764,1,-0.00300221,-0.0010038,0.0002625,744.471
0,1160395,6,phononTF,0.000832703,-0.00300221,-0.0010038,0.000262498,744.471,0.000832703,1,-0.00308445,-0.00109727,-0.0002625,896.98
0,1173138,2,phononTF,0.00217921,-0.00326224,-0.00127847,-0.0002625,8.23973,0.000382,1,-0.00299981,-0.000996178,0.0002625,379.515
0,1173558,6,phononTS,0.00038406,-0.00200284,-0.00200006,0.0002625,2326.82,0.00038406,1,-0.00190075,-0.00279429,-0.0002625,2846.89
0,1178787,8,phononTS,0.0007974,-0.00300472,-0.000998677,0.000262498,643.616,0.0007974,1,-0.00272282,-0.00100521,-0.0002625,843.441
0,1194706,3,phononTF,0.0020075,-0.00356368,-0.00152524,-0.0002625,6.90045,0.000382,1,-0.00300475,-0.00100042,0.0002625,417.327
0,1194706,4,phononTF,0.000878575,-0.00300475,-0.00100042,0.000262498,417.327,0.000878575,1,-0.00307886,-0.000931307,-0.0002625,568.237
0,1197635,6,phononTF,0.000457161,-0.00266941,-0.00131941,-0.000262498,553.675,0.000382,1,-0.00299633,-0.00100125,0.0002625,749.679
0,1205855,6,phononTS,0.00246977,-0.00200124,-0.00200212,0.000242927,19.3606,0.000764,1,-0.00199923,-0.00200403,0.0002625,901.803
0,1210390,2,phononTF,0.00137839,-0.00276249,-0.000786154,-0.0002625,4.74688,0.000382,1,-0.00199535,-4.43142e-06,0.0002625,689.332
0,1210390,4,phononTS,0.000936934,-0.00199535,-4.43142e-06,0.000262498,689.332,0.000719847,1,-0.00200425,4.00717e-05,-0.0002625,840.089
0,1221531,10,phononTS,0.000612835,-0.00305301,-0.00105839,-0.000262499,270.664,0.000382,1,-0.0029963,-0.00100419,0.0002625,417.163
0,1223533,5,phononTF,0.00115033,0.00151939,0.00162696,-0.0002625,31.4574,0.000382,1,0.00200446,0.00200004,0.0002625,8330.89
0,1230617,7,phononTS,0.000591494,0.00199775,-1.02839e-06,0.000262498,4293.37,0.000591494,1,-0.00234264,0.00258473,-0.0002625,5869.47
0,1238154,4,phononTF,0.000580679,-0.00332802,-0.00134379,-0.000262498,642.534,0.000382,1,-0.00300348,-0.00100011,0.0002625,841.699
0,1245639,2,phononTF,0.000758365,-0.00321739,-0.00116442,-0.0002625,37.0717,0.000382,1,-0.00299752,-0.00100066,0.0002625,681.749
0,1261934,8,phononTS,0.000511311,-0.00320567,-0.00129688,-0.000262498,298.847,0.000382,1,-0.00200282,-0.00199871,0.0002625,782.48
0,1263058,3,phononTF,0.00256928,-0.00203703,-0.00201185,0.000183736,25.7267,0.000382,1,-0.00200496,-0.00199693,0.0002625,1218.37
0,1270078,3,phononTF,0.000698648,-0.0029984,-0.000997496,0.0002625,10.9142,0.000260385,1,-0.00273639,-0.000725374,-0.0002625,562.223
0,1282195,4,phononTF,0.000821288,-0.00235779,-0.000284885,-0.0002625,215.4,0.000382,1,-0.0020021,2.05407e-06,0.0002625,1223.65
0,1282195,6,phononTF,0.000392966,-0.0020021,2.05407e-06,0.000262498,1223.65,0.000392966,1,-0.00233398,0.000313294,-0.0002625,1419.26
0,1289624,3,phononTF,0.00126057,0.0009981,0.000995237,0.0002625,1.39683,0.000859256,1,0.00119092,0.000788725,-0.0002625,5441.17
0,1309413,4,phononTF,0.0010088,-0.00127369,-0.000700711,-0.000262498,1455.25,0.000382,1,-0.000995722,-0.00100001,0.0002625,1642.52
0,1309413,5,phononTS,0.000610468,-0.000995722,-0.00100001,0.000262498,1642.52,0.000610468,1,-0.00105462,-0.0005156,-0.0002625,1882.24
0,1309413,2,phononL,0.000571944,-0.00351641,-0.00156901,0.000262498,13.613,0.000571944,1,-0.00396052,-0.00204653,-0.0002625,171.224
0,1314456,3,phononTS,0.00228394,-0.0029591,-0.00099275,-0.000119275,26.0967,0.000764,1,-0.00299774,-0.00100387,0.0002625,1552.17
0,1314456,5,phononTS,0.000686348,-0.00299774,-0.00100387,0.000262498,1552.17,0.00038004,1,-0.00294211,-0.00146057,-0.0002625,1793.27
0,1315453,4,phononTF,0.00159563,-0.00355331,-0.00156439,-0.000129859,42.9265,0.000764,1,-0.00200474,3.90194e-07,0.0002625,783.61
0,1316402,3,phononTF,0.00254062,-0.0033647,-0.00152788,-7.00453e-05,10.4272,0.000382,1,-0.00300373,-0.00100416,0.0002625,591.461
0,1319257,4,phononTS,0.0025631,-0.0035466,-0.000743588,6.46141e-05,4.92515,0.001146,1,-0.00299603,-0.000997363,0.0002625,3672.94
0,1319257,5,phononTF,0.000938617,-0.00299603,-0.000997363,0.000262498,3672.94,0.000938617,1,-0.00256104,-0.00053508,-0.0002625,3904.92
0,1336460,2,phononTF,0.000642385,-0.00300083,-0.000999168,0.0002625,3.03285,0.000305664,1,-0.00321898,-0.00120741,-0.0002625,803.297
0,1346371,4,phononTF,0.00249502,-0.00325275,-0.0012774,-0.0002625,28.0207,0.000764,1,-0.00299866,-0.000999234,0.0002625,391.678
0,1346371,6,phononTS,0.000536905,-0.00299866,-0.000999234,0.000262498,391.678,0.000536905,1,-0.00391675,-0.00103201,-0.0002625,744.611
0,1346371,5,phononTS,0.00103103,-0.00299866,-0.000999234,0.000262498,391.678,0.000740785,1,-0.00293794,-0.000996333,-0.0002625,542.013
0,1346371,3,phononTF,0.000681287,-0.00350685,-0.00155557,0.000262498,28.0207,0.000681287,1,-0.00368352,-0.00174551,-0.0002625,192.979
0,1347474,6,phononTS,0.000485742,-0.00305567,-0.00106034,-0.0002625,216.455,0.000382,1,-0.00300284,-0.000998586,0.0002625,655.467
0,1361337,5,phononTS,0.00432286,-0.00334157,-0.001058,-0.000161133,144.974,0.00347682,1,-0.00328886,-0.000840338,-0.0002625,907.009
0,1396528,9,phononL,0.000599552,-0.00299603,-0.0010001,0.000262498,654.39,0.000599552,1,-0.00245578,-0.0010386,-0.0002625,792.815
0,1408722,7,phononTF,0.000579789,-0.00131043,-0.00132236,-0.0002625,1480.86,0.000382,1,-0.00100214,-0.00099679,0.0002625,2064.23
0,1409661,3,phononTF,0.00214113,-0.00326023,-0.00128188,-0.0002625,13.8274,0.000764,1,-0.00300119,-0.000998278,0.0002625,379.891
0,1436036,6,phononTS,0.000469763,-0.00272598,-0.00204419,-0.0002625,2555.31,0.000382,1,-0.00199537,-0.00200146,0.0002625,3329.73
0,1437057,8,phononTS,0.000593862,-0.00200249,0.00200061,0.000262498,1519.63,0.000593862,1,-0.00206964,0.00196986,-0.0002625,1680.14
0,1437057,2,phononTS,0.00129406,-0.00352704,-0.00151604,0.000262498,52.7217,0.00120893,1,-0.00358146,-0.00152138,-0.0002625,202.966
0,1446230,9,phononTF,0.000540135,-0.000999987,0.000995988,0.0002625,5532.45,0.000540135,1,-0.000917233,0.00116597,-0.0002625,5854.05
0,1461737,10,phononTS,0.000532465,0.000525518,0.005,0.000215269,12123.1,0.000532465,1,0.000484616,0.00444845,-0.0002625,13064.5
0,1472768,2,phononTS,0.00303874,-0.00201105,-0.00260128,-0.0002625,68.118,0.000382,1,-0.00200132,-0.0020047,0.0002625,1308.01
0,1472768,9,phononTF,0.00172313,-0.000162942,-0.005,-0.000220187,1308.01,0.00106337,1,-0.000181286,-0.00498284,-0.0002625,3016.83
0,1473426,5,phononTS,0.000781577,8.42202e-06,-0.00198859,0.000147036,67.3691,0.000382,1,-4.34399e-06,-0.00199594,0.0002625,8146.86
0,1474180,6,phononTF,0.000567608,-0.00229233,-0.00212793,-0.0002625,1657.58,0.000382,1,-0.00200017,-0.00200117,0.0002625,3841.39
0,1478353,7,phononTF,0.00044681,0.00199682,-0.00199787,0.0002625,7745.24,0.00044681,1,0.00200659,-0.00178492,-0.0002625,8895.23
0,1523149,6,phononTF,0.000470032,-0.00350033,-0.00153424,-0.000262498,199.478,0.000382,1,-0.00300447,-0.00100377,0.0002625,451.572
0,1532389,5,phononTS,0.000489899,-0.00301907,-0.00103936,-0.000262498,274.532,0.000382,1,-0.00299907,-0.000999814,0.0002625,436.179
0,1542857,7,phononTF,0.00167103,-0.00331559,-0.000650145,-0.0002625,532.427,0.000382,1,-0.00299507,-0.000998458,0.0002625,1041.75
0,1542857,9,phononTS,0.000712533,-0.00299507,-0.000998458,0.000262498,1041.75,0.000712533,1,-0.00279572,-0.000818316,-0.0002625,1247.5
0,1543384,5,phononTS,0.000491328,-0.00100496,0.00100085,0.000262498,1587.39,0.000491328,1,-0.00254916,0.000488362,-0.0002625,2152.06
0,1543384,2,phononL,0.000776181,-0.00353003,-0.00155947,0.000262498,13.1819,0.000776181,1,-0.00340296,-0.00104487,-0.0002625,150.769
0,1545951,4,phononTF,0.00274464,-0.00215568,0.00182652,4.0621e-05,3.26157,0.000764,1,-0.00199744,0.00199781,0.0002625,1823.88
0,1545951,6,phononTS,0.00129784,-0.00199744,0.00199781,0.000262498,1823.88,0.00129784,1,-0.00241984,0.00202361,-0.0002625,2051.12
0,1545951,5,phononTF,0.000509726,-0.00199744,0.00199781,0.000262498,1823.88,0.000509726,1,-0.00221695,0.00221331,-0.0002625,1995.38
0,1545951,3,phononTS,0.000423918,-0.00352572,-0.00156232,0.000262498,3.26157,0.000423918,1,-0.00401002,-0.000523344,-0.0002625,420.058
0,1561820,2,phononTF,0.00221153,-0.00327708,-0.00129857,-0.0002625,133.658,0.000382,1,-0.00299745,-0.000997461,0.0002625,509.032
0,1561820,5,phononL,0.00155036,-0.00299745,-0.000997461,0.000262498,509.032,0.00137372,1,-0.00301113,-0.00194379,-0.0002625,706.62
0,1564825,7,phononL,0.000404683,3.44365e-06,1.09444e-06,0.000262498,3731.65,0.000404683,1,-3.24508e-05,0.000439704,-0.0002625,3859.14
0,1570250,7,phononTF,0.000488622,-0.00200379,-1.9431e-06,0.000262498,1317.27,0.000488622,1,-0.00192789,4.87461e-05,-0.0002625,1468.03
0,1578037,6,phononTF,0.000591756,-0.00158385,0.00160181,-0.0002625,348.067,0.000382,1,-0.00200364,0.00199999,0.0002625,2354.16
0,1584899,7,phononTS,0.00041411,-0.00244964,-0.00194486,-0.000262498,1169.44,0.000382,1,-0.00199518,-0.00200241,0.0002625,1402.34
0,1589588,8,phononTS,0.00057036,-0.00300347,-0.000998213,0.000262498,428.432,0.00057036,1,-0.00323997,-0.000959588,-0.0002625,622.49
0,1611912,8,phononTS,0.000388899,-0.00208456,-0.000716885,-0.000262498,617.843,0.000382,1,-0.00199921,1.55396e-06,0.0002625,916.212
0,1613281,8,phononTS,0.00054395,-0.00199781,-0.00199914,0.0002625,552.319,0.00054395,1,-0.00130015,-0.00197549,-0.0002625,1129.93
0,1620865,4,phononTF,0.00194455,0.0022045,-0.0022674,6.73605e-05,47.0087,0.000382,1,0.00199739,-0.00199575,0.0002625,3216.57
0,1620865,5,phononTF,0.00103925,0.00199739,-0.00199575,0.000262498,3216.57,0.000605422,1,0.0017017,-0.00229817,-0.0002625,3407.23
0,1637504,2,phononTF,0.00249104,-0.00300421,-0.00100457,0.0002625,0.235048,0.00155031,1,-0.00300221,-0.00100888,-0.0002625,1809.37
0,1649614,4,phononL,0.00325848,-0.00304851,-0.000859424,3.40388e-05,1499.9,0.000764,1,-0.00300267,-0.000997532,0.0002625,1816.7
0,1656562,6,phononL,0.00114397,0.00104821,-0.00363468,-0.0002625,496.455,0.000382,1,0.00100029,-0.00300005,0.0002625,10780.7
0,1656562,4,phononTS,0.00358345,-0.00340887,-0.0014533,-0.000203328,90.4057,0.00298438,1,-0.0034361,-0.0014496,-0.0002625,315.945
0,1657052,5,phononTS,0.000875836,-0.00296465,-0.00149996,-0.000262498,435.664,0.000382,1,-0.00300058,-0.000999412,0.0002625,679.477
0,1675205,11,phononTF,0.0010609,0.00100151,-0.00300219,0.000262498,14132.2,0.000310938,1,0.000823525,-0.00283994,-0.0002625,14296.2
0,1686541,7,phononTS,0.000990988,-1.2808e-06,-0.0019973,0.000262498,5400.14,0.000990599,1,6.19224e-05,-0.0019624,-0.0002625,5547.56
0,1704204,4,phononTF,0.000896619,-0.0023803,-0.000359432,-0.0002625,277.977,0.000382,1,-0.00199814,3.55745e-06,0.0002625,1116.08
0,1704204,2,phononTS,0.00552448,-0.00342798,-0.00172098,-0.00026072,24.7987,0.00464708,1,-0.00341702,-0.00173218,-0.0002625,1479.14
0,1707431,7,phononTF,0.000520912,-0.00239914,-0.00242032,-0.0002625,1840.93,0.000382,1,-0.00199961,-0.00199926,0.0002625,2502.82
0,1708487,4,phononTF,0.00192683,-0.00321355,-0.00126363,-0.000118331,31.4525,0.001146,1,-0.00300128,-0.000999898,0.0002625,342.636
0,1716148,4,phononTS,0.00142295,-0.00300007,-0.00100309,0.0002625,3.38073,0.00104397,1,-0.00304756,-0.00105018,-0.0002625,1681.71
0,1716148,3,phononTS,0.0016069,-0.00352213,-0.00155828,0.000262498,3.38073,0.0013459,1,-0.00356352,-0.00201775,-0.0002625,237.73
0,1716148,2,phononTF,0.000546378,-0.00352213,-0.00155828,0.000262498,3.38073,0.000546378,1,-0.00315682,-0.00116685,-0.0002625,214.501
0,1721756,7,phononTS,0.000490555,-0.00199578,0.00199946,0.000262498,3980.67,0.000490555,1,-0.0027692,0.00201263,-0.0002625,4290.56
0,1724123,5,phononTS,0.00127481,-0.00300106,-0.000997919,0.000262498,369.384,0.000765639,1,-0.00298849,-0.00140354,-0.0002625,595.537
0,1727722,2,phononTF,0.000554108,-0.00326139,-0.00128368,-0.0002625,6.62953,0.000382,1,-0.00300143,-0.00100076,0.0002625,372.82
0,1728742,6,phononTS,0.000638434,-0.0029956,-0.00100049,0.0002625,1045.93,0.000597191,1,-0.00268795,-0.00101346,-0.0002625,3110.37
0,1731689,4,phononTS,0.000472767,-0.00100333,0.000995345,0.0002625,63.9573,0.000472767,1,0.000510354,0.00190379,-0.0002625,4990.88
0,1735489,3,phononTS,0.000727799,-0.000881663,0.00111072,-0.0002625,12.2956,0.000382,1,-1.00674e-06,0.00200439,0.0002625,1877.41
0,1740985,9,phononTF,0.0005676,-0.000995907,-0.000999626,0.000262498,3240.42,0.0005676,1,-0.000694043,-0.000723063,-0.0002625,3430.55
0,1743296,4,phononTF,0.000724424,-0.00276148,-0.00078055,-0.0002625,45.3652,0.000382,1,-0.0019985,-3.37079e-06,0.0002625,726.825
0,1754055,3,phononTF,0.00190483,-0.00326205,-0.00128451,-0.0002625,5.35341,0.000382,1,-0.00300259,-0.00100106,0.0002625,371.504
0,1785891,4,phononTS,0.000711635,-0.00356243,-0.00238984,-0.0002625,10.3642,0.000382,1,-0.00300399,-0.00100274,0.0002625,865.337
0,1785891,3,phononTS,0.000489852,-0.005,-0.00275375,-0.000166921,10.3642,0.000489852,1,-0.00453633,-0.00319657,-0.0002625,800.484
0,1817558,9,phononTF,0.00198572,-0.00300123,-0.000999406,0.000262499,3715.28,0.00163934,1,-0.00267597,-0.000926997,-0.0002625,3904.39
0,1817558,2,phononL,0.00200001,-0.00456602,-0.00119107,4.49101e-05,33.1113,0.000679866,1,-0.00482198,-0.00148245,-0.0002625,1264.65
0,1837007,6,phononTS,0.000750427,-0.00299594,-0.00099719,0.000262498,425.425,0.000750427,1,-0.00294215,-0.000971635,-0.0002625,579.06
0,1837007,3,phononTF,0.000481118,-0.00352436,-0.00155267,0.000262498,6.72944,0.000481118,1,-0.0029327,-0.00216561,-0.0002625,288.959
0,1837007,2,phononTF,0.000733611,-0.00352436,-0.00155267,0.000262498,6.72944,0.000733611,1,-0.00324917,-0.0018102,-0.0002625,190.793
0,1849778,7,phononTS,0.000450421,-0.00300238,-0.000999628,0.000262498,490.74,0.000450421,1,-0.00308424,-0.00190381,-0.0002625,842.259
0,1855007,5,phononTF,0.00127572,-0.00325688,-0.00127966,-0.0002625,2.85952,0.000764,1,-0.00299806,-0.000996006,0.0002625,368.871
0,1855007,4,phononTS,0.000546437,-0.0035157,-0.00156332,0.000262498,2.85952,0.000546437,1,0.00190973,0.00181478,-0.0002625,1975.27
0,1866836,5,phononTS,0.00111032,-0.00193838,-0.00203025,-0.0002625,1128.21,0.000382,1,-0.00200181,-0.0019976,0.0002625,1571.04
0,1866836,6,phononTS,0.000467973,-0.00200181,-0.0019976,0.000262498,1571.04,0.000467973,1,-0.00204237,-0.00202938,-0.0002625,1728.08
0,1869872,5,phononTS,0.000930652,-0.00300369,-0.000995756,0.000262498,955.009,0.000692106,1,-0.00280078,-0.000568074,-0.0002625,1206.7
0,1871855,5,phononTS,0.000679207,-0.0010587,0.000718632,-0.0002625,3427.84,0.000382,1,-0.0009972,0.00100381,0.0002625,4945.19
0,1871855,3,phononTF,0.000486763,-0.00435294,-0.005,-0.000228083,5.13323,0.000486763,1,-0.00434739,-0.00499402,-0.0002625,1432.76
0,1875910,4,phononTF,0.0026559,-0.00182318,-0.00181914,-2.56149e-05,1285.98,0.001146,1,-0.00200203,-0.00199511,0.0002625,2665.54
0,1914090,2,phononL,0.000781499,-0.000452501,-0.000364383,-0.0002625,53.8453,0.000382,1,-3.63445e-06,2.77102e-07,0.0002625,985.975
0,1920540,11,phononTS,0.000388223,-0.002004,-0.00199688,0.0002625,1185.47,0.000388223,1,-0.00196064,-0.00202936,-0.0002625,1479.88
0,1969763,2,phononTF,0.000591157,-0.00162861,0.000359277,-0.0002625,1.24961,0.000382,1,-0.000996689,0.000999444,0.0002625,1178.64
0,1978011,6,phononTS,0.000457216,-0.00305355,-0.00111853,-0.0002625,622.661,0.000382,1,-0.00300276,-0.000999249,0.0002625,1706.19
0,1990385,6,phononTF,0.000580974,-0.00232621,-0.000302686,-0.000262498,5576.27,0.000382,1,-0.00199982,-3.92695e-06,0.0002625,5769.4
0,1992508,4,phononTS,0.00102493,-0.00331372,-0.000828241,-0.0002625,208.035,0.000382,1,-0.00299605,-0.00100013,0.0002625,770.527
0,1992508,9,phononTS,0.000609437,-0.005,-0.00119059,-0.000100334,770.527,0.000609437,1,-0.00417511,-0.00082269,-0.0002625,1811.63
0,2007191,4,phononTS,0.000631164,-0.00300334,-0.000995474,0.0002625,283.997,0.000631164,1,-0.00315716,-0.000448293,-0.0002625,827.326
0,2007575,5,phononTF,0.000552686,-0.0016071,0.00163969,-0.0002625,2057.29,0.000382,1,-0.00199695,0.00200359,0.0002625,2635.76
0,2007575,2,phononL,0.000802906,-0.00352841,-0.0015818,0.000262498,68.2076,0.000802906,1,-0.00330933,-0.0019948,-0.0002625,199.494
0,2017161,7,phononTS,0.00210821,-0.0020038,-2.5398e-06,0.0002625,1083.95,0.00137893,1,-0.00195197,-2.93114e-05,-0.0002625,1902.07
0,2026270,7,phononL,0.00057732,0.000442181,-0.000399285,-0.0002625,2469.11,0.000382,1,0.000995228,-0.00100478,0.0002625,3027.79
0,2026270,4,phononTS,0.00153561,-0.00351605,-0.00159886,0.000262498,29.899,0.00103176,1,-0.00346542,-0.00173818,-0.0002625,199.841
0,2034963,2,phononTS,0.00093596,-0.00235393,-0.00159039,-0.0002625,5.09836,0.000382,1,0.000998531,0.000998388,0.0002625,2570.42
0,2040951,5,phononTF,0.000866976,-0.00317591,-0.000820259,-0.000262499,1003.6,0.000382,1,-0.00300208,-0.00099661,0.0002625,1167.61
0,2077370,5,phononTF,0.000479486,-0.00300273,-0.000996229,0.0002625,183.994,0.000479486,1,-0.00265211,-0.00131802,-0.0002625,842.333
0,2121151,8,phononTS,0.000534539,-0.00179863,-0.00196138,-0.000262498,3442.09,0.000382,1,-0.00199818,-0.00199659,0.0002625,3622.77
0,2131663,7,phononTS,0.00136577,-0.00300091,-0.00100023,0.0002625,630.893,0.00136577,1,-0.00351321,-0.000970043,-0.0002625,1696.16
0,2134198,6,phononL,0.000419466,-0.00338436,-0.000269434,-0.0002625,475.973,0.000382,1,-0.00199574,1.24392e-06,0.0002625,1451.31
0,2134198,3,phononTS,0.00181954,-0.00414513,-0.00116428,0.000149754,7.00415,0.0014382,1,-0.00401961,-0.00183624,-0.0002625,552.446
0,2134198,2,phononTS,0.00120433,-0.00352509,-0.00155572,0.000262498,7.00415,0.000675539,1,-0.00408179,-0.00141741,-0.0002625,279.138
0,2142251,6,phononTS,0.0010625,-0.00221978,0.00122874,-0.0002625,1998.86,0.000382,1,-0.000995539,0.00100318,0.0002625,5245.99
0,2142251,2,phononTF,0.0007376,-0.00351025,-0.00158947,0.000262498,36.1009,0.0007376,1,-0.00330647,-0.00175814,-0.0002625,204.035
0,2143095,2,phononTS,0.00195926,0.000998462,-0.00299771,0.0002625,17.3799,0.00116352,1,0.000965848,-0.00305455,-0.0002625,3009.08
0,2151507,5,phononTF,0.000478162,-0.00299581,-0.000997641,0.000262498,654.494,0.000478162,1,-0.00294446,-0.00105983,-0.0002625,804.453
0,2152053,3,phononTS,0.00245642,2.76787e-05,-0.00203426,-8.61226e-05,10.1339,0.000764,1,2.12298e-06,-0.00200361,0.0002625,1737.85
0,2152995,8,phononTF,0.00107746,-0.00200459,-0.00199846,0.000262498,1505.15,0.000640164,1,-0.00179823,-0.00218714,-0.0002625,1672.66
0,2154937,2,phononTF,0.000739707,-0.00300383,-0.00100003,0.0002625,123.423,0.000739707,1,-0.00322872,-0.000820894,-0.0002625,920.108
0,2156993,6,phononTF,0.000518188,-2.98989e-07,0.0020027,0.000262498,11802.8,0.000518188,1,0.000480372,0.00153157,-0.0002625,12043.3
0,2156993,3,phononTS,0.000524854,-0.00351856,-0.00155296,0.000262498,6.07938,0.000524854,1,-0.00471203,-0.00194256,-0.0002625,468.835
0,2160128,2,phononTS,0.00228952,-0.00286801,-0.00101688,-2.97187e-05,65.0951,0.000764,1,-0.00300094,-0.00100107,0.0002625,2329.05
0,2160128,5,phononTS,0.00119794,-0.00300094,-0.00100107,0.000262498,2329.05,0.000887477,1,-0.00296274,-0.00123858,-0.0002625,2517.11
0,2162176,7,phononTS,0.0018193,-0.00300371,-0.00100088,0.000262498,636.641,0.00131827,1,-0.00275741,-0.00100046,-0.0002625,829.074
0,2162630,4,phononL,0.00274532,-0.00322773,-0.00101771,-7.7449e-05,17.0275,0.000382,1,-0.00300367,-0.000995184,0.0002625,618.564
0,2172156,9,phononTF,0.000648714,-0.00250109,-0.000518625,-0.0002625,241.601,0.000382,1,-0.00199565,-4.76802e-06,0.0002625,995.55
0,2174587,5,phononTS,0.00158992,-0.000966817,-0.000930684,0.00010736,27.8617,0.000764,1,-0.00200417,-0.00199631,0.0002625,2270.11
0,2178819,6,phononTS,0.000553055,-0.00300183,-0.000997612,0.0002625,1014.36,0.000553055,1,-0.00302721,-0.000955791,-0.0002625,1313.3
0,2194205,5,phononTS,0.00279302,-0.0037694,-0.000703882,0.000232289,146.062,0.001146,1,-0.00300357,-0.001002,0.0002625,769.309
0,2231387,6,phononTS,0.000888259,-0.00230605,-0.00188055,-0.0002625,613.241,0.000764,1,-0.00199765,-0.00200025,0.0002625,1697.26
0,2246087,4,phononTF,0.000420127,-0.00325685,-0.00128625,-0.0002625,6.40528,0.000382,1,-0.00299716,-0.00100441,0.0002625,372.393
0,2257869,6,phononTS,0.000498904,-0.00354482,-0.00384104,-0.000262498,3086.57,0.000382,1,-0.00199919,-0.00199842,0.0002625,3844.47
0,2268957,6,phononTS,0.00249873,-0.00373844,0.00208723,-0.00012182,58.761,0.00169233,1,-0.0043368,0.00199468,-0.0002625,3999.06
0,2277757,3,phononL,0.00258214,-0.00207893,-0.000136065,0.000133061,60.8549,0.000382,1,-0.00199751,3.85473e-06,0.0002625,1291.28
0,2277757,6,phononTF,0.000654461,-0.00199751,3.85473e-06,0.000262498,1291.28,0.000654461,1,-0.00144589,-0.00226416,-0.0002625,2011.02
0,2277757,5,phononTF,0.000444186,-0.00199751,3.85473e-06,0.000262498,1291.28,0.000444186,1,0.00141004,-0.00145614,-0.0002625,2380.69
0,2277757,4,phononL,0.00108159,-0.00199751,3.85473e-06,0.000262498,1291.28,0.00108159,1,-0.00171482,-0.000246657,-0.0002625,1413.91
0,2279858,5,phononTF,0.00221999,-0.00299776,-0.000998401,0.000262498,860.533,0.00171003,1,-0.00351762,-0.00149202,-0.0002625,1110.88
0,2293498,5,phononTS,0.000456684,-0.00197013,-0.00199242,-0.0002625,2171.87,0.000382,1,-0.00199705,-0.00199821,0.0002625,2644.74
0,2298926,7,phononTF,0.00258502,-0.00304306,-0.00105003,0.000162321,3111.79,0.00180163,1,-0.00368777,-0.00168885,-0.0002625,3431.94
0,2304223,7,phononTS,0.000611005,-0.0009995,0.000998291,0.000262498,6482.95,0.000611005,1,-0.00108413,0.000940767,-0.0002625,6644.24
0,2310774,4,phononL,0.000589437,-0.00199564,-0.00199556,0.0002625,393.822,0.000589437,1,-0.00125689,-0.00157901,-0.0002625,771.851
0,2310774,2,phononTS,0.00150667,-0.00352081,-0.00157059,0.000262498,33.5647,0.000400178,1,-0.00333326,-0.00227694,-0.0002625,346.423
0,2310774,6,phononTS,0.000585156,-0.00333326,-0.00227694,-0.000262498,346.423,0.000585156,1,-0.005,-0.00123996,-7.74735e-06,964.338
0,2342288,6,phononTS,0.00080606,-0.00299535,-0.000996559,0.0002625,505.832,0.00080606,1,-0.00304302,-0.00100172,-0.0002625,828.05
0,2342288,3,phononL,0.00100289,-0.00351778,-0.00156114,0.000262498,5.27979,0.000866144,1,-0.00358872,-0.00129751,-0.0002625,120.275
0,2342288,2,phononTS,0.00114012,-0.00351778,-0.00156114,0.000262498,5.27979,9.66334e-05,1,-0.00343667,-0.000986035,-0.0002625,276.002
0,2346259,4,phononTS,0.000596785,-0.00106953,-0.00197447,-0.0002625,4246.55,0.000382,1,-1.62699e-07,-0.00199905,0.0002625,5485.01
0,2346270,2,phononL,0.0011917,-0.00424356,-0.00112083,-0.0002625,3.66117,0.000382,1,-0.00300468,-0.00100269,0.0002625,767.964
0,2346628,6,phononTS,0.000740195,-0.00299944,-0.000998892,0.0002625,816.497,0.000266307,1,-0.00295156,-0.000953664,-0.0002625,1110.28
0,2350306,4,phononTS,0.00247801,-0.00288682,-0.000901601,0.00016868,27.9871,0.000764,1,-0.00300461,-0.0010004,0.0002625,1447.43
0,2350306,5,phononTS,0.000553655,-0.005,-2.68745e-05,-0.000226548,1447.43,0.000553655,1,-0.00479746,0.000293411,-0.0002625,2297.76
0,2350306,3,phononTF,0.000712225,-0.00353472,-0.00155111,0.000262498,27.9871,0.000712225,1,-0.00325633,-0.00153394,-0.0002625,206.789
0,2373375,4,phononTF,0.000626528,-0.0034478,-0.00332257,-0.000262499,605.202,0.000382,1,-0.000999225,-0.000995147,0.0002625,1571.41
0,2413364,10,phononTS,0.000457324,-3.70632e-05,-0.00174749,-0.0002625,2354.26,0.000382,1,-3.75067e-06,-0.00199659,0.0002625,2990.68
0,2424093,4,phononTF,0.00163647,-0.00324498,-0.00135449,-0.0002625,118.247,0.000382,1,-0.00299831,-0.00100233,0.0002625,516.361
0,2442000,4,phononL,0.000563711,-0.00199888,-4.84196e-06,0.0002625,1211.94,0.000563711,1,-0.00146224,0.000173482,-0.0002625,1496.84
0,2442000,2,phononTS,0.000544623,-0.00352226,-0.00155408,0.000262498,11.7549,0.000544623,1,-0.00300912,-0.00158692,-0.0002625,258.511
0,2447597,6,phononTS,0.000675066,-0.00200126,-0.00199582,0.0002625,1762.03,0.000164121,1,-0.00233635,-0.000680135,-0.0002625,2397.74
0,2454311,5,phononTS,0.000618495,-0.00309188,-0.00115478,-0.000262498,226.333,0.000382,1,-0.0029962,-0.00100159,0.0002625,412.717
0,2474819,7,phononTS,0.000416823,-0.00296172,-0.00100599,-0.000262498,344.667,0.000382,1,-0.00299607,-0.0010042,0.0002625,499.923
0,2474819,5,phononL,0.000703204,-0.00358626,-0.00165211,0.000262498,51.4658,0.000703204,1,-0.00331425,-0.00179373,-0.0002625,168.561
0,2485414,2,phononTF,0.00205814,-0.00326447,-0.0012833,-0.0002625,17.4158,0.000764,1,-0.00300054,-0.00100374,0.0002625,387.862
0,2497509,3,phononTF,0.00215604,0.00027179,-0.000630119,-5.50727e-05,30.1431,0.00190376,1,0.000197104,-0.000562673,-0.0002625,2823.68
0,2497509,2,phononTF,0.00164479,-0.00431729,-0.00105684,2.93929e-05,30.1431,0.00156346,1,-0.00356557,0.00115541,-0.0002625,1035.22
0,2509135,8,phononTS,0.000776027,0.00200314,-0.00199537,0.000262498,6058.06,0.000776027,1,0.00205256,-0.0020354,-0.0002625,6205.88
0,2523621,4,phononTF,0.00149685,-0.00276784,-0.000768105,-0.0002625,15.1527,0.000382,1,-0.00200425,-1.85962e-06,0.0002625,695.39
0,2523621,7,phononTS,0.000432919,-0.00200425,-1.85962e-06,0.000262498,695.39,0.000432919,1,-0.00272273,-8.18105e-05,-0.0002625,991.009
0,2524389,2,phononTF,0.00163165,-0.00163333,0.000357984,-0.0002625,5.34206,0.000764,1,-0.00100369,0.000996935,0.0002625,1183.81
0,2526651,5,phononTS,0.000507696,-0.00300486,-0.00100094,0.0002625,258.173,0.000507696,1,-0.00304623,-0.000961087,-0.0002625,557.134
0,2535292,5,phononTF,0.0019851,-0.00336764,-0.000496965,-0.0002625,55.8691,0.000382,1,-0.00299564,-0.000999776,0.0002625,731.297
0,2535292,7,phononTS,0.000531836,-0.00299564,-0.000999776,0.000262498,731.297,0.000531836,1,-0.00327159,7.62359e-05,-0.0002625,1146.68
0,2535292,6,phononTS,0.00102663,-0.00299564,-0.000999776,0.000262498,731.297,0.000515833,1,-0.00226326,-0.000155857,-0.0002625,1158.76
0,2535982,10,phononTF,0.000990997,-0.00342693,-0.00173191,-0.000262498,916.468,0.000382,1,-0.00299864,-0.000999396,0.0002625,1216.91
0,2535982,12,phononTF,0.000460146,-0.00299864,-0.000999396,0.000262498,1216.91,0.000460146,1,-0.00329507,-0.000710303,-0.0002625,1405.95
0,2570734,2,phononTS,0.00226113,-0.00299721,-0.00100274,0.000198213,8.05122,0.000764,1,-0.00300101,-0.000995829,0.0002625,310.166
0,2570734,5,phononTS,0.000548502,-0.00300101,-0.000995829,0.000262498,310.166,0.000548502,1,-0.00255516,-0.00166175,-0.0002625,649.355
0,2570734,4,phononL,0.000555559,-0.00300101,-0.000995829,0.000262498,310.166,0.000555559,1,-0.00232161,-0.00104979,-0.0002625,466.994
0,2573118,6,phononTF,0.000428499,-0.00199622,-0.00199911,0.0002625,547.838,0.000428499,1,-0.00193428,-0.00194071,-0.0002625,847.69
0,2575501,4,phononTF,0.00199773,-0.0031284,-0.00113725,-0.0002625,125.81,0.000764,1,-0.00300345,-0.000998546,0.0002625,753.564
0,2581299,5,phononTF,0.000527411,-0.00308797,-0.00103233,-0.000262498,713.816,0.000382,1,-0.00299996,-0.000995219,0.0002625,865.298
0,2587737,6,phononTF,0.000411367,0.00254346,-0.00251472,-0.000262498,5973.52,0.000382,1,0.00200058,-0.00200363,0.0002625,6233.6
0,2596710,2,phononTF,0.000634016,-0.00312804,-0.00114059,-0.0002625,34.0178,0.000382,1,-0.00299636,-0.00100199,0.0002625,663.845
0,2612421,5,phononL,0.00262268,-0.00211075,-0.00194691,0.000201831,171.505,0.000764,1,-0.00199524,-0.00199768,0.0002625,1000.1
0,2612421,6,phononL,0.00100913,-0.00199524,-0.00199768,0.000262498,1000.1,0.00100913,1,-0.00216294,-0.00320353,-0.0002625,1245.24
0,2612421,4,phononTS,0.00110689,-0.00349296,-0.00154357,0.000262498,171.505,0.00110689,1,-0.0039422,-0.0023174,-0.0002625,535.085
0,2613316,4,phononTS,0.00131138,-0.00250293,-0.00138701,-0.0002625,9.63036,0.000764,1,-0.00199967,-1.59637e-06,0.0002625,1720.25
0,2613316,3,phononL,0.00154194,-0.00351121,-0.00156094,0.000262498,9.63036,0.00154194,1,-0.003088,-0.00168001,-0.0002625,137.39
0,2613316,2,phononTF,0.000928114,-0.00351121,-0.00156094,0.000262498,9.63036,0.000624266,1,-0.00324477,-0.0012791,-0.0002625,193.718
0,2622870,6,phononTF,0.00150557,-0.00296345,-0.00111007,-0.0002625,467.031,0.000764,1,-0.00299826,-0.00100198,0.0002625,773.315
0,2622870,4,phononTS,0.00196419,-0.00352177,-0.00155905,0.00024402,15.9028,0.00143119,1,-0.00352294,-0.00152057,-0.0002625,162.614
0,2623464,3,phononL,0.00277846,-0.00322674,-0.0011225,-1.87277e-05,17.5866,0.000764,1,-0.0029954,-0.00100492,0.0002625,317.927
0,2623464,5,phononTS,0.000614072,-0.0029954,-0.00100492,0.000262498,317.927,0.000614072,1,-0.00297045,-0.000169201,-0.0002625,653.516
0,2630594,4,phononL,0.000388016,-0.0031246,-0.00140103,-0.0002625,16.9414,0.000382,1,-0.00299834,-0.000999383,0.0002625,269.053
0,2632046,4,phononTF,0.00147037,0.00127737,-0.00279046,1.21708e-06,33.4615,0.000382,1,0.00100118,-0.00299672,0.0002625,1762.76
0,2639442,4,phononTS,0.000534989,0.000996804,-0.000996496,0.0002625,296.747,0.000534989,1,0.00079192,-0.00201931,-0.0002625,9512.52
0,2643608,7,phononTF,0.000572478,-0.00199657,-2.62335e-06,0.0002625,1740.58,0.000572478,1,-0.000348532,0.000777629,-0.0002625,4166.15
0,2646748,3,phononTF,0.00151073,-0.00300146,-0.000998713,0.0002625,46.0356,0.000714572,1,-0.00284424,-0.0011683,-0.0002625,839.83
0,2656508,5,phononTF,0.000522085,-0.00353428,-0.00150486,-0.000262498,156.918,0.000382,1,-0.00300059,-0.00100036,0.0002625,411.054
0,2665973,5,phononTF,0.00060664,-0.00299928,-0.000998799,0.0002625,1017.03,0.00060664,1,-0.0029442,-0.00116343,-0.0002625,1336.46
0,2677321,12,phononTS,0.000503193,-0.00300197,-0.00100493,0.000262498,14169.8,0.000503193,1,-0.00221167,-0.000939416,-0.0002625,14484.4
0,2687533,4,phononL,0.000884904,-0.00269789,-0.00129931,-0.0002625,79.6408,0.000382,1,-0.00300015,-0.000998998,0.0002625,868.587
0,2687533,7,phononTS,0.000490148,-0.00300015,-0.000998998,0.000262498,868.587,0.000490148,1,-0.00216241,-0.000902518,-0.0002625,1194.36
0,2687540,7,phononTS,0.000530456,-0.00314943,0.0019331,-0.0002625,169.072,0.000382,1,-0.00199515,0.00200114,0.0002625,2554.15
0,2695762,10,phononTS,0.000997601,3.71994e-06,0.00199686,0.000262498,1747.97,0.000659259,1,0.000251862,0.0021729,-0.0002625,1961.3
0,2696787,7,phononTF,0.000441753,-0.00237805,0.00160029,-0.0002625,1509.03,0.000382,1,-0.00200133,0.00200226,0.0002625,4178.57
0,2724235,3,phononTF,0.00234473,-0.00310713,-0.000856012,-0.0002625,134.89,0.000382,1,-0.00200225,-0.00200007,0.0002625,1233.56
0,2724235,5,phononTS,0.000528515,-0.00200225,-0.00200007,0.000262498,1233.56,0.000528515,1,-0.00220084,-0.0012186,-0.0002625,1555.33
0,2724235,4,phononTS,0.00126966,-0.00200225,-0.00200007,0.000262498,1233.56,0.00092545,1,-0.00196762,-0.00218602,-0.0002625,1412.39
0,2724235,2,phononTS,0.00115669,-0.005,-0.00130459,-7.0768e-05,134.89,0.000855694,1,-0.00467692,-0.00119004,-0.0002625,798.539
0,2724376,12,phononTS,0.000841767,-0.000871849,-0.00299975,-0.0002625,173.238,0.000382,1,-0.00300055,-0.000995087,0.0002625,3809.15
0,2727112,5,phononTF,0.000714097,-0.00179471,-0.000196466,-0.000262498,1626.99,0.000382,1,-0.00200111,2.2286e-06,0.0002625,1795.54
0,2727112,3,phononTS,0.00200095,-0.00427332,-0.00329235,-0.000133569,5.9079,0.00194835,1,-0.00426675,-0.00330507,-0.0002625,715.795
0,2727112,2,phononTS,0.000527606,-0.00352402,-0.00154945,0.000262498,5.9079,0.000527606,1,-0.0035445,-0.00226211,-0.0002625,302.898
0,2729678,2,phononTF,0.000875389,-0.00312843,-0.00114262,-0.0002625,2.06855,0.000382,1,-0.0029978,-0.00100366,0.0002625,632.009
0,2732508,4,phononTS,0.00248282,-0.0020141,-0.00199396,0.000152738,1.6987,0.000382,1,-0.00200205,-0.00199975,0.0002625,1597.39
0,2732508,5,phononTS,0.00147302,-0.00200205,-0.00199975,0.000262498,1597.39,0.000909795,1,-0.000950652,-0.00159299,-0.0002625,2021.4
0,2734038,5,phononTF,0.00150213,-0.00300192,-0.00100225,0.000262498,1749.76,0.00150213,1,-0.0023024,-0.000171838,-0.0002625,2097.07
0,2755368,4,phononTF,0.000469439,-0.00368689,-0.00172681,-0.000262498,178.099,0.000382,1,-0.00299691,-0.00100415,0.0002625,495.965
0,2755368,2,phononTS,0.00184728,-0.00352555,-0.00156997,0.000262498,16.8517,0.00170023,1,-0.0047074,-0.00134421,-0.0002625,455.687
0,2759497,4,phononTS,0.00201352,-0.00111779,-0.00273726,9.41787e-05,10.1607,0.000764,1,-0.00200454,-0.00200467,0.0002625,1455.84
0,2763697,3,phononTS,0.00249966,-0.00290377,-0.00112426,0.000254716,47.805,0.000382,1,-0.00300224,-0.000997299,0.0002625,304.581
0,2766986,7,phononTF,0.000430315,-0.00130262,-0.00127684,-0.0002625,867.967,0.000382,1,-0.000998085,-0.000997836,0.0002625,1431.82
0,2786854,4,phononTF,0.00138164,-0.00326001,-0.00128049,-0.0002625,1.14735,0.000382,1,-0.00299791,-0.00100161,0.0002625,367.111
0,2813238,4,phononL,0.00287803,-0.00301279,-0.000864592,-6.30407e-05,2.38186,0.000764,1,-0.00300063,-0.000997941,0.0002625,869.116
0,2818213,6,phononTS,0.000480888,-0.00300467,-0.00100455,0.000262498,649.898,0.000480888,1,-0.00292613,-0.00173794,-0.0002625,953.405
0,2821816,5,phononTF,0.000539594,-0.00299623,-0.000996484,0.0002625,285.377,0.000539594,1,-0.0027106,-0.00073378,-0.0002625,652.864
0,2849743,8,phononL,0.000589352,-0.00333156,-0.00158978,-0.000262498,409.321,0.000382,1,-0.00300454,-0.00100113,0.0002625,568.921
0,2896006,11,phononTS,0.000518842,0.005,-0.00443079,2.20305e-05,2893.59,0.000518842,1,0.00451687,-0.00434615,-0.0002625,6105.32
0,2896586,3,phononL,0.00294011,-0.00300112,-0.00117785,0.000194527,9.81801,0.001528,1,-0.00299905,-0.000999314,0.0002625,252.558
0,2896586,2,phononTS,0.000639019,-0.00352178,-0.00156156,0.000262498,9.81801,0.000639019,1,0.00105208,-0.00432593,-0.0002625,1672.25
0,2904133,3,phononTF,0.00210794,-0.00312185,-0.000919908,-6.30121e-05,8.26871,0.000764,1,-0.00299527,-0.000995173,0.0002625,1902.55
0,2913490,5,phononTF,0.00118607,-0.00162811,0.000363771,-0.0002625,4.94569,0.000382,1,-0.000996949,0.00100328,0.0002625,1181.34
0,2913490,6,phononTS,0.000520913,-0.000996949,0.00100328,0.000262498,1181.34,0.000520913,1,-0.000446197,0.00175504,-0.0002625,1556.62
0,2923473,7,phononTF,0.000436053,-0.00300394,-0.00100209,0.000262498,1430.11,0.000436053,1,-0.00316466,-0.000838488,-0.0002625,1592.15
0,2927393,4,phononTS,0.0030577,-0.00198713,-0.00212217,0.000183568,50.2686,0.000764,1,-0.00200081,-0.00199695,0.0002625,818.922
0,2955712,6,phononTS,0.000496877,-0.00306867,-0.00230747,-0.000262498,2146.23,0.000382,1,-0.00199785,-0.00199632,0.0002625,2559.76
0,2965557,6,phononTS,0.000556057,8.35448e-07,-0.00200265,0.0002625,828.675,0.000556057,1,0.000504498,-0.00190926,-0.0002625,1339.28
0,2973312,8,phononTS,0.000699705,-0.00300355,-0.00100158,0.000262498,971.413,0.000436965,1,-0.00302099,-0.000818724,-0.0002625,1150.89
0,2980246,8,phononTS,0.0013421,-0.00299939,-0.000995309,0.000262498,841.19,0.000901577,1,-0.00304663,-0.00101523,-0.0002625,988.319
0,2986064,2,phononTF,0.000512553,-0.00359804,-0.0016262,-0.0002625,24.4826,0.000382,1,-0.00300083,-0.000995794,0.0002625,460.427
0,2996793,6,phononTF,0.00138403,-0.005,-0.000192841,0.000218893,1603.63,0.000382,1,-0.00199583,-5.33819e-07,0.0002625,3420.6
0,3007271,2,phononTF,0.000622449,-0.0032574,-0.00127963,-0.0002625,11.4187,0.000382,1,-0.00300282,-0.00100389,0.0002625,374.852
0,3019521,6,phononTF,0.000606134,-0.00300243,-0.000995845,0.000262498,951.785,0.000606134,1,-0.00292445,-0.00118033,-0.0002625,1114.57
0,3019521,3,phononL,0.000430583,-0.00354902,-0.00156314,0.000262498,19.6256,0.000430583,1,-0.00326913,-0.00119579,-0.0002625,150.66
0,3025830,5,phononL,0.00059079,-0.0029983,-0.00100305,0.000262498,384.024,0.00059079,1,-0.00308989,-0.00143769,-0.0002625,512.091
0,3054784,7,phononTS,0.000533644,0.00122248,-0.005,0.00016165,2931.11,0.000533644,1,-0.00084868,-0.00344389,-0.0002625,4854.57
0,3060455,9,phononTS,0.000591435,-0.000995387,0.000996687,0.000262498,2880.51,0.000591435,1,-0.00383377,0.00367815,-0.0002625,4033.74
0,3073305,5,phononTF,0.000428777,-0.00261041,0.00142356,-0.0002625,1020.27,0.000382,1,-0.00199924,0.00200498,0.0002625,2431.59
0,3077907,2,phononTS,0.00259466,-0.00282162,-0.00140123,5.12957e-05,2.12923,0.000382,1,-0.00300309,-0.00100249,0.0002625,1239.91
0,3077907,5,phononTS,0.000413505,-0.00300309,-0.00100249,0.000262498,1239.91,0.000413505,1,-0.00296049,-0.00094804,-0.0002625,1386.98
0,3077907,4,phononTS,0.00113308,-0.00300309,-0.00100249,0.000262498,1239.91,0.000930199,1,-0.00318984,-0.0017863,-0.0002625,1561.82
0,3088634,4,phononTF,0.000830383,-0.00100336,0.00100397,0.0002625,8.15166,0.00054505,1,-0.00126459,0.000761503,-0.0002625,1362.63
0,3088634,3,phononTS,0.000963922,-0.00353539,-0.00156128,0.000262498,8.15166,0.000485997,1,-0.00372047,-0.00167812,-0.0002625,202.437
0,3105802,12,phononTF,0.00119694,-0.00300463,-0.00100326,0.000262498,523.262,0.00108397,1,-0.00321939,-0.000767469,-0.0002625,696.166
0,3119172,5,phononTF,0.000446698,-0.00208286,-0.00191008,-0.0002625,571.365,0.000382,1,-0.00199915,-0.00200337,0.0002625,1027.6
0,3143272,6,phononTF,0.000795514,-0.00300048,-0.00099752,0.000262498,401.546,0.000564674,1,-0.00329822,-0.00126992,-0.0002625,587.859
0,3149133,3,phononTS,0.000662083,-0.00206002,-0.00151639,-0.0002625,6.67652,0.000382,1,-0.00199883,-0.00200233,0.0002625,990.535
0,3155082,5,phononTF,0.000582261,9.52519e-06,0.000415955,-0.0002625,531.925,0.000382,1,0.00099575,0.0010007,0.0002625,2217.33
0,3159971,4,phononTF,0.000791702,-0.00313599,-0.00114101,-0.0002625,15.7,0.000382,1,-0.00300387,-0.00100025,0.0002625,646.199
0,3166460,2,phononTS,0.00505167,-0.00302645,-0.00102235,0.000249615,107.814,0.000764,1,-0.00300164,-0.00100169,0.0002625,2247.69
0,3168650,7,phononL,0.000616263,-0.00332979,-0.00181634,-0.000262498,1134.54,0.000382,1,-0.00300394,-0.000997814,0.0002625,1326.79
0,3177194,5,phononTS,0.000452391,-0.00200156,-0.00200312,0.000262498,1694.88,0.000452391,1,-0.000735735,-0.00143395,-0.0002625,2193.82
0,3185484,5,phononTF,0.000517392,-0.00290087,-0.000905517,-0.000262498,523.84,0.000382,1,-0.00300269,-0.0010013,0.0002625,677.005
0,3204944,4,phononTS,0.00116301,-0.0029998,-0.0010016,0.000262498,660.903,0.000386434,1,-0.00252276,-0.000949353,-0.0002625,899.07
0,3208643,6,phononTF,0.00166192,-0.00300282,-0.0010016,0.000262498,994.039,0.00116656,1,-0.0032586,-0.00117574,-0.0002625,1170.94
0,3218856,2,phononL,0.00272779,-0.00137259,0.00105815,-0.000186208,111.373,0.000382,1,-0.00100252,0.00100426,0.0002625,3789.58
0,3221090,2,phononTF,0.00146563,-0.00312767,-0.00114205,-0.0002625,1.2094,0.000382,1,-0.00299574,-0.00100278,0.0002625,631.72
0,3221090,5,phononTF,0.000681952,-0.00299574,-0.00100278,0.000262498,631.72,0.000681952,1,-0.00282767,-0.00118874,-0.0002625,795.509
0,3226846,3,phononTF,0.00203772,-0.00339368,-0.00141415,-0.0002625,7.50536,0.000764,1,-0.00299769,-0.0009986,0.0002625,631.195
0,3226846,4,phononTS,0.000632769,-0.00299769,-0.0009986,0.000262498,631.195,0.000632769,1,-0.00307877,-0.00157612,-0.0002625,902.485
0,3226846,2,phononTS,0.00152674,-0.00351323,-0.00156456,0.000262498,7.50536,0.000622755,1,-0.00297599,-0.001043,-0.0002625,333.742
0,3236380,7,phononTF,0.000606925,-0.00104918,-0.000860273,-0.0002625,927.948,0.000382,1,-0.0010028,-0.00100395,0.0002625,2664.18
0,3236380,3,phononTS,0.000902976,-0.00353191,-0.00157007,0.000262498,18.9812,0.000802588,1,-0.00348041,-0.00122203,-0.0002625,228.663
0,3236380,2,phononTS,0.000741541,-0.00353191,-0.00157007,0.000262498,18.9812,0.000741541,1,-0.00354061,-0.00180326,-0.0002625,208.224
0,3258445,7,phononTS,0.00051742,-4.61014e-06,-0.00200164,0.000262498,4192.78,0.00051742,1,-5.71462e-05,-0.00193969,-0.0002625,4339.13
0,3266478,5,phononTS,0.000930233,-0.00202782,-0.00172714,-0.000262498,806.046,0.000382,1,-0.00200426,-0.00199787,0.0002625,1000.36
0,3274630,6,phononTS,0.00108261,-0.00299721,-0.000995557,0.000262498,975.613,0.00108261,1,-0.00297654,-0.00125916,-0.0002625,1168.55
0,3294616,2,phononTF,0.0020437,-0.0032636,-0.00127934,-0.0002625,1.59825,0.000764,1,-0.0030035,-0.00100234,0.0002625,366.646
0,3295025,5,phononTF,0.000464762,-0.00330813,-0.00133937,-0.0002625,26.792,0.000382,1,-0.00300129,-0.00100473,0.0002625,397.838
0,3295284,5,phononTF,0.000834296,-0.00194343,-0.00169262,-0.000262498,606.714,0.000382,1,-0.000997594,-0.000998284,0.0002625,981.816
0,3295284,6,phononTS,0.000444417,-0.000997594,-0.000998284,0.000262498,981.816,0.000444417,1,-0.00103334,-0.000939545,-0.0002625,1129.42
0,3297133,2,phononTF,0.000875997,-0.0031308,-0.00113458,-0.0002625,69.4831,0.000382,1,-0.00300321,-0.000997799,0.0002625,697.653
0,3318476,7,phononTF,0.000782391,-0.00315433,-0.00114024,-0.0002625,210.99,0.000382,1,-0.00299831,-0.000996025,0.0002625,689.659
0,3324161,4,phononTF,0.00183235,-0.00311506,-0.00116711,-0.0002625,418.384,0.000382,1,-0.00299611,-0.000995467,0.0002625,786.191
0,3336166,5,phononTF,0.00193483,-0.00325927,-0.00127501,-0.0002625,16.3236,0.000764,1,-0.00300273,-0.000997274,0.0002625,380.68
0,3349897,3,phononTS,0.0027222,-0.00221994,-0.00206218,-0.000195404,2.8126,0.00171572,1,-0.00222617,-0.00204674,-0.0002625,1223.05
0,3349935,8,phononTF,0.00175379,-0.0019284,-0.00202754,-0.000262498,1708.83,0.000764,1,-0.00199906,-0.00200024,0.0002625,1859.06
0,3365562,7,phononTF,0.000757751,-0.00331704,-0.00129751,-0.000262498,191.826,0.000382,1,-0.00300118,-0.00100304,0.0002625,383.309
0,3365562,5,phononTF,0.000630205,-0.00353811,-0.00154064,0.000262498,17.5244,0.000630205,1,-0.00405792,-0.00103911,-0.0002625,271.503
0,3367864,2,phononTF,0.00044209,-0.00238302,-0.000389891,-0.0002625,1.28488,0.000382,1,-0.0020036,3.45184e-08,0.0002625,853.534
0,3384846,2,phononTF,0.000974163,-0.003078,-0.00107851,-0.0002625,4.72159,0.000382,1,-0.0030037,-0.000997431,0.0002625,637.037
0,3401280,5,phononTS,0.00146262,-0.00309288,-0.00099453,-0.000262498,750.008,0.000382,1,-0.00299629,-0.000998301,0.0002625,916.817
0,3404952,6,phononTS,0.000472138,-0.00301614,-0.00121402,-0.0002625,157.409,0.000382,1,-0.00299547,-0.00100299,0.0002625,1484.82
0,3404952,2,phononTF,0.00104268,-0.00353213,-0.00154692,0.000262498,8.60286,0.000979608,1,-0.003076,-0.00108067,-0.0002625,245.29
0,3425266,4,phononTS,0.00253108,-0.00320534,-0.000997839,7.96436e-05,9.41392,0.000382,1,-0.00300325,-0.00100093,0.0002625,487.332
0,3453306,5,phononL,0.000861247,-0.00199515,-0.00199645,0.0002625,1043.91,0.000861247,1,-0.00195149,-0.00225793,-0.0002625,1869.34
0,3455666,9,phononTS,0.00105396,-0.00300424,-0.000998034,0.000262498,489.796,0.00105396,1,-0.00294387,-0.00101297,-0.0002625,642.036
0,3482515,4,phononTF,0.00277242,-0.00338312,-0.0014181,-0.0002625,64.5543,0.000764,1,-0.00299578,-0.00100083,0.0002625,433.167
0,3482515,6,phononTS,0.000745613,-0.00299578,-0.00100083,0.000262498,433.167,0.000745613,1,-0.00299589,-0.000947564,-0.0002625,583.99
0,3482515,5,phononTS,0.000565772,-0.00299578,-0.00100083,0.000262498,433.167,0.000565772,1,-0.00224441,-0.000573963,-0.0002625,788.229
0,3505362,4,phononTS,0.00106458,-0.00286738,-0.000965302,-0.0002625,336.525,0.000382,1,-0.00299727,-0.00100482,0.0002625,1829.93
0,3510297,9,phononTF,0.000674294,-0.00112297,-0.00114181,-0.0002625,1067.08,0.000382,1,-0.000996858,-0.00100391,0.0002625,2469.05
0,3510483,2,phononTF,0.00304383,-0.000996713,-0.000994427,0.000261134,13.9082,0.000764,1,-0.00100349,-0.00100156,0.0002625,4945.09
0,3527967,8,phononTF,0.00088297,-0.0020043,4.04634e-06,0.000262498,864.507,0.00088297,1,-0.00169419,-0.000295368,-0.0002625,1055.92
0,3548814,5,phononTS,0.000993572,-0.00299619,-0.00100483,0.0002625,15.9719,0.00071463,1,-0.00305941,-0.000961118,-0.0002625,405.988
0,3548814,4,phononTS,0.00169939,-0.00351703,-0.00155105,0.000262498,15.9719,0.000748242,1,-0.00307571,-0.00159518,-0.0002625,252.622
0,3548814,7,phononTF,0.00303112,-0.00366183,-0.00154491,-8.1042e-05,163.203,0.00275456,1,-0.00373943,-0.00146055,-0.0002625,319.757
0,3565202,7,phononTF,0.000401434,-0.00164931,0.000566405,-0.0002625,919.187,0.000382,1,-0.000998018,0.000997646,0.0002625,2318.96
0,3577684,4,phononTF,0.00201129,-0.00300149,-0.000996431,0.0002625,0.740159,0.000906503,1,-0.00274132,-0.000715325,-0.0002625,549.59
0,3579449,2,phononTF,0.00129245,-0.00238348,-0.000389915,-0.0002625,17.9221,0.000382,1,-0.00200419,-2.77912e-06,0.0002625,875.309
0,3586449,5,phononTS,0.00286119,-0.00300296,-0.00100117,0.0002625,104.543,0.00176897,1,-0.00301504,-0.00106559,-0.0002625,431.884
0,3595137,4,phononTS,0.000561778,-0.00199603,-0.00199616,0.0002625,638.008,0.000561778,1,-0.00196388,-0.00196835,-0.0002625,1244.95
0,3600192,3,phononTS,0.00266938,-0.00296294,-0.00103831,-0.000113863,9.91791,0.00198124,1,-0.00298008,-0.00103133,-0.0002625,409.638
0,3620558,5,phononTF,0.00246407,-0.00166493,-0.00165373,-0.000144407,480.267,0.000764,1,-0.0019963,-0.00200277,0.0002625,2705.65
0,3620558,6,phononTS,0.000951394,-0.0019963,-0.00200277,0.000262498,2705.65,0.000951394,1,-0.00196719,-0.00195782,-0.0002625,2852.82
0,3629765,8,phononTF,0.000793489,6.39e-07,-0.00200462,0.0002625,2386.33,0.000793489,1,0.000184201,-0.00221785,-0.0002625,3746.06
0,3632716,6,phononTS,0.00147442,-0.00307286,-0.00176149,-0.000262498,1256.57,0.000382,1,-0.00300037,-0.000997857,0.0002625,1572.77
0,3632716,7,phononTS,0.000592466,-0.00300037,-0.000997857,0.000262498,1572.77,0.000592466,1,-0.00295478,-0.00108136,-0.0002625,1734.54
0,3632716,4,phononTS,0.00140803,-0.00377762,-0.00118823,4.08629e-05,245.061,0.000140651,1,-0.00376151,-0.00122561,-0.0002625,330.542
0,3635293,3,phononTS,0.0019137,-0.0031174,-0.00132139,4.94963e-05,10.6992,0.000382,1,-0.00299914,-0.00100181,0.0002625,792.483
0,3662520,4,phononTF,0.00284844,-0.00273948,-0.00232306,-0.0002625,302.509,0.001146,1,-0.00200209,-0.001997,0.0002625,2186.07
0,3666105,3,phononTF,0.00191453,-0.00299946,-0.000996809,0.0002625,6.18467,0.000973268,1,-0.00274245,-0.000718876,-0.0002625,552.803
0,3672014,9,phononTF,0.00063059,-0.00299664,-0.00100402,0.0002625,21.2222,0.00063059,1,-0.00270653,-0.000704217,-0.0002625,588.123
0,3717384,2,phononTS,0.00111123,-0.0028408,-0.000822808,-6.23644e-05,27.2457,0.00111123,1,-0.00267611,-0.000835577,-0.0002625,593.31
0,3741852,4,phononTF,0.00168854,-0.00325066,-0.00126472,-0.0002625,18.2181,0.000382,1,-0.00300486,-0.000995646,0.0002625,377.91
0,3741852,6,phononTS,0.000518928,-0.00300486,-0.000995646,0.000262498,377.91,0.000518928,1,-0.00305042,-0.000944537,-0.0002625,534.069
0,3741852,5,phononTS,0.000625129,-0.00300486,-0.000995646,0.000262498,377.91,0.000625129,1,-0.00290805,-0.000178026,-0.0002625,698.421
0,3767693,8,phononTF,0.000487526,-0.00116165,0.00117861,-0.000262498,4678.76,0.000382,1,-0.000997485,0.000997641,0.0002625,4841.81
0,3773761,8,phononTS,0.000481139,-0.00299637,-0.000996869,0.000262498,2750.16,0.000481139,1,-0.00303595,-0.000937206,-0.0002625,2905.34
0,3773761,2,phononTS,0.00101452,-0.00352114,-0.00155766,0.000262498,2.34648,0.00101452,1,-0.00383312,-0.00154856,-0.0002625,205.055
0,3773762,3,phononTS,0.00506103,-0.00380106,-0.00168974,-0.000252948,23.3407,0.00199022,1,-0.00379078,-0.00166103,-0.0002625,680.603
0,3784647,4,phononTF,0.000829992,-0.00311564,-0.00112411,-0.0002625,129.067,0.000382,1,-0.00299761,-0.000998359,0.0002625,751.966
0,3789348,8,phononTF,0.000515924,-0.000995664,-0.00100334,0.000262498,1379.16,0.000515924,1,-0.000550914,-0.00141658,-0.0002625,1604.97
0,3789871,5,phononTS,0.000520057,2.52996e-06,-7.2688e-07,0.000262498,4019.95,0.000520057,1,-0.0017176,-0.000910371,-0.0002625,4680.85
0,3793245,6,phononTS,0.000695262,4.99549e-06,1.60904e-06,0.000262498,4241.67,0.000695262,1,0.000759247,8.37064e-05,-0.0002625,4546.39
0,3793245,2,phononTS,0.00131594,-0.00353778,-0.00155561,0.000262498,27.5955,0.000182385,1,-0.00355624,-0.00208839,-0.0002625,279.034
0,3795560,4,phononTF,0.0030548,-0.00305135,-0.00105126,1.20733e-06,8.94279,0.000764,1,-0.00300435,-0.000999297,0.0002625,1004.5
0,3796482,3,phononL,0.00123087,-0.00163214,-0.00114279,-0.0002625,8.12996,0.000382,1,-0.00100309,-0.00100498,0.0002625,617.55
0,3824108,3,phononTF,0.00243361,-0.00199731,4.56651e-06,0.0002625,23.9988,0.00169689,1,-0.00147739,0.000470344,-0.0002625,1134.5
0,3840334,3,phononTF,0.000624108,-0.003254,-0.00127706,-0.0002625,9.23093,0.000382,1,-0.0029969,-0.000997406,0.0002625,374.062
0,3840334,2,phononTS,0.00110364,-0.0035111,-0.00155671,0.000262498,9.23093,0.000737754,1,-0.0035576,-0.00101884,-0.0002625,268.166
0,3845223,2,phononTS,0.000723844,-0.00312978,-0.00113532,-0.0002625,32.0078,0.000382,1,-0.00300132,-0.000997178,0.0002625,786.372
0,3855801,4,phononTS,0.00106085,-0.000101502,-0.00261906,-0.0002625,155.954,0.000382,1,0.00100325,-0.00299533,0.0002625,1891.14
0,3868131,8,phononL,0.00255946,-0.00199452,-0.00200046,0.000261869,751.804,0.000382,1,-0.00199512,-0.00200002,0.0002625,1498.5
0,3871736,2,phononTF,0.0030589,-0.00185289,0.000135475,-0.000197284,11.2715,0.000382,1,-0.00199707,-2.7336e-06,0.0002625,3288.02
0,3885205,4,phononTS,0.00230398,-0.00278998,-0.000770491,-0.000157159,1.364,0.00222958,1,-0.00251082,-0.000418328,-0.0002625,656.84
0,3885205,3,phononTF,0.00109064,-0.00351569,-0.00155934,0.000262498,1.364,0.000820497,1,-0.00373272,-0.00132561,-0.0002625,174.447
0,3898109,2,phononTF,0.00159691,-0.00299884,-0.00100365,0.0002625,3.12821,0.00121446,1,-0.00273686,-0.000726995,-0.0002625,551.329
0,3898109,6,phononTS,0.000382448,-0.005,0.000979514,-0.000183859,551.329,0.000382448,1,-0.00102899,0.00397968,-0.0002625,2819.36
0,3899877,6,phononTS,0.00166743,-0.00195513,-0.00195133,-0.000262498,1156.13,0.000764,1,-0.0020021,-0.00200124,0.0002625,1302.99
0,3899877,7,phononTF,0.000435386,-0.0020021,-0.00200124,0.000262498,1302.99,0.000435386,1,-0.00178482,-0.00180392,-0.0002625,1472.3
0,3931196,5,phononTF,0.000434815,-0.00342044,-0.00145383,-0.000262498,164.935,0.000382,1,-0.0029968,-0.00100241,0.0002625,393.481
0,3942377,4,phononTF,0.00198677,-0.00313276,-0.00114507,-0.0002625,20.6287,0.000382,1,-0.00300429,-0.00100249,0.0002625,650.358
0,3946305,9,phononTS,0.000523576,0.000998296,-0.00300008,0.000262498,3293.43,0.000523576,1,0.000946764,-0.00293925,-0.0002625,3439.86
0,3970926,5,phononTF,0.000487807,-0.00200181,2.68041e-06,0.000262498,4681.09,0.000487807,1,-0.00196135,6.02013e-05,-0.0002625,4830.69
0,3972667,2,phononTS,0.00271196,-0.00350712,-0.00156988,0.000186714,47.2007,0.000764,1,-0.00299975,-0.000998481,0.0002625,284.895
0,3978405,4,phononTS,0.000646103,-0.00297865,-0.00209305,-0.000262498,301.551,0.000382,1,-0.0019996,-0.00200481,0.0002625,674.505
0,3978405,2,phononTS,0.00186464,-0.00352453,-0.00156365,0.000262498,41.186,0.00120871,1,-0.00350159,-0.00158911,-0.0002625,195.27
0,4003389,6,phononTF,0.00074453,-0.00312982,-0.00113899,-0.0002625,17.5914,0.000382,1,-0.00300309,-0.000998908,0.0002625,646.24
0,4003389,5,phononTS,0.00188512,-0.00351001,-0.00155925,0.000262498,17.5914,0.00128993,1,-0.00392558,-0.0015913,-0.0002625,242.942
0,4005276,6,phononL,0.00229193,-0.00268484,0.000105217,-0.0002625,679.664,0.000382,1,-0.00200417,-1.93755e-06,0.0002625,1527.95
0,4005276,7,phononL,0.00110177,0.0022698,-0.00225715,-1.1567e-05,1527.95,0.00029782,1,0.00217001,-0.00253253,-0.0002625,3149.72
0,4012343,2,phononTS,0.00286947,-0.0030093,-0.000998046,0.00024726,4.96906,0.000764,1,-0.00299975,-0.000997155,0.0002625,463.408
0,4012343,5,phononTF,0.000574789,-0.00299975,-0.000997155,0.000262498,463.408,0.000574789,1,-0.0024176,-0.000450169,-0.0002625,732.389
0,4025524,7,phononTF,0.00074188,-0.00257311,-0.00139312,-0.0002625,393.682,0.000382,1,-0.00299554,-0.000995939,0.0002625,2719.63
0,4025733,6,phononTS,0.000407257,-0.00199751,-0.00200313,0.0002625,5492.6,0.000407257,1,-0.00169473,-0.00204038,-0.0002625,5893.74
0,4025733,4,phononTS,0.00126673,-0.00360298,-0.00148634,0.000262498,436.852,0.000662809,1,-0.00346993,-0.00143151,-0.0002625,605.649
0,4027420,3,phononTS,0.00112042,-0.00199892,-0.0020001,0.0002625,19.6136,0.00112042,1,-0.00123981,-0.00222514,-0.0002625,1009.17
0,4027420,2,phononTS,0.00046131,-0.00351713,-0.00155001,0.000262498,19.6136,0.00046131,1,-0.00349221,-0.001438,-0.0002625,191.439
0,4041956,11,phononTF,0.000548129,-0.000995951,0.00100056,0.000262498,13348.5,0.000548129,1,0.000310184,0.00232721,-0.0002625,13893.8
0,4043754,11,phononTS,0.000546093,-0.002998,-0.000998598,0.000262498,2048.92,0.000546093,1,-0.00303614,-0.00123905,-0.0002625,2243.66
0,4057258,5,phononTS,0.00251546,-0.000995552,-0.000998014,0.0002625,297.581,0.00175446,1,-0.00128072,-0.000753619,-0.0002625,3304.66
0,4058226,4,phononTS,0.00286592,-0.00192309,-0.00226876,8.62066e-05,71.9439,0.000382,1,-0.00199941,-0.00199853,0.0002625,1000.43
0,4071176,9,phononTS,0.000553714,-0.00282332,-0.000983607,-0.000262498,317.275,0.000382,1,-0.00299738,-0.00100359,0.0002625,493.599
0,4071956,4,phononTF,0.00196407,-0.00312985,-0.00113505,-0.0002625,5.15116,0.000764,1,-0.00299876,-0.000995052,0.0002625,635.148
0,4071956,5,phononL,0.000460493,-0.00299876,-0.000995052,0.000262498,635.148,0.000460493,1,-0.00240495,-0.00115783,-0.0002625,783.968
0,4088062,6,phononTF,0.000786178,-0.00299558,-0.000999107,0.000262498,626.611,0.000315606,1,-0.00305133,-0.000936246,-0.0002625,776.664
0,4096057,5,phononTF,0.000728237,-0.0030044,-0.00100307,0.0002625,222.043,0.000222021,1,0.00353404,0.00143913,-0.0002625,2778.22
0,4098978,10,phononTS,0.000491899,-0.00100233,-0.000996721,0.000262498,2166,0.000491899,1,-0.00106016,-0.000981407,-0.0002625,2329.4
0,4099235,5,phononTS,0.000737499,-0.00154666,-0.00289003,-0.0002625,812.293,0.000382,1,-0.00199971,-0.00200406,0.0002625,3287.71
0,4099235,3,phononTS,0.000920696,-0.00348853,-0.001572,0.000262498,143.601,0.000749024,1,-0.00424894,-0.0016664,-0.0002625,449.484
0,4108405,2,phononTS,0.00160641,-0.00325904,-0.00128105,-0.0002625,4.81939,0.001146,1,-0.00299615,-0.00100421,0.0002625,468.827
0,4110126,5,phononTS,0.000477125,-0.0028285,-0.00206297,-0.000262498,622.151,0.000382,1,-0.00200423,-0.00200253,0.0002625,944.603
0,4126979,8,phononTF,0.000503821,-0.0028724,-0.00111639,-0.0002625,3274.52,0.000382,1,-0.00199852,-0.00200494,0.0002625,4188.35
0,4126979,3,phononTS,0.0016193,-0.00354232,-0.00144968,3.25297e-05,4.66153,0.0013097,1,-0.00357181,-0.00154763,-0.0002625,177.608
0,4129048,5,phononTF,0.000669049,-0.00300408,-0.000996161,0.0002625,3.92118,0.000669049,1,-0.00274586,-0.000715243,-0.0002625,551.995
0,4129048,4,phononTS,0.00110476,-0.00352052,-0.001558,0.000262498,3.92118,0.000808319,1,-0.00378291,-0.00146305,-0.0002625,208.969
0,4143870,4,phononTS,0.00296624,-0.00200739,-0.00198637,0.000125386,1.93533,0.000382,1,-0.00199736,-0.00199871,0.0002625,1078.96
0,4147977,3,phononTF,0.000985023,-0.00300095,-0.0010048,0.0002625,2.75926,0.000777673,1,-0.00276682,-0.000748639,-0.0002625,809.633
0,4147977,2,phononTS,0.00282416,-0.00345077,-0.00152242,-0.000227097,2.75926,0.00232232,1,-0.00348281,-0.00151875,-0.0002625,187.089
0,4162697,7,phononTS,0.000417145,-0.0021254,-0.000808113,-0.0002625,5205.87,0.000382,1,-0.00199675,-1.28966e-06,0.0002625,9806.75
0,4166049,5,phononTS,0.00141618,-0.00100223,-0.000997494,0.000262498,1797.36,0.00123634,1,0.000794049,-0.00228815,-0.0002625,2517.17
0,4189628,5,phononTS,0.000829476,-0.00198803,-6.08869e-05,-0.0002625,10830.2,0.000382,1,-0.00200369,-3.65872e-06,0.0002625,11287.4
0,4190511,9,phononL,0.000393002,-0.00199554,2.00225e-06,0.000262498,1509.78,0.000393002,1,-0.00266615,0.00016614,-0.0002625,1669.06
0,4197087,3,phononTS,0.00127016,-0.00230961,-0.00204497,-0.0002625,37.2058,0.000382,1,-0.00200169,-0.00199696,0.0002625,996.034
0,4197087,2,phononL,0.000697454,-0.00355566,-0.00157273,0.000262498,37.2058,0.000183,1,-0.00345349,-0.00101382,-0.0002625,179.217
0,4199441,5,phononTF,0.00087287,-0.00327455,-0.000964127,-0.000262498,384.155,0.000382,1,-0.00300432,-0.00100046,0.0002625,561.4
0,4199441,6,phononTS,0.000472166,-0.00300432,-0.00100046,0.000262498,561.4,0.000472166,1,-0.0020238,-0.00316508,-0.0002625,1382.34
0,4206697,6,phononTF,0.00106525,-0.00317378,-0.00117817,-0.000262498,437.25,0.000382,1,-0.00299642,-0.000999223,0.0002625,601.97
0,4207945,5,phononL,0.000840949,-0.0025984,-0.00175407,-0.0002625,242.47,0.000382,1,-0.00199801,-0.00199783,0.0002625,705.969
0,4208159,7,phononTS,0.000868589,0.00136427,-0.00163025,-0.0002625,70.4957,0.000382,1,0.00100206,0.000999576,0.0002625,5387.1
0,4219912,4,phononTF,0.000893714,-0.00313111,-0.00114289,-0.0002625,6.00581,0.000382,1,-0.00300442,-0.00100468,0.0002625,634.31
0,4234357,8,phononTF,0.000471191,-0.00492081,-0.000943589,-0.0002625,1366.68,0.000382,1,-0.000998019,-0.00100232,0.0002625,2991.18
0,4234567,3,phononTS,0.00305191,-0.0030227,-0.00103344,0.000109693,15.4795,0.001528,1,-0.00299549,-0.00100282,0.0002625,2120.89
0,4234567,4,phononTS,0.000394788,-0.00299549,-0.00100282,0.000262498,2120.89,0.000394788,1,-0.0030487,-0.000953823,-0.0002625,2277.57
0,4234572,8,phononTS,0.000696318,-0.00248343,0.00194681,-0.0002625,2011.71,0.000382,1,-0.00200467,0.00200274,0.0002625,2727.29
0,4234898,5,phononTF,0.000544835,-0.00317426,-0.00118725,-0.000262498,207.48,0.000382,1,-0.00300194,-0.000998241,0.0002625,371.923
0,4239757,5,phononTS,0.00275531,-0.000999075,-0.00100032,0.000262498,2569.4,0.00195934,1,-0.00104134,-0.000947844,-0.0002625,2725.11
0,4239757,3,phononTF,0.000430113,-0.00351412,-0.00154537,0.000262498,33.0879,0.000430113,1,-0.00397231,-0.00106944,-0.0002625,271.218
0,4249883,10,phononTS,0.000455321,-2.06032e-06,-1.01762e-06,0.000262498,2888.88,0.000455321,1,-4.77294e-05,3.45796e-05,-0.0002625,3036
0,4250054,3,phononTF,0.00064699,-0.00309859,-0.00109311,-0.0002625,51.3294,0.000382,1,-0.00299593,-0.00100092,0.0002625,684.779
0,4254823,4,phononTF,0.00114222,-0.00324363,-0.00128191,-0.0002625,15.8817,0.000382,1,-0.00299677,-0.00100256,0.0002625,384.39
0,4254823,3,phononTS,0.000638971,-0.00349048,-0.00156125,0.000262498,15.8817,0.000638971,1,-0.00406981,-0.00229916,-0.0002625,393.204
0,4254823,2,phononTF,0.00187131,-0.00348201,-0.00152168,-7.31909e-05,15.8817,0.000955399,1,-0.00452199,-0.00148569,-0.0002625,430.959
0,4254823,5,phononTF,0.000562245,0.005,0.00197403,0.000245793,430.959,0.000562245,1,0.00471805,0.00166615,-0.0002625,3934.27
0,4263258,7,phononTS,0.000490708,-0.00299942,-0.000998514,0.000262498,1018.98,0.000490708,1,-0.0026839,-0.00104307,-0.0002625,1222.18
0,4270112,4,phononTS,0.000749105,-0.00283942,-0.000942063,-0.000262498,541.484,0.000382,1,-0.0030012,-0.000995021,0.0002625,715.115
0,4270112,2,phononTS,0.000985029,-0.00351724,-0.00154972,0.000262498,21.1472,0.000969554,1,-0.00358058,-0.00159707,-0.0002625,167.725
0,4286147,5,phononTS,0.000622987,-0.00199968,-0.00199828,0.000262498,1608.8,0.000577535,1,-0.000982114,-0.000595811,-0.0002625,2210.55
0,4286147,2,phononTS,0.00111892,-0.00350686,-0.00153913,0.000262498,20.6385,0.000241282,1,-0.00324246,-0.00148691,-0.0002625,213.2
0,4302451,6,phononTS,0.00126643,0.000461266,0.00194024,-0.000170998,437.42,0.000382,1,1.757e-06,0.00199964,0.0002625,5872.48
0,4308513,5,phononTS,0.000504823,-0.00300434,-0.000997491,0.0002625,643.271,0.000504823,1,-0.0029949,-0.00104911,-0.0002625,963.738
0,4315253,5,phononL,0.00232042,-0.00147009,0.00013924,-0.00019606,192.976,0.001146,1,-0.00199863,-1.60487e-06,0.0002625,3089.93
0,4315253,6,phononL,0.000642443,-0.00199863,-1.60487e-06,0.000262499,3089.93,0.000642443,1,-0.00151683,0.000477078,-0.0002625,3251.94
0,4327332,9,phononTS,0.000528487,-0.00200381,0.00200022,0.000262498,5853.31,0.000528487,1,-0.00217551,0.00102443,-0.0002625,6236.76
0,4340566,5,phononTS,0.000586931,-0.00100006,0.00300415,0.0002625,2912.89,0.000586931,1,-0.00115224,0.00305687,-0.0002625,6630.69
0,4340566,3,phononTS,0.000464533,-0.00352481,-0.00155836,0.000262498,1.59166,0.000464533,1,-0.00370671,-0.00203868,-0.0002625,261.712
0,4355936,8,phononTS,0.00082562,-0.00205576,-5.25296e-05,-0.000262498,985.604,0.000764,1,-0.00199804,-1.95038e-07,0.0002625,1132.09
0,4363241,7,phononTS,0.000594172,-0.00300374,-0.000998894,0.000262498,379.241,0.000594172,1,-0.00167922,0.000785786,-0.0002625,1122.83
0,4372070,3,phononTF,0.00188294,-0.00312594,-0.00087762,-0.0002625,3.18581,0.000764,1,-0.00300244,-0.00100065,0.0002625,586.489
0,4375072,4,phononTF,0.00130852,-0.00221205,-0.00210346,-0.0002625,28.3019,0.000764,1,-0.00199565,-0.00200369,0.0002625,1374.08
0,4382204,7,phononTS,0.00095288,-0.00349109,-0.00104833,-0.000262498,924.172,0.000382,1,-0.00299819,-0.00100268,0.0002625,1166.42
0,4385422,3,phononTF,0.000768767,-0.00325898,-0.00128357,-0.0002625,9.49294,0.000382,1,-0.00300369,-0.00100325,0.0002625,373.877
0,4391647,7,phononTS,0.000532737,-0.00300246,-0.00100464,0.000262498,966.909,0.000532737,1,-0.00308469,-0.00108008,-0.0002625,1140.43
0,4415850,7,phononTS,0.000404207,-0.00316718,-0.00122744,-0.000262498,1177.39,0.000382,1,-0.00300118,-0.000998831,0.0002625,1385.87
0,4416219,6,phononTS,0.000385081,-0.00199636,-0.00200193,0.0002625,913.738,0.000385081,1,-0.00195615,-0.00196292,-0.0002625,1208.25
0,4416353,7,phononTF,0.00153147,-0.00314565,-0.00113222,-0.0002625,32.2092,0.000764,1,-0.00300468,-0.00100097,0.0002625,665.423
0,4427690,5,phononTF,0.00110095,-0.000384409,0.000419547,-0.0002625,455.819,0.000382,1,3.64939e-06,1.55865e-07,0.0002625,3076.16
0,4429002,11,phononTS,0.00106159,-0.00197083,-0.000251908,-0.000262499,1253.56,0.000382,1,-0.00200468,-1.87604e-06,0.0002625,1444.26
0,4429002,12,phononTF,0.00058664,-0.00200468,-1.87604e-06,0.000262498,1444.26,0.00058664,1,-0.00143234,-0.000544246,-0.0002625,1711.03
0,4430369,7,phononTF,0.000390777,-0.00135393,-0.005,0.000155957,1782.63,0.000390777,1,-0.00182617,-0.00451785,-0.0002625,6669.73
0,4433790,2,phononTF,0.00410471,-0.00300471,-0.000984701,0.000213455,2.47988,0.000764,1,-0.00299718,-0.000997829,0.0002625,889.675
0,4433790,7,phononTF,0.000936508,-0.00299718,-0.000997829,0.000262498,889.675,0.000936508,1,-0.00271197,-0.00102318,-0.0002625,1069.9
0,4433790,6,phononTS,0.00202009,-0.00299718,-0.000997829,0.000262498,889.675,0.000484586,1,-0.000831677,-0.00266729,-0.0002625,1782.68
0,4449032,2,phononTF,0.00155648,-0.00337013,-0.00137834,-0.000162095,103.512,0.000382,1,-0.00299695,-0.000997053,0.0002625,437.603
0,4449032,5,phononTS,0.00097371,-0.00299695,-0.000997053,0.000262498,437.603,0.000855102,1,-0.00304158,-0.000939318,-0.0002625,584.477
0,4459659,8,phononTS,0.000443111,-0.00365957,-0.00132418,-0.000262498,1027.55,0.000382,1,-0.00200167,-0.0019986,0.0002625,1640.98
0,4464396,7,phononL,0.000469362,-0.00299572,-0.00100472,0.0002625,2036.73,0.000469362,1,-0.00290834,-0.00051085,-0.0002625,2572.89
0,4466214,2,phononTF,0.00118241,-0.00312932,-0.00114639,-0.0002625,64.6434,0.000764,1,-0.00299983,-0.00100398,0.0002625,694.684
0,4466215,5,phononTF,0.00356038,-0.00372908,-0.00179312,-0.000232318,1304.74,0.00246581,1,-0.00374286,-0.00177933,-0.0002625,1314.87
0,4471311,2,phononTS,0.0019577,-0.00302674,-0.000985439,9.2339e-05,10.4213,0.000764,1,-0.00300261,-0.00100275,0.0002625,789.117
0,4494154,8,phononL,0.00110203,-0.00322575,-0.000903899,-0.000262498,639.638,0.000764,1,-0.00300398,-0.000998222,0.0002625,753.022
0,4510110,7,phononTS,0.0004043,-0.00300287,-0.00100494,0.0002625,2954.76,0.0004043,1,-0.00295593,-0.00100721,-0.0002625,3263.2
0,4510110,4,phononL,0.000477105,-0.0035151,-0.00160328,0.000262498,49.7188,0.000477105,1,-0.0027595,-0.00154064,-0.0002625,217.814
0,4523073,4,phononTF,0.00190256,-0.00315702,-0.00116287,6.91891e-05,274.26,0.001146,1,-0.00299948,-0.000997005,0.0002625,502.85
0,4564803,5,phononTF,0.000662327,-0.00299704,-0.00100161,0.0002625,880.231,0.000662327,1,-0.00217078,-0.000206908,-0.0002625,1590.51
0,4573012,6,phononTF,0.00220497,-0.00299821,-0.00100112,0.0002625,20.5873,0.00174177,1,-0.00280365,-0.000786137,-0.0002625,563.733
0,4586031,4,phononTS,0.00262745,-0.00299856,-0.000997789,0.000262498,504.074,0.000205673,1,-0.00278836,-0.000980546,-0.0002625,686.892
0,4586933,5,phononTF,0.00104651,-0.00299527,-0.00100256,0.000262498,511.807,0.000406242,1,-0.00348828,-0.000481452,-0.0002625,762.073
0,4601249,2,phononL,0.00235645,-0.0019995,-0.00200376,0.0002625,49.9712,0.00114966,1,-0.00228513,-0.0022818,-0.0002625,1893.2
0,4625037,6,phononTS,0.000575553,-0.00299528,-0.000999409,0.000262498,394.573,0.000575553,1,-0.00327563,-0.00103918,-0.0002625,590.88
0,4671065,3,phononTS,0.000874434,-0.00312588,-0.00113536,-0.0002625,33.5184,0.000382,1,-0.00300057,-0.000997833,0.0002625,785.711
0,4686703,6,phononTS,0.000416524,-0.00296797,-0.00104199,-0.000262498,860.835,0.000382,1,-0.00300401,-0.00100072,0.0002625,1008.07
0,4698501,3,phononTF,0.000633349,-0.00192298,3.23498e-05,-0.0002625,5.21952,0.000382,1,-0.000997343,0.000996899,0.0002625,1206.64
0,4698501,2,phononL,0.00268731,-0.00464,-0.000963615,-0.000221858,5.21952,0.00234191,1,-0.00466403,-0.000934533,-0.0002625,555.104
0,4708273,6,phononTF,0.00233989,-0.0030511,-0.00104514,0.000187671,74.5678,0.000764,1,-0.00300441,-0.0010011,0.0002625,1405
0,4715331,3,phononTF,0.00297085,-0.00335523,-0.00132891,-0.0002625,51.2235,0.001528,1,-0.00300352,-0.00100319,0.0002625,419.851
0,4715331,2,phononTS,0.00157182,-0.00354366,-0.00150686,0.000262498,51.2235,0.000978044,1,-0.00348117,-0.001558,-0.0002625,197.62
0,4719145,4,phononL,0.00267088,-0.00327522,-0.00126226,-0.0002625,122.426,0.000382,1,-0.0029996,-0.000996061,0.0002625,368.673
0,4719145,6,phononTF,0.000466624,-0.0029996,-0.000996061,0.000262498,368.673,0.000466624,1,-0.00328665,-0.000712517,-0.0002625,555.3
0,4719145,5,phononTF,0.00146443,-0.0029996,-0.000996061,0.000262498,368.673,0.000666095,1,-0.00293329,-0.000927452,-0.0002625,519.124
0,4720383,6,phononL,0.000493653,-0.000705795,0.0018128,-0.0002625,707.36,0.000382,1,3.49568e-06,0.00199939,0.0002625,1869.25
0,4733186,9,phononTS,0.00044928,-0.00188487,-0.00216741,-0.0002625,1545.4,0.000382,1,-0.000998954,-0.00100137,0.0002625,3120.66
0,4754038,2,phononL,0.00172109,-0.00225813,-0.000111814,8.67925e-05,109.038,0.001146,1,-0.00200422,-7.24005e-07,0.0002625,908.278
0,4759057,3,phononL,0.00289987,-0.00275506,-0.000531612,-9.57403e-05,22.8763,0.00238595,1,-0.00325191,-0.00071294,-0.0002625,534.936
0,4759057,2,phononTS,0.000778266,-0.00353943,-0.00155255,0.000262498,22.8763,0.000778266,1,-0.00349945,-0.00165075,-0.0002625,187.116
0,4772577,6,phononTF,0.000751822,-0.00100049,0.00100131,0.0002625,469.971,0.000375787,1,-0.000482742,0.00154674,-0.0002625,1910.52
0,4772577,5,phononTF,0.000454156,-0.00353304,-0.00159626,0.000262498,469.971,0.000454156,1,-0.00317929,-0.0012508,-0.0002625,673.906
0,4775911,8,phononTF,0.000498172,-0.00300109,-0.000997164,0.000262498,1387.27,0.000498172,1,-0.00368535,-0.000699445,-0.0002625,1670.33
0,4779614,3,phononTF,0.00140822,-0.00200207,0.002002,0.0002625,0.843959,0.00140822,1,-0.00173233,0.00228748,-0.0002625,2430.18
0,4797512,5,phononTF,0.000990108,-0.00366782,-0.00169867,-0.0002625,15.5484,0.000764,1,-0.00299993,-0.000996128,0.0002625,484.155
0,4802187,3,phononTS,0.00222027,-0.00295718,-0.00114003,-0.0002625,5.51054,0.000382,1,-0.00299862,-0.000999583,0.0002625,1026.66
0,4802187,8,phononTF,0.000533127,-0.00299862,-0.000999583,0.000262498,1026.66,0.000533127,1,-0.00224809,-0.00173391,-0.0002625,1357.48
0,4804038,9,phononTS,0.000382731,4.30603e-05,-0.00196975,-0.0002625,494.844,0.000382,1,2.04466e-06,-0.0019976,0.0002625,2536.29
0,4807702,8,phononL,0.00119359,-0.0030033,-0.00100054,0.000262498,834.582,0.000767699,1,-0.00249443,-0.00107516,-0.0002625,969.987
0,4807893,3,phononTS,0.000435085,-0.00300175,-0.00099597,0.000262498,367.994,0.000435085,1,-0.00317313,-0.00179644,-0.0002625,694.735
0,4818642,4,phononTF,0.00143497,-0.00314261,-0.00118953,-0.0002625,1455.68,0.000382,1,-0.00300227,-0.000997305,0.0002625,1786.22
0,4835849,6,phononTF,0.000639731,-0.00309071,-0.00108314,-0.000262498,244.148,0.000382,1,-0.00300333,-0.000999187,0.0002625,396.011
0,4835849,2,phononTF,0.000422702,-0.005,-0.000391991,-0.000137882,7.70828,0.000422702,1,-0.00457896,-0.000703179,-0.0002625,716.584
0,4845327,8,phononTF,0.00103612,0.00241682,0.002166,-0.0002625,1769.7,0.00103612,1,0.00270287,0.005,9.48984e-05,3859.04
0,4853661,6,phononTS,0.000528025,-0.00299614,-0.000999722,0.000262498,446.661,0.000528025,1,-0.00304313,-0.00102789,-0.0002625,593.755
0,4853661,3,phononTF,0.000958693,-0.00353482,-0.00157952,0.000262498,26.8219,0.000958693,1,-0.00317924,-0.00147944,-0.0002625,223.136
0,4860046,13,phononTS,0.000439386,0.00199801,0.00199618,0.0002625,3774.44,0.000439386,1,0.00202419,0.0019862,-0.0002625,7189.75
0,4876308,4,phononTS,0.00236658,-0.00308804,-0.00131507,5.14899e-05,5.11126,0.000764,1,-0.00300067,-0.00100152,0.0002625,957.796
0,4876308,5,phononTS,0.00107833,-0.00300067,-0.00100152,0.000262498,957.796,0.000600184,1,-0.00316729,-0.00103818,-0.0002625,1133.15
0,4884363,8,phononTF,0.000930394,-0.00199552,-3.70139e-06,0.000262498,1101.29,0.000930394,1,-0.00150708,0.000486763,-0.0002625,1347.53
0,4886141,7,phononTS,0.00233002,-0.00100649,-0.000905949,0.00017865,12.5667,0.000382,1,-0.00100162,-0.00100001,0.0002625,1106.96
0,4886141,8,phononTF,0.00181118,0.00415895,0.005,-0.000144463,1106.96,0.00150093,1,0.00406811,0.00490231,-0.0002625,3636.22
0,4887476,3,phononTF,0.000460273,-0.00300489,-0.000996651,0.0002625,4.46552,0.000460273,1,-0.00224555,-0.00179374,-0.0002625,977.872
0,4887476,2,phononTS,0.00115209,-0.00352509,-0.00156021,0.000262498,4.46552,0.000594518,1,-0.00300975,-0.00151311,-0.0002625,251.566
0,4900371,6,phononTF,0.00192317,0.00145561,0.00138921,6.88653e-05,1115.83,0.000764,1,0.00200268,0.00199675,0.0002625,3294.56
0,4900371,8,phononTF,0.000543373,0.00200268,0.00199675,0.000262498,3294.56,0.000543373,1,-0.000957933,0.00128136,-0.0002625,4212
0,4916564,3,phononTF,0.00066906,-0.00326135,-0.00127649,-0.0002625,2.47669,0.000382,1,-0.00299823,-0.00099691,0.0002625,368.855
0,4957157,4,phononTS,0.0030767,-0.00300377,-0.00099639,0.000191506,77.5192,0.001528,1,-0.00300082,-0.000995068,0.0002625,327.955
0,4960165,6,phononTF,0.000953757,-0.00173292,0.000268477,-0.0002625,53.5966,0.000382,1,-0.00200067,7.09833e-07,0.0002625,1081.63
0,4962213,5,phononTF,0.000656143,-0.00279399,-0.00126423,-0.000262498,536.932,0.000382,1,-0.00300255,-0.00100349,0.0002625,715.993
0,5028028,8,phononTS,0.000473339,-0.00300497,-0.000998215,0.000262498,462.189,0.000473339,1,-0.00304734,-0.000835924,-0.0002625,636.172
0,5034639,6,phononTS,0.000550397,-0.00199705,-2.74021e-06,0.0002625,1231.05,0.000550397,1,-0.00194261,-6.20269e-05,-0.0002625,1523.75
0,5040076,4,phononTS,0.00100355,-0.00277035,-0.005,6.69877e-05,11.9042,0.000382,1,0.00100123,-0.0029995,0.0002625,3433.61
0,5046313,6,phononTS,0.000382396,-0.00281441,-0.00101698,-0.000262498,3662.52,0.000382,1,-0.00300009,-0.00100434,0.0002625,3840.94
0,5058924,4,phononTS,0.000586218,-0.00222518,-0.000808188,-0.000262498,1022.51,0.000382,1,-0.00200482,9.37437e-07,0.0002625,1353.62
0,5081578,3,phononTF,0.000536325,-0.00276349,-0.00177774,-0.0002625,4.62939,0.000382,1,-0.00200479,-0.00200335,0.0002625,608.844
0,5086344,5,phononTS,0.00270992,-0.00182498,0.000145047,0.00024659,62.129,0.000382,1,-0.00200071,9.20711e-07,0.0002625,1749.76
0,5088160,8,phononTS,0.000608827,-0.00099631,0.00100021,0.0002625,1444.47,0.000608827,1,0.000980098,0.0044994,-0.0002625,3985.31
0,5089336,7,phononTS,0.000867052,-0.000997255,-0.000996805,0.000262498,2320.34,0.000867052,1,-0.00096517,-0.000978753,-0.0002625,2468.58
0,5091277,3,phononTF,0.00240404,-0.00208032,-7.48205e-05,3.1324e-05,9.37715,0.001146,1,-0.00200372,-2.9618e-06,0.0002625,675.632
0,5091277,2,phononTF,0.00119384,-0.00353196,-0.00156705,0.000262498,9.37715,0.00109956,1,-0.00340555,-0.0016934,-0.0002625,165.696
0,5119927,2,phononTF,0.00102788,-0.00312778,-0.00114083,-0.0002625,11.8149,0.000382,1,-0.002998,-0.00100134,0.0002625,641.509
0,5129105,6,phononTS,0.00114459,-0.00199698,-4.67143e-06,0.000262498,1962.04,0.000634577,1,-0.0018136,-0.000701794,-0.0002625,2272.21
0,5136078,6,phononTS,0.00130758,-0.00299953,-0.000997259,0.000262498,469.863,0.00107761,1,-0.00293606,-0.000991908,-0.0002625,619.872
0,5147075,6,phononTS,0.000465923,-0.00305062,-0.00147983,-0.000262498,318.917,0.000382,1,-0.0029967,-0.0010049,0.0002625,556.645
0,5167314,2,phononTF,0.0016549,-0.00297015,-0.00102461,0.000189876,2.15996,0.000764,1,-0.00299589,-0.000996144,0.0002625,1978.37
0,5177340,3,phononTS,0.00215619,-0.00193694,-1.16137e-07,6.09817e-05,8.37549,0.000382,1,-0.00199742,-4.54974e-06,0.0002625,1101.14
0,5177340,4,phononTF,0.00119813,-0.00199742,-4.54974e-06,0.000262498,1101.14,0.000449063,1,-0.00125733,-0.00076019,-0.0002625,1433.91
0,5191611,8,phononTS,0.000664856,0.00199846,-0.00200433,0.000262499,6829.73,9.94715e-05,1,0.00228608,-0.00195192,-0.0002625,7026.9
0,5202335,3,phononTF,0.000627849,-0.00313158,-0.00113638,-0.0002625,6.17465,0.000382,1,-0.00300032,-0.00099721,0.0002625,636.399
0,5204866,5,phononTF,0.000609154,-0.00200157,-4.92888e-06,0.0002625,430.86,0.000609154,1,-0.00144668,0.000518537,-0.0002625,1473.66
0,5223759,5,phononTS,0.000869385,-0.000138883,-0.000456799,-0.0002625,362.021,0.000382,1,-1.09851e-06,-3.35375e-06,0.0002625,1794.36
0,5223759,3,phononTS,0.000798629,-0.0035177,-0.00155688,0.000262498,10.6837,0.000798629,1,-0.005,-0.000674081,3.09837e-05,580.338
0,5223759,2,phononL,0.000800439,-0.0035177,-0.00155688,0.000262498,10.6837,0.000490418,1,-0.00379157,-0.00122663,-0.0002625,138.205
0,5227847,4,phononTS,0.00142461,0.00111921,0.00200194,-0.0002625,0.772199,0.000382,1,0.0019956,0.00200062,0.0002625,2467.91
0,5248235,8,phononTF,0.00104887,-0.00300036,-0.00100185,0.000262498,422.175,0.000755435,1,-0.00268815,-0.00202702,-0.0002625,796.124
0,5255878,3,phononTF,0.00148872,-0.0029968,-0.000999079,0.0002625,9.90669,0.000512232,1,-0.00273705,-0.000719672,-0.0002625,564.772
0,5257927,7,phononTS,0.000386809,0.00178591,-0.0025165,-0.000262498,4330.28,0.000382,1,0.00199648,-0.00199587,0.0002625,4602.88
0,5259229,5,phononTF,0.000529101,-0.00200004,-0.00199713,0.0002625,2093.28,0.000529101,1,-0.00183146,-0.00221702,-0.0002625,2434.24
0,5290569,4,phononTF,0.00148108,-0.00312965,-0.00114139,-0.0002625,4.64705,0.000382,1,-0.00300175,-0.00100183,0.0002625,633.54
0,5290569,5,phononTS,0.000615053,-0.00300175,-0.00100183,0.000262498,633.54,0.000615053,1,-0.00305239,-0.000938917,-0.0002625,801.499
0,5291238,6,phononTS,0.00257287,-0.00337683,-0.00124507,1.98355e-05,328.261,0.000382,1,-0.00299765,-0.00100309,0.0002625,557.068
0,5291238,8,phononTF,0.000556758,-0.00299765,-0.00100309,0.000262498,557.068,0.000556758,1,-0.00273264,-0.000736537,-0.0002625,739.062
0,5304434,5,phononTF,0.000425683,-0.00273458,-0.000771819,-0.0002625,96.5379,0.000382,1,-0.00199882,6.12919e-07,0.0002625,766.019
0,5304434,4,phononTF,0.00151907,-0.00347033,-0.00154425,0.000262498,96.5379,0.000671231,1,-0.00325621,-0.00129991,-0.0002625,272.935
0,5304532,6,phononTS,0.000511794,-0.00299672,-0.00100011,0.000262498,372.206,0.000511794,1,-0.00402816,-0.0014261,-0.0002625,782.488
0,5304706,13,phononTS,0.000653959,0.00100241,-0.00100266,0.0002625,6282.63,0.000653959,1,0.00107803,-0.000152763,-0.0002625,7600.53
0,5306772,5,phononTS,0.00073594,-0.00322131,-0.00124981,-0.000262498,440.303,0.000382,1,-0.00199709,0.00199941,0.0002625,1648.53
0,5312202,8,phononTS,0.000436957,-0.00299603,-0.00100409,0.0002625,2217.07,0.000436957,1,-0.0032506,-0.000952763,-0.0002625,2598.41
0,5312203,3,phononTF,0.00357804,-0.00351279,-0.00150715,-3.52939e-06,35.5467,0.00196491,1,-0.00374489,-0.00173901,-0.0002625,432.286
0,5313069,4,phononTF,0.00107557,-0.00176439,0.000210893,-0.0002625,92.1961,0.000382,1,-7.70058e-07,0.00200245,0.0002625,1539.78
0,5317159,6,phononTF,0.000621024,-0.00347581,-0.00153139,-0.000262498,157.995,0.000382,1,-0.00300437,-0.000996145,0.0002625,412.69
0,5317159,2,phononL,0.00143817,-0.00424491,-0.00208825,4.9249e-05,11.3824,0.000654114,1,-0.00398696,-0.00252666,-0.0002625,350.734
0,5334429,9,phononTF,0.000880644,-4.99702e-06,0.00200174,0.000262498,3153.09,0.000880644,1,0.000425553,0.00246288,-0.0002625,3384.06
0,5395094,3,phononL,0.001785,-0.00200534,0.00207084,0.000155071,1.84245,0.000382,1,-0.00200135,0.00199725,0.0002625,6018.43
0,5395094,6,phononL,0.00103407,-0.00200135,0.00199725,0.000262498,6018.43,0.00103407,1,-0.00195428,0.00240029,-0.0002625,6142.8
0,5402551,5,phononTS,0.0015107,-0.000996357,-0.00100013,0.0002625,6248.33,0.00116646,1,-0.000947834,-0.000971144