Run ID,Event ID,Track ID,Particle Name,Start Energy [eV],Start X [m],Start Y [m],Start Z [m],Start Time [ns],Energy Deposited [eV],Track Weight,End X [m],End Y [m],End Z [m],Final Time [ns]
0,43138,6,phononTS,0.000577802,-0.000793652,-0.0016952,-0.0002625,315.864,0.000382,1,-0.00100372,-0.00100211,0.0002625,1716.41
0,43138,2,phononL,0.00277034,-0.00160707,-0.00445285,-0.000155125,0.426743,0.0018982,1,-0.00169426,-0.00447938,-0.0002625,393.28
0,97514,7,phononL,0.000408652,-0.00300466,-0.00100452,0.000262498,1485.43,0.000408652,1,-0.00375586,1.13358e-05,-0.0002625,1754.55
0,98288,7,phononTS,0.000487297,0.00100301,-0.00299599,0.0002625,1619.28,0.000487297,1,0.000957783,-0.00303555,-0.0002625,1913.5
0,98479,6,phononTF,0.000411904,-0.00100036,0.00100464,0.0002625,3656.15,0.000411904,1,-0.00133126,0.000742482,-0.0002625,11093.7
0,102576,4,phononTS,0.00232031,-0.00170575,-0.00102863,0.00025617,126.158,0.00169345,1,-0.00166935,-0.000990039,-0.0002625,1773.7
0,143722,6,phononTS,0.000427622,-0.00208535,6.31652e-05,-0.000262498,6585.88,0.000382,1,-0.00200063,3.94636e-06,0.0002625,6757.71
0,164934,11,phononL,0.000382347,-0.00299772,-0.00100369,0.000262498,3215.46,0.000382347,1,-0.00294903,-0.000512139,-0.0002625,3348.5
0,169700,10,phononTS,0.000576672,0.00100439,-0.00299834,0.0002625,4003.25,0.000576672,1,0.000937814,-0.0030034,-0.0002625,4984.24
0,171583,8,phononTS,0.000450647,-0.000782592,-0.00251654,-0.000262498,924.201,0.000382,1,-0.00200154,-0.00200133,0.0002625,1404.23
0,171583,2,phononTS,0.00182185,-0.000923074,-0.0039405,0.000262498,2.66385,0.00111533,1,0.00243785,-0.000768041,-0.0002625,1361.04
0,180491,6,phononTS,0.000508395,-0.005,-0.00131042,-0.0002147,1563.41,0.000508395,1,-0.00475053,-0.00106405,-0.0002625,8547.18
0,182981,4,phononTF,0.000467565,-0.000452111,-0.0037272,-0.000262498,401.399,0.000382,1,1.32934e-06,-0.00199673,0.0002625,970.175
0,258419,7,phononTF,0.00138687,1.91673e-06,-0.00200475,0.0002625,364.913,0.000602143,1,-0.000307137,-0.00183559,-0.0002625,1500.36
0,322306,3,phononTF,0.000582445,-0.000459887,-0.0029651,-0.0002625,1.87184,0.000382,1,1.12139e-06,-0.00199687,0.0002625,729.027
0,322306,2,phononL,0.000553072,-0.000920894,-0.00393332,0.000262498,1.87184,0.000553072,1,-0.000486258,-0.00430104,-0.0002625,146.842
0,327424,6,phononTF,0.000558289,0.000732933,-0.000711131,-0.000262498,5365.28,0.000382,1,0.00100063,-0.00100402,0.0002625,5550.43
0,374630,5,phononTF,0.000740735,0.00160137,-0.00224142,-0.0002625,1237.73,0.000382,1,0.00200308,-0.00200201,0.0002625,3013.69
0,377262,4,phononL,0.000576502,0.00246314,-0.00155298,-0.0002625,674.076,0.000382,1,0.00200404,-0.00199989,0.0002625,2944.42
0,385666,2,phononTS,0.000457585,-0.00369974,-0.00200203,-0.0002625,2.28405,0.000382,1,-0.00199628,-0.00199719,0.0002625,2597.21
0,399586,6,phononTS,0.000735714,0.00100452,-0.00299958,0.0002625,607.022,0.000735714,1,0.0013095,-0.00297937,-0.0002625,1416.88
0,411587,9,phononTS,0.000469042,0.00176727,-0.00064797,-0.0002625,7095.9,0.000382,1,0.0010041,-0.00100014,0.0002625,8136.55
0,460067,9,phononTF,0.000417152,-0.000998794,-0.00100398,0.000262498,3804.72,0.000417152,1,-0.00069773,-0.000716744,-0.0002625,3995.34
0,463449,6,phononTS,0.0012553,-0.000997212,0.00100004,0.000262499,3972.96,0.000888513,1,-0.000780602,0.00204443,-0.0002625,4374.26
0,482390,3,phononTF,0.00123167,-0.00043382,-0.00244256,-0.0002625,2.76467,0.000382,1,-4.20328e-06,-0.00199527,0.0002625,952.201
0,519508,4,phononTS,0.00118329,0.000716546,0.000119649,-0.0002625,84.706,0.000382,1,0.000995258,-0.000997859,0.0002625,2290.56
0,552297,12,phononTF,0.000452703,-0.00200071,-0.00199696,0.000262498,2979.88,0.000452703,1,-0.00218993,-0.00182449,-0.0002625,3144.36
0,582322,5,phononL,0.0022879,-0.00014785,-0.00224448,6.2656e-05,129.948,0.001146,1,-4.07548e-06,-0.00200136,0.0002625,873.009
0,582322,6,phononTF,0.000456353,-4.07548e-06,-0.00200136,0.000262498,873.009,0.000456353,1,-0.000249482,-0.00177384,-0.0002625,1048.32
0,623374,5,phononTF,0.000383461,0.000999741,-0.00300335,0.000262498,928.099,0.000383461,1,0.0014994,-0.00349451,-0.0002625,1176.61
0,628306,7,phononTF,0.000480847,-0.00100127,-0.00100359,0.000262498,1223.2,0.000480847,1,-0.00126527,-0.000826823,-0.0002625,1401.7
0,628306,2,phononTF,0.000633018,-0.000907487,-0.00391923,0.000262498,12.475,0.000633018,1,-0.000659203,-0.00415403,-0.0002625,190.564
0,632709,8,phononTF,0.0018799,0.000604443,-0.0026268,-0.0002625,558.9,0.000382,1,0.00100448,-0.00299589,0.0002625,1341.08
0,632709,9,phononTS,0.00107923,0.00100448,-0.00299589,0.000262498,1341.08,0.00107923,1,0.00147195,-0.00293705,-0.0002625,1576.91
0,640344,7,phononTS,0.000755529,0.00100042,-0.00299866,0.000262498,935.574,0.000755529,1,-5.81735e-05,-0.00203796,-0.0002625,1451.37
0,651426,16,phononTS,0.000853981,0.00200125,-0.00200088,0.000262498,1366.18,0.00044482,1,7.90834e-05,-0.000909213,-0.0002625,2104.55
0,662897,7,phononL,0.000478337,3.74739e-06,0.00199863,0.000262498,3332.56,0.000478337,1,-0.000228951,0.00143194,-0.0002625,3481.95
0,662897,4,phononTF,0.00259982,-0.00141366,-0.00385989,-0.000111392,8.01995,0.00181717,1,-0.00134872,-0.00377375,-0.0002625,1489.7
0,696111,4,phononTF,0.00290416,0.00104276,-0.00295876,0.000227116,2.1298,0.000764,1,0.00100193,-0.00300204,0.0002625,2966.54
0,723597,3,phononL,0.00038939,0.000932064,-0.00136552,-0.0002625,19.2349,0.000382,1,0.00100493,-0.000997785,0.0002625,1056.78
0,723597,2,phononTF,0.00175683,-0.000927452,-0.00393451,0.000262498,19.2349,0.00171103,1,-0.00109684,-0.00375449,-0.0002625,182.731
0,734055,7,phononTF,0.000975548,-0.00299957,-0.000995106,0.000262498,1192.81,0.000658901,1,-0.00342639,-0.000537564,-0.0002625,1426.14
0,747640,4,phononL,0.00233965,0.00176172,0.00183827,0.00011798,18.9964,0.00204305,1,0.00130974,0.0016603,-0.0002625,5034.08
0,747640,3,phononTF,0.000874372,-0.000923193,-0.00393326,0.000262498,18.9964,0.000689643,1,-0.00118653,-0.00369051,-0.0002625,197.906
0,747640,2,phononTF,0.000428034,-0.000923193,-0.00393326,0.000262498,18.9964,0.000428034,1,-0.000701552,-0.0041751,-0.0002625,193.264
0,747641,5,phononTS,0.00248786,4.38814e-05,-0.00386185,0.000225169,354.415,0.00203078,1,-0.000848392,-0.00403796,-0.0002625,927.09
0,790096,9,phononL,0.000464476,-0.00197947,-0.00354665,-0.000262498,1445.68,0.000382,1,-0.00199646,-0.00199524,0.0002625,1748.2
0,822104,5,phononTF,0.00174198,0.00102102,-0.0029036,0.000242442,10.4465,0.000382,1,0.000998626,-0.0030025,0.0002625,1532.14
0,822104,7,phononTF,0.000403997,0.000998626,-0.0030025,0.000262498,1532.14,0.000403997,1,0.00128549,-0.00273879,-0.0002625,1716.17
0,837968,4,phononTS,0.000494783,4.20779e-05,-0.00263865,-0.0002625,8.24372,0.000382,1,2.68537e-06,-0.00199768,0.0002625,1803.37
0,850044,6,phononTS,0.000752727,-0.00175194,-0.00257139,-0.000262498,839.699,0.000382,1,-0.00200148,-0.00200082,0.0002625,1128.52
0,851324,4,phononTF,0.00280354,0.00102248,-0.00297268,0.000220554,9.69535,0.000382,1,0.000995207,-0.0029978,0.0002625,1826.3
0,851324,7,phononTF,0.000400868,0.000995207,-0.0029978,0.000262498,1826.3,0.000400868,1,0.000437768,-0.00255251,-0.0002625,2084.14
0,860811,7,phononTS,0.000423118,0.000977359,-0.00304955,-0.000262498,1602.11,0.000382,1,0.000995431,-0.00299533,0.0002625,1754.86
0,872213,3,phononTF,0.00229839,0.000848021,-0.00117487,-0.0002625,9.31304,0.001146,1,0.00100479,-0.00100371,0.0002625,3585.34
0,875616,11,phononTF,0.000546806,0.00100273,-0.00299945,0.000262498,1726.19,0.000546806,1,0.00127946,-0.00270265,-0.0002625,1913.02
0,878426,5,phononTS,0.00121974,0.0016326,0.00195536,-0.0002625,408.681,0.000382,1,0.00199795,0.00200004,0.0002625,2918.17
0,924092,13,phononTS,0.000438542,0.005,-0.00127716,-0.000103994,2631.05,0.000438542,1,0.00477727,-0.00125891,-0.0002625,4876.53
0,972524,5,phononTF,0.00066752,-0.000408145,-0.00241249,-0.000262498,3312.27,0.000382,1,-1.73074e-07,-0.00199616,0.0002625,3533.36
0,980187,5,phononTS,0.000448791,-0.00100037,-0.00100158,0.0002625,2201.75,0.000448791,1,-0.00102682,-0.000937517,-0.0002625,2983.69
0,1008227,6,phononTS,0.000738377,-0.000826738,-0.00432382,-0.000262498,1539.05,0.000382,1,0.0019975,-0.00200188,0.0002625,2702.5
0,1008227,4,phononTS,0.00103823,-0.000925539,-0.00396589,0.000262498,58.9873,0.00103823,1,-0.00104979,-0.00298176,-0.0002625,436.431
0,1060538,5,phononTF,0.00261975,-2.63275e-05,-0.00196925,0.000157079,502.631,0.000382,1,2.70213e-07,-0.00199605,0.0002625,2798.13
0,1060538,7,phononTF,0.000614013,2.70213e-07,-0.00199605,0.000262498,2798.13,0.000614013,1,-0.000280915,-0.00218711,-0.0002625,2980.4
0,1137826,4,phononTS,0.00254358,-0.00104658,-0.00104165,-0.0002625,42.0644,0.000382,1,-0.000997157,-0.00100448,0.0002625,2696.43
0,1137826,6,phononTF,0.0005031,-0.00459282,0.005,-6.812e-05,2696.43,0.0005031,1,-0.00452747,0.00493386,-0.0002625,4771.52
0,1137826,5,phononTS,0.00141457,-0.000997157,-0.00100448,0.000262498,2696.43,0.000756998,1,-7.21721e-05,0.000406297,-0.0002625,3284.34
0,1142411,5,phononTS,0.000530327,-0.000704363,-0.00379146,-0.000262498,520.231,0.000382,1,5.46343e-07,-0.00199709,0.0002625,1173.61
0,1143476,8,phononTS,0.000607997,-0.00267471,-0.00103361,-0.000262498,1990.93,0.000382,1,-0.00300198,-0.0010003,0.0002625,2196.59
0,1148590,4,phononTS,0.000863499,0.000997017,0.000997606,0.000262498,1804.58,0.000219907,1,0.00121299,0.000945177,-0.0002625,1987.88
0,1166047,6,phononTF,0.000547268,0.00200385,-1.61141e-07,0.000262498,2055.17,0.000547268,1,0.00223584,-0.00021268,-0.0002625,2227.5
0,1166047,2,phononTF,0.0023634,0.000804796,-0.00156414,-4.27418e-05,2.26816,0.00184846,1,0.000664319,-0.00170719,-0.0002625,1704.77
0,1204130,5,phononL,0.000445742,-0.00183414,-0.0021083,-0.0002625,1013.96,0.000382,1,-0.00200079,-0.00200316,0.0002625,2024.42
0,1240667,4,phononTS,0.00281743,-0.000992236,-0.000984078,6.10178e-05,185.761,0.000382,1,-0.00100032,-0.000996209,0.0002625,4736.42
0,1280469,6,phononTF,0.000558066,-7.49161e-05,0.00215322,-0.0002625,154.032,0.000382,1,4.8065e-06,0.0020041,0.0002625,4880.83
0,1307493,5,phononL,0.00240811,-7.63619e-05,-0.00230132,0.000100594,475.724,0.001146,1,-4.82629e-06,-0.00199874,0.0002625,1035.97
0,1307493,6,phononTS,0.000417998,-4.82629e-06,-0.00199874,0.000262498,1035.97,0.000417998,1,-6.02076e-05,-0.00190476,-0.0002625,1198.71
0,1307493,4,phononTF,0.00319217,0.000114908,-0.00360729,-0.000115662,475.724,0.00194583,1,0.000264296,-0.00375119,-0.0002625,1190.56
0,1353273,6,phononTF,0.000385943,0.00200303,-4.2181e-06,0.000262498,4346.16,0.000385943,1,0.00182067,0.000179594,-0.0002625,4511.16
0,1430565,9,phononTS,0.000682524,0.00112106,-0.00207995,-0.0002625,1496.23,0.000382,1,0.00200495,-0.00200123,0.0002625,3500.41
0,1460778,6,phononTS,0.00075762,6.98462e-05,-0.0028932,-0.0002625,1804.42,0.000382,1,0.00100016,-0.00100297,0.0002625,3367.2
0,1461277,6,phononTF,0.000779508,-0.00100014,0.00299752,0.000262498,15406,0.000779508,1,-0.00127866,0.00328213,-0.0002625,15591.8
0,1461277,4,phononTF,0.000388508,-0.000817518,-0.00370862,0.000262498,130.044,0.000388508,1,-0.000810163,-0.00330511,-0.0002625,337.539
0,1466247,12,phononTF,0.000454926,0.00100272,-0.0030024,0.0002625,5574.78,0.000454926,1,0.000587123,-0.00331475,-0.0002625,6281.48
0,1472631,4,phononTF,0.00088347,-0.00100465,-0.00100003,0.0002625,1039.12,0.000617295,1,-0.000841511,-0.00117884,-0.0002625,2997.3
0,1479046,3,phononL,0.00251426,-1.19107e-05,-0.00206677,0.000163484,6.64817,0.000382,1,-3.80984e-06,-0.00200005,0.0002625,1105.74
0,1479046,7,phononTS,0.000414316,-3.80984e-06,-0.00200005,0.000262498,1105.74,0.000414316,1,0.00194456,0.000348434,-0.0002625,2054.59
0,1479046,6,phononL,0.00141526,-3.80984e-06,-0.00200005,0.000262498,1105.74,0.000367366,1,0.000324483,-0.00232575,-0.0002625,1236.96
0,1480279,4,phononTS,0.00160547,0.000997254,-0.00300345,0.0002625,357.939,0.000425977,1,0.00206682,-0.00247948,-0.0002625,1644.82
0,1480279,6,phononTF,0.000405214,0.00322882,0.005,-0.000213614,1644.82,0.000405214,1,0.00449969,0.002091,-0.0002625,6240.4
0,1480381,8,phononTS,0.000610729,0.00199997,3.06734e-06,0.000262498,6471.47,0.000610729,1,0.00198292,-0.000239865,-0.0002625,6660.43
0,1526212,9,phononTS,0.000582906,-3.04206e-06,-0.00199728,0.000262498,6266.53,0.000582906,1,5.22917e-05,-0.00193784,-0.0002625,6412.83
0,1585715,7,phononTS,0.000606144,-0.00187822,-0.0021623,-0.0002625,3546.74,0.000382,1,-0.00199879,-0.00200059,0.0002625,4288.98
0,1595166,7,phononL,0.00085977,-0.0010016,-0.00100058,0.000262498,1779.55,0.00085977,1,-0.00102515,-0.00153252,-0.0002625,1916.86
0,1631381,10,phononTF,0.000505638,-0.00393161,-0.00345956,-0.000262499,4588.47,0.000382,1,4.46192e-06,-0.00200335,0.0002625,5819.16
0,1650565,2,phononTF,0.00285869,9.54729e-05,-0.00190197,0.000195146,67.4703,0.000764,1,-7.81507e-07,-0.00199947,0.0002625,2158.21
0,1714640,5,phononTS,0.000638016,6.56443e-05,-0.00298743,-0.000262498,414.528,0.000382,1,0.000998583,-0.00299614,0.0002625,769.539
0,1722746,11,phononTS,0.000474739,0.000963916,-0.00376841,-0.0002625,1795.29,0.000382,1,0.00100167,-0.00300173,0.0002625,3196.12
0,1728816,10,phononTS,0.000499995,-7.48202e-05,-0.00301519,-0.000262498,450.295,0.000382,1,3.51236e-06,-0.00200448,0.0002625,831.511
0,1756895,7,phononL,0.000902556,8.97453e-07,-0.00199975,0.0002625,768,0.000549428,1,-0.000484339,-0.00154402,-0.0002625,1087.58
0,1756895,2,phononTS,0.000585038,-0.00094998,-0.00391771,0.000262498,34.1832,0.000585038,1,-0.00106756,-0.00430843,-0.0002625,267.358
0,1758259,6,phononTF,0.000666201,0.00100249,-0.000999891,0.000262498,1141.46,0.000666201,1,0.00116702,-0.000650346,-0.0002625,1337.44
0,1761277,6,phononTF,0.000495094,-0.00155192,-0.00242059,-0.000262498,981.217,0.000382,1,-0.00200312,-0.00200168,0.0002625,1208.83
0,1761919,11,phononTS,0.000459067,0.00100113,-0.00300288,0.000262498,1358.37,0.000459067,1,0.00121223,-0.00217753,-0.0002625,1694.26
0,1794077,8,phononTF,0.000430385,-0.00100346,-0.00100055,0.000262498,1762.46,0.000430385,1,0.000263064,-0.00150294,-0.0002625,2207.45
0,1801643,8,phononTS,0.000571332,0.0019868,0.00110096,-0.0002625,3790.34,0.000382,1,2.49211e-06,0.00200253,0.0002625,5961.44
0,1834202,2,phononL,0.00157403,-0.00011771,-0.00278672,0.000155316,20.5738,0.000382,1,0.000996295,-0.00300371,0.0002625,672.844
0,1867559,3,phononTS,0.000775535,-0.00198906,-3.96632e-05,-0.0002625,60.1736,0.000382,1,-0.00200173,-3.09867e-06,0.0002625,1803.49
0,1898146,11,phononTS,0.000513052,-0.00200024,-0.0020016,0.000262498,3395.74,0.000513052,1,-0.00272043,-0.00205544,-0.0002625,3694.77
0,1933701,8,phononTS,0.000518009,-0.000999567,-0.000997531,0.000262498,2099.73,0.000518009,1,-0.00105997,-0.00104144,-0.0002625,2246.59
0,1933701,10,phononTF,0.00207786,-0.000852461,-0.00421206,-8.74846e-05,489.682,0.00164217,1,-0.000652056,-0.00400228,-0.0002625,585.142
0,1976334,4,phononTS,0.00233479,-2.75686e-05,-0.0020124,5.3059e-05,7.8039,0.001146,1,-2.69968e-06,-0.00200405,0.0002625,1502.12
0,2023090,10,phononTS,0.000459478,-0.00191589,-0.0032138,-0.000262498,496.127,0.000382,1,-0.00200194,-0.00200076,0.0002625,957.973
0,2035002,8,phononTF,0.000523753,0.00200047,-0.00199758,0.000262498,2975.14,0.000523753,1,0.00207933,-0.0019976,-0.0002625,3125.82
0,2035002,4,phononTS,0.000511445,-0.000922556,-0.00392107,0.000262498,21.2385,0.000511445,1,-0.000920313,-0.00434485,-0.0002625,250.635
0,2035002,2,phononTS,0.00458207,-0.000764044,-0.00348319,-0.000256282,18.0664,0.00234596,1,-0.000803599,-0.00347587,-0.0002625,903.245
0,2095085,4,phononTS,0.00266121,-0.000740432,-0.00384168,-0.000259177,1736.84,0.00146251,1,-0.000740832,-0.00384152,-0.0002625,2518.36
0,2106982,6,phononL,0.0029103,-0.00195428,-0.00200951,0.000171791,73.9478,0.000382,1,-0.00199921,-0.00200208,0.0002625,1848.97
0,2106982,9,phononTF,0.00064828,-0.00199921,-0.00200208,0.000262498,1848.97,0.00064828,1,-0.00208752,-0.00208853,-0.0002625,2000.99
0,2106982,8,phononTF,0.000652775,-0.00199921,-0.00200208,0.000262498,1848.97,0.000652775,1,-0.0019284,-0.00192494,-0.0002625,2000.1
0,2106982,7,phononL,0.000853328,-0.00199921,-0.00200208,0.000262498,1848.97,0.000341222,1,-0.00133296,-0.00321695,-0.0002625,2138.22
0,2116370,5,phononL,0.00128377,-0.000957115,-0.00156723,-0.0002625,442.45,0.000382,1,-0.00100321,-0.000996335,0.0002625,2312.67
0,2139214,4,phononTS,0.001451,0.00132589,-0.00177098,-0.0002625,30.4623,0.000382,1,0.00200291,-0.00199644,0.0002625,2742.16
0,2169151,2,phononTF,0.00293956,-0.00202502,-0.00202635,0.000176488,137.235,0.000764,1,-0.00199695,-0.00199606,0.0002625,2365.85
0,2186946,11,phononTS,0.000857924,-0.00199694,-0.00199802,0.0002625,1825.62,0.000411366,1,-0.00175429,-0.00201086,-0.0002625,2207.05
0,2205408,10,phononTS,0.000678133,0.000999349,-0.000997922,0.000262498,1560.37,0.000678133,1,0.000846478,-0.000950537,-0.0002625,1732.78
0,2213328,5,phononL,0.00133878,0.000205116,-0.00283636,-0.000262499,636.071,0.000382,1,2.10929e-06,-0.00199888,0.0002625,822.292
0,2223048,9,phononTS,0.000695881,0.000998229,-0.00100377,0.000262498,1742.89,0.000695881,1,0.000674321,-0.000823549,-0.0002625,1970.7
0,2229686,7,phononTS,0.000456804,-0.00257088,-0.0024316,-0.000262498,2043.6,0.000382,1,-0.00200336,-0.00199718,0.0002625,2360.18
0,2233328,3,phononL,0.00123081,0.00111851,-0.00181362,-0.0002625,16.541,0.000382,1,-2.71746e-06,-0.00199593,0.0002625,2103.73
0,2249485,3,phononTS,0.00162964,-0.00184435,0.00205598,-0.0002625,16.3548,0.000382,1,-0.00199615,0.00200237,0.0002625,4188.59
0,2290082,6,phononTS,0.00094631,-0.00150091,6.2307e-05,-0.000262498,3724.7,0.000382,1,-0.00100465,-0.000998877,0.0002625,4149.03
0,2294022,7,phononTS,0.000387984,0.00101094,-0.00293554,-0.0002625,1232.91,0.000382,1,0.000995361,-0.00299999,0.0002625,1975.27
0,2294022,3,phononTS,0.000413212,-0.000920637,-0.00391809,0.000262498,21.2513,0.000413212,1,-0.00294372,-0.00206882,-0.0002625,865.47
0,2294022,2,phononTS,0.00078212,-0.00128495,-0.005,-9.99936e-05,21.2513,0.000591451,1,0.000184761,-0.0037149,-0.0002625,973.554
0,2294807,5,phononL,0.000411704,-0.00199666,-0.0020042,0.000262498,2483.65,0.000411704,1,-0.0015753,-0.00181821,-0.0002625,2613.96
0,2339495,4,phononTS,0.00191349,-0.00202618,-0.00238977,-5.16293e-05,30.205,0.000382,1,-0.00199884,-0.00199915,0.0002625,905.887
0,2344462,5,phononTS,0.000564599,0.00248219,5.56812e-05,-0.000262498,1634.7,0.000382,1,0.0020036,3.22394e-06,0.0002625,1873.33
0,2364033,6,phononTS,0.00123784,0.000997035,-0.00300029,0.000262498,1646.82,0.00072375,1,0.000973148,-0.00303074,-0.0002625,1795.67
0,2386274,6,phononL,0.000859227,-0.00100414,-0.00100043,0.000262498,1806.19,0.000859227,1,-0.00145984,-0.000721603,-0.0002625,1945.82
0,2386274,3,phononTS,0.00141547,-0.000922026,-0.00393103,0.000262498,1.94443,0.000795356,1,0.000424566,-0.00354791,-0.0002625,499.656
0,2450249,2,phononTF,0.00157405,-0.00200293,-0.00199927,0.0002625,2.28494,0.00032063,1,-0.00169287,-0.00229549,-0.0002625,2914.19
0,2461644,5,phononTF,0.00159691,0.0019549,-0.0015234,-0.0002625,428.201,0.000382,1,0.000998679,-0.00099585,0.0002625,4199.24
0,2487407,2,phononTF,0.000718825,-0.00253715,-0.0014726,-0.0002625,7.23867,0.000382,1,-0.00200049,-0.001997,0.0002625,4161.56
0,2521235,3,phononL,0.00170243,-0.00175028,-0.00114012,-0.0002625,2.70348,0.000382,1,-0.0020003,2.23828e-06,0.0002625,957.189
0,2521235,7,phononTF,0.000970887,-0.0020003,2.23828e-06,0.000262498,957.189,0.000180663,1,-0.00154286,0.000562343,-0.0002625,1216.58
0,2539893,3,phononTF,0.00257185,-0.00036595,-0.00176447,1.60327e-06,7.86274,0.000382,1,-9.16565e-07,-0.00199641,0.0002625,1525
0,2539893,5,phononTS,0.00122685,-9.16565e-07,-0.00199641,0.000262498,1525,0.000436431,1,-4.46926e-05,-0.00168013,-0.0002625,1728.4
0,2607687,8,phononTS,0.000591381,0.0019961,-0.00199958,0.0002625,297.744,0.000591381,1,0.00205635,-0.0019495,-0.0002625,1980.76
0,2641016,12,phononTF,0.000486569,0.00300122,0.00100182,0.0002625,3464.93,0.000486569,1,0.00280347,0.000822787,-0.0002625,3796.49
0,2642493,2,phononTS,0.00154414,-0.00261996,-0.00206331,-0.0002625,15.913,0.000382,1,-0.00299614,-0.000998067,0.0002625,1991.37
0,2642493,6,phononTF,0.000857227,-0.00299614,-0.000998067,0.000262499,1991.37,0.000283522,1,-0.00320964,-0.00126336,-0.0002625,2171.47
0,2657218,6,phononTF,0.000610052,-0.000345216,-3.46837e-05,-0.0002625,3767.21,0.000382,1,4.02843e-06,-2.46644e-07,0.0002625,4312.81
0,2657218,4,phononTS,0.000479259,-0.000935917,-0.00390921,0.000262498,35.6042,0.000479259,1,0.000241389,-0.00209721,-0.0002625,751.272
0,2663267,3,phononTS,0.00179065,-0.000141354,-0.00197599,5.08753e-05,7.56011,0.000382,1,-2.89093e-06,-0.00199513,0.0002625,1837.56
0,2699055,8,phononTS,0.000426784,5.82612e-05,3.6684e-05,-0.0002625,1889.82,0.000382,1,-5.03968e-07,2.4721e-06,0.0002625,5931.62
0,2710395,5,phononTF,0.000626387,0.000240619,-0.00215709,-0.000262499,1206.2,0.000382,1,-4.86407e-06,-0.0020011,0.0002625,1380.68
0,2710395,2,phononTS,0.00209635,-0.000926767,-0.00393733,0.000262498,6.03098,0.00118366,1,-0.00101924,-0.00395726,-0.0002625,174.525
0,2727104,7,phononL,0.000415337,0.00206485,-0.00196015,-0.000262499,3402.27,0.000382,1,0.00199901,-0.00199624,0.0002625,3510.69
0,2752816,12,phononTF,0.000425135,0.000996852,-0.00100403,0.000262498,2870.22,0.000425135,1,0.000761509,-0.000790124,-0.0002625,3042.97
0,2758317,5,phononTF,0.000471214,-1.27166e-06,-2.3568e-06,0.000262498,1589.22,0.000471214,1,-0.000252362,-0.000206869,-0.0002625,1766.38
0,2758379,5,phononL,0.00112006,0.00161868,-0.000867088,-0.0002625,739.421,0.000382,1,0.00199997,4.35808e-06,0.0002625,2143.5
0,2758379,6,phononTF,0.000417359,0.00199997,4.35808e-06,0.000262498,2143.5,0.000417359,1,0.000536709,-0.00133819,-0.0002625,2726.65
0,2794036,2,phononTF,0.00316925,0.00108816,-0.00312439,0.000170701,130.242,0.000382,1,0.00100221,-0.00300411,0.0002625,1899.27
0,2794036,8,phononTS,0.000435593,0.00100221,-0.00300411,0.000262498,1899.27,0.000435593,1,0.000953195,-0.00295578,-0.0002625,2056.1
0,2804879,4,phononTS,0.000935963,-0.000396863,-0.00191482,-0.0002625,993.46,0.000382,1,-4.90524e-06,-0.00200457,0.0002625,1925.98
0,2804879,2,phononTS,0.00232104,-0.00109207,-0.00376133,0.000134874,1.70244,0.00157565,1,-0.00115005,-0.00329684,-0.0002625,277.675
0,2813076,9,phononTF,0.000573694,0.00134985,-0.00267934,-0.0002625,8211.16,0.000382,1,0.00200017,-0.00199875,0.0002625,9121.73
0,2850850,6,phononTF,0.0010453,-0.00199563,-0.00200148,0.0002625,1876.96,0.000716316,1,-0.00219605,-0.00219621,-0.0002625,2212.92
0,2850850,3,phononTF,0.00057427,-0.000921445,-0.00393073,0.000262498,6.36168,0.00057427,1,-0.000760538,-0.00407596,-0.0002625,166.307
0,2858948,5,phononTS,0.000627932,1.04245e-06,-0.00200024,0.000262498,1295.27,0.000389527,1,-0.00348687,-0.00469483,-0.0002625,2679.63
0,2885788,6,phononL,0.000455526,0.000965457,-0.00155358,-0.0002625,2924.69,0.000382,1,0.00100198,-0.00100358,0.0002625,3366.16
0,2898165,6,phononL,0.000608954,0.00123148,-0.00234087,-0.000262498,2145.67,0.000382,1,0.00100432,-0.00299752,0.0002625,2306.66
0,2907593,2,phononTF,0.000753972,-0.00154527,-0.00140693,-0.0002625,7.21506,0.000382,1,-0.000996817,-0.00099601,0.0002625,1584.71
0,2913783,6,phononTF,0.000899674,-0.000401841,-0.00248739,-0.000262498,1749.04,0.000382,1,-0.000999368,-0.000999729,0.0002625,2258.36
0,2913783,4,phononTS,0.00445427,-0.00151371,-0.00369785,-0.000202889,560.888,0.00369555,1,-0.00150826,-0.00369976,-0.0002625,1598.32
0,2952090,6,phononTF,0.00238835,0.00113139,-0.00279717,-0.0002625,289.307,0.000764,1,0.000998679,-0.00299687,0.0002625,1258.97
0,2957217,8,phononTF,0.000534692,-0.00228067,-0.00173943,-0.000262498,2587.63,0.000382,1,-0.00200107,-0.00199536,0.0002625,2769.85
0,2957649,7,phononTF,0.000846148,-0.00164963,-0.00130244,-0.0002625,231.014,0.000382,1,-0.00200046,3.73093e-06,0.0002625,1582.24
0,2966893,4,phononTS,0.00207082,-0.00115496,0.00299845,2.51209e-05,66.3252,0.000764,1,-0.00100308,0.00299538,0.0002625,4527.94
0,2966893,6,phononTS,0.000398532,-0.00100308,0.00299538,0.000262498,4527.94,0.000398532,1,-0.00106688,0.00303627,-0.0002625,4687.29
0,2971126,2,phononTS,0.000458571,-0.0020022,3.35662e-07,0.0002625,22.0045,0.000458571,1,-0.00201833,-4.00251e-05,-0.0002625,2702.69
0,2972474,9,phononTS,0.000482406,0.00200903,-0.00207125,-0.000262498,3967.02,0.000382,1,0.00199892,-0.0020022,0.0002625,4131.33
0,2991924,6,phononL,0.000560989,-2.42141e-06,-0.00199634,0.000262498,3826.35,0.000560989,1,-9.49711e-05,-0.00246041,-0.0002625,3957.36
0,2991924,2,phononTS,0.000872489,-0.000916209,-0.0039655,0.000262498,24.9027,0.000475167,1,0.000558532,-0.00346227,-0.0002625,569.872
0,3006330,8,phononTF,0.000759848,-0.00142825,-0.00267858,-0.000262498,2950.38,0.000382,1,-0.00200187,-0.00200016,0.0002625,3248.16
0,3024682,6,phononTF,0.000456028,0.00112023,-0.0008648,-0.0002625,714.985,0.000382,1,0.0019982,1.76943e-06,0.0002625,3237.99
0,3025989,7,phononL,0.00145944,-0.0020049,-0.00200482,0.0002625,15.6743,0.000754139,1,-0.00027973,-0.00415792,-0.0002625,2108.62
0,3090682,4,phononTF,0.00102673,-0.0018302,-0.00211936,-0.0002625,618.325,0.000382,1,-0.00199806,-0.0020023,0.0002625,1746.78
0,3090682,2,phononTS,0.00187197,-0.00120989,-0.00422635,8.04708e-05,8.18396,0.00126055,1,-0.00118441,-0.00381224,-0.0002625,310.582
0,3095127,7,phononTS,0.000621008,-4.10368e-05,-0.00202453,-0.000262498,888.5,0.000382,1,-3.63574e-06,-0.0019987,0.0002625,1036.28
0,3096942,4,phononTS,0.000855997,-0.000606426,-0.005,-0.000118562,280.197,0.000855997,1,4.73357e-05,-0.00467398,-0.0002625,8421.65
0,3106263,10,phononTS,0.000708756,-0.0010022,0.00100343,0.000262498,9562.3,0.000316797,1,-0.000913453,0.000947063,-0.0002625,9734.33
0,3129006,7,phononTS,0.0004918,-0.00188199,-0.000644237,-0.0002625,677.433,0.000382,1,-0.00100422,-0.000997964,0.0002625,4370.52
0,3129006,4,phononTF,0.000561813,-0.000976955,-0.00393562,0.000262498,160.632,0.000561813,1,-0.00099818,-0.00372401,-0.0002625,327.143
0,3178276,7,phononTF,0.000950621,-4.32614e-06,-0.0019997,0.000262498,1793.56,0.000950621,1,0.000574722,-0.00170671,-0.0002625,2049.18
0,3218410,8,phononTF,0.000527236,-0.0020015,2.02616e-07,0.000262498,4041.69,0.000527236,1,-0.0014024,0.00059975,-0.0002625,4323.89
0,3234949,11,phononTS,0.00139845,0.000787481,-0.00102999,-0.0002625,230.408,0.000382,1,0.00100228,-0.000995244,0.0002625,1741.96
0,3234949,12,phononTS,0.000568995,0.00100228,-0.000995244,0.000262498,1741.96,0.000568995,1,0.000690498,-0.00218909,-0.0002625,2191.95
0,3234949,2,phononTS,0.00150442,-0.0009161,-0.00393028,0.000245198,62.6402,0.00078835,1,-0.00173032,-0.00404164,-0.0002625,378.19
0,3239334,6,phononTS,0.000402834,0.00114206,0.00096788,-0.0002625,340.562,0.000382,1,0.00100301,0.00100027,0.0002625,2473.33
0,3253985,8,phononTS,0.000386956,3.86261e-07,-0.00200335,0.000262498,2034.13,0.000386956,1,-9.40331e-05,-0.00196743,-0.0002625,2198.08
0,3255614,3,phononTF,0.000937275,-0.00140947,-0.000186793,0.000226483,6.18169,0.000382,1,-0.00199707,3.97551e-06,0.0002625,2976.11
0,3263775,10,phononTS,0.000412755,-0.00196112,-0.00164826,-0.0002625,2875.39,0.000382,1,-0.00200046,-0.00199997,0.0002625,3665.74
0,3307505,7,phononTS,0.000600142,0.00071451,-0.001056,-0.0002625,973.264,0.000382,1,0.00100453,-0.00100481,0.0002625,3372.47
0,3308351,4,phononTS,0.00205067,-0.00100407,-0.00115367,0.000157407,27.0347,0.000764,1,-0.00099646,-0.00100202,0.0002625,1215.12
0,3308351,3,phononTS,0.00087811,-0.000919984,-0.00392026,0.000262498,27.0347,0.00035059,1,-0.000169731,-0.00269317,-0.0002625,521.861
0,3329396,8,phononTF,0.000493334,0.00118106,-0.000748068,-0.0002625,5931.99,0.000382,1,0.00100417,-0.0010015,0.0002625,6426.4
0,3329396,2,phononTF,0.00351968,-0.000538957,-0.00380052,-0.000110447,144.195,0.00185371,1,-0.00045076,-0.003705,-0.0002625,418.219
0,3332780,8,phononTS,0.000850995,-0.000483125,-0.00453701,-0.000262498,4067.85,0.000382,1,0.00199682,-0.0019986,0.0002625,5199.95
0,3335969,7,phononTS,0.00085464,0.00102251,-0.00304885,-0.0002625,1323.82,0.000382,1,0.000998782,-0.00300046,0.0002625,2353.22
0,3373768,6,phononTF,0.000435639,4.89601e-06,-0.00199633,0.0002625,1463.34,0.000435639,1,0.000271323,-0.00201827,-0.0002625,1816.22
0,3392425,3,phononTF,0.000694426,-0.002615,-0.00064636,-0.0002625,3.37496,0.000382,1,-0.00299539,-0.000997999,0.0002625,1892.68
0,3425241,4,phononL,0.00055348,0.000444484,-0.000985573,-0.0002625,851.735,0.000382,1,0.00100445,-0.00100353,0.0002625,1555.56
0,3425241,2,phononTS,0.00168971,-0.000915637,-0.00394357,0.000262498,29.8621,0.00140714,1,-0.000962553,-0.00399867,-0.0002625,176.651
0,3430787,3,phononTF,0.00179181,0.000923156,-0.00302279,-3.54738e-05,17.2435,0.001146,1,0.00100222,-0.00299609,0.0002625,1760.44
0,3473389,4,phononTS,0.00156758,-0.00152129,-0.00195589,-0.0002625,6.95907,0.000382,1,-0.00199529,-0.0019961,0.0002625,1673.02
0,3490654,3,phononTS,0.00256286,0.00102702,-0.00298895,-3.38709e-06,6.78156,0.000382,1,0.000996037,-0.00300382,0.0002625,2021.13
0,3504527,4,phononTS,0.000410713,8.74559e-05,-0.00313739,-0.0002625,624.666,0.000382,1,0.00100081,-0.00300337,0.0002625,1343.99
0,3524687,7,phononTS,0.000719999,3.36684e-06,2.73927e-06,0.000262498,2796.66,0.000719999,1,-2.9121e-05,-5.18768e-05,-0.0002625,2944.45
0,3526412,7,phononTS,0.000527234,0.00200446,-0.00200099,0.000262498,4259.16,0.000527234,1,0.00234673,-0.00194865,-0.0002625,4467.61
0,3526412,4,phononL,0.00230271,-0.000684943,-0.00471582,0.000237951,495.538,0.000548855,1,-0.000175649,-0.00442813,-0.0002625,895.493
0,3535784,8,phononTS,0.000453643,-0.000261476,-0.0011576,-0.000262498,4125.42,0.000382,1,-0.000995799,-0.00099944,0.0002625,4442.01
0,3573335,6,phononTS,0.00079155,0.00139615,-0.00202686,-0.0002625,449.543,0.000382,1,0.00200202,-0.00200166,0.0002625,1996.27
0,3587668,9,phononTS,0.000524589,-0.00200156,4.83371e-06,0.0002625,3659.03,0.000524589,1,-0.00147663,-5.11836e-05,-0.0002625,4859.84
0,3587668,2,phononL,0.000667266,-0.00093137,-0.00392487,0.000262498,6.38003,0.000667266,1,-0.000674531,-0.00493202,-0.0002625,223.105
0,3590599,6,phononTS,0.000505707,-0.00199978,-0.0017386,-0.0002625,1762.45,0.000382,1,-0.00200064,-0.00200021,0.0002625,2776.75
0,3596635,4,phononTF,0.00136764,0.00100121,-0.0030024,0.0002625,12.4258,0.00113942,1,0.000597293,-0.00240102,-0.0002625,2052.32
0,3596635,3,phononTF,0.00172064,-0.000906072,-0.00393142,0.000262498,12.4258,0.0011942,1,-0.000572024,-0.00379241,-0.0002625,204.42
0,3596635,2,phononL,0.000745934,-0.000906072,-0.00393142,0.000262498,12.4258,0.000695157,1,-0.000658548,-0.00358311,-0.0002625,139.686
0,3602389,8,phononL,0.000487627,-0.000999189,-0.00100117,0.0002625,4332.17,0.000487627,1,-0.00122125,-0.00159492,-0.0002625,4636.51
0,3602912,8,phononTS,0.00158892,-0.000882936,-0.000409529,-0.0002625,1185.93,0.000382,1,-0.000999934,-0.00100377,0.0002625,4041.36
0,3605401,4,phononTS,0.00120141,0.000686932,-0.000887645,-0.000138701,20.4284,0.000382,1,0.00100331,-0.000997207,0.0002625,1976.02
0,3629129,3,phononTS,0.00293417,-0.000888929,-0.00119318,-0.000126758,4.11039,0.001146,1,-0.000997356,-0.00099552,0.0002625,2566.41
0,3714961,5,phononTS,0.000588521,-0.00300092,-0.000995069,0.0002625,3892.23,0.000588521,1,-0.00359394,-0.000516601,-0.0002625,4551.12
0,3742805,5,phononTF,0.000748688,-0.00300169,-0.00100115,0.0002625,4624.65,0.00058907,1,-0.00392338,-0.00154554,-0.0002625,5287.73
0,3742805,3,phononL,0.00259089,-0.000935986,-0.00392653,0.000262498,12.097,0.000955648,1,-0.00120109,-0.00431539,-0.0002625,144.036
0,3748278,5,phononL,0.00156991,-0.00235086,-0.0014304,-0.0002625,102.68,0.000382,1,-0.00200326,-0.00199798,0.0002625,2453.56
0,3748278,6,phononTF,0.000938082,-0.00200326,-0.00199798,0.000262498,2453.56,0.000938082,1,-0.00142103,0.005,-0.000110239,4479.46
0,3825820,5,phononTF,0.00305444,-0.00101932,-0.00101797,0.000139054,5.57386,0.000382,1,-0.000995823,-0.000995847,0.0002625,2100.38
0,3884369,8,phononTS,0.000537482,-0.00199558,-0.00199718,0.000262498,1061.39,0.000537482,1,-0.00167459,-0.00305181,-0.0002625,1470.94
0,3886596,7,phononTS,0.000655254,-0.00136711,1.95677e-05,-0.0002625,2402.76,0.000382,1,-0.00100393,0.000998568,0.0002625,3604.26
0,3922917,2,phononTS,0.0019694,-0.00203245,4.79125e-06,0.000200602,16.1102,0.000382,1,-0.0020043,-3.04739e-06,0.0002625,2547.01
0,3922917,5,phononTS,0.000964745,0.00137817,0.00282279,-1.99416e-05,2547.01,0.000964745,1,0.00233412,0.00392366,-0.0002625,6047.54
0,3935017,8,phononTF,0.000860486,-0.000209089,-0.00179487,-0.000262498,2059.57,0.000382,1,2.51571e-06,-0.00200485,0.0002625,2229.74
0,3950461,7,phononTS,0.000803821,0.00116175,-0.0029486,-0.0002625,124.342,0.000382,1,0.000999932,-0.00299971,0.0002625,2608.71
0,3954854,14,phononTS,0.00039034,0.00199766,-3.48719e-06,0.000262498,11847.7,0.00039034,1,0.00259873,0.000231051,-0.0002625,12141.4
0,3960758,7,phononTS,0.000471513,-0.00086043,-0.00130427,-0.0002625,761.243,0.000382,1,-0.00099957,-0.00100266,0.0002625,2613.9
0,3969300,4,phononTS,0.000550451,-0.000948523,-0.00189656,-0.0002625,589.05,0.000382,1,-0.0010034,-0.00100038,0.0002625,2192.88
0,3974428,9,phononTS,0.000723803,-2.49487e-06,-0.00200066,0.000262498,1535.48,0.000723803,1,-8.29395e-05,-0.0012002,-0.0002625,1861.67
0,3987758,6,phononTS,0.000754369,4.63043e-06,-0.0020014,0.000262498,2909.26,0.000754369,1,-4.93291e-05,-0.00194509,-0.0002625,3055.72
0,3992055,12,phononTF,0.00042617,0.000995829,0.00100084,0.000262498,7199.91,0.00042617,1,0.00118878,0.000820725,-0.0002625,7365.45
0,4004817,8,phononTS,0.000544365,-3.11627e-06,-1.89398e-06,0.000262498,4074.93,0.000544365,1,-0.000789864,0.00107444,-0.0002625,4562.51
0,4007986,5,phononTF,0.00306095,-0.00160487,-0.00212233,8.05967e-05,12.3299,0.000764,1,-0.00200447,-0.00200343,0.0002625,3285.46
0,4044298,6,phononL,0.000582429,-0.0017682,-0.00264593,-0.0002625,235.279,0.000382,1,-0.00199943,-0.00200471,0.0002625,712.672
0,4053913,10,phononTS,0.000728659,-0.00105749,-0.0016312,-0.0002625,343.074,0.000382,1,-3.91215e-06,-0.00200352,0.0002625,3783.84
0,4060900,7,phononTS,0.00114738,-0.00100126,-0.00100413,0.0002625,552.384,0.000945219,1,-0.000740516,0.00116667,-0.0002625,2148.55
0,4077913,4,phononTS,0.00167184,-0.00166342,0.000326607,0.000170058,10.6389,0.000764,1,-0.000998146,0.00100081,0.0002625,5343.69
0,4077913,5,phononTS,0.000496858,-0.000998146,0.00100081,0.000262498,5343.69,0.000496858,1,-0.00105008,0.00133273,-0.0002625,5549.96
0,4077913,3,phononTF,0.00102025,-0.00092723,-0.0039432,0.000262498,10.6389,0.00102025,1,-0.00106954,-0.00407189,-0.0002625,168.076
0,4088957,3,phononTS,0.00204644,0.00103067,-0.00161303,-0.0002625,8.3639,0.000382,1,0.000997245,-0.00100288,0.0002625,1275.25
0,4088957,8,phononTF,0.000794571,0.000997245,-0.00100288,0.000262498,1275.25,0.000794571,1,0.000759288,-0.000933087,-0.0002625,1446.67
0,4097613,5,phononTS,0.000414819,0.000731958,-0.00280182,-0.000262498,3884.07,0.000382,1,0.000995914,-0.00300144,0.0002625,4103.71
0,4143509,3,phononTS,0.00233058,-0.000308739,-0.00435154,-1.38618e-05,51.1911,0.000382,1,0.00100127,-0.00300415,0.0002625,2170.44
0,4143509,5,phononTS,0.00118059,0.00100127,-0.00300415,0.000262498,2170.44,0.000392627,1,0.000567521,-0.00296697,-0.0002625,2404.81
0,4171419,2,phononTF,0.00141702,-2.10848e-06,-0.00200098,0.0002625,9.93631,0.000939138,1,0.000467772,-0.0012119,-0.0002625,1522.03
0,4200708,5,phononTS,0.000421192,-0.000821135,-0.005,0.000152085,262.301,0.000382,1,0.00199519,0.00199619,0.0002625,3666.1
0,4239718,6,phononTS,0.000447551,-0.00156832,-0.005,-0.000234651,2153.07,0.000447551,1,-0.00184537,-0.00466431,-0.0002625,3325.07
0,4302061,4,phononTS,0.00220453,6.98035e-05,-0.00203198,5.5778e-05,4.06828,0.000764,1,-4.15525e-06,-0.00199689,0.0002625,1118.36
0,4302061,5,phononTS,0.00117634,-4.15525e-06,-0.00199689,0.000262498,1118.36,0.000586517,1,0.000341532,-0.00174069,-0.0002625,1361.67
0,4366004,7,phononTF,0.000461605,0.000998216,-0.00299928,0.000262498,776.861,0.000461605,1,0.00158214,-0.00243876,-0.0002625,1048.61
0,4387674,3,phononTF,0.00195701,-0.00186657,0.000145853,-0.0002625,1.92443,0.001146,1,-0.00200332,4.68756e-06,0.0002625,1868.34
0,4391096,2,phononTS,0.00269335,-4.20522e-05,-0.00201838,-0.0002625,1.15101,0.000382,1,4.5371e-06,-0.002001,0.0002625,5301.71
0,4403926,6,phononTF,0.00076459,0.0010039,-0.000995719,0.0002625,267.358,0.00076459,1,0.00472596,0.00270489,-0.0002625,2964.16
0,4460613,2,phononTS,0.00291672,0.000999953,-0.00299804,0.000259774,15.239,0.000382,1,0.000999833,-0.00299793,0.0002625,5311.53
0,4470926,6,phononTF,0.00122737,0.00179425,-0.00220438,-0.0002625,640.9,0.000382,1,0.0019965,-0.00200067,0.0002625,1835.21
0,4470926,7,phononTS,0.000459903,0.0019965,-0.00200067,0.000262498,1835.21,0.000459903,1,0.00204658,-0.00195654,-0.0002625,1991.46
0,4504714,5,phononTF,0.000416261,0.00470819,0.00152484,-0.000262498,3280.82,0.000382,1,0.00299719,0.000995857,0.0002625,3847.15
0,4512823,9,phononTF,0.000462346,-0.000411476,-0.00156126,-0.000262498,2387.21,0.000382,1,-4.93792e-06,-0.00199978,0.0002625,2611.05
0,4515682,7,phononTF,0.0012262,0.00181913,-0.00181935,8.35019e-05,84.6527,0.000382,1,0.00199574,-0.00199501,0.0002625,1590.3
0,4515682,8,phononTS,0.00050451,0.00199574,-0.00199501,0.000262498,1590.3,0.00050451,1,0.00257944,-0.00200655,-0.0002625,1847.51
0,4550609,4,phononTS,0.001927,-0.00266154,-0.00349874,-4.62226e-05,2.76517,0.000382,1,-0.00200096,-0.00199781,0.0002625,2193.62
0,4550609,6,phononTS,0.000560112,-0.00200096,-0.00199781,0.000262498,2193.62,0.000560112,1,-0.00200666,-0.00203537,-0.0002625,2341.48
0,4560234,9,phononTF,0.000809843,-0.000336454,-0.00167036,-0.000262498,1127.29,0.000382,1,-3.99167e-06,-0.00199875,0.0002625,1326.73
0,4593614,7,phononTS,0.000677953,-5.66203e-05,-0.00204699,-0.0002625,569.729,0.000382,1,-1.21452e-06,-0.00199715,0.0002625,1303.84
0,4593614,5,phononTS,0.00208545,-0.000759723,-0.00430785,2.65672e-05,129.337,0.00154947,1,-0.00107866,-0.00430509,-0.0002625,428.268
0,4617331,4,phononL,0.00144598,-0.000640364,-0.000199931,-0.0002625,11.4444,0.000382,1,-3.70013e-06,-4.41673e-06,0.0002625,2607.21
0,4666424,7,phononTS,0.000532434,0.0020021,2.35704e-06,0.0002625,5590.53,0.000532434,1,0.0020661,-0.000408478,-0.0002625,6054.08
0,4681864,5,phononL,0.000433595,-0.00361801,-0.000381137,-0.0002625,622.217,0.000382,1,-0.00299674,-0.00100198,0.0002625,3206.37
0,4699186,3,phononTF,0.00305036,-3.54429e-05,-0.00179544,1.58233e-06,85.9579,0.000764,1,1.85041e-06,-0.0019962,0.0002625,1198.25
0,4699186,4,phononTF,0.00166857,1.85041e-06,-0.0019962,0.000262498,1198.25,0.000810281,1,-0.000241839,-0.00225498,-0.0002625,1377.03
0,4733671,5,phononTS,0.00250464,-0.00205262,-0.00195039,-0.0002625,870.793,0.000764,1,-0.00200231,-0.00200463,0.0002625,2111.42
0,4733671,7,phononTF,0.0004033,-0.00200231,-0.00200463,0.000262498,2111.42,0.0004033,1,-0.00197862,-0.00197057,-0.0002625,2259.97
0,4733671,6,phononTS,0.000495204,-0.00200231,-0.00200463,0.000262498,2111.42,0.000495204,1,-0.00196381,-0.00222783,-0.0002625,2296.77
0,4733671,4,phononTF,0.00208124,-0.00120225,-0.00360006,4.33328e-05,870.793,0.000794737,1,-0.00132661,-0.00347006,-0.0002625,970.94
0,4751271,3,phononTS,0.00108945,-0.000941529,-0.0018513,-0.0002625,4.62472,0.000382,1,-0.000999578,-0.000997268,0.0002625,1527.94
0,4751637,7,phononTF,0.000616849,-0.00337502,-0.00136621,-0.0002625,1551.07,0.000382,1,-0.00300135,-0.00100066,0.0002625,2082.43
0,4778178,6,phononTS,0.000435468,-0.00087677,0.00295857,-0.0002625,279.899,0.000382,1,-0.0010013,0.00300463,0.0002625,5968.73
0,4804033,6,phononTS,0.000594524,-0.003027,-0.00100725,-0.000262498,3715.1,0.000382,1,-0.00300043,-0.000997416,0.0002625,3867.35
0,4804033,2,phononL,0.000527931,-0.00091556,-0.00393727,0.000262498,2.50158,0.000527931,1,-0.00145729,-0.00380284,-0.0002625,143.557
0,4821729,5,phononTF,0.00117335,0.000547285,-0.00348343,-0.000262498,544.603,0.000382,1,0.00100381,-0.00299532,0.0002625,783.748
0,4836509,5,phononTF,0.000432181,-0.00425654,0.00439556,-0.0002625,508.148,0.000382,1,-4.71779e-06,3.96407e-06,0.0002625,6066.05
0,4836509,2,phononL,0.00179525,-0.000928028,-0.00393049,0.000262498,6.65466,0.00124654,1,-0.0010738,-0.0040041,-0.0002625,117.009
0,4843180,5,phononTS,0.000445731,-0.00094995,0.000872201,-0.0002625,1648.3,0.000382,1,-0.000998242,0.00100192,0.0002625,9288.2
0,4843180,3,phononTS,0.000578289,-0.000910435,-0.00393812,0.000262498,12.4551,0.000578289,1,-0.000709826,-0.00298046,-0.0002625,385.98
0,4852414,6,phononTS,0.00140385,-1.06614e-05,-0.000636456,-0.0002625,1342.19,0.000382,1,2.69441e-06,-4.25235e-06,0.0002625,3157.06
0,4852414,7,phononTS,0.000519005,2.69441e-06,-4.25235e-06,0.000262499,3157.06,0.000519005,1,4.88142e-05,4.37676e-05,-0.0002625,3303.99
0,4884626,7,phononTS,0.000488555,0.00200282,0.00200181,0.000262498,4815.65,0.000488555,1,0.00215813,0.00179385,-0.0002625,5019.1
0,4889678,9,phononTS,0.000429156,-0.000935345,3.86626e-05,-0.0002625,1349.04,0.000382,1,-0.00200353,8.36833e-07,0.0002625,3209.88
0,4901429,6,phononTS,0.00114664,-0.00200428,-0.00200132,0.000262498,716.331,0.00114664,1,-0.00205014,-0.00167654,-0.0002625,921.395
0,4901429,2,phononL,0.000421021,-0.000909548,-0.00393202,0.000262498,12.398,0.000421021,1,-0.000531469,-0.00353365,-0.0002625,154.617
0,4923951,4,phononTF,0.000472242,-0.0010828,0.00109409,-0.0002625,4068.42,0.000382,1,-0.000999124,0.000995578,0.0002625,4833.12
0,4972498,3,phononL,0.00167918,0.00105813,-0.00292886,0.000149793,64.2309,0.000382,1,0.00100113,-0.00299651,0.0002625,1130.62
0,5048436,2,phononTS,0.00236652,0.000241592,-0.00306826,-0.000132985,2.14018,0.001146,1,0.000997237,-0.00299918,0.0002625,740.833
0,5087546,8,phononTF,0.000775912,0.00200301,-0.00199642,0.000262498,2339.86,0.000775912,1,0.0021986,-0.0024177,-0.0002625,2553.44
0,5087546,4,phononTF,0.00082513,-0.000978725,-0.00394722,0.000262498,38.63,0.00082513,1,-0.0013438,-0.00428611,-0.0002625,242.294
0,5134598,6,phononTS,0.000401025,-2.71205e-07,-0.00199507,0.000262498,1572.91,0.000401025,1,4.64821e-05,-0.00193287,-0.0002625,1719.55
0,5141740,8,phononTS,0.00102731,-6.44287e-07,-0.00199724,0.000262498,2530.65,0.00102731,1,0.000459019,-0.000659862,-0.0002625,3044.57
0,5142075,6,phononTF,0.000758903,4.21137e-06,-0.00199574,0.000262498,1709.09,0.000758903,1,0.000220516,-0.00223364,-0.0002625,1882.35
0,5143435,7,phononTF,0.000478541,-0.000343884,-0.00236978,-0.0002625,1314.99,0.000382,1,1.91455e-06,-0.00199696,0.0002625,2527
0,5197464,4,phononTS,0.00281896,-0.00101933,-0.000990905,0.000184982,1148.37,0.000764,1,-0.00100003,-0.000995145,0.0002625,2766.94
0,5197464,7,phononTS,0.000610676,0.00186129,-0.005,-3.89151e-05,2766.94,0.000610676,1,0.00184991,-0.00374525,-0.0002625,7808.38
0,5197464,6,phononTS,0.00107105,-0.00100003,-0.000995145,0.000262498,2766.94,0.00107105,1,-0.00226648,-0.000683141,-0.0002625,3236.2
0,5225314,4,phononTS,0.00132746,-0.000385642,-0.00297359,-0.0002625,201.373,0.000382,1,4.96792e-06,-0.0020015,0.0002625,1005.88
0,5239006,4,phononL,0.00118512,-0.00144084,0.00243166,-0.0002625,18.0217,0.000382,1,-0.0010025,0.00300321,0.0002625,1913.49
0,5239006,3,phononTF,0.000424122,-0.000913651,-0.00394069,0.000262498,18.0217,0.000424122,1,-0.00154568,-0.0034872,-0.0002625,294.607
0,5280874,3,phononTF,0.000872493,-0.00100247,0.000996315,0.0002625,2.09286,0.000756405,1,-0.000228009,0.00173462,-0.0002625,2711.6
0,5280874,2,phononTS,0.000628555,-0.000920369,-0.00393325,0.000262498,2.09286,0.000358499,1,-0.000825958,-0.00467679,-0.0002625,315.036
0,5298523,3,phononTS,0.00285108,5.63297e-05,-0.00198365,0.000140554,54.7609,0.000764,1,4.0601e-06,-0.00199971,0.0002625,1602.02
0,5298523,9,phononTS,0.000399075,4.0601e-06,-0.00199971,0.000262498,1602.02,0.000399075,1,-0.00368935,0.00099457,-0.0002625,3055.6
0,5298523,8,phononTS,0.00133215,4.0601e-06,-0.00199971,0.000262498,1602.02,0.000832111,1,2.33043e-05,-0.00140397,-0.0002625,1862.8
0,5298523,2,phononTS,0.000969424,-0.000880138,-0.003971,0.000262498,54.7609,0.000969424,1,1.0932e-05,-0.00332342,-0.0002625,477.058
0,5348107,5,phononTF,0.000573847,1.52926e-05,-0.0019833,-0.000262498,1982.79,0.000382,1,-2.12093e-06,-0.00199949,0.0002625,2130.92
0,5380118,7,phononTS,0.00145605,-0.00146982,0.000520103,0.00019763,61.3621,0.000764,1,-0.00199969,4.9638e-06,0.0002625,1275.14
0,5384174,6,phononTF,0.000416366,-0.000996507,-0.000999087,0.000262498,1986.96,0.000416366,1,-0.00144395,-0.000583356,-0.0002625,2213.55
0,5392240,5,phononTF,0.000473797,-0.00100733,-0.00418259,-0.000262498,345.573,0.000382,1,-0.000998463,-0.000998824,0.0002625,1310.41
0,5392570,8,phononTS,0.000501935,-0.0019971,-0.00200136,0.000262498,1306.31,0.000501935,1,-0.00195236,-0.00241962,-0.0002625,1531.36
0,5458355,7,phononTS,0.00121053,-0.00262824,-0.005,5.71886e-05,449.789,0.000382,1,0.00200231,-1.15363e-06,0.0002625,3110.77
0,5458355,9,phononTS,0.000556131,0.00200231,-1.15363e-06,0.000262498,3110.77,0.000164477,1,0.00104062,-8.21197e-06,-0.0002625,3487.61
0,5488725,5,phononTF,0.000469833,0.000996743,-0.00299891,0.0002625,476.219,0.000469833,1,0.00247479,0.00180194,-0.0002625,3025.92
0,5488725,2,phononTS,0.00515899,-0.00102277,-0.00391862,-0.000254416,31.8963,0.00277258,1,-0.00101997,-0.00391781,-0.0002625,684.886
0,5523929,5,phononTS,0.00038401,0.000998807,-0.00100005,0.0002625,2473.84,0.00038401,1,0.000943259,-0.000936579,-0.0002625,2918.97
0,5600059,9,phononTS,0.000465288,0.000999463,-0.00296282,-0.000262498,1438.11,0.000382,1,0.00100317,-0.00300204,0.0002625,1598.06
0,5600059,3,phononTS,0.00120536,-9.08328e-05,-0.00158493,-6.3598e-05,15.5102,0.00102139,1,-0.000527356,-0.00192402,-0.0002625,2087.95
0,5641358,5,phononTF,0.0013412,0.000397007,-0.00237534,-0.0002625,1464.63,0.001146,1,-1.10808e-06,-0.00199922,0.0002625,2102.06
0,5641358,3,phononTS,0.00103235,-0.000547834,-0.0039805,-5.05324e-05,2.73649,0.00103235,1,0.000760373,-0.00277893,-0.0002625,768.543
0,5641358,2,phononL,0.000522772,-0.000234085,-0.005,-0.000123242,2.73649,0.000522772,1,-0.000567574,-0.00498647,-0.0002625,344.501
0,5645237,4,phononTS,0.000726957,-0.000548172,-0.000496794,-0.000262498,4021.16,0.000382,1,0.00200474,0.00200486,0.0002625,5087.55
0,5677176,7,phononTF,0.00181105,-0.0016108,-0.00237243,-0.0002625,645.178,0.000382,1,-0.00199787,-0.00200035,0.0002625,1792.71
0,5677176,11,phononL,0.000866196,-0.00199787,-0.00200035,0.000262499,1792.71,0.000866196,1,-0.00177778,-0.00254794,-0.0002625,1938.9
0,5709698,4,phononTS,0.000553762,0.000408185,-0.00361332,-0.0002625,191.4,0.000382,1,-0.00100258,-0.000997095,0.0002625,2736.64
0,5709698,2,phononTF,0.00185513,-0.000563004,-0.00344639,0.000125136,8.20872,0.00163829,1,-0.000679046,-0.00355907,-0.0002625,326.294
0,5723567,6,phononTS,0.000478692,-0.000795549,-0.000861706,-0.0002625,826.138,0.000382,1,-0.00100288,-0.000998905,0.0002625,5583.46
0,5746120,8,phononTF,0.00053982,-0.000995209,0.000999928,0.0002625,6125.25,0.00053982,1,-0.00155959,0.00153676,-0.0002625,7074.26
0,5746120,2,phononTF,0.00177266,-0.000929756,-0.00392805,0.000262498,7.68456,0.00177266,1,-0.000547747,-0.00434077,-0.0002625,224.109
0,5764694,5,phononTF,0.000730556,0.00178821,-0.000126977,-0.0002625,4924.97,0.000382,1,0.00199758,-2.67701e-07,0.0002625,9203.48
0,5782512,11,phononTF,0.000546675,3.64209e-06,0.00200213,0.000262498,1435.66,0.000546675,1,7.33007e-05,0.00193802,-0.0002625,1586
0,5822895,5,phononTF,0.000823254,-0.00225684,-0.00173213,-0.000262498,1757.23,0.000382,1,-0.0019993,-0.00200458,0.0002625,1938.95
0,5827043,4,phononL,0.000414499,-0.00217803,-0.0023881,-0.0002625,3629.91,0.000382,1,-0.0020022,-0.00200416,0.0002625,4009.14
0,5827043,2,phononTS,0.00130973,-0.000541396,-0.005,-9.96111e-05,22.1978,0.000771396,1,-0.000560299,-0.004994,-0.0002625,561.109
0,5833968,7,phononTS,0.000668784,-0.005,-0.000368849,-0.000118545,378.928,0.000382,1,-0.00300326,-0.00100427,0.0002625,3330.94
0,5872532,5,phononTS,0.00143985,0.000998017,-0.000995642,0.0002625,1319.34,0.0012557,1,0.000947888,-0.00100809,-0.0002625,1643.62
0,5874812,2,phononTS,0.00170613,-2.65554e-05,1.25157e-05,7.64226e-05,2.41952,0.000382,1,-1.33679e-06,-1.86538e-06,0.0002625,3532.74
0,5892640,5,phononTS,0.000452815,-0.00110804,-0.00397525,-0.0002625,945.8,0.000382,1,-7.7481e-08,-0.00200458,0.0002625,2521.48
0,5892640,4,phononTF,0.000660978,-0.00471639,0.005,-0.00014066,945.8,0.000660978,1,-0.00476085,0.00494349,-0.0002625,4122.97
0,5935163,5,phononTF,0.00219406,0.00264134,0.000645658,-0.0002625,3.13831,0.000764,1,0.00299697,0.000998477,0.0002625,3058.97
0,5936405,3,phononTF,0.00234919,0.000911677,-0.00306089,-7.68341e-05,5.06915,0.000764,1,0.00099967,-0.00300063,0.0002625,2224.24
0,5963403,7,phononL,0.000416368,-0.000650317,-0.0025398,-0.0002625,876.571,0.000382,1,4.83659e-06,-0.00200342,0.0002625,1601.06
0,5996190,4,phononTS,0.00180663,9.51074e-05,-0.00202079,7.46023e-05,15.6215,0.000382,1,-3.50433e-06,-0.00200377,0.0002625,1581.05
0,5996190,5,phononTF,0.00101111,-3.50433e-06,-0.00200377,0.000262498,1581.05,0.000927428,1,0.000200491,-0.00184585,-0.0002625,1748.65
0,5996190,3,phononTS,0.000730937,-0.000922128,-0.00393821,0.000262498,15.6215,0.000730937,1,-0.00168069,-0.00397008,-0.0002625,327.529
0,5996190,2,phononTS,0.00129131,-0.000922128,-0.00393821,0.000262498,15.6215,0.000735647,1,0.00224148,0.000484385,-0.0002625,1750.92
0,6024889,7,phononTF,0.000407687,-0.00100171,0.00100414,0.0002625,4498.91,0.000407687,1,-0.00103089,0.000971656,-0.0002625,4891.26
0,6036468,2,phononTS,0.00125677,0.005,0.00263139,0.000228099,2.7984,0.000792977,1,0.00168041,0.000947582,-0.0002625,4339.2
0,6052144,5,phononTF,0.00039867,-0.000269866,-0.00175551,-0.000262498,1287.63,0.000382,1,-1.65188e-06,-0.00200345,0.0002625,1467.74
0,6052144,2,phononTS,0.000986297,-0.000466313,-0.005,-7.25386e-05,21.1115,0.000986297,1,-0.000409775,-0.00479697,-0.0002625,513.073
0,6062458,3,phononTF,0.0024042,0.000888718,-0.003237,0.000196727,6.37799,0.000382,1,0.000995331,-0.00300164,0.0002625,5269.28
0,6067125,6,phononTF,0.000516813,-0.00299696,-0.000996078,0.000262499,4364.04,0.000516813,1,-0.00253397,-0.000533638,-0.0002625,4601.79
0,6093469,7,phononTS,0.000397061,-1.66593e-06,-2.14407e-06,0.000262498,4476.06,0.000397061,1,-0.000261345,3.05269e-05,-0.0002625,4668.1
0,6105687,11,phononTF,0.000538956,-0.00136624,-0.000130869,-0.0002625,2907.19,0.000382,1,-0.00100078,0.00100082,0.0002625,4914.05
0,6175391,10,phononTS,0.000560973,-0.00200276,-0.00200403,0.0002625,1148.11,0.000560973,1,-0.00193215,-0.00140021,-0.0002625,2218.68
0,6185483,7,phononTF,0.00242428,-0.00147679,-0.00373366,8.85751e-05,1171.06,0.000382,1,-0.0019986,-0.00199661,0.0002625,1699.31
0,6224366,5,phononTS,0.000397773,0.000290633,-0.00292899,-0.000262498,1792.19,0.000382,1,0.000997243,-0.00299573,0.0002625,2085.08
0,6226054,6,phononL,0.00258658,-0.0019976,-0.00199511,0.0002625,76.0841,0.000819116,1,-0.00156255,-0.0022365,-0.0002625,1951.04
0,6281708,4,phononTF,0.00271573,-0.00112902,-0.00112509,-0.0002625,2.0487,0.001528,1,-0.00100296,-0.00100454,0.0002625,1408.18
0,6281708,5,phononTS,0.000792527,-0.00100296,-0.00100454,0.000262498,1408.18,0.000792527,1,-0.000959116,-0.00104572,-0.0002625,1555.28
0,6298735,4,phononTS,0.000703603,-0.000699648,-0.00415856,-0.000262498,758.771,0.000382,1,0.000997026,-0.00300405,0.0002625,1452.46
0,6315569,7,phononTF,0.00061735,-0.005,-0.00101927,-5.80505e-05,2095.37,0.00061735,1,-0.00423097,-0.000710982,-0.0002625,3388.24
0,6333881,7,phononTS,0.00142684,-0.00200424,-6.48316e-05,-0.000262498,1372.68,0.000382,1,-0.00200441,-1.90851e-06,0.0002625,1523.26
0,6333881,8,phononTF,0.000615805,-0.00200441,-1.90851e-06,0.000262498,1523.26,0.000615805,1,-0.00155682,-0.000456415,-0.0002625,1756.11
0,6366742,4,phononTS,0.00256055,-0.00199758,-0.00200255,0.000242645,3.64977,0.000382,1,-0.00199586,-0.00200233,0.0002625,1485.21
0,6366742,5,phononL,0.00185026,-0.00202069,-0.000766388,0.000183104,1485.21,0.00147158,1,-0.00159749,-0.000902278,-0.0002625,1959.97
0,6367813,4,phononTF,0.00219866,-0.000934447,-0.00106768,0.000181671,173.938,0.000382,1,-0.000998635,-0.000999082,0.0002625,1868.53
0,6367813,6,phononTS,0.000807591,-0.000998635,-0.000999082,0.000262498,1868.53,0.000807591,1,-0.00104361,-0.000999476,-0.0002625,2015.86
0,6367813,5,phononTS,0.000794374,-0.000998635,-0.000999082,0.000262498,1868.53,0.000452967,1,-0.0010574,-0.00101376,-0.0002625,2017.89
0,6367813,2,phononL,0.00471863,-0.00144809,-0.0044491,-0.000140591,45.1593,0.00309069,1,-0.00154154,-0.00446655,-0.0002625,1104.62
0,6397419,4,phononTF,0.00119601,2.21549e-05,-0.00374721,-0.0002625,26.3287,0.000382,1,0.000999376,-0.00300387,0.0002625,1230.61
0,6407969,2,phononTS,0.00150778,-0.00084964,-0.00470182,0.000111709,34.9627,0.000382,1,0.00199515,-0.00200138,0.0002625,1407.02
0,6407969,5,phononTF,0.000793159,0.00199515,-0.00200138,0.000262498,1407.02,0.000793159,1,0.00243961,-0.00158904,-0.0002625,1632.62
0,6411361,7,phononTS,0.000677814,2.35967e-06,-0.00199962,0.000262498,1451.15,0.000677814,1,-0.000304938,-0.00195491,-0.0002625,1652.65
0,6430593,8,phononTF,0.000807642,-0.00143698,0.000566313,-0.000262499,2494.53,0.000382,1,-0.0020028,-1.61157e-06,0.0002625,2764.64
0,6430593,6,phononTF,0.000452506,-0.000700464,-0.00375294,0.000262498,459.465,0.000452506,1,-0.00102273,-0.00342177,-0.0002625,657.175
0,6517879,8,phononTS,0.00145051,-0.00313275,0.00206467,-4.5902e-05,1335.83,0.000382,1,-0.00199982,0.00199538,0.0002625,5478.24
0,6517879,10,phononTF,0.000473395,-0.00199982,0.00199538,0.000262498,5478.24,0.000473395,1,-0.00217661,0.0021896,-0.0002625,5643.53
0,6521945,7,phononTF,0.000466736,0.000996856,-0.00299771,0.000262498,1589.59,0.000466736,1,0.00116096,-0.0030736,-0.0002625,1749.5
0,6587320,7,phononTS,0.000907907,-0.00284453,-0.000941867,-0.0002625,6811.45,0.000382,1,-0.00299969,-0.000995745,0.0002625,7389.57
0,6612893,6,phononTS,0.000979238,0.00325096,0.00106701,0.00018599,558.171,0.000382,1,0.00299887,0.000996367,0.0002625,2413.04
0,6620050,4,phononTS,0.00122523,-0.00137126,-0.00316731,-0.0002625,5.0729,0.000382,1,-0.00200113,-0.00200215,0.0002625,1804.72
0,6683659,8,phononTF,0.000531978,-0.00200265,-0.00200216,0.000262498,1570.4,0.000531978,1,-0.002319,-0.00229672,-0.0002625,1761.94
0,6690060,4,phononTS,0.0026,-0.00299577,-0.00101046,0.000196767,5.0736,0.001146,1,-0.00300078,-0.0010038,0.0002625,3592.53
0,6704509,3,phononTF,0.000627817,0.0010048,-0.00299551,0.0002625,716.338,0.000627817,1,0.00121531,-0.00280481,-0.0002625,1724.45
0,6717838,5,phononTS,0.00087149,0.000619938,-0.00363395,-0.0002625,54.5677,0.000382,1,0.00100479,-0.00300377,0.0002625,1504.93
0,6728105,5,phononTF,0.00302325,0.0017006,-0.00230383,-8.56843e-05,22.6245,0.000764,1,0.0020007,-0.00200288,0.0002625,3035.11
0,6756396,10,phononTF,0.000598486,-0.000961388,0.000962707,-0.0002625,3621.95,0.000382,1,-0.000999323,0.00100426,0.0002625,4366.04
0,6783981,8,phononTS,0.000419944,0.00097104,-0.0029432,-0.0002625,1397.16,0.000382,1,0.000997606,-0.00299981,0.0002625,1851.13
0,6815617,7,phononTS,0.00133023,0.000996534,-0.00300451,0.000262498,1631.62,0.00101512,1,0.00105736,-0.00305131,-0.0002625,1778.35
0,6841956,2,phononTS,0.00205331,0.00185788,0.00284993,-0.0002625,105.421,0.000764,1,0.0019977,0.00199892,0.0002625,5803.25
0,6857990,3,phononTS,0.00198456,0.000755067,-0.00315149,-2.71576e-05,319.235,0.000382,1,0.00200014,-0.0020014,0.0002625,1988.34
0,6857990,6,phononTS,0.00111626,0.00200014,-0.0020014,0.000262499,1988.34,0.00111626,1,0.000551134,-0.000931709,-0.0002625,2579.39
0,6858971,6,phononL,0.000427159,-0.000741033,-0.000110295,-0.0002625,2967.84,0.000382,1,-3.34563e-06,-1.17041e-06,0.0002625,3801.18
0,6858971,3,phononTS,0.00257447,-0.000705174,-0.00403768,0.000173605,3.14888,0.00186014,1,-0.000652249,-0.0040388,-0.0002625,212.285
0,6900598,2,phononTS,0.00152307,-0.00146115,-0.00296969,-0.0002625,3.3149,0.000382,1,-0.00200008,-0.00200372,0.0002625,846.643
0,6900598,5,phononTF,0.00046373,-0.00200008,-0.00200372,0.000262498,846.643,0.00046373,1,-0.00195268,-0.00204722,-0.0002625,995.721
0,6951457,8,phononL,0.000769016,0.000996683,-0.00300079,0.000262498,677.941,0.000769016,1,0.00099583,-0.00326814,-0.0002625,792.592
0,6954975,5,phononL,0.000982376,4.22467e-06,0.00199859,0.000262498,4431.15,0.000550397,1,-0.000589145,0.00221322,-0.0002625,4582.8
0,6997610,2,phononTF,0.00108721,0.00200282,-4.40429e-06,0.0002625,6.56888,0.000922719,1,0.00148221,-0.000522072,-0.0002625,2558.13
0,7003405,6,phononTS,0.000644487,0.00101285,-0.00333997,-0.000262498,3282.08,0.000382,1,0.00100042,-0.00300152,0.0002625,3493.86
0,7028879,9,phononTF,0.000665064,-1.13662e-06,-0.00199985,0.0002625,5420.79,0.000665064,1,-0.000317344,-0.00191076,-0.0002625,5776.11
0,7086959,6,phononTS,0.000798386,-1.21361e-06,-0.00200397,0.0002625,474.271,0.000798386,1,8.69586e-05,-0.00180653,-0.0002625,859.567
0,7086959,4,phononTS,0.000438064,-0.000926406,-0.00395088,0.000262498,9.66557,0.000438064,1,-0.000968295,-0.0038453,-0.0002625,182.374
0,7092636,2,phononTS,0.00219606,-0.00246657,0.00121757,-3.66204e-05,5.40991,0.000764,1,-0.00200158,0.00199721,0.0002625,4037.77
0,7102579,6,phononTS,0.000526838,0.00447356,5.88959e-05,-0.0002625,929.435,0.000382,1,0.00200243,0.00200304,0.0002625,4414.93
0,7113031,5,phononTF,0.00170857,0.00108485,-0.000863132,0.000168563,161.544,0.00163795,1,0.00128744,-0.00108273,-0.0002625,1601.65
0,7113031,4,phononTS,0.00123097,-0.00100325,-0.0039512,0.000262498,161.544,0.00069221,1,-0.000965869,-0.00405461,-0.0002625,333.444
0,7264331,7,phononL,0.000435976,0.00300167,0.00100358,0.000262498,3911.68,0.000435976,1,0.00248224,0.000808364,-0.0002625,4052.99
0,7264331,3,phononTF,0.00134827,-0.000924405,-0.00393329,0.000262498,2.86177,0.00115056,1,-0.00122401,-0.0042168,-0.0002625,191.164
0,7264331,2,phononTS,0.000456403,-0.000924405,-0.00393329,0.000262498,2.86177,0.000456403,1,-0.00197123,-0.00294721,-0.0002625,521.176
0,7264459,10,phononTF,0.000464619,-1.58116e-06,0.00200031,0.000262498,3059.56,0.000464619,1,0.00020365,0.00177388,-0.0002625,3230.52
0,7286902,7,phononL,0.00230637,0.00100305,-0.00300494,0.000262498,1133.71,0.00199759,1,0.000322502,-0.00300943,-0.0002625,1290.25
0,7319775,8,phononTF,0.000733652,0.0046127,0.005,0.000103288,338.156,0.000733652,1,0.00477895,0.0048395,-0.0002625,6379.62
0,7322784,7,phononTS,0.000406605,-0.00199571,0.00200014,0.0002625,3938.83,0.000406605,1,-0.00244368,0.00202435,-0.0002625,4404.99
0,7370336,5,phononTS,0.000916529,-0.000102283,-0.000859809,-0.0002625,1447.58,0.000764,1,-1.78268e-06,-4.7232e-06,0.0002625,2579.22
0,7381714,7,phononTF,0.000854453,0.00100136,-0.00300205,0.000262498,860.671,0.000552058,1,0.00123905,-0.00272266,-0.0002625,1044.48
0,7407402,10,phononTS,0.000546999,-0.00199982,0.00199556,0.0002625,5854.1,0.000546999,1,-0.00450133,-0.00102985,-0.0002625,8292.89
0,7470485,4,phononTS,0.00213588,0.000723225,-0.00289418,0.000109337,2.42006,0.000764,1,0.00100391,-0.00300339,0.0002625,1515.38
0,7476198,11,phononTS,0.00117177,1.55996e-05,-0.00232487,-0.000262498,3037.59,0.000764,1,-1.20791e-06,-0.00199569,0.0002625,3247.8
0,7479386,8,phononTF,0.00174379,-0.00134767,-0.000645229,0.000193398,230.902,0.000382,1,-0.00099846,-0.000996894,0.0002625,1582.05
0,7479386,11,phononTF,0.00041804,-0.00099846,-0.000996894,0.000262498,1582.05,0.00041804,1,-0.000276876,-0.000308835,-0.0002625,1899.36
0,7479386,10,phononTF,0.000837628,-0.00099846,-0.000996894,0.000262498,1582.05,0.000837628,1,-0.000699437,-0.00127668,-0.0002625,1769.54
0,7512841,6,phononTS,0.000506907,0.00200047,0.00200397,0.0002625,2831.13,0.000506907,1,0.00203065,0.00244448,-0.0002625,3755.3
0,7525694,11,phononTS,0.000550631,0.000935376,-0.000975089,-0.0002625,3513.16,0.000382,1,0.00100045,-0.000998892,0.0002625,3957.93
0,7547450,3,phononTF,0.00267478,0.000192393,-0.00220143,7.01796e-05,60.5783,0.000382,1,-1.14822e-06,-0.00200474,0.0002625,743.454
0,7558367,7,phononTF,0.000509697,-4.6547e-06,-0.00199711,0.000262498,1001.47,0.000509697,1,-7.55193e-05,-0.00208284,-0.0002625,1153.19
0,7558367,2,phononTS,0.000843665,-0.000920994,-0.00394301,0.000262498,5.02016,0.000519393,1,-0.000955985,-0.00406964,-0.0002625,180.092
0,7583129,6,phononL,0.00071509,0.000890559,-0.000345341,-0.0002625,2776.79,0.000382,1,0.00100321,0.00100205,0.0002625,3580.12
0,7690176,6,phononTS,0.000478551,0.000623739,-0.000886291,-0.0002625,2952.4,0.000382,1,0.00100483,-0.00100123,0.0002625,3563.29
0,7713470,5,phononTF,0.00121933,0.000401148,-0.00158619,-0.0002625,203.199,0.000382,1,0.000997968,-0.000999366,0.0002625,1680.4
0,7713470,8,phononTS,0.000598157,0.000997968,-0.000999366,0.000262498,1680.4,0.000598157,1,-0.000678048,-0.000311799,-0.0002625,2299.08
0,7747823,5,phononTF,0.000392186,0.000997887,-0.00299781,0.0002625,4396.14,0.000392186,1,0.00197077,-0.00395076,-0.0002625,4960.9
0,7747823,2,phononTF,0.00256189,-0.000555169,-0.00267072,-0.000252314,7.25358,0.00125546,1,-0.000577698,-0.00269324,-0.0002625,966.456
0,7807562,5,phononTS,0.00168441,-0.00298496,-0.000962401,0.000209438,392.805,0.000382,1,-0.0030026,-0.000997029,0.0002625,1610.67
0,7807562,6,phononL,0.000851485,-0.0030026,-0.000997029,0.000262498,1610.67,0.000363265,1,-0.00308016,-0.000214257,-0.0002625,1783.2
0,7820679,2,phononL,0.00180015,-0.00202248,-0.00250639,-0.0002625,19.1233,0.000382,1,-0.0019955,-0.00200405,0.0002625,5016.01
0,7820679,6,phononTS,0.00117345,-0.0019955,-0.00200405,0.000262498,5016.01,0.00116919,1,-0.00233631,-0.00277252,-0.0002625,5362.59
0,7834980,6,phononTF,0.00048195,-0.000761319,-0.00398231,-0.000262498,217.154,0.000382,1,-4.4241e-06,-0.00200336,0.0002625,868.429
0,7876976,6,phononTF,0.000486231,3.88865e-06,-0.00199673,0.000262498,2161.41,0.000486231,1,0.000781881,-0.00118068,-0.0002625,2511.56
0,7876976,2,phononTF,0.0020315,-0.000936113,-0.00393852,0.000262498,6.71561,0.00145439,1,-0.000785763,-0.00407403,-0.0002625,165.176
0,7898384,8,phononTS,0.000894508,0.000485734,-0.00419382,-0.0002625,1137.25,0.000382,1,0.000996801,-0.00299908,0.0002625,1976
0,7898384,2,phononTF,0.000604407,0.00021869,-0.005,4.94586e-06,17.8376,0.000604407,1,-0.000499121,-0.00451369,-0.0002625,775.106
0,7920768,5,phononTF,0.00143979,-0.00236908,-0.00274293,-0.0002625,177.932,0.000382,1,-0.00199717,-0.00200028,0.0002625,2175.88
0,7920768,9,phononTF,0.00060967,-0.00199717,-0.00200028,0.000262498,2175.88,0.00060967,1,-0.00454631,0.000804262,-0.0002625,3258.89
0,7920824,6,phononTF,0.000454494,0.000108101,-0.00221907,-0.0002625,1795.25,0.000382,1,0.000996396,-0.000996127,0.0002625,3189.44
0,7924989,8,phononTF,0.000570782,0.00100028,-0.00299545,0.000262498,1024.25,0.000570782,1,0.000670604,-0.00293709,-0.0002625,1214.24
0,7925374,5,phononTS,0.000642201,-0.000915437,-0.00419104,-0.000262498,588.627,0.000382,1,0.000996197,-0.00299962,0.0002625,1339.89
0,7948203,4,phononTS,0.000458575,-0.00113612,-0.005,0.000126892,1578.12,0.000382,1,0.000996484,-0.00299552,0.0002625,3275.97
0,7958381,2,phononTF,0.0017166,0.000857481,-0.00339639,0.000188921,3.35613,0.000382,1,0.000996108,-0.00300273,0.0002625,1502.2
0,7958381,6,phononTF,0.000957039,0.000996108,-0.00300273,0.000262498,1502.2,0.000957039,1,0.000711873,-0.00274119,-0.0002625,1688.14
0,8009492,2,phononTS,0.00121272,0.00119997,-0.0041445,-0.0002625,54.2844,0.000382,1,0.000999377,-0.00299523,0.0002625,2082.55
0,8033072,5,phononTF,0.00071101,0.00214313,-0.00212673,-0.0002625,151.554,0.000382,1,0.00200319,-0.00199576,0.0002625,1993.01
0,8077181,3,phononTS,0.00183508,-0.00201512,-0.0019456,8.99796e-05,16.9728,0.000382,1,-0.00199902,-0.00200382,0.0002625,867.421
0,8077181,4,phononTS,0.00143131,-0.00199902,-0.00200382,0.000262498,867.421,0.000469876,1,-0.00205727,-0.0019312,-0.0002625,1026.99
0,8097000,5,phononTS,0.000493477,-0.00196455,-0.00264058,-0.0002625,54.3274,0.000382,1,-0.00200163,-0.00199508,0.0002625,1723.29
0,8097000,4,phononTS,0.000740516,-0.000899004,-0.00395133,0.000262498,54.3274,0.000740516,1,-0.000247309,-0.00280726,-0.0002625,515.784
0,8097000,2,phononTF,0.00250637,-0.000870132,-0.00388984,-0.000134114,41.6422,0.00185944,1,-0.000934705,-0.00394856,-0.0002625,614.081
0,8098036,4,phononTS,0.000617054,0.00100116,-0.00100019,0.0002625,1040.79,0.000473092,1,0.000906293,-0.00023444,-0.0002625,2484.34
0,8098036,2,phononTF,0.00053296,-0.000934913,-0.00392322,0.000262498,14.3877,0.00053296,1,-0.000576995,-0.00357525,-0.0002625,218.538
0,8114558,7,phononTF,0.000418165,8.34829e-07,-0.00199722,0.000262498,3495.29,0.000418165,1,-9.34187e-05,-0.00208717,-0.0002625,3647.75
0,8114892,4,phononTF,0.000528779,0.000930942,-0.00306253,-0.000262498,1940.21,0.000382,1,0.00100161,-0.00299813,0.0002625,2090.6
0,8114892,2,phononTS,0.00081204,-0.000932453,-0.00394355,0.000262498,9.27507,0.000806334,1,-0.00152067,-0.00425354,-0.0002625,310.486
0,8183483,7,phononTS,0.000475505,-3.82317e-06,1.49731e-06,0.000262498,7005.27,0.000475505,1,-5.87281e-05,0.000481761,-0.0002625,7244.18
0,8183483,3,phononTS,0.00126816,-0.000890409,-0.00395948,0.000262498,74.4294,0.00119522,1,-0.000926338,-0.00393722,-0.0002625,231.658
0,8213026,6,phononTS,0.00217128,-0.00202376,-0.00200241,0.000239967,70.4806,0.000764,1,-0.00199906,-0.00200206,0.0002625,2412.41
0,8213026,7,phononTS,0.000744691,-0.00199906,-0.00200206,0.000262498,2412.41,0.000529018,1,-0.000804052,0.000411466,-0.0002625,3291.11
0,8219456,6,phononTS,0.00189864,0.00100276,-0.00300179,0.0002625,1196.15,0.00138187,1,0.00347275,-0.00243828,-0.0002625,2818.25
0,8224259,6,phononTS,0.0023048,-0.000206445,-0.00201908,3.3257e-05,104.733,0.000764,1,6.07102e-07,-0.00199694,0.0002625,1002.53
0,8224259,7,phononTS,0.00110179,0.000469786,-0.00299826,-0.000136243,1002.53,0.00110179,1,0.000661853,-0.00301764,-0.0002625,1433.25
0,8231565,6,phononTS,0.000918753,-5.89172e-05,-0.00197218,-0.000262499,1594.53,0.000382,1,2.25103e-06,-0.00199606,0.0002625,1747.76
0,8256723,5,phononTF,0.000460895,0.000858725,-0.00300441,-0.0002625,1190.02,0.000382,1,0.00100058,-0.00300365,0.0002625,1659.7
0,8256723,2,phononTS,0.00203942,-0.000908887,-0.0039272,0.000262498,14.8264,0.00106956,1,-0.000963832,-0.0039832,-0.0002625,161.265
0,8317548,2,phononTS,0.00120265,-0.00204375,-0.00139378,-0.0002625,21.8064,0.000382,1,-0.00100117,-0.000995188,0.0002625,2920.84
0,8317903,7,phononTS,0.000509333,-0.005,-0.00330531,-0.000102003,2097.14,0.000382,1,-0.00299824,-0.000998317,0.0002625,4988.89
0,8338463,6,phononTS,0.000998985,-0.00192473,-0.00488191,-0.0002625,1197.63,0.000382,1,0.00200128,-0.00199854,0.0002625,3377.35
0,8338463,4,phononTS,0.0037446,-0.000775075,-0.00379101,-0.000254375,52.3465,0.00247939,1,-0.000774874,-0.00379414,-0.0002625,442.57
0,8348192,8,phononTS,0.000578697,-0.000346436,-0.002895,-0.0002625,428.7,0.000382,1,0.00100106,-0.00100077,0.0002625,1602.6
0,8386339,6,phononTS,0.00086899,0.00114522,-0.0019648,-0.0002625,2317.07,0.000382,1,0.00100022,-0.000999708,0.0002625,4113.16
0,8386339,7,phononTS,0.000443432,0.00100022,-0.000999708,0.000262498,4113.16,0.000443432,1,0.00165545,-0.00124444,-0.0002625,4420.64
0,8397290,9,phononTS,0.000408083,0.000239043,-0.00305377,-0.000262498,829.307,0.000382,1,-3.64044e-06,-0.00200409,0.0002625,1231.99
0,8422081,9,phononTS,0.000526587,-0.005,0.00360231,-0.000106172,4881.49,0.000382,1,-0.00200471,3.67027e-06,0.0002625,6751.46
0,8425382,4,phononTS,0.00301974,-0.00207962,-0.00210179,0.000201038,17.6461,0.001146,1,-0.00200256,-0.00199547,0.0002625,2793.36
0,8425382,5,phononTS,0.00131566,-0.00200256,-0.00199547,0.000262498,2793.36,0.00091937,1,-0.00205346,-0.00193923,-0.0002625,2939.94
0,8432983,6,phononTS,0.000661252,-3.90689e-07,-0.00200125,0.0002625,959.59,0.000661252,1,0.0010044,-0.00198621,-0.0002625,2019.04
0,8432983,4,phononL,0.000432876,-0.000905402,-0.00389839,0.000262498,90.7909,0.000432876,1,-0.000798023,-0.00330376,-0.0002625,237.468
0,8454041,7,phononTS,0.00216657,-0.00200421,-4.20316e-05,-0.0002625,66.5204,0.000382,1,-0.00199902,-3.50934e-06,0.0002625,4018.54
0,8469389,6,phononTF,0.000412462,0.000807686,-0.00287875,-0.0002625,1054.28,0.000382,1,0.00100023,-0.00299675,0.0002625,2471.43
0,8482602,5,phononTS,0.000397803,0.00101462,-0.00338042,-0.0002625,1858.04,0.000382,1,0.00100108,-0.00299721,0.0002625,3517.87
0,8482602,3,phononL,0.00215638,0.00106961,-0.0023017,0.000178228,4.75866,0.00137888,1,0.00176806,-0.0020205,-0.0002625,1090.2
0,8510223,6,phononTF,0.00050785,-4.77144e-06,-0.00199854,0.0002625,701.746,0.00050785,1,0.000793726,-0.00123452,-0.0002625,1390.81
0,8530681,5,phononTS,0.000722782,0.000608522,-0.00299352,-0.0002625,84.3995,0.000382,1,0.00200035,-0.00200441,0.0002625,1216.68
0,8530681,4,phononTS,0.00210916,-0.000630915,-0.00381702,-0.000122215,84.3995,0.00191827,1,-0.000736322,-0.00380264,-0.0002625,278.541
0,8538322,5,phononTS,0.000448341,-0.00260633,-0.00275862,-0.0002625,2833.99,0.000382,1,3.73956e-06,1.31106e-06,0.0002625,5036.38
0,8595183,6,phononL,0.000423522,0.000775299,-0.00311713,-0.0002625,158.832,0.000382,1,0.000999931,-0.00300054,0.0002625,1184.8
0,8599574,5,phononTS,0.000583704,-0.000874643,0.00227039,-0.0002625,2151.88,0.000382,1,-2.6017e-06,0.00199717,0.0002625,10979.2
0,8599574,7,phononTS,0.00308175,-0.00125338,-0.00359251,-0.000105759,404.297,0.00170204,1,-0.00127052,-0.00358558,-0.0002625,1287.13
0,8627155,5,phononTS,0.000637894,0.00377248,-0.00139778,-0.0002625,11108.1,0.000382,1,0.00200476,4.50114e-07,0.0002625,13615.5
0,8627211,4,phononTF,0.000584118,-0.00337985,-0.00135243,-0.0002625,1187.61,0.000382,1,-0.0030047,-0.0010008,0.0002625,3530.61
0,8689659,7,phononTS,0.000598662,-0.00130258,-0.00359045,-0.000262498,214.126,0.000382,1,1.01157e-06,-0.00200274,0.0002625,909.387
0,8704830,4,phononTF,0.00305335,-0.00256408,-0.00197994,-0.000213445,63.9018,0.0022301,1,-0.00255137,-0.00196912,-0.0002625,2666.6
0,8723511,4,phononTF,0.00240706,0.000626221,-0.00304419,-0.0002625,47.0472,0.000764,1,-4.31244e-06,-0.00199521,0.0002625,1003.64
0,8723511,5,phononL,0.00087082,-4.31244e-06,-0.00199521,0.000262498,1003.64,0.00087082,1,-0.00044921,-0.00217634,-0.0002625,1136.04
0,8723511,3,phononTF,0.00170308,6.99098e-05,-0.005,-0.000114788,47.0472,0.000959057,1,-2.39846e-05,-0.0049024,-0.0002625,561.495
0,8744412,8,phononTS,0.000454744,0.00299636,0.000999746,0.000262498,4770.02,0.000454744,1,0.00301456,0.000981299,-0.0002625,4925.59
0,8747690,5,phononTF,0.000833798,-0.00302043,0.005,0.000170882,4151.27,0.000833798,1,-0.00259731,0.00429612,-0.0002625,6224.93
0,8791840,7,phononTF,0.000407047,-1.31356e-06,-0.00200134,0.0002625,1932.55,0.000407047,1,-0.000270431,-0.00170694,-0.0002625,4513.24
0,8799139,6,phononTS,0.000505719,0.00300046,0.000997653,0.000262498,3411.42,0.000505719,1,0.00327361,9.56959e-05,-0.0002625,3774
0,8799139,3,phononTF,0.00124527,-0.00093057,-0.00392316,0.000262498,7.2946,0.00124527,1,-0.000468817,-0.00345019,-0.0002625,245.173
0,8799139,2,phononTF,0.00116541,-0.00093057,-0.00392316,0.000262498,7.2946,0.00116541,1,-0.00177077,-0.00478439,-0.0002625,379.198
0,8824992,8,phononTS,0.000449784,0.00228005,0.000215697,-0.000262498,4503.41,0.000382,1,0.00199735,-2.89918e-06,0.0002625,4729.28
0,8859875,4,phononTS,0.00209448,0.000997073,-0.00299658,0.0002625,1000.04,0.00166024,1,0.000947836,-0.00303109,-0.0002625,1328.83
0,8865925,6,phononTS,0.000725315,0.00205311,-0.00197102,-0.000262499,2344.57,0.000382,1,0.00200399,-0.00199772,0.0002625,2493.45
0,8876644,6,phononTS,0.000611625,0.000999665,-0.00100397,0.0002625,1331.74,0.000267884,1,0.00105046,-0.000956751,-0.0002625,2212.76
0,8876644,2,phononTF,0.00105152,-0.000939363,-0.00392219,0.000262498,37.5363,0.000880013,1,-0.000424481,-0.00340092,-0.0002625,291.582
0,8906598,2,phononTS,0.00296405,0.000831624,-0.00355417,-7.97373e-05,19.658,0.000764,1,0.00100173,-0.00300385,0.0002625,5992.3
0,8906598,7,phononTF,0.000488097,0.00100173,-0.00300385,0.000262498,5992.3,0.000488097,1,0.00176984,-0.00240125,-0.0002625,6314.58
0,8917804,2,phononTF,0.00131482,-0.00238589,-0.00112295,-0.0002625,2.04058,0.000382,1,-0.00199868,-3.09438e-06,0.0002625,5520.06
0,8924444,2,phononTF,0.00197932,-0.000117328,-0.00187194,-0.0002625,31.1222,0.000764,1,2.12913e-06,-0.0020048,0.0002625,1884.17
0,8950882,7,phononTS,0.000519387,0.000998973,0.00100384,0.000262498,4145.41,0.000519387,1,0.00100808,0.00105518,-0.0002625,4302.82
0,8954669,9,phononTF,0.000667614,-0.00199809,3.20563e-06,0.000262498,15938.5,0.000667614,1,-0.00228618,-0.000559286,-0.0002625,16189.7
0,8966383,7,phononTS,0.000566712,0.0002976,0.000632681,-0.0002625,1524.56,0.000382,1,-0.000996944,-0.00100434,0.0002625,5905.7
0,8979228,2,phononL,0.0022567,0.00116514,-0.00295993,0.000136321,3.83346,0.000382,1,0.000999301,-0.00299523,0.0002625,2286.64
0,8979228,12,phononTS,0.000822516,0.000999301,-0.00299523,0.000262498,2286.64,0.000822516,1,0.000993311,-0.00293903,-0.0002625,2438.16
0,8979228,11,phononTS,0.00102328,0.000999301,-0.00299523,0.000262498,2286.64,0.000855461,1,0.0025434,-0.00352567,-0.0002625,2853.02
0,8982925,10,phononL,0.000634278,0.00122223,-0.005,8.4222e-05,2147.83,0.000634278,1,0.00145298,-0.0049334,-0.0002625,2632.65
0,8987567,8,phononTS,0.000425795,-0.00132,-0.000719132,-0.0002625,1888.72,0.000382,1,-0.00199705,1.39502e-06,0.0002625,3064
0,9070857,6,phononTS,0.00101646,-0.00200148,-0.00199869,0.0002625,2093.41,0.00083573,1,-0.00276272,-0.0019968,-0.0002625,2714.68
0,9093675,2,phononTS,0.00206326,0.000308374,-0.000552341,0.000104564,31.3165,0.001146,1,-0.000995964,0.000997216,0.0002625,8709.49
0,9107547,7,phononTS,0.00163394,4.44846e-06,-0.00199511,0.000262498,1934.76,0.000776799,1,-4.60847e-05,-0.00199586,-0.0002625,2086.07
0,9139859,8,phononL,0.000586525,-0.0027227,-0.00227957,-0.000262498,1108.29,0.000382,1,-0.00299984,-0.00099922,0.0002625,1372.07
0,9149253,6,phononTF,0.00059055,0.00246014,0.00244186,-0.0002625,4272.16,0.000382,1,0.00200177,0.00200497,0.0002625,5578.35
0,9149253,2,phononTS,0.000960403,-0.00092413,-0.00393668,0.000262498,5.69095,0.000653976,1,-0.000925691,-0.00418466,-0.0002625,198.532
0,9158134,6,phononTS,0.00070214,0.000350085,-0.00469292,-0.0002625,149.424,0.000382,1,0.000999759,-0.0030044,0.0002625,1246.68
0,9158269,4,phononTS,0.00244364,0.000120269,-0.00158257,-0.0002625,430.763,0.000382,1,-1.41141e-06,-0.00200099,0.0002625,3909.14
0,9158269,7,phononTF,0.000675236,-1.41141e-06,-0.00200099,0.000262498,3909.14,0.000675236,1,-0.000203873,-0.00177912,-0.0002625,4079.41
0,9172275,7,phononTS,0.000652478,-4.92133e-05,0.000131177,-0.0002625,1009.62,0.000382,1,-3.82016e-06,2.89219e-06,0.0002625,3473.07
0,9177244,3,phononTS,0.0022787,-0.00300758,-0.00114792,-0.000186435,2.43534,0.00176135,1,-0.00328975,-0.0012451,-0.0002625,7286.55
0,9206977,4,phononTS,0.000592866,0.000956485,-0.00317028,-0.0002625,280.952,0.000382,1,0.00100492,-0.002995,0.0002625,1500.41
0,9210551,4,phononL,0.000388747,-0.00160763,-0.00271631,-0.0002625,22.4577,0.000382,1,-0.00200389,-0.00200458,0.0002625,1034.62
0,9217246,5,phononTF,0.000873783,-0.00324099,-0.00122573,-0.0002625,1119.76,0.000382,1,-0.00299696,-0.00100294,0.0002625,1643.56
0,9239986,7,phononTS,0.000450026,-3.53019e-06,-0.00200348,0.000262498,4791.69,0.000450026,1,-6.04613e-05,-0.00206216,-0.0002625,4959.88
0,9239986,4,phononTS,0.00116165,-0.000942159,-0.00385724,0.000262498,223.908,0.00107706,1,-0.000944669,-0.00393487,-0.0002625,388.168
0,9242465,8,phononTS,0.000584938,-0.00325572,-0.000895151,-0.0002625,973.217,0.000382,1,-0.0020034,4.72477e-06,0.0002625,3626.58
0,9307716,5,phononTS,0.000414124,-0.00240754,-0.00494905,-0.000262498,948.112,0.000382,1,0.00300157,0.00100023,0.0002625,3385.11
0,9307716,3,phononL,0.00128668,-0.000926738,-0.00394044,0.000262498,12.7509,0.00061755,1,-0.00134498,-0.0042693,-0.0002625,152.491
0,9327825,8,phononTS,0.000385105,0.00107767,-0.00215631,-0.0002625,3567.19,0.000382,1,0.00199592,-0.00200023,0.0002625,5381.49
0,9395069,3,phononL,0.00307675,1.07037e-05,-0.00199829,0.000261236,17.4232,0.000764,1,1.3859e-06,-0.00199768,0.0002625,2084.24
0,9395069,4,phononTF,0.00162194,1.3859e-06,-0.00199768,0.000262498,2084.24,0.000784,1,-8.94116e-05,-0.00209804,-0.0002625,2237
0,9403692,12,phononTS,0.000553859,0.000997665,-0.00300431,0.000262498,2114.34,0.000553859,1,-6.94386e-05,-0.00315826,-0.0002625,2527.74
0,9457840,5,phononTS,0.00175318,-0.00118778,-0.00147726,0.000115551,124.22,0.000764,1,-0.000996693,-0.0010028,0.0002625,14379.7
0,9490523,3,phononTS,0.00218586,0.00100054,-0.000993588,0.000207907,11.9389,0.000382,1,0.0010033,-0.000999248,0.0002625,2976.33
0,9490523,8,phononTF,0.00115838,0.0010033,-0.000999248,0.000262498,2976.33,0.000576849,1,0.000747687,-0.00127562,-0.0002625,3158.2
0,9491235,6,phononTS,0.0011617,-0.00200423,-1.35039e-06,0.000262498,2719.12,0.000277604,1,-0.00156755,0.000432634,-0.0002625,3010.07
0,9491235,7,phononTS,0.0008841,0.00198722,0.005,-0.000259966,3010.07,0.0008841,1,0.00195853,0.00498017,-0.0002625,4735.78
0,9525904,2,phononTF,0.00179899,1.94854e-05,-0.00197379,0.000110502,2.58956,0.000764,1,-3.60239e-06,-0.00199502,0.0002625,942.621
0,9525904,5,phononTS,0.000931583,-3.60239e-06,-0.00199502,0.000262498,942.621,0.000628622,1,-3.27932e-05,-0.00180196,-0.0002625,1122.21
0,9536626,5,phononTS,0.000672366,-0.000479619,-0.00383514,-0.000262498,1206.83,0.000382,1,-0.00299842,-0.00100116,0.0002625,2410.19
0,9595527,6,phononTS,0.000889449,-0.00199662,0.00239005,-0.0002625,5634.84,0.000382,1,-0.00200446,0.00200126,0.0002625,6729.56
0,9642612,5,phononL,0.000548102,-0.00214453,-0.00240216,-0.0002625,3250.58,0.000382,1,-0.00199946,-0.00199964,0.0002625,3630.89
0,9642612,2,phononTS,0.00156661,-0.00033009,-0.00451787,-0.000241479,4.52878,0.00138452,1,-0.000477571,-0.00465696,-0.0002625,337.905
0,9658813,4,phononTF,0.00278303,-4.97972e-06,-0.00200349,0.000262498,1303.08,0.00114745,1,-0.000303872,-0.00170467,-0.0002625,1493.05
0,9658955,3,phononL,0.00197011,-0.0006072,-0.00183456,-0.0002625,1.58841,0.000764,1,-0.00100376,-0.000996453,0.0002625,1024.01
0,9728670,10,phononTF,0.000424362,-0.00302869,-0.00106339,-0.0002625,1859.14,0.000382,1,-0.00300222,-0.00100362,0.0002625,2307.98
0,9731389,6,phononTF,0.000556684,0.00221903,-0.00224064,-0.000262498,1478.21,0.000382,1,0.00199692,-0.00200044,0.0002625,1652.39
0,9768043,13,phononTF,0.000865562,-0.00209234,-0.00189892,-0.0002625,2005.36,0.000382,1,-0.00199894,-0.00199958,0.0002625,3271.6
0,9768346,5,phononTS,0.000546351,-0.00178381,-0.00198071,-0.000262498,823.262,0.000382,1,-0.000998673,-0.000995598,0.0002625,1290.47
0,9780143,6,phononTF,0.000383389,0.00200146,-0.00200368,0.000262498,1778.93,0.000383389,1,0.0024712,-0.00152364,-0.0002625,2019.89
0,9796801,7,phononL,0.000478367,-0.00200173,-0.00200446,0.000262498,2522.79,0.000478367,1,-0.00202475,-0.00142867,-0.0002625,2665.4
0,9805917,3,phononTS,0.00176116,0.000976413,-0.00301995,4.97908e-05,13.6763,0.000382,1,0.000999887,-0.00299796,0.0002625,1254.37
0,9805917,5,phononTS,0.000748667,0.000999887,-0.00299796,0.000262498,1254.37,0.00041535,1,0.00224034,-0.00483168,-0.0002625,1982.07
0,9812680,6,phononL,0.000566689,3.02539e-06,-0.0019984,0.000262498,1461.33,0.000566689,1,-0.000555589,-0.00217932,-0.0002625,1606.6
0,9844820,4,phononTS,0.000598456,2.69402e-06,-0.00200144,0.0002625,1164.5,0.000598456,1,-8.32421e-06,-0.000996028,-0.0002625,1947.19
0,9896982,4,phononTS,0.000702783,-0.000974545,-0.00187373,-0.0002625,68.5963,0.000382,1,-0.000998792,-0.00100284,0.0002625,1321.86
0,9897122,6,phononTF,0.00154799,0.00289474,0.00111872,-0.0002625,1094.63,0.000764,1,0.00299571,0.000997101,0.0002625,5234.43
0,9913458,6,phononTF,0.000483433,0.000663895,-0.00330625,-0.000262498,1059.67,0.000382,1,0.000997297,-0.00299881,0.0002625,1257.87
0,9913458,4,phononTS,0.00124129,-0.000951854,-0.00388173,0.000262498,409.344,0.00124129,1,-0.00182243,-0.00376735,-0.0002625,743.184
0,9952507,3,phononTS,0.0030607,0.00205475,-0.001946,0.000130892,27.3213,0.000382,1,0.00199649,-0.00200086,0.0002625,5754.16
