Run ID,Event ID,Track ID,Particle Name,Start Energy [eV],Start X [m],Start Y [m],Start Z [m],Start Time [ns],Energy Deposited [eV],Track Weight,End X [m],End Y [m],End Z [m],Final Time [ns]
0,1231,7,phononTS,0.000542529,0.00100027,0.000999957,0.000262498,2567.29,0.000542529,1,0.00105767,0.00144678,-0.0002625,2798.47
0,13216,5,phononL,0.00260594,-0.00240113,-0.00195135,-1.84748e-05,11.5835,0.000382,1,-0.00200182,-0.00200175,0.0002625,913.188
0,27279,5,phononTS,0.000416952,-0.00204028,1.37907e-05,-0.000262498,4979.57,0.000382,1,-0.00200084,4.92526e-06,0.0002625,5138.36
0,31792,6,phononTS,0.00159633,-0.00224748,-0.00202133,1.65974e-05,84.4199,0.000764,1,-0.00199942,-0.00200487,0.0002625,343.662
0,41258,7,phononTF,0.000481651,-0.0020036,-0.00200228,0.000262498,444.869,0.000481651,1,-0.00176184,-0.00178768,-0.0002625,620.847
0,54462,3,phononTF,0.0010939,-0.000631553,-0.000594818,-0.0002625,4.01847,0.000382,1,1.40217e-06,4.13466e-06,0.0002625,1149.47
0,54462,6,phononTF,0.000513262,1.40217e-06,4.13466e-06,0.000262498,1149.47,0.000513262,1,-1.24081e-05,0.000162766,-0.0002625,1308.13
0,54462,2,phononTS,0.00119086,-0.00253042,-0.00239167,0.000262498,4.01847,0.00119086,1,-0.00199914,-0.00195114,-0.0002625,314.346
0,64154,6,phononTS,0.00120316,-0.00199838,-0.00199897,0.0002625,443.126,0.000927106,1,-0.00180785,-0.00196051,-0.0002625,801.938
0,82252,3,phononL,0.0024708,-0.00255377,-0.00214158,-3.71024e-05,25.0719,0.000764,1,-0.00300134,-0.000995576,0.0002625,342.987
0,85360,6,phononTS,0.00056592,0.00100274,-0.00300043,0.0002625,1956.03,0.00056592,1,0.00104623,-0.00295507,-0.0002625,2258.14
0,89410,8,phononTS,0.000390297,4.50576e-06,-0.0020019,0.000262498,2731.72,0.000390297,1,-0.000711896,-0.00197543,-0.0002625,3025.72
0,89410,2,phononTS,0.000551223,-0.00253182,-0.0023891,0.000262498,1.21892,0.000551223,1,-0.00217856,-0.00367825,-0.0002625,480.77
0,123785,4,phononTS,0.00128782,-4.20695e-05,-0.00205547,-0.0002625,378.347,0.000382,1,4.78477e-06,-0.00200342,0.0002625,1418.79
0,131865,8,phononTF,0.000550714,-0.00199966,-0.00199534,0.0002625,118.885,0.000550714,1,-0.00178565,-0.0017658,-0.0002625,640.64
0,131865,7,phononTS,0.0015176,-0.00242767,-0.00245443,0.000262498,118.885,0.00126433,1,-0.0024892,-0.00194709,-0.0002625,363.841
0,150003,9,phononL,0.000942258,0.00113653,-0.000742812,-0.0002625,2049.43,0.000382,1,0.00100051,-0.00299634,0.0002625,3829.87
0,152869,6,phononTF,0.000630151,3.73559e-06,-0.00200367,0.000262498,1309.59,7.09219e-05,1,0.000722901,-0.00131557,-0.0002625,1626.49
0,160496,6,phononTS,0.000405811,-0.00100029,0.00100343,0.0002625,2144.42,0.000405811,1,-0.00107559,-1.26275e-05,-0.0002625,2909.38
0,160496,2,phononTF,0.00131222,-0.00253069,-0.00239261,0.000262498,2.73701,0.00131222,1,-0.005,-0.000916192,0.000250821,815
0,165487,3,phononTS,0.000574219,-0.00213272,-0.00210062,-0.0002625,5.78399,0.000382,1,-0.00200024,-0.00200474,0.0002625,738.824
0,166330,3,phononTS,0.00274543,-0.00169806,-0.00202137,1.58274e-05,2.48302,0.000764,1,-0.00200083,-0.00199922,0.0002625,1430.08
0,166330,7,phononTS,0.0004528,-0.00200083,-0.00199922,0.000262498,1430.08,0.0004528,1,-0.00206627,-0.00202779,-0.0002625,1595.84
0,166330,6,phononL,0.00136827,-0.00200083,-0.00199922,0.000262498,1430.08,0.000896555,1,-0.00244256,-0.00169888,-0.0002625,1569.89
0,174043,5,phononTF,0.000808886,-0.000759838,0.00123076,-0.0002625,3676.73,0.000382,1,-0.000997784,0.000999851,0.0002625,6125.17
0,174043,3,phononTS,0.00127457,-0.00252457,-0.00238855,0.000262498,17.6903,0.000509507,1,-0.00247522,-0.0023414,-0.0002625,164.562
0,178941,6,phononTS,0.000559914,-0.00200896,-0.00198238,-0.0002625,725.054,0.000382,1,-0.00200315,-0.00200338,0.0002625,1172.78
0,198221,7,phononL,0.000627758,-0.00151962,-0.00159218,-0.000262498,1299.13,0.000382,1,-0.00200183,-0.00200176,0.0002625,1453.58
0,206462,6,phononTS,0.00129858,-0.00358681,-0.00103189,-0.000262498,989.333,0.000382,1,-0.00300298,-0.000995755,0.0002625,1252.69
0,215542,6,phononTF,0.00221602,-0.0019838,-3.3273e-05,0.000127792,49.1848,0.000382,1,-0.00200135,1.0165e-06,0.0002625,2403.91
0,215542,8,phononTS,0.000646556,-0.00200135,1.0165e-06,0.000262498,2403.91,0.000646556,1,-0.0019563,5.03309e-05,-0.0002625,2561.11
0,225458,4,phononTF,0.00100116,-0.00200386,-0.00200372,0.0002625,15.3323,0.00100116,1,-0.00223618,-0.00170771,-0.0002625,563.177
0,225458,3,phononTF,0.000701834,-0.00254748,-0.0023901,0.000262498,15.3323,0.000701834,1,-0.00224904,-0.00269518,-0.0002625,206.677
0,226229,7,phononTS,0.000593772,-0.00300383,-0.000995051,0.0002625,711.257,0.000593772,1,-0.00334643,0.000518797,-0.0002625,1851.28
0,229068,5,phononL,0.0024968,-0.00200306,-0.00200447,0.0002625,605.421,0.00173904,1,-0.00170065,-0.00202816,-0.0002625,991.999
0,247045,5,phononTS,0.000939568,-0.00200041,-4.14936e-06,0.0002625,158.667,0.000939568,1,-0.00183594,0.00076377,-0.0002625,1424.09
0,248422,7,phononTS,0.000383707,0.00106179,0.00100866,-0.0002625,957.79,0.000382,1,0.00100463,0.000996858,0.0002625,4567.28
0,291313,4,phononTF,0.00119407,-0.00214359,-0.000243806,-0.0002625,1732.71,0.000382,1,-0.0019975,9.84398e-07,0.0002625,2254.96
0,291599,5,phononTS,0.00370743,-0.00215148,-0.00200688,0.000144859,506.72,0.000382,1,-0.00199718,-0.00199783,0.0002625,1130.08
0,340457,4,phononL,0.00199276,-0.00264253,-0.00245731,-0.000226643,11.1961,0.001146,1,-0.00200183,-0.00199859,0.0002625,333.239
0,342454,8,phononL,0.00257776,-0.00196428,-0.00182043,0.000122963,134.533,0.000382,1,-0.00200484,-0.00200446,0.0002625,868.86
0,343272,3,phononL,0.00206348,-0.00189723,-0.00182998,-0.0002625,1.6398,0.000382,1,-0.00200475,-0.00200038,0.0002625,1497.79
0,349554,6,phononTF,0.000830885,-0.00200233,-0.00200226,0.000262498,898.594,0.000644086,1,-0.00159057,0.000282408,-0.0002625,1618.41
0,368189,2,phononL,0.000411041,-0.00226923,-0.00219339,-0.0002625,5.04404,0.000382,1,-0.00200135,-0.00199699,0.0002625,242.906
0,379062,7,phononTF,0.00101579,-0.00205351,-0.00195198,-0.0002625,18.7351,0.000382,1,-0.00200173,-0.00199965,0.0002625,651.91
0,393231,3,phononTF,0.00153411,-0.00213184,-0.00208302,-0.000219971,5.4698,0.000764,1,-0.00200279,-0.00199833,0.0002625,371.295
0,397183,7,phononTF,0.000619363,-0.00100398,-0.00100442,0.0002625,1198.25,0.000619363,1,-0.00141201,-0.000661921,-0.0002625,1630.69
0,422538,4,phononL,0.000683054,-0.00276908,-0.00169538,-0.0002625,5.79394,0.000382,1,-0.0030029,-0.000995524,0.0002625,340.87
0,422538,3,phononTS,0.000509028,-0.00253526,-0.00239523,0.000262498,5.79394,0.000509028,1,-0.00292579,-0.00251615,-0.0002625,239.315
0,438668,6,phononTF,0.000525572,-0.00177866,-0.00224599,-0.000262498,536.976,0.000382,1,-0.00199871,-0.00200355,0.0002625,711.088
0,446840,5,phononTS,0.00306729,-0.0023811,-0.00199338,-3.00793e-07,266.136,0.000382,1,-0.0020036,-0.00200156,0.0002625,1890.6
0,446840,7,phononTF,0.000549413,-0.0020036,-0.00200156,0.000262498,1890.6,0.000549413,1,-0.00205037,-0.00179633,-0.0002625,2056.23
0,446840,6,phononTS,0.00175908,-0.0020036,-0.00200156,0.000262498,1890.6,0.00108009,1,-0.00216607,-0.00233533,-0.0002625,2117.88
0,474353,4,phononTF,0.00204001,-0.00206045,-0.00190089,-0.000157529,10.4802,0.000382,1,-0.00200268,-0.00199821,0.0002625,447.372
0,494571,7,phononL,0.00300943,-0.00217405,-0.00244737,-4.01463e-05,412.437,0.000764,1,-0.0019996,-0.0020045,0.0002625,517.779
0,494571,8,phononTF,0.000523907,-0.0019996,-0.0020045,0.000262498,517.779,0.000523907,1,-0.00178552,-0.00222412,-0.0002625,689.141
0,500744,5,phononTF,0.000439356,-0.00163496,-0.00166845,-0.0002625,1147.5,0.000382,1,-0.0019975,-0.002003,0.0002625,1803.23
0,500744,2,phononTS,0.000590135,-0.00252842,-0.00238726,0.000262498,12.0856,0.000590135,1,-0.00183009,-0.00195981,-0.0002625,355.395
0,502286,4,phononL,0.00231843,-0.0021961,-0.00197981,0.00020549,92.2704,0.001146,1,-0.00199895,-0.00199749,0.0002625,500.482
0,523755,5,phononTF,0.000456792,-0.00215247,-0.00213284,-0.0002625,222.745,0.000382,1,-0.00200252,-0.00199584,0.0002625,698.448
0,524198,4,phononL,0.000394345,-0.00320734,-0.00133601,-0.000262498,1719.5,0.000382,1,-0.00300463,-0.00100202,0.0002625,1843.14
0,524198,2,phononTF,0.000511706,-0.00253679,-0.00239151,0.000262498,3.69896,0.000511706,1,-0.00216093,-0.00273856,-0.0002625,209.932
0,525762,6,phononTF,0.000466069,-0.00125823,-0.00125561,-0.000262498,3684.51,0.000382,1,-0.000997668,-0.00100429,0.0002625,3864.21
0,531121,7,phononTS,0.000745494,-0.00199685,-0.0019957,0.000262498,1232.58,0.000602717,1,-0.00176992,-0.00194587,-0.0002625,1418.01
0,543774,10,phononTS,0.000493627,0.00300072,0.00100033,0.0002625,5414.28,0.000493627,1,0.00292136,0.000942864,-0.0002625,5735.37
0,546304,5,phononL,0.000806178,-0.0021422,-0.000532353,-0.0002625,348.259,0.000382,1,-0.00199874,1.02809e-06,0.0002625,769.532
0,546304,3,phononTS,0.00167563,-0.00253329,-0.00238897,0.000262498,4.55517,0.000918995,1,-0.00254052,-0.00241747,-0.0002625,154.995
0,548411,5,phononTS,0.000817662,-0.00202851,-0.00210939,-0.0002625,1531.44,0.000382,1,-0.00200444,-0.00199669,0.0002625,2033.99
0,568113,6,phononTS,0.000389753,-0.00200466,-0.00200287,0.000262498,2878.82,0.000389753,1,-0.0019672,-0.0018349,-0.0002625,3053.87
0,568113,3,phononTS,0.000738481,-0.00253241,-0.00238876,0.000262498,1.46773,0.000738481,1,-0.00255029,-0.0024136,-0.0002625,152.885
0,568113,2,phononTF,0.000675274,-0.00253241,-0.00238876,0.000262498,1.46773,0.000381014,1,-0.00217862,-0.00274249,-0.0002625,205.875
0,577134,5,phononL,0.000817258,-0.000422689,-0.00214008,-0.0002625,28.2853,0.000382,1,1.83089e-06,-0.00199571,0.0002625,811.842
0,604487,8,phononTF,0.000482598,-0.00300152,-0.00099979,0.000262498,1045.43,0.000482598,1,-0.00356653,-0.00153115,-0.0002625,1309
0,634950,8,phononTS,0.000439847,-0.00300262,-0.00100145,0.0002625,733.873,0.000439847,1,-0.00293818,-0.000957342,-0.0002625,1027.36
0,634950,6,phononTF,0.00140488,-0.00252861,-0.00241505,0.000262498,212.463,0.001068,1,-0.00302017,-0.00297831,-0.0002625,475.422
0,638645,8,phononTS,0.00113726,-0.00214189,0.000906571,-0.0002625,54.2749,0.000382,1,-0.00199893,0.00199554,0.0002625,1682.38
0,653178,3,phononTF,0.00276855,-0.00236658,-0.00212407,4.78737e-05,6.7165,0.000764,1,-0.00200473,-0.00199624,0.0002625,451.348
0,675471,6,phononTS,0.00116583,5.97685e-07,1.72947e-06,0.000262498,1692.15,0.000994075,1,-0.00206939,0.00133419,-0.0002625,2490.63
0,691668,4,phononTF,0.00188742,0.00229895,-0.000295654,-0.0002625,85.0427,0.000764,1,0.00199539,4.34556e-06,0.0002625,3250.9
0,691668,6,phononTS,0.000398527,0.00199539,4.34556e-06,0.000262498,3250.9,0.000398527,1,0.00205686,-4.89407e-05,-0.0002625,3397.23
0,708537,4,phononTS,0.00100888,-0.000952013,-0.00163363,-0.0002625,90.7609,0.000382,1,3.73708e-06,-0.00200324,0.0002625,1469.73
0,711816,8,phononTS,0.00041635,-0.0017667,-0.00068918,-0.000262498,849.313,0.000382,1,-0.00199659,-0.00200159,0.0002625,1347.37
0,716141,2,phononTS,0.00270282,-0.00282821,-0.000971212,-8.89361e-05,7.78313,0.000642183,1,-0.00283132,-0.000952027,-0.0002625,2508.7
0,733125,5,phononL,0.000708651,-0.000998466,-0.00100127,0.0002625,2389.19,0.000708651,1,-0.000790394,0.000455212,-0.0002625,2970.15
0,744142,5,phononTS,0.000547492,-0.00386591,-0.000380846,-0.0002625,153.471,0.000382,1,-0.00200075,-2.1291e-06,0.0002625,5278.39
0,752560,4,phononTS,0.00258416,-0.00100252,-0.00100147,0.0002625,27.1292,0.00238368,1,-0.000988527,-0.000969399,-0.0002625,1305.14
0,752560,3,phononL,0.000467781,-0.00253877,-0.0023915,0.000262498,27.1292,0.000467781,1,-0.00277698,-0.00222837,-0.0002625,143.144
0,769928,2,phononTF,0.00263571,-0.00191813,-0.00208763,-9.7333e-05,1.82816,0.001146,1,-0.00199577,-0.00200348,0.0002625,393.311
0,769928,5,phononTS,0.000569767,-0.00199577,-0.00200348,0.000262498,393.311,0.000569767,1,-0.00156527,-0.00101395,-0.0002625,791.38
0,781203,5,phononTF,0.000817126,-0.00239489,-0.00241956,-0.0002625,904.891,0.000382,1,-0.00200345,-0.00199898,0.0002625,1491.12
0,781203,6,phononL,0.00039181,-0.00200345,-0.00199898,0.000262498,1491.12,0.00039181,1,-0.00154151,-0.00156133,-0.0002625,1646.25
0,795492,10,phononTS,0.00047255,-0.00200467,-0.00200081,0.000262498,541.769,0.00047255,1,-0.00150109,-0.000751787,-0.0002625,1021.87
0,812207,4,phononTF,0.0019167,-0.00193574,-0.00202945,-0.000232721,430.925,0.000382,1,-0.0019985,-0.00199829,0.0002625,3092.37
0,812207,6,phononTS,0.000875138,-0.0019985,-0.00199829,0.000262498,3092.37,0.000566198,1,-0.00193497,-0.00197872,-0.0002625,3253.27
0,853480,7,phononTF,0.000442473,-6.15669e-08,-0.00200172,0.000262498,996.292,0.000442473,1,8.4593e-05,-0.00209107,-0.0002625,1148.27
0,863207,8,phononTF,0.00057871,-0.00249067,-0.00246054,-0.000262498,171.333,0.000382,1,-0.00199905,-0.00200261,0.0002625,411.198
0,881436,4,phononTF,0.000777413,0.00038922,-0.005,6.57242e-05,92.8347,0.000382,1,7.73432e-07,0.00199779,0.0002625,3349.12
0,886018,9,phononTS,0.000425757,-0.00099948,0.00300394,0.000262498,4606.38,0.000425757,1,-0.00156967,0.00301131,-0.0002625,4859.6
0,886018,6,phononTS,0.00297983,-0.00209747,-0.00220585,4.37911e-06,1077.43,0.00118268,1,-0.00200348,-0.00219302,-0.0002625,1256.41
0,886018,11,phononTF,0.000952971,-0.00252571,0.005,2.30579e-05,1256.41,0.000515803,1,-0.00266791,0.00484063,-0.0002625,3429.01
0,896082,7,phononTF,0.000552466,-0.00199574,-0.0019997,0.000262498,706.616,0.000348744,1,-0.00249463,-0.00150029,-0.0002625,955.804
0,901828,5,phononTF,0.000688138,-0.00263054,0.00092504,-0.0002625,228.305,0.000382,1,-0.00300051,-0.000997342,0.0002625,5567.1
0,919386,9,phononTF,0.000468868,-0.00107377,0.0010703,-0.000262498,1782.35,0.000382,1,-0.000999244,0.000997493,0.0002625,1933.22
0,932360,2,phononTS,0.00372428,-0.000440321,-0.00212488,1.17236e-05,92.9401,0.00356807,1,-0.000431293,-0.0019319,-0.0002625,2452.28
0,941879,7,phononTF,0.000610557,0.0020002,-4.72809e-07,0.000262498,2600.15,0.000610557,1,0.00104955,0.000956796,-0.0002625,3009.38
0,946680,6,phononTS,0.00067859,-0.00199667,-0.0020007,0.000262498,423.525,0.00067859,1,-0.00234689,-0.0021547,-0.0002625,652.905
0,947744,5,phononL,0.00285182,-0.00198749,-0.00194836,0.000245146,167.077,0.000382,1,-0.00200139,-0.00199638,0.0002625,394.359
0,947744,6,phononTS,0.00163662,-0.00200139,-0.00199638,0.000262498,394.359,0.00078155,1,-0.00272341,-0.00078493,-0.0002625,902.337
0,977774,6,phononTF,0.00210966,-0.00300003,-0.00100077,0.0002625,41.8003,0.000835436,1,-0.00357282,-0.00155157,-0.0002625,2472.93
0,1003803,8,phononTF,0.000434451,0.0020026,-0.00199823,0.000262498,2703.8,0.000434451,1,0.00182447,-0.00201325,-0.0002625,2865.12
0,1005072,11,phononTS,0.000485695,0.00137205,-0.00200504,-0.0002625,3572.24,0.000382,1,0.00199711,-0.00200497,0.0002625,4154.96
0,1008834,4,phononTF,0.00218743,0.00160579,-0.0011513,4.93002e-05,89.7847,0.0014927,1,0.00149631,-0.00105118,-0.0002625,3481.82
0,1025582,7,phononTS,0.000437129,0.00200491,-0.00200014,0.000262498,3193.32,0.000437129,1,0.00234205,-0.00205295,-0.0002625,3400.66
0,1042946,7,phononL,0.000472476,-0.00228578,-0.00250163,-0.000262498,542.601,0.000382,1,-0.0019966,-0.0019985,0.0002625,688.374
0,1042946,6,phononTF,0.0015399,-0.00255064,-0.00230451,-0.00021474,542.601,0.0015399,1,-0.00251563,-0.00234146,-0.0002625,665.328
0,1051875,2,phononTF,0.000428954,0.000117902,0.000154059,-0.0002625,4.57377,0.000382,1,0.00100081,0.000999266,0.0002625,1502.88
0,1051981,7,phononTS,0.000522229,0.00210525,0.000771336,-0.0002625,4321.18,0.000382,1,0.0019983,3.62299e-06,0.0002625,5851.39
0,1051981,9,phononTS,0.00218007,-0.00132774,-0.000532761,0.000157417,116.26,0.000543186,1,-0.00102031,-0.000808034,-0.0002625,928.597
0,1062708,7,phononTS,0.000842769,-0.00194194,-0.000639923,-0.0002625,1613.95,0.000382,1,-0.00199827,-5.25887e-07,0.0002625,2436.88
0,1067273,4,phononTF,0.00165764,0.00100223,-0.00300337,0.0002625,36.7906,0.00156397,1,0.00155977,-0.00353169,-0.0002625,1383.9
0,1071007,10,phononTS,0.000420737,-0.00200407,-0.00199521,0.000262498,1716.8,0.000420737,1,-0.00192094,-0.00202063,-0.0002625,1878.49
0,1076029,3,phononTF,0.00219892,-0.00213217,-0.001874,2.61239e-05,20.6796,0.001146,1,-0.00199883,-0.00200328,0.0002625,559.991
0,1076029,2,phononTS,0.00123661,-0.00253159,-0.00240969,0.000262498,20.6796,0.000658609,1,-0.00350471,-0.00227543,-0.0002625,394.625
0,1094756,11,phononTS,0.00102481,-0.00199866,-0.00199679,0.000262498,1465.15,0.000422014,1,-0.00192745,-0.00146735,-0.0002625,1706.06
0,1097575,6,phononTS,0.000427221,-4.8658e-06,0.00200456,0.000262498,5304.98,0.000427221,1,-4.24432e-05,0.00226901,-0.0002625,5498.26
0,1105327,4,phononTS,0.000504818,-0.00100465,-0.000996726,0.0002625,2008.04,0.000504818,1,-0.00119251,-0.000848013,-0.0002625,2804.84
0,1105327,2,phononTS,0.000685967,-0.00252361,-0.00239292,0.000262498,7.46675,0.000685967,1,-0.00454192,0.00106986,-0.0002625,1274.38
0,1112508,7,phononTS,0.000752906,-0.00190259,-0.00204959,-0.000262498,355.238,0.000382,1,-0.00200199,-0.00200159,0.0002625,519.168
0,1120569,3,phononTS,0.00279898,-0.00207662,-0.00201071,-0.0002625,58.2522,0.000764,1,-0.00200021,-0.00200135,0.0002625,483.678
0,1120569,5,phononTS,0.000759796,-0.00200021,-0.00200135,0.000262498,483.678,0.000759796,1,-0.00202381,-0.00203021,-0.0002625,632.568
0,1133561,4,phononL,0.00130622,-0.00281386,-0.00161228,-0.0002625,382.575,0.000382,1,-0.00299654,-0.00100357,0.0002625,686.167
0,1138363,4,phononTS,0.000571403,-0.000128436,-0.00199562,-0.0002625,17.4796,0.000382,1,-3.6295e-06,-0.00199807,0.0002625,1205.43
0,1181894,3,phononL,0.00283074,-0.00217456,-0.00199003,0.000159714,5.02608,0.001146,1,-0.00199605,-0.00200332,0.0002625,2071.39
0,1181894,4,phononTF,0.000873,-0.00199605,-0.00200332,0.000262498,2071.39,0.000873,1,-0.00177766,-0.00180484,-0.0002625,2240.91
0,1181894,2,phononTF,0.000661119,-0.00253909,-0.00239246,0.000262498,5.02608,0.000661119,1,-0.00269307,-0.0028333,-0.0002625,222.814
0,1192133,6,phononL,0.00204607,-0.00228195,-0.00222928,-0.0002625,694.236,0.000382,1,-0.00199762,-0.00199786,0.0002625,937.554
0,1212566,5,phononTF,0.00120483,-0.00114973,-0.00112693,-0.0002625,27.823,0.000764,1,-0.000999669,-0.00100128,0.0002625,1163.79
0,1219451,2,phononTS,0.00110216,-0.0015385,0.00100667,-0.0002625,1.41592,0.000382,1,-0.000998379,0.00100156,0.0002625,3482.33
0,1219451,4,phononTS,0.000557503,-0.000998379,0.00100156,0.000262498,3482.33,0.000557503,1,-0.000659954,0.0025184,-0.0002625,4053.25
0,1228250,5,phononTF,0.00279723,-0.00192473,-0.00207502,-7.50751e-05,235.224,0.000382,1,-0.00199991,-0.00200365,0.0002625,3067.8
0,1228250,7,phononTS,0.0014013,-0.00199991,-0.00200365,0.000262498,3067.8,0.0014013,1,-0.00122891,-0.0018212,-0.0002625,3385.69
0,1228250,6,phononTS,0.000740692,-0.00199991,-0.00200365,0.000262498,3067.8,0.000140517,1,-0.0020429,-0.00222921,-0.0002625,3253.34
0,1238358,3,phononL,0.00183543,-0.000606435,0.00144971,-0.0002625,8.30883,0.000764,1,2.54612e-06,0.00199791,0.0002625,6211.39
0,1238358,6,phononTS,0.000390084,2.54612e-06,0.00199791,0.000262498,6211.39,0.000390084,1,0.000296714,0.00133383,-0.0002625,6527.4
0,1245466,4,phononTF,0.00175088,-0.0028859,-0.00134441,-0.0002625,1.7413,0.000382,1,-0.00300399,-0.00099551,0.0002625,781.711
0,1250036,6,phononTS,0.0023767,-0.00189104,-0.00214115,-0.0002625,23.6788,0.001528,1,-0.00199897,-0.00200393,0.0002625,562.039
0,1252353,4,phononTS,0.00267594,-0.00297094,-0.00107937,0.000201791,7.02913,0.001146,1,-0.00300243,-0.00100467,0.0002625,3145.55
0,1252353,6,phononTS,0.000537148,-0.00300243,-0.00100467,0.000262498,3145.55,0.000537148,1,-0.00294189,-0.000987875,-0.0002625,3306.29
0,1252353,5,phononTS,0.000496183,-0.00300243,-0.00100467,0.000262498,3145.55,0.000496183,1,-0.0029857,-0.00118259,-0.0002625,3324.23
0,1252353,3,phononL,0.00140136,-0.00253641,-0.00237156,0.000262498,7.02913,0.00106121,1,-0.0032823,-0.00203786,-0.0002625,189.116
0,1252353,2,phononTF,0.0028459,-0.00266064,-0.00232142,-0.000242677,7.02913,0.00169998,1,-0.00267434,-0.00233456,-0.0002625,254.128
0,1252353,7,phononTS,0.000587258,-0.00479062,-0.005,0.000212588,254.128,0.000587258,1,-0.00478418,-0.00450346,-0.0002625,1530.69
0,1264682,12,phononTS,0.000706444,0.000149127,-0.00103061,-0.0002625,1055.75,0.000382,1,0.00099699,-0.00100025,0.0002625,2603.36
0,1268000,7,phononTS,0.000613095,0.00100022,-0.00300245,0.000262498,3973.87,0.000613095,1,0.00105623,-0.00305233,-0.0002625,4120.49
0,1272646,5,phononTS,0.00120763,-0.0031498,-0.00196591,-0.0002625,1.52719,0.000382,1,-0.0010031,-0.000998545,0.0002625,2617.12
0,1278342,5,phononTF,0.0022628,-0.00199504,-0.00200179,0.0002625,58.1528,0.00174474,1,-0.0025901,-0.00152235,-0.0002625,690.428
0,1295022,3,phononTS,0.00286447,-0.00193565,-0.00200768,0.000233318,2.90735,0.001528,1,-0.00200176,-0.00200298,0.0002625,1504.42
0,1298274,7,phononTS,0.000416266,-0.00200472,-0.00199629,0.000262498,604.853,0.000416266,1,-0.00217722,-0.00134165,-0.0002625,879.12
0,1313107,3,phononTS,0.00100804,-0.00257418,-0.00241323,-0.0002625,5.27337,0.000382,1,-0.00199729,-0.00199878,0.0002625,1460.12
0,1313107,2,phononTS,0.00171195,-0.00254111,-0.00238563,0.000262498,5.27337,0.00138948,1,-0.00251536,-0.00234334,-0.0002625,161.407
0,1329778,8,phononTF,0.000554553,-0.00199565,-0.0019996,0.000262498,993.74,0.000554553,1,-0.00233483,-0.00234941,-0.0002625,1196.15
0,1348917,4,phononL,0.000388126,-0.00256565,-0.00128312,-0.0002625,536.432,0.000382,1,-0.00300122,-0.00100344,0.0002625,949.134
0,1348917,2,phononTS,0.00155263,-0.00252184,-0.00239846,0.000262498,35.4538,0.000889748,1,-0.0019425,-0.00183055,-0.0002625,378.572
0,1349710,4,phononTS,0.00304395,-0.00197037,-0.00200006,0.00022703,52.2253,0.000382,1,-0.00200233,-0.00200474,0.0002625,1492.78
0,1385850,8,phononL,0.000476357,-7.6625e-07,4.5914e-06,0.000262498,4031.96,0.000476357,1,-0.000215701,-0.00073257,-0.0002625,4203.7
0,1385850,3,phononTF,0.00227904,-0.00251575,-0.00238622,0.000262498,16.637,0.00219319,1,-0.0026516,-0.00225329,-0.0002625,174.234
0,1396881,4,phononTS,0.0012894,-0.00138134,0.000150505,-0.0002625,9.51807,0.000764,1,-0.000997893,0.000995953,0.0002625,1491.96
0,1396881,3,phononTF,0.000471891,-0.00253167,-0.00238584,0.000262498,9.51807,0.000471891,1,-0.00291716,-0.000978202,-0.0002625,488.299
0,1408436,5,phononTS,0.0004997,-0.00194682,-0.00210596,-0.0002625,291.486,0.000382,1,-0.00200066,-0.0019983,0.0002625,785.991
0,1408436,2,phononTF,0.00157237,-0.00253498,-0.00238923,0.000262498,1.2947,0.00157237,1,-0.00250118,-0.0027702,-0.0002625,203.223
0,1433131,4,phononL,0.000497742,-0.00195214,-0.000864023,-0.0002625,317.896,0.000382,1,-0.00200492,-5.90437e-07,0.0002625,835.818
0,1433320,8,phononTS,0.0010213,-0.00200027,-0.00199925,0.000262498,1175.71,0.00076317,1,-0.00219241,-0.00279833,-0.0002625,1502.44
0,1439561,4,phononTF,0.00111174,-0.00328636,0.00410743,-0.0002625,155.044,0.000382,1,-0.00100037,0.00100146,0.0002625,5922.49
0,1439561,2,phononTF,0.000785265,-0.00252865,-0.00238842,0.000262498,5.19889,0.000785265,1,-0.00348782,-0.00165119,-0.0002625,387.983
0,1459496,8,phononTS,0.000548777,0.0010006,-0.000998638,0.0002625,3052.8,0.000548777,1,0.00147961,-0.000951916,-0.0002625,5475.27
0,1492872,7,phononTS,0.000486753,-0.00286828,-0.00273099,-0.0002625,521.159,0.000382,1,-0.00200046,-0.00199618,0.0002625,1120.98
0,1493766,4,phononTS,0.00268416,-0.00204264,-0.00196123,-0.000133102,14.0907,0.000764,1,-0.00199819,-0.00199928,0.0002625,2267.57
0,1522408,4,phononTF,0.000625387,-0.00221018,-0.00220145,-0.0002625,8.98593,0.000382,1,-0.00199748,-0.00199703,0.0002625,691.097
0,1531069,7,phononTS,0.000722524,-3.92148e-06,-0.00199855,0.000262498,1150.08,0.000631748,1,2.10476e-05,-0.00200291,-0.0002625,1302.73
0,1547878,3,phononTS,0.00282851,-0.00242958,-0.00230856,0.000102207,20.0017,0.001146,1,-0.00199776,-0.00199814,0.0002625,1849.02
0,1548966,4,phononTS,0.000815224,-0.00277605,-0.00101179,-0.000262498,2656.31,0.000382,1,-0.00299522,-0.000998385,0.0002625,2842.6
0,1549483,4,phononTF,0.00044284,-0.00212847,-0.00209845,-0.0002625,168.717,0.000382,1,-0.00200423,-0.00200471,0.0002625,1243.06
0,1554145,7,phononTS,0.000483277,-0.00100298,-0.00234056,-0.000262498,1689.39,0.000382,1,-0.00299709,-0.000995763,0.0002625,2485.66
0,1558488,6,phononTF,0.000522876,-0.000614955,-0.00260579,-0.0002625,152.758,0.000382,1,2.65227e-06,-0.00199934,0.0002625,2315.47
0,1601332,6,phononL,0.00140464,-0.000760125,0.000186646,-0.0002625,164.108,0.000382,1,-0.000999059,0.000995735,0.0002625,2694.5
0,1601332,7,phononTS,0.000644895,-0.000999059,0.000995735,0.000262498,2694.5,0.000644895,1,-0.000501432,0.000558667,-0.0002625,2997.58
0,1601332,2,phononTF,0.00177346,-0.00253017,-0.00239241,0.000251697,106.288,0.00177346,1,-0.00173165,-0.00158771,-0.0002625,457.15
0,1611288,6,phononTS,0.000676005,-0.00199979,-0.00199771,0.000262498,1276.34,0.000274279,1,-0.00204909,-0.00177633,-0.0002625,1460.79
0,1615436,3,phononTF,0.0028102,-0.0023879,-0.00165791,-0.000224588,16.5919,0.000382,1,-0.00200358,-0.00199755,0.0002625,2719.51
0,1615436,5,phononTF,0.00178238,-0.00162395,-0.0017516,0.000204785,2719.51,0.00168508,1,-0.0022988,-0.00250194,-0.0002625,3179.28
0,1628757,5,phononL,0.00191863,-0.00185384,-0.00187896,-0.000139668,751,0.000764,1,-0.00200076,-0.00200393,0.0002625,5444.31
0,1632912,2,phononTF,0.002096,-0.00246208,-0.00246462,-3.85545e-05,2.97622,0.000382,1,-0.00200018,-0.00199709,0.0002625,295.932
0,1651199,3,phononTF,0.00267624,-0.00279081,-0.00119107,1.40741e-06,2.78052,0.000764,1,-0.00299548,-0.000998706,0.0002625,2300.93
0,1651199,4,phononTS,0.00153202,-0.00299548,-0.000998706,0.000262498,2300.93,0.00128021,1,-0.0021593,-0.00108147,-0.0002625,2626.79
0,1683631,2,phononTS,0.000400457,-0.00276702,-0.00169861,-0.0002625,1.90107,0.000382,1,-0.00299816,-0.0010047,0.0002625,631.669
0,1684655,3,phononTS,0.00109491,0.00210143,0.00280797,-0.0002625,11.0882,0.000764,1,0.00200297,0.00200144,0.0002625,8697.53
0,1684655,2,phononTF,0.000478937,-0.00253162,-0.00240754,0.000262498,11.0882,0.000478937,1,-0.00323954,-0.00208482,-0.0002625,300.94
0,1686547,5,phononTF,0.000465605,-0.00199649,-0.00199733,0.000262499,3620.04,0.000465605,1,-0.00217608,-0.00179874,-0.0002625,3785.94
0,1686547,2,phononTS,0.000847137,-0.00254422,-0.0023988,0.000262498,33.8409,0.000847137,1,-0.00128736,-0.00199295,-0.0002625,508.079
0,1686548,5,phononL,0.00300991,-0.00281097,-0.00238374,-0.000187728,58.9213,0.00288723,1,-0.00266879,-0.00225545,-0.0002625,382.327
0,1689215,8,phononTF,0.000396452,-0.00299725,-0.00100349,0.000262498,3619.95,0.000396452,1,-0.00317508,-0.000810027,-0.0002625,3785.29
0,1724956,2,phononTS,0.00268927,-0.0020479,-0.00222238,0.000101993,29.6275,0.000764,1,-0.00200213,-0.00199595,0.0002625,2537.72
0,1727197,9,phononTS,0.000480638,-0.00352708,-0.000950619,-0.000262498,1344.61,0.000382,1,-0.00299886,-0.000996828,0.0002625,1595.1
0,1766221,6,phononTF,0.00069025,-0.00197338,2.05848e-05,-0.000262498,1543.98,0.000382,1,-0.00200115,-1.62954e-06,0.0002625,1692.35
0,1789928,4,phononTF,0.000954416,-0.00310343,-0.00139474,-0.0002625,45.9789,0.000764,1,-0.00300407,-0.00100067,0.0002625,627.597
0,1806059,7,phononTS,0.000762311,-0.00200328,-0.00199961,0.000262498,757.45,0.000558678,1,0.000335197,0.000539209,-0.0002625,1861.07
0,1808435,5,phononTF,0.00175465,-0.00270714,-0.00223068,0.000237476,295.394,0.000382,1,0.0010012,-0.00299847,0.0002625,1382.16
0,1838051,6,phononTF,0.00179769,-0.00246197,-0.0024652,0.000115264,9.5711,0.001146,1,-0.00200377,-0.00200444,0.0002625,249.068
0,1849944,3,phononL,0.00166496,-0.000525659,0.000887771,-0.0002625,4.93674,0.000382,1,-0.000998183,0.000995083,0.0002625,1725.61
0,1849944,7,phononTF,0.00101666,-0.000998183,0.000995083,0.000262498,1725.61,0.000967907,1,-0.00115472,0.00131686,-0.0002625,1915.27
0,1849944,2,phononTS,0.00165197,-0.00252919,-0.0023904,0.000262498,4.93674,0.000629767,1,-0.00247446,-0.00307729,-0.0002625,300.517
0,1850480,4,phononTF,0.000591567,-0.00183888,-0.00217285,-0.0002625,403.777,0.000382,1,-0.00200216,-0.00200243,0.0002625,892.801
0,1850480,2,phononTF,0.000816877,-0.00253856,-0.00238255,0.000262498,15.0212,0.000816877,1,-0.0023143,-0.00224284,-0.0002625,185.353
0,1851791,6,phononTF,0.00156262,-0.00194346,0.00210293,-0.0002625,2206.37,0.000764,1,-0.00199878,0.00200386,0.0002625,2663.99
0,1853814,7,phononL,0.000500503,-0.00246127,-0.00175129,-0.000262498,2518.46,0.000382,1,-0.00200251,-0.0020007,0.0002625,2656.31
0,1865162,5,phononL,0.00269806,-0.00225201,-0.0018486,-0.000141738,29.5398,0.000764,1,-0.00199867,-0.0019994,0.0002625,575.281
0,1865162,6,phononTS,0.00114128,-0.00199867,-0.0019994,0.000262499,575.281,0.000324518,1,-0.00197445,-0.00206475,-0.0002625,723.491
0,1871826,6,phononTS,0.000451447,-0.00200365,3.1823e-06,0.0002625,2822.42,0.000451447,1,-0.00204064,5.1002e-05,-0.0002625,3116.39
0,1873001,6,phononTF,0.0024948,-0.00226959,-0.00221963,-0.0002625,133.447,0.000764,1,-0.00199756,-0.00199981,0.0002625,496.689
0,1873001,8,phononTF,0.000491958,-0.00199756,-0.00199981,0.000262498,496.689,0.000491958,1,-0.00222058,-0.00223031,-0.0002625,670.068
0,1873001,7,phononTS,0.000481098,-0.00199756,-0.00199981,0.000262498,496.689,0.000481098,1,-0.00203705,-0.00202731,-0.0002625,650.829
0,1873197,6,phononTF,0.000469519,-0.000645192,-0.00267677,-0.0002625,1487.4,0.000382,1,2.91551e-06,-0.00199996,0.0002625,2304.04
0,1883054,6,phononTF,0.00216429,-0.00323555,-0.000753451,-3.4859e-05,297.036,0.000382,1,-0.00300211,-0.000999812,0.0002625,968.894
0,1885363,11,phononTF,0.000683139,-0.00199724,-0.00199628,0.000262498,861.825,0.000683139,1,-0.0019825,-0.00175436,-0.0002625,1033.59
0,1889850,4,phononL,0.002036,-0.00270939,-0.000128921,-0.0002625,89.8087,0.000382,1,-0.00200391,-1.38664e-07,0.0002625,2615.24
0,1928937,9,phononTF,0.000451805,-0.00202388,-0.00192063,-0.000262498,249.503,0.000382,1,-0.0019989,-0.00200127,0.0002625,400.372
0,1946750,7,phononTS,0.00043581,-0.000995245,-0.00100333,0.0002625,458.546,0.00043581,1,-0.00101027,-0.00133446,-0.0002625,4950.01
0,1976885,7,phononTF,0.00087292,-0.00223238,-0.000248073,-0.0002625,965.626,0.000382,1,-0.00199934,2.41185e-06,0.0002625,1495.02
0,1978203,4,phononTF,0.000567895,0.000378253,0.000413645,-0.0002625,2.66619,0.000382,1,0.00100335,0.00100264,0.0002625,1643.42
0,1978203,3,phononTS,0.000607782,-0.00253027,-0.00238282,0.000262498,2.66619,0.000607782,1,-0.00255615,-0.00244446,-0.0002625,156.116
0,1978203,2,phononTS,0.000386278,-0.00253027,-0.00238282,0.000262498,2.66619,0.000386278,1,-0.00302035,-0.0024539,-0.0002625,252.735
0,1989807,3,phononTS,0.000522538,-0.00202781,-0.00202829,-0.0002625,1614.01,0.000382,1,-0.00199952,-0.00200165,0.0002625,2081
0,1993716,5,phononTF,0.00147918,-0.000997988,0.00100004,0.000262499,3727.24,0.000998548,1,-0.00134357,0.00180434,-0.0002625,4043.05
0,2004484,7,phononL,0.00108107,-0.000531459,0.00129231,-0.0002625,256.553,0.000382,1,2.57838e-06,0.00199628,0.0002625,1242.39
0,2004485,3,phononTS,0.00377112,-0.0028746,-0.00233959,-0.000191344,35.2973,0.00249131,1,-0.00290882,-0.00234411,-0.0002625,407.694
0,2041729,2,phononTS,0.00276296,-0.00197293,-0.00200245,1.7128e-05,93.6076,0.001146,1,-0.0019999,-0.00199874,0.0002625,655.993
0,2042994,11,phononTF,0.000680805,-0.000615032,-0.00103035,-0.0002625,173.791,0.000382,1,-0.00100441,-0.00100384,0.0002625,1056.99
0,2101367,8,phononTS,0.000938617,-0.000901613,-0.00166805,-0.0002625,100.127,0.000764,1,-9.11358e-07,-0.00200261,0.0002625,3120.24
0,2117306,4,phononTF,0.00266654,2.56736e-05,-0.00201674,0.000180466,1.63221,0.000382,1,4.5414e-06,-0.0020027,0.0002625,3297.15
0,2118247,5,phononTF,0.000674573,-0.00178058,-0.00179775,-0.000262498,1417.76,0.000382,1,-0.00200026,-0.00199736,0.0002625,1589.42
0,2126071,9,phononTF,0.000516896,-0.00121157,-0.00155277,-0.0002625,4077.72,0.000382,1,1.45885e-06,-0.00200047,0.0002625,13857.1
0,2140687,9,phononTS,0.000593601,-0.00200248,-0.0019973,0.000262498,497.69,0.000205101,1,-0.00196379,-0.00195374,-0.0002625,653.825
0,2144260,3,phononTS,0.000852921,0.00260104,0.00270496,-0.0002625,5.12705,0.000382,1,2.76613e-06,2.04091e-06,0.0002625,4957.43
0,2144411,5,phononTF,0.00249121,-0.00190549,-0.00188485,-0.000152466,265.745,0.00127328,1,-0.00180544,-0.00197968,-0.0002625,1566.49
0,2161443,5,phononTS,0.00048181,0.000999057,0.00100454,0.0002625,5841.16,0.00048181,1,0.00115164,0.000906728,-0.0002625,10903.3
0,2161443,2,phononTS,0.00127821,-0.00252012,-0.00239358,0.000262498,27.1964,0.000315937,1,-0.00252082,-0.00243821,-0.0002625,187.505
0,2164339,5,phononTF,0.00261168,-0.000965548,-0.00103356,0.000220974,1108.31,0.001146,1,-0.00099557,-0.00100436,0.0002625,2354.87
0,2164339,7,phononTS,0.000556794,-0.00099557,-0.00100436,0.000262498,2354.87,0.000556794,1,-0.00175559,-0.00150499,-0.0002625,2723.54
0,2183536,4,phononTS,0.00284094,-0.00178013,-0.00193062,0.000174691,52.9668,0.000382,1,-0.00200484,-0.00200328,0.0002625,1089.5
0,2217480,6,phononTS,0.000665373,-0.00211306,0.00199923,-0.0002625,4101.07,0.000382,1,-0.0019978,0.00199656,0.0002625,5664.83
0,2221435,5,phononTS,0.000515548,-0.000630937,-0.00209991,-0.0002625,37.7412,0.000382,1,3.02855e-06,-0.00200412,0.0002625,1182.23
0,2221435,4,phononL,0.000464407,-0.00253283,-0.0023873,0.000262498,37.7412,0.000464407,1,-0.00256208,-0.00369467,-0.0002625,297.037
0,2221435,7,phononTF,0.0028895,-0.00198891,-0.0025135,-0.000168989,51.1354,0.00208469,1,-0.00200889,-0.00253065,-0.0002625,431.751
0,2251298,6,phononTF,0.000974619,-0.000997523,-0.000998297,0.000262498,3058.84,0.000974619,1,-0.000911331,-0.0010817,-0.0002625,3210.63
0,2251298,2,phononTS,0.00114308,-0.00253331,-0.0023827,0.000262498,4.37974,0.000333121,1,-0.00275185,-0.00233103,-0.0002625,188.19
0,2253497,6,phononTF,0.000426996,-0.000911712,-0.00329533,-0.000262498,1477.19,0.000382,1,0.00100334,-0.00299861,0.0002625,2092.73
0,2253497,3,phononTF,0.0029042,-0.00194445,-0.0023155,-9.0375e-05,9.79315,0.00139844,1,-0.00184504,-0.00241382,-0.0002625,360.725
0,2280634,2,phononL,0.00370708,-0.00201306,-0.00202775,0.000192769,6.95838,0.000764,1,-0.00199906,-0.00199745,0.0002625,416.866
0,2289386,10,phononTS,0.000759369,0.005,0.00335367,-0.000104953,1109.66,0.000759369,1,0.00243868,0.000941322,-0.0002625,4591.33
0,2330513,6,phononTS,0.00109419,-0.00213684,-0.00160391,-0.0002625,1867.04,0.000382,1,-0.00200229,-0.00199819,0.0002625,2136.05
0,2330513,8,phononTS,0.000487601,-0.00200229,-0.00199819,0.000262498,2136.05,0.000487601,1,-0.00232593,-0.00253109,-0.0002625,2427.4
0,2342884,4,phononTS,0.000991113,-0.00331402,5.12112e-05,-0.0002625,56.8189,0.000382,1,1.79472e-07,-0.00199837,0.0002625,3743.88
0,2349463,2,phononTF,0.000458626,-0.00106351,-0.00134177,-0.0002625,4.47794,0.000382,1,-0.000999298,-0.000998888,0.0002625,919.217
0,2357658,5,phononTS,0.000458987,-0.00200411,-0.00199916,0.000262498,1697.69,0.000458987,1,-0.00290249,-0.00373245,-0.0002625,2360.26
0,2364418,6,phononTS,0.000431297,-0.00100407,-0.000995035,0.000262498,2164.74,0.000431297,1,-7.26372e-05,-0.00103026,-0.0002625,2531.65
0,2371591,6,phononTS,0.000685306,-0.000147849,-0.00142592,-0.0002625,173.602,0.000382,1,0.00100467,-0.000995146,0.0002625,1526.54
0,2371591,4,phononTF,0.000539479,-0.00254368,-0.00237883,0.000262498,21.0907,0.000539479,1,-0.00322997,-0.00167581,-0.0002625,337.002
0,2371591,2,phononTF,0.00480674,-0.00305034,-0.00317532,-0.000192147,17.2614,0.00296957,1,-0.0030919,-0.00322067,-0.0002625,1213.72
0,2380588,9,phononTF,0.00058861,-3.72898e-06,1.0763e-06,0.0002625,1327.21,0.00058861,1,-7.12226e-05,-6.33265e-05,-0.0002625,1627.8
0,2381359,3,phononTS,0.00152012,0.00111772,-0.00281569,-0.0002625,60.3303,0.000764,1,0.00100054,-0.0030025,0.0002625,2236.9
0,2381359,2,phononTS,0.00206908,-0.00257454,-0.00241603,0.000262498,60.3303,0.00124618,1,-0.00292621,-0.0021755,-0.0002625,302.327
0,2389736,8,phononTS,0.000602502,2.43357e-06,-0.00199866,0.0002625,517.307,0.000602502,1,0.000485963,-0.00194497,-0.0002625,2287.33
0,2401440,3,phononTF,0.00363543,-0.00199732,-0.00199911,0.000256748,22.4911,0.001146,1,-0.00200163,-0.00200377,0.0002625,581.525
0,2401440,4,phononTF,0.00119493,-0.00200163,-0.00200377,0.000262498,581.525,0.00116294,1,-0.00168814,-0.00171697,-0.0002625,771.527
0,2405821,6,phononTF,0.00300861,-0.00222972,-0.0017815,0.000150343,251.206,0.000382,1,-0.00200487,-0.00199892,0.0002625,926.249
0,2405821,10,phononTF,0.0024416,-0.00200459,-0.00199889,0.000260225,926.249,0.000382,1,-0.00200207,-0.00200141,0.0002625,928.143
0,2405821,11,phononTS,0.0015927,-0.00200207,-0.00200141,0.000262498,928.143,0.000495657,1,-0.000463657,-0.00319299,-0.0002625,1558.04
0,2411293,3,phononTF,0.0024286,-0.00222133,-0.00220673,-0.0002625,5.38825,0.000764,1,-0.00200405,-0.00200419,0.0002625,412.728
0,2419132,6,phononL,0.00082258,-0.00254718,-0.00201475,-0.000262498,361.231,0.000382,1,-0.00199616,-0.00199727,0.0002625,500.769
0,2421593,3,phononTS,0.00261918,-0.00200583,3.92829e-06,0.000257917,166.858,0.000764,1,-0.00199903,4.99615e-06,0.0002625,1147.87
0,2421593,5,phononTS,0.000519399,-0.00199903,4.99615e-06,0.000262498,1147.87,0.000519399,1,-0.00245564,0.00023877,-0.0002625,1409.87
0,2421593,4,phononTF,0.000911917,-0.00199903,4.99615e-06,0.000262498,1147.87,0.000241255,1,-0.00202024,0.0019514,-0.0002625,1769.77
0,2425995,3,phononL,0.00303313,-0.0017054,-0.000244177,5.72984e-05,57.0052,0.000764,1,-0.0019981,-1.59665e-06,0.0002625,3962.96
0,2425995,5,phononTF,0.000457953,-0.0019981,-1.59665e-06,0.000262498,3962.96,0.000457953,1,-0.00271954,-0.000789665,-0.0002625,4302.73
0,2425995,4,phononTF,0.000412053,-0.0019981,-1.59665e-06,0.000262498,3962.96,0.000412053,1,-0.00159342,0.000764743,-0.0002625,4270.97
0,2426843,5,phononTS,0.0005577,0.00100335,-0.00300493,0.0002625,4052.46,0.0005577,1,0.00106681,-0.00303507,-0.0002625,4637.98
0,2443136,2,phononTF,0.00139719,-0.00202812,-0.00203112,0.000157659,7.64244,0.000382,1,-0.00199514,-0.00200253,0.0002625,239.155
0,2451963,3,phononTF,0.00281769,-0.00201666,-0.00204278,0.000180833,10.1003,0.000764,1,-0.00199647,-0.00199758,0.0002625,487.462
0,2455903,6,phononTS,0.000416147,-0.00199866,-0.00199932,0.0002625,243.975,0.000416147,1,-0.00194784,-0.0020589,-0.0002625,537.069
0,2473265,11,phononTF,0.000873864,-0.00100003,-0.00100318,0.000262498,1966.04,0.000468677,1,-0.000437535,-0.000475453,-0.0002625,2232.21
0,2484944,3,phononTS,0.00281791,-0.00158252,-0.00186846,8.00668e-05,4.19568,0.001146,1,-0.00200073,-0.00199966,0.0002625,2211.41
0,2488873,7,phononTF,0.000775407,-0.00200467,3.93659e-06,0.000262498,2229.51,0.000775407,1,-0.00171055,-0.000308853,-0.0002625,2420.68
0,2489538,4,phononTF,0.000854849,0.00165879,-0.000370264,-0.0002625,1614.88,0.000382,1,0.00100369,-0.00100395,0.0002625,6187.53
0,2489538,2,phononTF,0.00172815,-0.0025265,-0.00238675,0.000262498,3.50762,0.00128845,1,-0.00233658,-0.00256042,-0.0002625,168.157
0,2490600,4,phononTS,0.000433624,-0.0013139,3.83132e-05,-0.0002625,1316.87,0.000382,1,-0.00200247,1.97835e-07,0.0002625,1906.64
0,2502126,9,phononTS,0.000570434,-0.00195539,-0.00193301,-0.000262498,654.237,0.000382,1,-0.00200115,-0.00199625,0.0002625,812.844
0,2512854,3,phononTS,0.00268101,-0.00198624,-0.00199067,0.000206902,46.9643,0.000382,1,-0.00200237,-0.00199627,0.0002625,823.143
0,2524448,4,phononTF,0.000405135,-0.00290361,-0.0010026,-0.0002625,1623.82,0.000382,1,-0.00300191,-0.0010039,0.0002625,2080.3
0,2524448,2,phononTF,0.00108965,-0.0025293,-0.00238894,0.000262498,2.08819,0.00108965,1,-0.00230724,-0.00220612,-0.0002625,173.436
0,2533825,8,phononTF,0.0027714,-0.00261923,-0.00256094,-0.000116234,3369.88,0.00201117,1,-0.00259118,-0.00259202,-0.0002625,4009.52
0,2535724,5,phononL,0.000435666,-0.00122663,-0.00104435,-0.000262498,2595.16,0.000382,1,-0.00099963,-0.000997167,0.0002625,2708.08
0,2557065,7,phononTS,0.000742195,0.00201802,-0.00178574,-0.000262498,4459.41,0.000382,1,0.00199532,-0.00199595,0.0002625,4642.19
0,2559805,9,phononTS,0.000387995,-0.00299603,-0.00100078,0.000262498,343.685,0.000387995,1,-0.00294379,-0.00072392,-0.0002625,538.705
0,2566591,5,phononTS,0.000556635,-0.00207979,-0.00194313,-0.000262498,233.994,0.000382,1,-0.00199585,-0.00199953,0.0002625,395.231
0,2574022,5,phononTS,0.00272666,-0.00296124,-0.00118199,0.000204699,10.3978,0.001528,1,-0.00300258,-0.00099588,0.0002625,2659.2
0,2574022,6,phononTF,0.000460094,-0.00300258,-0.00099588,0.000262498,2659.2,0.000460094,1,-0.00282335,-0.00143117,-0.0002625,2875.93
0,2574022,4,phononTF,0.000507634,-0.00253542,-0.0023963,0.000262498,10.3978,0.000507634,1,-0.00226312,-0.00266921,-0.0002625,193.99
0,2587840,3,phononTS,0.00298778,-0.00214968,-0.00207711,0.000190786,136.318,0.001146,1,-0.00200416,-0.00200306,0.0002625,365.407
0,2587840,2,phononTF,0.00077558,-0.00245047,-0.00240879,0.000262498,136.318,0.000331678,1,-0.00190366,-0.00294419,-0.0002625,397.858
0,2603152,3,phononTS,0.0027224,-0.00203224,-0.00196413,-3.35613e-05,8.7204,0.001146,1,-0.00200346,-0.0019975,0.0002625,527.111
0,2633441,3,phononTS,0.00121529,-0.00200188,-0.00200003,0.0002625,17.2356,0.000341087,1,-0.00157462,-0.0020783,-0.0002625,1307.9
0,2639964,9,phononTS,0.000583305,-2.75842e-06,-0.00200268,0.000262498,2972.73,0.000583305,1,0.000749403,-0.00195314,-0.0002625,3277.12
0,2649701,5,phononTF,0.000744403,-0.00225667,-0.00225266,-0.000262498,560.42,0.000382,1,-0.00200407,-0.00199627,0.0002625,739.827
0,2658505,6,phononTS,0.000670232,-0.00200048,-0.00199745,0.0002625,944.8,0.000670232,1,-0.00153542,-0.00125608,-0.0002625,1662.41
0,2670640,8,phononTF,0.000494375,0.000247325,-0.000240455,-0.000262498,5592.61,0.000382,1,-8.12773e-08,-4.0835e-06,0.0002625,5769.48
0,2670640,4,phononL,0.000509884,-0.00251369,-0.00236961,0.000262498,26.4435,0.000509884,1,-0.00129809,-0.00291615,-0.0002625,302.659
0,2679403,3,phononTS,0.000906704,-0.00226658,-0.00119358,-0.0002625,7.1949,0.000382,1,-0.00200102,3.11614e-06,0.0002625,899.877
0,2679403,5,phononTS,0.000384349,-0.00200102,3.11614e-06,0.000262498,899.877,0.000384349,1,-0.00130931,5.77187e-05,-0.0002625,1189.86
0,2679403,2,phononL,0.000531512,-0.00253215,-0.00239027,0.000262498,7.1949,0.000531512,1,-0.00326061,-0.00267361,-0.0002625,182.509
0,2711375,6,phononTS,0.000415971,-0.00149773,-0.00124629,-0.000262498,1546.51,0.000382,1,-0.00299969,-0.00100442,0.0002625,2110.04
0,2726188,4,phononTS,0.00225972,0.00100069,-0.0029701,0.000212957,1.94652,0.000764,1,0.000995796,-0.00300436,0.0002625,6972.32
0,2733570,7,phononTS,0.000480882,0.000532149,-0.0022412,-0.000262498,2048.85,0.000382,1,-4.10236e-06,-0.00200457,0.0002625,2328.35
0,2758547,11,phononTS,0.00117023,-0.00200391,0.00199923,0.000262498,6733.92,0.000636936,1,-0.00201784,0.00193651,-0.0002625,6895.19
0,2780145,6,phononL,0.00046731,-0.00200101,-0.00199674,0.000262498,614.016,0.00046731,1,-0.00124689,-0.00195385,-0.0002625,781.562
0,2780145,3,phononTF,0.00294199,-0.00241422,-0.00224702,-0.00016243,9.26929,0.00145675,1,-0.0024793,-0.00218646,-0.0002625,1101.22
0,2786254,3,phononTF,0.00158596,-0.00261556,-0.000642018,-0.0002625,15.8615,0.001146,1,-0.00200321,2.47211e-06,0.0002625,3020.73
0,2795993,4,phononTS,0.000739524,-0.00195102,-0.00194054,-0.000262498,532.383,0.000382,1,-0.00200043,-0.0020017,0.0002625,678.907
0,2795993,2,phononTS,0.000956348,-0.00252411,-0.00238669,0.000262498,20.9529,0.000481497,1,-0.00224718,-0.0022904,-0.0002625,228.886
0,2799245,5,phononTS,0.00208062,-0.00198063,-0.00185697,-0.000121955,40.8051,0.000382,1,-0.0019957,-0.00200408,0.0002625,634.9
0,2812448,5,phononTS,0.000634563,6.51431e-08,-0.00200394,0.0002625,1309.87,0.000634563,1,5.30369e-05,-0.0019084,-0.0002625,1654.99
0,2818640,8,phononTF,0.00183916,-1.98829e-06,-0.00199969,0.000262498,3570.71,0.000968422,1,0.000259192,-0.00172082,-0.0002625,3753.71
0,2823346,5,phononTS,0.000544676,0.00200303,-0.00199574,0.0002625,2445.39,0.000544676,1,0.0020145,-0.00195682,-0.0002625,2762.39
0,2823346,2,phononTF,0.00110508,-0.00252811,-0.00238736,0.000262498,4.23386,0.00105909,1,-0.00283313,-0.00205667,-0.0002625,198.809
0,2845561,4,phononTS,0.00332931,-0.00202246,-0.00209901,7.18096e-06,3434.09,0.001146,1,-0.00199903,-0.00199875,0.0002625,4075.72
0,2845561,7,phononL,0.000700962,-0.00199903,-0.00199875,0.000262498,4075.72,0.000700962,1,-0.00178085,-0.00178691,-0.0002625,4192.74
0,2853226,2,phononTF,0.00140487,-0.000631435,-0.00059617,-0.0002625,3.24345,0.000382,1,1.85255e-06,8.49491e-07,0.0002625,1147.4
0,2862772,7,phononTS,0.00073704,0.000999156,-0.00100227,0.000262498,4789.67,0.00073704,1,0.00105134,-0.00170921,-0.0002625,5084.57
0,2862772,2,phononTF,0.000648976,-0.00253641,-0.00238848,0.000262498,14.0802,0.000648976,1,-0.00270678,-0.00254604,-0.0002625,175.775
0,2883047,8,phononTF,0.000663127,-0.00205677,-0.00193701,-0.0002625,226.46,0.000382,1,-0.00200032,-0.00199935,0.0002625,853.211
0,2883047,7,phononTS,0.000674028,-0.00249268,-0.00234693,0.000262498,226.46,0.000674028,1,-0.00245486,-0.00241103,-0.0002625,373.652
0,2888785,9,phononTS,0.00039337,-0.0020012,-0.00200226,0.0002625,501.371,0.00039337,1,-0.00175964,-0.0019857,-0.0002625,1262.3
0,2888914,6,phononTS,0.0016252,-0.00201373,-0.00205379,-0.000262498,1759.21,0.000382,1,-0.00200296,-0.00199537,0.0002625,1911.04
0,2902923,6,phononTS,0.000992146,-0.00276299,-0.00175814,-0.0002625,165.39,0.000382,1,-0.00300444,-0.000996259,0.0002625,830.216
0,2917781,4,phononL,0.00301814,-0.00204396,-0.00227456,0.000199661,4.61339,0.000382,1,-0.00200467,-0.0019981,0.0002625,289.73
0,2917781,6,phononTS,0.00133164,0.00367799,0.005,-0.000238593,289.73,0.000659708,1,0.00366911,0.004948,-0.0002625,2853.05
0,2919348,4,phononTF,0.00380515,-0.00197144,-0.00202677,0.000200394,360.71,0.000764,1,-0.00199872,-0.002,0.0002625,859.102
0,2931978,6,phononTS,0.000826206,-0.000996937,-0.00100075,0.000262498,1279.81,0.000615926,1,-0.00303975,-0.00318657,-0.0002625,2193.72
0,2934701,5,phononTS,0.00262499,-0.001674,-0.0018351,-8.99595e-06,568.627,0.000382,1,-0.00199919,-0.00199907,0.0002625,1588.2
0,2934701,7,phononTF,0.00149727,0.00487966,-0.00295017,-0.000221324,1588.2,0.00149727,1,0.0049809,-0.00305913,-0.0002625,3713.55
0,2956571,8,phononTF,0.00171411,-0.00241581,-0.00238387,-0.0002625,77.9469,0.000764,1,-0.00199819,-0.0019958,0.0002625,1037.51
0,2971128,9,phononTS,0.000587454,-0.000996955,-0.00100013,0.000262498,1558.09,0.000587454,1,-0.000462629,-0.0010311,-0.0002625,1810.81
0,2986723,3,phononTF,0.00447204,-0.00201574,-0.00197688,0.000165649,7.83788,0.001528,1,-0.00199559,-0.00199612,0.0002625,577.657
0,2989939,10,phononTS,0.000852231,-0.00299853,-0.000998457,0.000262498,1113.1,0.000490557,1,-0.00304093,-0.00103449,-0.0002625,1260.3
0,2997759,6,phononTS,0.000908584,-0.00253191,-0.00248333,0.00022951,281.129,0.000382,1,-0.00199793,-0.00200125,0.0002625,502.416
0,3001587,3,phononL,0.00259343,-0.00130309,-0.00225136,-0.0002625,9.12395,0.000764,1,-2.16573e-06,-0.00200287,0.0002625,585.486
0,3001587,5,phononTS,0.000671209,-2.16573e-06,-0.00200287,0.000262498,585.486,0.000671209,1,-8.81868e-06,-0.00199626,-0.0002625,733.443
0,3001587,4,phononTF,0.000901624,-2.16573e-06,-0.00200287,0.000262498,585.486,0.000517002,1,-0.000761854,-0.00266769,-0.0002625,912.059
0,3002750,3,phononL,0.000674253,-0.0015789,-0.000649122,-0.0002625,4.25209,0.000382,1,-0.00200085,-3.51903e-06,0.0002625,1644.36
0,3010009,4,phononTS,0.000580476,-0.00199679,-0.00200205,0.000262498,2872.15,0.000580476,1,-0.00208184,-0.00202029,-0.0002625,3034.18
0,3015392,3,phononTS,0.00242451,-0.00218331,-0.00197673,-9.24662e-05,11.8147,0.000764,1,-0.00199995,-0.00200107,0.0002625,362.929
0,3015392,4,phononTS,0.00064737,-0.00199995,-0.00200107,0.000262498,362.929,0.000286976,1,-0.00196614,-0.00150057,-0.0002625,612.133
0,3017378,3,phononL,0.000489238,-0.00213403,-0.000597406,-0.0002625,5.89504,0.000382,1,-0.00200347,-8.68249e-07,0.0002625,596.916
0,3036002,6,phononTS,0.000740098,-0.00185198,-0.00289822,-0.0002625,2672.16,0.000382,1,-0.00200037,-0.00199564,0.0002625,9346.81
0,3036002,4,phononTF,0.00118543,-0.00252957,-0.00238361,0.000262498,3.41027,0.00118543,1,-0.00247659,-0.00243405,-0.0002625,152.909
0,3049312,3,phononTF,0.00203134,-0.00182258,-0.000162154,8.50244e-05,7.01958,0.000764,1,-0.00199959,4.0031e-06,0.0002625,1398.6
0,3049312,10,phononTF,0.000604943,-0.00199959,4.0031e-06,0.000262498,1398.6,0.000604943,1,-0.00102189,-0.000832857,-0.0002625,1797.3
0,3049312,9,phononTS,0.000454935,-0.00199959,4.0031e-06,0.000262498,1398.6,0.000454935,1,-0.0022908,0.000171931,-0.0002625,1618.52
0,3065294,6,phononTS,0.00180108,6.36808e-06,-0.00198451,0.000256172,2900.58,0.000764,1,3.15817e-06,-0.00200015,0.0002625,4604.03
0,3065294,7,phononTS,0.000596627,3.15817e-06,-0.00200015,0.000262498,4604.03,0.000596627,1,7.10645e-05,-0.0017783,-0.0002625,4798.54
0,3069576,3,phononTF,0.000718656,-0.00212994,-0.00209355,-0.0002625,2.70542,0.000382,1,-0.00199525,-0.00199515,0.0002625,629.619
0,3085468,7,phononTS,0.00046809,-0.00194223,-0.00202652,-0.000262499,1215.58,0.000382,1,-0.00200369,-0.0019973,0.0002625,1369.43
0,3092968,6,phononTS,0.000452106,-0.00105799,0.00100078,-0.000262498,4538.87,0.000382,1,-0.000999829,0.000995499,0.0002625,4689.03
0,3103563,3,phononTS,0.0023266,-0.00211479,-0.00202841,0.000184865,0.578027,0.001146,1,-0.00199985,-0.00200359,0.0002625,270.293
0,3115087,5,phononTF,0.00101712,-0.00163886,-0.00303538,-0.0002625,2.91486,0.000382,1,-0.00200125,-0.00199863,0.0002625,736.845
0,3115087,4,phononTS,0.00158216,-0.0025271,-0.00239237,0.000262498,2.91486,0.00105728,1,-0.00232911,-0.00332747,-0.0002625,373.644
0,3121662,5,phononTS,0.00148235,-0.00176091,-0.00194895,-0.000262498,736.611,0.000764,1,-0.00199857,-0.00200128,0.0002625,923.993
0,3127351,5,phononTF,0.00248216,-0.00243552,-0.00158121,-0.0002625,118.605,0.000764,1,-0.00199566,-0.00200209,0.0002625,898.802
0,3127351,6,phononTF,0.00102603,-0.00199566,-0.00200209,0.000262498,898.802,0.00041782,1,-0.00249576,-0.0024554,-0.0002625,1143.9
0,3129258,7,phononTF,0.000546476,-0.000678116,-0.00070317,-0.0002625,1502.24,0.000382,1,-0.00100458,-0.00100197,0.0002625,2141.48
0,3129258,5,phononL,0.00114678,-0.0022531,-0.00259388,0.000262498,346.523,0.00114678,1,-0.000522579,-0.00232399,-0.0002625,688.46
0,3131030,4,phononTS,0.00170111,-0.00199893,-0.00200401,0.0002625,22.4481,0.00119044,1,-0.00222687,-0.00278168,-0.0002625,3814.28
0,3147179,7,phononTS,0.000635788,-0.00200186,-0.00200146,0.000262498,2385.18,0.000635788,1,-0.00293879,-0.00198913,-0.0002625,2753.79
0,3150373,7,phononTS,0.000682064,-0.000995866,-0.00100015,0.000262498,839.223,0.000682064,1,-0.00184783,-0.000997819,-0.0002625,1180.03
0,3156457,3,phononTS,0.000883252,-0.000844192,-0.00105189,8.75498e-05,38.5488,0.000309743,1,-0.000917998,-0.000490327,-0.0002625,1100.06
0,3159958,2,phononTF,0.00193535,-0.00214321,-0.00212882,-0.0002625,6.21739,0.000382,1,-0.00199693,-0.00199667,0.0002625,775.071
0,3176753,4,phononTF,0.000728456,-0.000996577,-0.00100423,0.0002625,6.5667,0.000728456,1,-0.000227465,-0.000309233,-0.0002625,1003.2
0,3176753,3,phononTS,0.0012392,-0.0025348,-0.00239422,0.000262498,6.5667,0.000991251,1,-0.00108566,-0.00132428,-0.0002625,597.678
0,3176753,2,phononTS,0.000425399,-0.0025348,-0.00239422,0.000262498,6.5667,0.000425399,1,-0.00290739,-0.00244096,-0.0002625,221.735
0,3180936,4,phononL,0.00285706,-0.00199011,-0.00210148,0.000150165,125.563,0.000382,1,-0.00199815,-0.00199994,0.0002625,4988.45
0,3191318,8,phononTF,0.000774858,0.00110127,-0.00310203,-0.0002625,1013.43,0.000382,1,0.000999068,-0.00300278,0.0002625,2692.16
0,3196616,6,phononTF,0.0027816,-0.00102231,-0.000907719,8.67727e-05,562.234,0.000382,1,-0.000998629,-0.00100151,0.0002625,4704.87
0,3201219,4,phononTS,0.00049015,-0.000996768,-0.000999604,0.000262498,554.131,0.00049015,1,-0.000598432,-0.00104569,-0.0002625,774.767
0,3207047,6,phononTS,0.00055643,-0.00305925,-0.00103011,-0.000262498,604.818,0.000382,1,-0.00300372,-0.00099729,0.0002625,752.818
0,3207047,3,phononTS,0.000433799,-0.00258575,-0.00236029,0.000262498,101.39,0.000433799,1,-0.00206119,-0.00155523,-0.0002625,483.948
0,3212473,5,phononTS,0.00172371,-0.00247916,-0.00209358,3.54566e-05,1.94779,0.000764,1,-0.00199785,-0.001999,0.0002625,314.131
0,3212473,6,phononTF,0.000760596,-0.00199785,-0.001999,0.000262498,314.131,0.000760596,1,-0.00183934,-0.00199884,-0.0002625,472.754
0,3216873,8,phononTS,0.000522962,4.47078e-06,-0.00199701,0.0002625,3367.29,0.000522962,1,-3.00076e-05,-0.00198159,-0.0002625,3672.89
0,3232129,6,phononTF,0.000776581,-0.000746228,-0.00123378,-0.0002625,1212.56,0.000382,1,-0.000996799,-0.000998836,0.0002625,1743.14
0,3242170,6,phononTS,0.000495583,-0.00315069,-0.0012903,-0.000262499,1076.13,0.000382,1,-0.00299601,-0.000995368,0.0002625,1294.91
0,3249775,9,phononTS,0.000499119,-0.00207531,-0.00227776,-0.000262498,592.714,0.000382,1,-0.00199507,-0.00199799,0.0002625,799.325
0,3263492,5,phononTF,0.00176577,-0.00199698,-0.00199577,0.000262498,492.356,0.00143054,1,-0.00198738,-0.00172676,-0.0002625,669.275
0,3264109,6,phononTS,0.0030006,-0.00200159,-0.00199879,0.000262498,562.038,0.00107919,1,-0.00199754,-0.00193494,-0.0002625,712.163
0,3274763,4,phononL,0.00134937,-0.00433863,-0.000939955,-0.000262498,5300.81,0.000382,1,-0.00300283,-0.000997961,0.0002625,5565.41
0,3274763,5,phononTS,0.000776047,-0.00300283,-0.000997961,0.000262498,5565.41,0.000605741,1,-0.00297129,-0.000494266,-0.0002625,5809.99
0,3274763,2,phononTS,0.00116333,-0.00252939,-0.00239035,0.000262498,6.06975,0.00114534,1,-0.00266517,-0.00222389,-0.0002625,200.005
0,3275985,7,phononTS,0.000498354,-0.000197984,-0.00196498,-0.000262498,1640.96,0.000382,1,-0.000999965,-0.000995982,0.0002625,2107.79
0,3276493,7,phononTF,0.000400866,-0.00186414,-0.00232459,-0.0002625,350.095,0.000382,1,-0.00200404,-0.00199659,0.0002625,886.112
0,3303161,9,phononTF,0.000404213,0.00200472,0.00199809,0.0002625,4168.48,0.000404213,1,0.00195178,0.00204637,-0.0002625,4467.16
0,3313833,10,phononTS,0.000523932,-0.00100292,-0.000996974,0.0002625,792.062,0.000523932,1,-0.000512443,-0.000939101,-0.0002625,1289.96
0,3326532,6,phononTS,0.00352506,-0.00197,-0.00221013,-1.37476e-07,922.762,0.000764,1,-0.00199732,-0.00199961,0.0002625,1266.52
0,3329130,10,phononTS,0.000495865,0.00100352,0.000995671,0.000262498,3242.59,0.000495865,1,0.00106777,0.000450226,-0.0002625,3496.42
0,3340454,7,phononTS,0.000437397,0.000875292,-0.00173833,-0.0002625,386.863,0.000382,1,0.00100197,-0.00100112,0.0002625,2622.27
0,3342161,7,phononTF,0.000477879,-0.00199969,-0.00200441,0.000262498,743.135,0.000477879,1,-0.00174565,-0.00173832,-0.0002625,924.068
0,3348114,5,phononTS,0.000684639,-0.00231622,-4.02065e-05,-0.0002625,1324.44,0.000382,1,-0.0019961,-1.00794e-06,0.0002625,2376.17
0,3348114,3,phononTS,0.00247099,-0.00254949,-0.00279072,-6.47828e-05,19.0441,0.00224258,1,-0.0024698,-0.00265592,-0.0002625,283.044
0,3355286,3,phononTF,0.00232685,-0.00208349,-0.00190832,6.77938e-05,17.9478,0.000382,1,-0.00199807,-0.00200191,0.0002625,1262.81
0,3355286,4,phononTS,0.00179198,-0.00199807,-0.00200191,0.000262498,1262.81,0.00129673,1,-0.00183488,-0.00101556,-0.0002625,1644.05
0,3362584,6,phononTF,0.000888949,-0.00199855,-0.00199936,0.000262498,505.028,0.000188321,1,-0.00272096,-0.00274721,-0.0002625,833.37
0,3373284,3,phononTS,0.00280572,-0.00300504,-0.000989248,8.0678e-05,10.9581,0.000382,1,-0.00299766,-0.000997813,0.0002625,940.255
0,3383721,9,phononTF,0.000540878,-0.00200057,-0.00200384,0.000262498,1993.72,0.000540878,1,-0.00153695,-0.00275146,-0.0002625,2300.05
0,3400107,3,phononTF,0.00123139,0.000119821,0.000153761,-0.0002625,1.10535,0.000382,1,0.00100394,0.00100104,0.0002625,1501.93
0,3429481,8,phononTF,0.00050567,-0.00299503,-0.0010038,0.0002625,2699.61,0.00050567,1,-0.00281531,-0.000843207,-0.0002625,3027.9
0,3449270,5,phononTF,0.000521592,-0.00177222,-0.00223766,-0.0002625,2967.52,0.000382,1,-0.00200265,-0.00200491,0.0002625,3490.75
0,3449741,3,phononTS,0.00236443,-0.00199729,-2.61663e-05,0.000180253,1.08443,0.000382,1,-0.0020044,3.8505e-06,0.0002625,1192.25
0,3453996,7,phononTF,0.000399579,-0.00242406,-0.000458301,-0.0002625,1014.4,0.000382,1,-0.00200414,2.48204e-06,0.0002625,2126.67
0,3455288,4,phononTS,0.00297675,-0.00299442,-0.00101372,0.000242381,80.3231,0.000382,1,-0.00299567,-0.000997519,0.0002625,2558.83
0,3456018,2,phononTF,0.00289228,-0.00204879,-0.00193129,0.000118253,2.61991,0.000764,1,-0.00200248,-0.00200457,0.0002625,635.918
0,3456018,5,phononTS,0.00122257,-0.00200248,-0.00200457,0.000262498,635.918,0.000460755,1,-0.0019869,-0.00204802,-0.0002625,783.321
0,3457357,8,phononTF,0.000770619,-0.00300394,-0.000999469,0.000262498,974.005,0.000578943,1,-0.00143915,0.000593628,-0.0002625,1620.47
0,3460226,4,phononTF,0.000959761,-0.000996005,0.00100372,0.0002625,2025.55,0.000959761,1,-0.000932679,0.00375157,-0.0002625,3712.5
0,3462110,6,phononTS,0.00106298,-0.00100345,-0.00100414,0.000262498,1034.69,0.00045604,1,-0.000943649,-0.00105074,-0.0002625,1181.4
0,3493058,4,phononTF,0.00281111,-0.00179866,-0.00179291,2.35259e-05,42.5453,0.000764,1,-0.00200164,-0.00199932,0.0002625,464.118
0,3519227,13,phononTS,0.000395775,6.79613e-07,-4.7245e-06,0.000262498,6127.91,0.000395775,1,5.15122e-05,-2.78517e-05,-0.0002625,6286.88
0,3526990,3,phononTF,0.00375353,-0.00207596,-0.00212512,0.000251085,0.553252,0.000764,1,-0.00199859,-0.00200489,0.0002625,197.726
0,3540304,7,phononTS,0.000604709,-0.00300778,-0.000947004,-0.000262499,1156.27,0.000382,1,-0.0029964,-0.000999065,0.0002625,1313.76
0,3548910,8,phononTS,0.00120894,0.0004488,-0.000107614,-0.000202668,4262.24,0.000859908,1,0.000535716,3.81814e-05,-0.0002625,4322.7
0,3548910,7,phononTS,0.0012731,0.0004488,-0.000107614,-0.000202668,4262.24,0.000369928,1,0.000549195,-0.000279852,-0.0002625,4329.56
0,3558823,3,phononTF,0.0023994,-0.00206356,-0.00193556,0.000213118,7.06047,0.000382,1,-0.00199709,-0.00200058,0.0002625,239.531
0,3566440,7,phononTS,0.000657609,-0.00190065,-0.00199614,-0.000262498,1213.66,0.000382,1,-0.00200248,-0.00199834,0.0002625,1381.77
0,3574236,7,phononTS,0.000553926,-0.000996783,0.00300298,0.000262498,2768.26,0.000553926,1,0.000183139,0.00341876,-0.0002625,3225.98
0,3574236,3,phononTS,0.00103106,-0.00253034,-0.00239795,0.000262498,4.97436,0.00103106,1,-0.00252421,-0.00241624,-0.0002625,154.465
0,3574236,2,phononTS,0.00167691,-0.00253034,-0.00239795,0.000262498,4.97436,0.00133939,1,-0.00243852,-0.00168149,-0.0002625,297.276
0,3577895,2,phononTF,0.00292232,-0.0020232,-0.00202185,0.000204429,22.8262,0.001146,1,-0.00200076,-0.00199918,0.0002625,1254.39
0,3577895,4,phononTS,0.000535948,-0.00200076,-0.00199918,0.000262498,1254.39,0.000535948,1,-0.00201088,-0.00192224,-0.0002625,1417.88
0,3577895,3,phononTS,0.000441681,-0.00200076,-0.00199918,0.000262498,1254.39,0.000441681,1,-0.00200407,-0.00195045,-0.0002625,1401.49
0,3589794,7,phononTF,0.000761757,-0.00187778,-0.00211393,-0.0002625,793.02,0.000382,1,-0.00199897,-0.00200468,0.0002625,1282.58
0,3593381,8,phononTF,0.00058494,-0.00199503,-0.00200323,0.000262498,637.377,0.000120816,1,-0.00192692,-0.00190829,-0.0002625,789.752
0,3594484,4,phononTS,0.000439988,-0.00192971,-0.00126574,-0.000262498,1687.74,0.000382,1,-0.0020019,-0.00200356,0.0002625,1992.54
0,3611189,4,phononTS,0.00060247,-2.55327e-06,2.5177e-06,0.0002625,2741.99,0.00060247,1,-0.000974236,-6.33139e-05,-0.0002625,3481.22
0,3619874,7,phononTS,0.000588888,0.00305446,0.000984016,-0.000262498,1970.34,0.000382,1,0.00299737,0.00100378,0.0002625,2123.22
0,3624002,4,phononTS,0.00226249,-0.00198146,-0.00202297,1.19717e-05,75.2676,0.000764,1,-0.0020048,-0.00199617,0.0002625,493.378
0,3635569,7,phononTS,0.000406876,0.000237365,0.00303108,-0.000262498,3394.94,0.000382,1,-0.00199813,0.00199962,0.0002625,4205.78
0,3635569,2,phononTF,0.000673292,-0.00253959,-0.00238743,0.000262498,14.109,0.000532779,1,-0.00194777,-0.0029904,-0.0002625,296.275
0,3653775,6,phononL,0.00163713,-0.00200295,-0.00200337,0.0002625,1176.31,0.00110393,1,-0.00180248,-0.00166251,-0.0002625,1308.09
0,3658653,2,phononTF,0.00307406,-0.00210906,-0.00210467,0.000140114,13.9951,0.000382,1,-0.00200195,-0.00200313,0.0002625,326.822
0,3658653,4,phononTF,0.000504774,-0.00200195,-0.00200313,0.000262498,326.822,0.000504774,1,-0.00226533,-0.00175164,-0.0002625,506.844
0,3667392,6,phononTS,0.000642313,0.0019987,0.00200211,0.0002625,1637.44,0.000642313,1,0.00295094,0.00223421,-0.0002625,2385.23
0,3687328,2,phononTS,0.00118811,-0.00227143,-0.00219615,-0.0002625,4.35616,0.000382,1,-0.00200413,-0.00200358,0.0002625,442.678
0,3703315,7,phononL,0.000827622,-0.00299785,-0.00100447,0.000262498,1256.26,8.09558e-05,1,-0.00258839,-0.000727232,-0.0002625,1391.02
0,3705288,8,phononTF,0.000505044,1.93489e-06,-0.00199552,0.0002625,1324.97,0.000505044,1,0.000292283,-0.00226021,-0.0002625,2431.83
0,3707474,4,phononTF,0.00255822,-0.00187613,-0.00187746,-0.0002625,41.8627,0.001146,1,-0.00199712,-0.00200307,0.0002625,1654.98
0,3707474,6,phononTF,0.000859663,-0.00199712,-0.00200307,0.000262498,1654.98,0.000298663,1,-0.00193424,-0.00207297,-0.0002625,1805.28
0,3722902,6,phononTF,0.000900935,-0.000625446,-0.000611019,-0.0002625,129.338,0.000382,1,-9.42852e-07,-1.39745e-06,0.0002625,1277.33
0,3736643,4,phononTF,0.00105823,0.000150004,-0.005,0.000114468,158.143,0.000382,1,0.000997674,-0.00100339,0.0002625,2376.56
0,3789442,9,phononTF,0.000429222,-0.00199698,-0.00199675,0.000262498,2395.56,0.000429222,1,-0.0023194,-0.00168332,-0.0002625,2591.99
0,3791332,4,phononL,0.00283851,-0.00298272,-0.00113649,8.84114e-05,326.579,0.000764,1,-0.00300118,-0.000999607,0.0002625,878.802
0,3798040,6,phononTS,0.00116643,0.000808792,-0.00345126,-0.000262498,1585.04,0.000382,1,0.00100385,-0.00300488,0.0002625,1839.59
0,3798040,7,phononTF,0.000422711,0.00100385,-0.00300488,0.000262498,1839.59,0.000422711,1,0.000447052,-0.00247931,-0.0002625,2104.26
0,3798040,3,phononTS,0.000406284,-0.00253255,-0.00238974,0.000262498,2.52023,0.000406284,1,-0.00252712,-0.0025398,-0.0002625,178.364
0,3813167,6,phononTS,0.00205098,-0.000998254,-0.0010009,0.000262498,871.288,0.00144282,1,-0.00196158,-0.00102388,-0.0002625,1236.25
0,3815843,4,phononTS,0.0023298,-0.0020001,-0.00200467,0.000255764,38.2908,0.001146,1,-0.00200009,-0.00200389,0.0002625,233.105
0,3815843,2,phononTF,0.00431886,-0.00254446,-0.00224222,-0.000187855,29.5475,0.00255485,1,-0.00247505,-0.00217215,-0.0002625,725.089
0,3817394,9,phononL,0.00289404,-0.00190498,-0.00188442,-2.98641e-05,616.332,0.00251255,1,-0.00206926,-0.00205806,-0.0002625,799.484
0,3821054,3,phononTS,0.00143232,-0.00200223,3.98865e-06,0.0002625,19.1959,0.000372452,1,-0.00279521,2.54374e-05,-0.0002625,1048.25
0,3824442,7,phononTF,0.000662508,-0.00200261,-0.00199515,0.0002625,3120.89,0.000509124,1,-0.00252566,-0.00143785,-0.0002625,3642.74
0,3826432,2,phononTS,0.002835,-0.00201882,-0.00200631,0.000147762,16.527,0.000382,1,-0.00200461,-0.00199715,0.0002625,234.298
0,3837303,5,phononL,0.00101044,-0.0019997,-0.00199625,0.0002625,4.57342,0.000640356,1,-0.00178922,-0.00170397,-0.0002625,366.244
0,3872457,4,phononTS,0.00231281,0.00118125,-0.000677456,0.000256054,4.92952,0.000764,1,0.0020002,-9.19134e-07,0.0002625,2197.13
0,3890162,8,phononTS,0.000627568,-0.00320757,-0.00273048,-0.000262498,716.312,0.000382,1,-0.00199972,-0.00199715,0.0002625,1203.89
0,3895196,4,phononTF,0.00242522,5.56559e-05,-0.00340236,0.0001006,172.301,0.0011778,1,0.000195203,-0.00325008,-0.0002625,1876.63
0,3895434,3,phononTS,0.00290429,-0.00298758,-0.00100822,0.000261262,6.37427,0.000764,1,-0.00299594,-0.00100197,0.0002625,875.978
0,3895637,4,phononL,0.00083984,-1.31392e-06,-0.0019994,0.000262498,607.29,8.83786e-06,1,0.000423024,-0.00075713,-0.0002625,876.004
0,3930887,5,phononTS,0.000836343,-0.00100829,-0.00105938,-0.000262498,881.384,0.000382,1,-0.00100027,-0.000996983,0.0002625,1031.19
0,3938777,3,phononL,0.00268771,-0.00108177,-0.00112639,0.000126133,14.0329,0.000764,1,-0.00100461,-0.00100031,0.0002625,569.699
0,3938798,6,phononTS,0.000409595,-0.00199842,-0.00199916,0.000262498,520.881,0.000409595,1,-0.00201146,-0.00206523,-0.0002625,682.663
0,3938798,3,phononTF,0.00249959,-0.00228489,-0.00152229,9.11958e-05,41.6721,0.00184622,1,-0.00271962,-0.000966516,-0.0002625,1294.93
0,3938798,2,phononTS,0.00136854,-0.0025278,-0.00234974,0.000262498,41.6721,0.000888611,1,-0.00193634,-0.00232992,-0.0002625,301.223
0,3945420,5,phononTS,0.00232905,-0.00252678,-0.00258812,0.000213702,1124.64,0.000764,1,-0.00199777,-0.00200401,0.0002625,1377.03
0,3945420,6,phononTS,0.000519425,-0.00199777,-0.00200401,0.000262498,1377.03,0.000519425,1,-0.00158653,-0.000679824,-0.0002625,1871.92
0,3949055,2,phononTF,0.00048358,-0.00299819,-0.000995998,0.0002625,8.25921,0.00048358,1,-0.00346424,-0.000530431,-0.0002625,1305.4
0,3959825,3,phononTF,0.00301363,-0.00207058,-0.00206583,0.000208792,13.5015,0.000382,1,-0.00199698,-0.0019956,0.0002625,415.471
0,3964247,5,phononTF,0.00233647,-0.00216665,-0.00217584,-0.0002625,315.741,0.000764,1,-0.00199627,-0.00199945,0.0002625,743.631
0,3964602,7,phononTS,0.00273415,-0.00157484,-0.00191071,-3.96797e-05,1075.55,0.000382,1,-0.000998303,-0.000998142,0.0002625,1445.04
0,3964602,9,phononL,0.000659447,-0.000998303,-0.000998142,0.000262498,1445.04,0.000659447,1,-0.000740712,-0.00115953,-0.0002625,1562
0,3972333,12,phononTS,0.00041255,5.27654e-07,1.5644e-06,0.000262498,3781.78,0.00041255,1,0.000559403,8.64037e-05,-0.0002625,4049.02
0,3980837,5,phononTS,0.00253898,-0.00263592,-0.0017946,8.60692e-05,8.00865,0.000382,1,-0.00199928,-0.00199809,0.0002625,1293.83
0,3980837,6,phononTS,0.0016851,-0.00199928,-0.00199809,0.000262498,1293.83,0.00119823,1,-0.00195675,-0.00192325,-0.0002625,1454.57
0,3990100,9,phononTS,0.00237332,-0.00401607,-0.00156519,-0.000219799,717.522,0.000895752,1,-0.00399936,-0.00155048,-0.0002625,1251.77
0,4001072,5,phononTS,0.00225414,0.000364917,-0.00218009,0.000118205,1338.75,0.00165474,1,1.01322e-05,-0.0024062,-0.0002625,3289.19
0,4024948,9,phononTF,0.000411831,-0.00219362,-0.00223507,-0.000262498,306.308,0.000382,1,-0.00199726,-0.00200459,0.0002625,479.587
0,4075375,5,phononTF,0.000679427,-0.000387842,-0.000375001,-0.0002625,688.047,0.000382,1,3.19655e-07,4.85118e-06,0.0002625,1771.48
0,4085815,4,phononTF,0.00224224,-0.00221288,-0.00227571,5.57011e-05,17.6854,0.000764,1,-0.00200072,-0.00200299,0.0002625,787.163
0,4085815,5,phononTF,0.000819137,-0.005,-0.000940973,-0.000151662,787.163,0.000379127,1,-0.00479151,-0.000739478,-0.0002625,1896.01
0,4090814,7,phononL,0.000665895,-0.00212601,0.00149203,-0.0002625,1548.61,0.000382,1,-0.00200433,0.00199753,0.0002625,2639.48
0,4091998,8,phononL,0.00065486,-0.00265902,-0.00225422,-0.000262498,280.575,0.000382,1,-0.00199625,-0.00199987,0.0002625,444.306
0,4091998,6,phononTS,0.000797759,-0.00248418,-0.00241289,0.000262498,118.468,0.000797759,1,-0.00179659,-0.00316336,-0.0002625,518.287
0,4095998,7,phononTS,0.000419919,-0.00112463,-0.000988847,-0.0002625,1001.69,0.000382,1,-0.000996758,-0.000996719,0.0002625,1809.27
0,4102686,6,phononTS,0.00080098,-0.00200166,-0.00200118,0.000262498,2024.45,0.00080098,1,-0.00172218,-0.00217211,-0.0002625,2242.63
0,4102686,3,phononTS,0.00206452,-0.00266936,-0.00169707,0.000100228,8.77901,0.00183329,1,-0.00199294,-0.0014688,-0.0002625,531.055
0,4102686,2,phononTF,0.000547643,-0.00253401,-0.00238794,0.000262498,8.77901,2.48366e-05,1,-0.00316683,-0.00299346,-0.0002625,296.513
0,4107664,4,phononTS,0.00271689,-0.00202951,-0.00255884,4.87611e-05,183.413,0.00165065,1,-0.00155216,-0.0025986,-0.0002625,1766.91
0,4113197,4,phononTF,0.00176909,2.8401e-06,-3.21207e-07,0.0002625,203.646,0.000464222,1,0.000409085,0.000433441,-0.0002625,1765.96
0,4120991,7,phononTS,0.000790848,-0.00300427,-0.00100386,0.000262498,1332.31,0.000330828,1,-0.0030129,-0.00144348,-0.0002625,1562.46
0,4137136,7,phononTS,0.00272501,-0.00195909,-6.29252e-05,0.000156628,426.376,0.000764,1,-0.00199949,-3.44384e-06,0.0002625,2983.68
0,4139282,6,phononL,0.000762824,-0.00286547,-0.00157198,-0.0002625,745.714,0.000382,1,-0.00300125,-0.00100146,0.0002625,1179.65
0,4145108,6,phononTS,0.000405733,-0.00201588,1.46146e-05,-0.0002625,1637.71,0.000382,1,-0.00199613,4.33509e-08,0.0002625,2417.86
0,4147196,4,phononTF,0.00222362,-0.00192708,-0.00205434,0.000250038,1.88708,0.000382,1,-0.00199912,-0.0020043,0.0002625,488.442
0,4147196,6,phononTF,0.000529851,-0.00199912,-0.0020043,0.000262498,488.442,0.000529851,1,-0.00208771,-0.00191905,-0.0002625,640.648
0,4155095,6,phononTF,0.000409576,-0.00200225,-0.00199695,0.000262498,641.212,0.000409576,1,-0.00255638,-0.00253285,-0.0002625,903.982
0,4215560,6,phononL,0.00108545,-0.00299772,-0.000998588,0.000262498,699.613,0.000906953,1,-0.0025683,-0.000763398,-0.0002625,833.487
0,4227298,6,phononTF,0.00143121,-0.00212492,-0.00209764,-0.0002625,130.626,0.000382,1,-0.00200107,-0.00199765,0.0002625,753.095
0,4245102,4,phononTS,0.00286456,-0.00195959,-0.00165186,9.04747e-06,5.4324,0.000764,1,-0.00200364,-0.00200474,0.0002625,712.97
0,4245102,6,phononTF,0.000655892,-0.00200364,-0.00200474,0.000262498,712.97,0.000274514,1,-0.00254533,-0.00251314,-0.0002625,968.971
0,4252377,2,phononL,0.00239001,-0.00233222,-0.00196879,2.46989e-05,15.0347,0.000382,1,-0.00199586,-0.00200378,0.0002625,759.657
0,4269935,7,phononTF,0.00105008,-0.00200084,-0.00200323,0.000262498,549.858,0.00105008,1,-0.0022453,-0.00175087,-0.0002625,727.885
0,4271405,7,phononTS,0.000526612,-0.0022099,-0.00200545,-0.000262498,309.155,0.000382,1,-0.00200356,-0.00199897,0.0002625,491.321
0,4289018,3,phononTS,0.0014552,-0.00303048,-0.000994961,0.000231294,24.8586,0.000382,1,-0.0029964,-0.000998112,0.0002625,534.221
0,4289018,6,phononL,0.000472299,-0.0029964,-0.000998112,0.000262498,534.221,0.000472299,1,-0.00325437,-0.00146577,-0.0002625,673.632
0,4289018,2,phononTS,0.00076472,-0.00250924,-0.00238332,0.000262498,24.8586,0.00076472,1,-0.00252034,-0.00307949,-0.0002625,315.581
0,4298066,7,phononTF,0.0023253,-0.00213221,-0.00185691,-5.39017e-05,65.1083,0.000382,1,-0.00200063,-0.00200178,0.0002625,732.868
0,4298066,8,phononTS,0.00108117,-0.00200063,-0.00200178,0.000262498,732.868,0.000829091,1,-0.00194114,-0.00148372,-0.0002625,980.404
0,4298066,6,phononTS,0.00059945,-0.00256829,-0.00242074,0.000262498,65.1083,0.00059945,1,-0.00176068,-0.00105339,-0.0002625,608.904
0,4302710,7,phononTS,0.000390966,-0.00300426,-0.00100019,0.0002625,1387.2,0.000390966,1,-0.00418827,-0.000777245,-0.0002625,2295.64
0,4339288,8,phononTS,0.000499183,-0.00299794,-0.00100051,0.000262498,1012.62,0.000499183,1,-0.00447218,-0.000480554,-0.0002625,1559.32
0,4352664,6,phononTS,0.00392781,-0.00199238,-0.00198135,0.000247037,729.241,0.000764,1,-0.00200126,-0.0020016,0.0002625,1119.39
0,4352664,8,phononTF,0.00171693,-0.00200126,-0.0020016,0.000262498,1119.39,0.00146934,1,-0.000975929,-0.00332211,-0.0002625,1624.45
0,4359698,7,phononTS,0.000514604,-3.90851e-06,1.71453e-06,0.000262498,1326.16,0.000514604,1,-0.000468912,0.00100197,-0.0002625,1729.86
0,4390728,2,phononL,0.000411148,-0.00202429,-0.00102257,-0.0002625,4.21129,0.000382,1,-0.000999675,-0.00100084,0.0002625,943.937
0,4395341,9,phononTS,0.00151257,0.00396965,0.005,0.000106557,1671.09,0.000324367,1,0.0039802,0.00481248,-0.0002625,3753.68
0,4400906,3,phononTS,0.002337,-0.00202973,0.0019715,-7.92094e-05,16.6679,0.000764,1,-0.00199967,0.00200483,0.0002625,4077.7
0,4402396,3,phononTF,0.00203205,-0.00199568,-0.00200111,0.000253519,34.9845,0.001146,1,-0.00199679,-0.00199993,0.0002625,930.281
0,4402396,2,phononTS,0.00153021,-0.00253275,-0.00238461,0.000262498,34.9845,0.00153021,1,-0.00270026,-0.00294004,-0.0002625,310.103
0,4407712,2,phononTS,0.00290513,-0.00188375,-0.00195256,0.000196947,1.68745,0.00269183,1,-0.00191657,-0.00199319,-0.0002625,601.658
0,4416283,4,phononTF,0.000644572,-0.00172661,-0.00122746,-0.000262498,1978.76,0.000382,1,-0.00200457,-1.41381e-06,0.0002625,2406.3
0,4416283,2,phononTF,0.0010029,-0.00253007,-0.00239266,0.000262498,11.3262,0.0010029,1,-0.00195453,-0.00300103,-0.0002625,292.9
0,4418612,6,phononTF,0.000686057,-0.00200402,-0.00200264,0.000262498,1062.61,0.000686057,1,-0.0027006,-0.00132892,-0.0002625,1373.38
0,4436316,3,phononTS,0.000848584,-0.00221623,-0.00202822,-0.0002625,12.5145,0.000382,1,-0.00200272,-0.0019999,0.0002625,729.863
0,4436316,2,phononTS,0.0010892,-0.00253675,-0.00240023,0.000262498,12.5145,0.000614267,1,-0.00248776,-0.00282198,-0.0002625,238.263
0,4443490,11,phononTS,0.000450248,-0.00199859,3.82403e-06,0.000262498,1812.19,0.000450248,1,-0.00198378,-0.000258933,-0.0002625,2008.97
0,4449348,2,phononTF,0.00150083,-0.000636525,-0.000597912,-0.0002625,1.4618,0.000764,1,-4.80274e-06,-3.96758e-07,0.0002625,1145.07
0,4452510,5,phononTF,0.000606052,-0.000999676,0.000999484,0.0002625,2.9398,0.000537761,1,-0.00142632,-0.000333538,-0.0002625,2776.01
0,4452510,4,phononTS,0.000726918,-0.00253666,-0.00238776,0.000262498,2.9398,0.000726918,1,-0.00243338,-0.00218903,-0.0002625,197.71
0,4452510,3,phononTS,0.00190355,-0.00253666,-0.00238776,0.000262498,2.9398,0.00150341,1,-0.00258314,-0.00234146,-0.0002625,149.901
0,4466250,3,phononTS,0.00223735,-0.00250677,-0.00232285,0.000126289,56.9178,0.000764,1,-0.00199647,-0.00200441,0.0002625,306.13
0,4467562,2,phononL,0.00364402,-0.0018218,-0.00194983,9.96802e-05,70.1646,0.000764,1,-0.00199727,-0.00200086,0.0002625,706.877
0,4467562,9,phononTS,0.00108193,-0.00199727,-0.00200086,0.000262498,706.877,0.00108193,1,-0.00194428,-0.00196629,-0.0002625,854.89
0,4480244,8,phononTF,0.000637918,-0.00199971,-0.00200368,0.0002625,235.009,0.000306948,1,-0.00175038,-0.00192246,-0.0002625,582.31
0,4530791,7,phononTS,0.000495607,-0.00189323,0.00118504,-0.0002625,2051.44,0.000382,1,-0.00199699,0.00200255,0.0002625,3012.08
0,4530791,4,phononTS,0.00129135,-0.00364641,-0.00136767,1.06719e-05,755.06,0.00129135,1,-0.00366329,-0.00129972,-0.0002625,846.33
0,4549030,10,phononTS,0.000454348,-0.00200043,-0.00199987,0.000262498,1247.85,0.000454348,1,0.000500421,0.00222804,-0.0002625,2782.48
0,4559410,6,phononTF,0.000556513,-0.0019982,-0.00200263,0.000262498,936.56,0.000556513,1,-0.00184902,-0.00183784,-0.0002625,1097.11
0,4578607,6,phononTF,0.000615685,-3.02628e-06,-0.00200161,0.000262498,6596.06,0.000615685,1,-0.000459605,-0.00247463,-0.0002625,6833.09
0,4578607,7,phononTS,0.000854075,0.00286928,0.005,-0.000196404,723.813,0.000854075,1,0.00277303,0.00477972,-0.0002625,5394.65
0,4582239,5,phononL,0.00254801,-0.00212944,-0.00217781,-9.45886e-05,8.28315,0.001146,1,-0.00199838,-0.00200182,0.0002625,193.148
0,4591367,7,phononTS,0.000763764,-0.00187103,-0.00276607,-0.0002625,2153.09,0.000382,1,0.000998655,-0.00100003,0.0002625,5248.81
0,4591583,2,phononTF,0.00100906,-0.00322085,-0.00120481,-2.2422e-05,2.35385,0.000382,1,-0.00300024,-0.0010011,0.0002625,569.769
0,4599403,3,phononTF,0.000434696,-0.00137977,-0.00134576,-0.0002625,16.0593,0.000382,1,-0.00100208,-0.000998174,0.0002625,842.136
0,4599403,2,phononTS,0.00149979,-0.00251286,-0.00238852,0.000262498,16.0593,0.000327561,1,-0.00318516,-0.00341049,-0.0002625,471.891
0,4602291,8,phononTS,0.00052488,0.00100458,0.00100412,0.000262498,4954.33,0.00052488,1,0.00106129,0.00108263,-0.0002625,5114.78
0,4602291,2,phononTS,0.00502418,-0.00217028,-0.00276955,-0.000228289,25.9527,0.00269793,1,-0.00216626,-0.00276701,-0.0002625,1728.96
0,4603918,3,phononTS,0.00276732,-0.00191793,-0.00209317,0.000111364,3.25877,0.000382,1,-0.00200074,-0.00199882,0.0002625,354.672
0,4604836,6,phononTS,0.000576966,0.00055788,-0.00300508,-0.000262498,1122.71,0.000382,1,0.00100321,-0.00300391,0.0002625,1356.69
0,4633342,5,phononL,0.00221492,-0.00212448,-0.00238514,-0.0002625,22.1697,0.000764,1,-0.00199821,-0.00200403,0.0002625,2544.21
0,4633342,6,phononTS,0.000909432,-0.00199821,-0.00200403,0.000262498,2544.21,0.000909432,1,-0.00182809,-0.00181294,-0.0002625,2747.11
0,4633342,4,phononTS,0.00106782,-0.00250879,-0.00236847,0.000262498,22.1697,0.00106782,1,-0.00284189,-0.0014494,-0.0002625,404.09
0,4642162,9,phononTF,0.000484376,-0.00199617,-0.00199691,0.000262498,949.288,0.000484376,1,-0.00145227,-0.00146187,-0.0002625,1211.1
0,4670701,4,phononTS,0.0017418,-0.00197814,-1.45385e-05,7.83867e-05,53.9479,0.000764,1,-0.00200024,1.39507e-06,0.0002625,612.836
0,4670701,3,phononTS,0.000585136,-0.00254242,-0.00238551,0.000262498,53.9479,0.000585136,1,-0.00248923,-0.00252976,-0.0002625,224.638
0,4681235,10,phononTF,0.000515149,-0.00199817,-0.0019983,0.000262498,540.135,0.000515149,1,-0.00179814,-0.00180469,-0.0002625,707.939
0,4687009,8,phononTS,0.000453592,0.00199934,0.00199985,0.0002625,11784,0.000453592,1,0.00206432,0.00197938,-0.0002625,12081.1
0,4705521,4,phononTF,0.00250603,-0.00319495,-0.000899532,-8.35146e-05,93.2931,0.000382,1,-0.0030033,-0.000999713,0.0002625,979.658
0,4705521,5,phononTF,0.0013638,-0.0030033,-0.000999713,0.000262498,979.658,0.00135613,1,-0.0027095,-0.000705203,-0.0002625,1169.49
0,4718387,8,phononTS,0.000507967,-0.00163538,-0.00203872,-0.0002625,1297.44,0.000382,1,-0.00200406,-0.0020034,0.0002625,4598.39
0,4723814,5,phononTS,0.00067271,-0.00260874,-0.00233106,-0.0002625,29.7899,0.000382,1,-0.00299582,-0.000997084,0.0002625,685.262
0,4723814,4,phononL,0.00147594,-0.00253144,-0.00237937,0.000262498,29.7899,0.00092298,1,-0.00120967,-0.00271569,-0.0002625,304.683
0,4728750,2,phononTF,0.000632365,-0.00200463,-0.00199953,0.0002625,10.66,0.000632365,1,-0.00174008,-0.00181018,-0.0002625,547.766
0,4729246,5,phononTF,0.00344761,-0.00200051,-0.00199216,0.000174599,284.193,0.000764,1,-0.00199665,-0.00199633,0.0002625,563.366
0,4729246,10,phononTF,0.0019506,-0.00199665,-0.00199633,0.000262498,563.366,0.00143622,1,-0.0020884,-0.00172237,-0.0002625,741.895
0,4733851,3,phononTS,0.0026949,-0.00217073,-0.00200915,4.71552e-05,209.882,0.000382,1,-0.00200451,-0.00200259,0.0002625,709.889
0,4744652,12,phononTS,0.000647354,-0.00300387,-0.000999085,0.000262498,921.632,0.000647354,1,-0.0030361,-0.00165877,-0.0002625,1208.8
0,4754164,3,phononTF,0.00285851,-0.00300225,-0.000994642,9.15104e-05,2.3069,0.000764,1,-0.00299764,-0.000999736,0.0002625,1769.17
0,4760062,4,phononL,0.00203867,-0.00037419,-0.000366106,-0.0002625,3.82012,0.000382,1,1.88697e-07,-6.05934e-07,0.0002625,3551.68
0,4777382,6,phononTS,0.000474154,-0.00199919,-0.00200107,0.0002625,771.889,0.000474154,1,-0.00193379,-0.00143244,-0.0002625,1290.54
0,4777382,3,phononTF,0.00120743,-0.00253644,-0.00239183,0.000262498,2.68021,0.000757383,1,0.00115527,-0.00422154,-0.0002625,1202.95
0,4785534,6,phononTS,0.000798162,-0.00016581,-0.00246975,-0.0002625,1029.08,0.000382,1,0.000999901,0.000996906,0.0002625,3608.14
0,4790506,5,phononTF,0.000739074,-0.00177552,-0.00176193,-0.000262498,440.88,0.000382,1,-0.00199544,-0.00199744,0.0002625,614.378
0,4793378,4,phononL,0.00290883,-0.000370085,-0.00219424,-0.0002625,59.2524,0.001146,1,-7.3087e-07,-0.00199969,0.0002625,2901.8
0,4793378,6,phononTS,0.000427433,-7.3087e-07,-0.00199969,0.000262498,2901.8,0.000427433,1,-5.93533e-05,-0.00203338,-0.0002625,3056.31
0,4809695,4,phononL,0.0029883,-0.00112384,-0.00104503,0.00018182,6.21037,0.000382,1,-0.00100344,-0.000998776,0.0002625,2529.91
0,4815290,8,phononTF,0.000515621,-0.00100327,-0.00100468,0.000262498,1420.58,0.000515621,1,-0.00142455,-0.000564017,-0.0002625,1647.2
0,4831285,6,phononTS,0.00055635,0.00100018,0.001042,-0.0002625,2115.91,0.000382,1,0.000999736,0.00100455,0.0002625,2871.54
0,4836634,2,phononTS,0.000539582,-8.115e-07,1.14608e-06,0.0002625,2.23509,0.000539582,1,0.00103084,-0.000594948,-0.0002625,9563.61
0,4863098,2,phononTF,0.00187746,-0.00188053,-0.00210726,-0.0002625,3.21863,0.000764,1,-0.00200427,-0.00200181,0.0002625,3641.59
0,4884051,3,phononTF,0.00291273,-0.000970692,-0.000984026,0.000209567,18.4744,0.000764,1,-0.00100193,-0.00100113,0.0002625,868.832
0,4884051,5,phononTF,0.000845281,-0.00100193,-0.00100113,0.000262498,868.832,0.000845281,1,-0.000521556,-0.000494924,-0.0002625,1114.88
0,4887001,3,phononTF,0.00248747,-0.00218332,-0.00181333,0.000108628,9.8113,0.000382,1,-0.00200496,-0.00200198,0.0002625,1191.16
0,4889248,9,phononTS,0.00146252,-0.00224158,-0.00200125,-6.25336e-05,366.382,0.000764,1,-0.00200099,1.81701e-06,0.0002625,1095.78
0,4902581,5,phononTS,0.000674229,0.000297448,-0.00288415,-0.0002625,164.16,0.000382,1,0.000997655,-0.00299759,0.0002625,1634.15
0,4902581,2,phononTF,0.000855124,-0.00252218,-0.00237469,0.000262498,15.0074,0.000368955,1,-0.00221244,-0.0020651,-0.0002625,208.742
0,4902787,7,phononTF,0.000488403,-4.01355e-06,-3.01744e-06,0.000262498,6395.39,0.000488403,1,-9.2484e-05,9.34862e-05,-0.0002625,6547.86
0,4902787,2,phononTS,0.000571459,-0.00252281,-0.0023741,0.000262498,31.1203,0.000571459,1,-0.0024632,-0.00242651,-0.0002625,187.926
0,4905714,6,phononTS,0.000859091,0.00199706,-0.0019993,0.000262499,3219.35,0.000859091,1,0.00193643,-0.00195189,-0.0002625,3366.05
0,4905714,2,phononTS,0.000682035,-0.00248391,-0.00240694,0.000262498,51.1763,0.000125842,1,-0.00251452,-0.00240524,-0.0002625,209.927
0,4922410,5,phononTS,0.000385098,-0.00199583,-0.00199881,0.0002625,1499.83,0.000385098,1,-0.00227562,-0.00195497,-0.0002625,1891.8
0,4928965,2,phononTS,0.000642506,-0.00224799,-0.00120666,-0.0002625,47.4802,0.000382,1,-0.00199568,2.62491e-06,0.0002625,944.512
0,4932798,7,phononL,0.000617591,-0.00392751,-0.00162098,-0.0002625,1612.19,0.000382,1,-0.00300277,-0.000997179,0.0002625,2524.87
0,4937600,8,phononTS,0.000591395,-4.74703e-07,-3.78273e-07,0.000262498,2140.06,0.000591395,1,-0.00272298,-0.00347707,-0.0002625,3526.9
0,4937600,3,phononL,0.00263317,-0.00227086,-0.00239751,-0.00022351,16.5809,0.0013311,1,-0.00216115,-0.00254304,-0.0002625,312.139
0,4939346,9,phononTF,0.000557235,0.000529042,-0.00144279,-0.0002625,2132.95,0.000382,1,0.00100013,-0.00100404,0.0002625,3340.17
0,4960455,7,phononTF,0.000762774,-0.00344298,-0.00145084,-0.0002625,337.882,0.000382,1,-0.00299967,-0.00100164,0.0002625,915.608
0,4996894,6,phononTS,0.000405512,0.00199995,-1.90848e-06,0.0002625,537.801,0.000405512,1,0.00202706,2.95838e-05,-0.0002625,6359.77
0,5007816,3,phononTS,0.00298546,-0.00199905,-0.00202296,0.000252769,17.4977,0.000382,1,-0.00200399,-0.00199831,0.0002625,1375.62
0,5007816,6,phononL,0.000563651,-0.00200399,-0.00199831,0.000262498,1375.62,0.000563651,1,-0.00227505,-0.0023238,-0.0002625,1502.59
0,5008966,6,phononTS,0.000834417,-0.00257762,-0.00247884,-0.000262498,166.486,0.000382,1,-0.00199906,-0.00199787,0.0002625,493.443
0,5024001,5,phononTF,0.000419579,0.000999713,-0.00299518,0.0002625,1140.01,0.000419579,1,0.000681078,-0.00332997,-0.0002625,2179.62
0,5024001,3,phononL,0.00296353,-0.00252824,-0.00238866,0.000262498,3.41746,0.00113159,1,-0.00282656,-0.00240773,-0.0002625,119.864
0,5027326,3,phononTF,0.0029006,-0.00200326,-0.00199786,0.0002625,16.7238,0.00210567,1,-0.00191709,-0.00155524,-0.0002625,592.755
0,5053308,5,phononTS,0.00210878,-0.00190412,-0.00200315,-0.000217951,1281.77