Run ID,Event ID,Track ID,Particle Name,Start Energy [eV],Start X [m],Start Y [m],Start Z [m],Start Time [ns],Energy Deposited [eV],Track Weight,End X [m],End Y [m],End Z [m],Final Time [ns]
0,942,3,phononTS,0.00295199,-0.000890702,-0.00132712,1.55633e-05,36.9992,0.000764,1,-0.000996598,-0.00100094,0.0002625,3764.22
0,942,4,phononTS,0.00122873,-0.000996598,-0.00100094,0.000262498,3764.22,0.00114773,1,-0.00105992,-0.00153166,-0.0002625,4014.6
0,6252,3,phononTF,0.00111707,-0.0031281,-0.0011397,-0.0002625,5.78452,0.000382,1,-0.00300079,-0.000998416,0.0002625,634.861
0,11112,4,phononTF,0.00185521,-0.00332439,-0.00130632,-0.000262498,376.992,0.000382,1,-0.00299973,-0.00100226,0.0002625,570.739
0,11112,5,phononTF,0.00075529,-0.00299973,-0.00100226,0.000262498,570.739,0.000315589,1,-0.00321445,-0.000767326,-0.0002625,743.575
0,16865,6,phononTF,0.000612303,0.00100006,-0.00299718,0.000262498,2840.13,0.000612303,1,0.000556483,-0.00344996,-0.0002625,3072.08
0,16865,3,phononTS,0.00111696,-0.00352773,-0.00155999,0.000262498,8.26071,0.00111696,1,-0.00429896,-0.000324987,-0.0002625,507.306
0,21520,3,phononTF,0.00150822,-0.00241994,-0.00141392,0.000222161,3.09835,0.001146,1,-0.00200097,-0.00199609,0.0002625,814.83
0,21520,2,phononL,0.00217755,-0.00360495,-0.00148945,0.000169757,3.09835,0.00120018,1,-0.00408429,-0.000980207,-0.0002625,213.328
0,36825,5,phononTF,0.000400635,-0.00299567,-0.00100486,0.0002625,167.871,0.000400635,1,-0.00276057,-0.000758809,-0.0002625,878.788
0,36827,2,phononTF,0.00261713,-0.00270356,-0.000678334,-0.000199193,25.9393,0.00179654,1,-0.00283477,-0.000754105,-0.0002625,692.08
0,37853,4,phononTF,0.0022843,-0.00299632,-0.00100039,0.000203927,54.1464,0.000764,1,-0.00299723,-0.000997932,0.0002625,1168.51
0,41056,7,phononTS,0.00104148,-0.0032734,-0.00132185,-0.000262498,184.818,0.000382,1,-0.00300063,-0.00100211,0.0002625,426.035
0,42488,5,phononTF,0.0007699,-0.00312866,-0.00113841,-0.0002625,26.6722,0.000382,1,-0.0030018,-0.000997438,0.0002625,655.523
0,42488,4,phononTF,0.00216895,-0.00350922,-0.00156131,0.000262498,26.6722,0.00131035,1,-0.00320744,-0.00183998,-0.0002625,214.333
0,48776,2,phononTF,0.000662148,-0.00299511,-0.00100012,0.0002625,8.84868,0.000662148,1,-0.00272773,-0.000720729,-0.0002625,565.032
0,48979,3,phononTS,0.00251725,0.00102537,-0.00134996,-2.21885e-05,1.83432,0.000764,1,0.000997301,-0.00100129,0.0002625,1976.46
0,49291,5,phononTF,0.00109034,-0.00313306,-0.00113799,-0.0002625,2.05991,0.000382,1,-0.00300396,-0.000997647,0.0002625,631.637
0,49291,6,phononTS,0.00041328,-0.00300396,-0.000997647,0.000262498,631.637,0.00041328,1,-0.00294415,-0.00098991,-0.0002625,781.517
0,49291,4,phononTS,0.00095226,-0.00352037,-0.00155902,0.000262498,2.05991,0.00095226,1,-0.00347637,-0.00152858,-0.0002625,149.338
0,54060,7,phononTF,0.000797854,-0.005,-0.00136565,0.000131861,710.773,0.000797854,1,-0.00216173,-0.00350481,-0.0002625,2317.01
0,57494,3,phononTF,0.00498772,-0.00294805,-0.000938408,0.000177438,118.552,0.000764,1,-0.00299518,-0.00100036,0.0002625,631.968
0,64580,10,phononTF,0.000492487,0.000273982,0.0015831,-0.000262498,1975.31,0.000382,1,0.0019977,-1.69744e-06,0.0002625,2655.77
0,64644,4,phononTF,0.000463219,-0.00312683,-0.00113998,-0.0002625,7.35252,0.000382,1,-0.00299931,-0.000999369,0.0002625,636.38
0,65763,7,phononTS,0.000504058,0.00100394,0.000998757,0.000262498,4938.75,0.000504058,1,0.00270225,0.00165433,-0.0002625,5560.42
0,76704,3,phononTF,0.00100345,-0.00326452,-0.00128614,-0.0002625,10.4151,0.000382,1,-0.00300469,-0.00100169,0.0002625,376.863
0,76704,2,phononTS,0.00081454,-0.00352434,-0.00157059,0.000262498,10.4151,0.00081454,1,-0.00407183,-0.00179485,-0.0002625,290.746
0,81433,5,phononTS,0.00070157,-0.00100007,-0.000997689,0.000262498,947.604,0.000246223,1,-0.00104957,-0.000412019,-0.0002625,1218.1
0,105069,4,phononTF,0.00268116,0.0019863,-0.00201346,0.000213554,17.1844,0.000764,1,0.0020005,-0.00199817,0.0002625,3134.87
0,105069,6,phononTF,0.000439868,0.0020005,-0.00199817,0.000262498,3134.87,0.000439868,1,0.00240755,-0.00177235,-0.0002625,3345.76
0,121151,6,phononTS,0.000522113,-0.00200416,1.86524e-06,0.0002625,4462.27,0.000522113,1,-0.0019712,0.000173389,-0.0002625,10005.3
0,139182,4,phononTF,0.00125369,-0.00238201,-0.000389962,-0.0002625,14.115,0.000382,1,-0.00200199,3.36897e-06,0.0002625,868.572
0,146709,3,phononTF,0.0013048,-0.00355138,-0.00155282,0.00018345,33.687,0.000382,1,-0.00299752,-0.000995599,0.0002625,281.419
0,154124,6,phononTF,0.000876296,-0.00300395,-0.00100451,0.000262498,468.891,0.000483431,1,-0.00290024,-0.000900354,-0.0002625,622.56
0,158930,4,phononTF,0.00109619,-0.00282429,-0.00282007,-0.000262498,1317.71,0.000764,1,-0.00200165,-0.00200408,0.0002625,1676.26
0,161679,2,phononTS,0.00257942,-0.00100455,-0.000997447,0.0002625,16.1779,0.00250603,1,-0.00100028,-0.00102263,-0.0002625,2593.41
0,163237,7,phononTF,0.00039279,-0.003003,-0.000997879,0.0002625,725.582,0.00039279,1,-0.0025321,-0.00116347,-0.0002625,1176.73
0,172471,11,phononTS,0.000431832,0.005,-0.000298672,-7.75006e-05,1810.53,0.000382,1,0.0030034,0.0010047,0.0002625,7125.84
0,181413,12,phononTS,0.000556127,-0.00306439,-0.00105179,-0.000262498,1425.16,0.000382,1,-0.00300329,-0.000995552,0.0002625,1583.23
0,182752,3,phononTS,0.00280637,-0.0033793,-0.00137088,0.000192706,9.38842,0.000382,1,-0.00299597,-0.00100205,0.0002625,777.425
0,182752,4,phononTS,0.00190549,-0.00299597,-0.00100205,0.000262498,777.425,0.000725666,1,-0.00180354,-0.00208223,-0.0002625,1344.5
0,216303,4,phononTS,0.000607036,-0.00299925,-0.000997016,0.0002625,555.021,0.000607036,1,-0.00290497,-0.000940881,-0.0002625,880.535
0,226254,8,phononTF,0.000418055,0.000249384,-7.03227e-05,-0.000262498,1921.94,0.000382,1,-3.38658e-06,-1.4353e-06,0.0002625,2096.09
0,245322,7,phononTS,0.000444269,-0.00300287,-0.00100294,0.000262498,448.389,0.000444269,1,-0.00315066,-0.00102306,-0.0002625,621.737
0,247822,3,phononTF,0.00299362,-0.00301529,-0.000988151,0.000249394,4.20868,0.000764,1,-0.00299991,-0.00100289,0.0002625,978.328
0,247822,5,phononTF,0.000402485,-0.00299991,-0.00100289,0.000262498,978.328,0.000402485,1,-0.00323955,-0.000778565,-0.0002625,1152.73
0,263543,5,phononTF,0.000515171,-0.00199937,4.97098e-06,0.0002625,1847.33,0.000515171,1,-0.00198214,2.14028e-05,-0.0002625,2143.6
0,263624,4,phononTF,0.000710476,-0.00312755,-0.00113703,-0.0002625,34.1271,0.000382,1,-0.00299981,-0.000996299,0.0002625,663.26
0,268898,4,phononTF,0.00179349,-0.00297475,-0.00112586,-0.0002625,2.72441,0.000382,1,-0.00300038,-0.00100176,0.0002625,1859.65
0,268898,5,phononTS,0.00118344,-0.00300038,-0.00100176,0.000262498,1859.65,0.00118344,1,-0.00246016,-0.00205891,-0.0002625,2286.04
0,268898,3,phononTS,0.00110063,-0.00352316,-0.00156198,0.000262498,2.72441,0.000534234,1,-0.00358041,-0.0015987,-0.0002625,150.147
0,272702,2,phononTF,0.00172,-0.00326013,-0.00128307,-0.0002625,4.37824,0.000382,1,-0.00300099,-0.00100089,0.0002625,370.2
0,275399,9,phononTF,0.000550706,0.0030019,0.000997135,0.000262498,6248.37,0.000550706,1,0.00245983,0.00154943,-0.0002625,6512.65
0,277218,9,phononTF,0.00224269,-9.59746e-07,5.3956e-08,0.000262498,3027.13,0.00106547,1,0.00026515,0.000274034,-0.0002625,3210.61
0,288033,6,phononTS,0.000524188,-0.00299878,-0.000995616,0.000262498,1301.3,0.000524188,1,-0.00391984,0.00123397,-0.0002625,2141.35
0,288033,3,phononTF,0.000607866,-0.00350875,-0.00156393,0.000262498,24.9219,0.000301959,1,-0.00204885,-8.40281e-05,-0.0002625,629.201
0,290271,3,phononTS,0.00196684,-0.00326536,-0.00127671,-0.0002625,16.283,0.000382,1,-0.00300092,-0.00100277,0.0002625,479.805
0,290271,6,phononL,0.000382945,-0.00300092,-0.00100277,0.000262498,479.805,0.000382945,1,-0.00308492,-0.000750018,-0.0002625,594.456
0,293157,8,phononTF,0.000567306,-0.00292143,-0.000915103,-0.000262498,708.346,0.000382,1,-0.00300295,-0.00100334,0.0002625,860.141
0,298169,3,phononTF,0.000879899,-0.00326219,-0.00127704,-0.0002625,3.32526,0.000382,1,-0.00300235,-0.000998561,0.0002625,368.61
0,298169,7,phononTF,0.000421464,-0.00300235,-0.000998561,0.000262498,368.61,0.000421464,1,-0.00272769,-0.00100231,-0.0002625,546.639
0,298169,2,phononTS,0.000837874,-0.00352204,-0.00155552,0.000262498,3.32526,0.000837874,1,-0.00406852,-0.00146952,-0.0002625,248.83
0,328049,3,phononTS,0.00185709,-0.00305513,-0.00151161,-0.000260753,2.95412,0.000764,1,-0.00300025,-0.000999382,0.0002625,1238.68
0,328049,7,phononTS,0.000816541,-0.00300025,-0.000999382,0.000262499,1238.68,0.000816541,1,-0.00300793,-0.00109617,-0.0002625,1402.51
0,333175,4,phononL,0.00233539,-0.00293202,-0.00166558,-1.01652e-05,13.4902,0.000764,1,-0.00299968,-0.00100001,0.0002625,400.565
0,345288,4,phononTS,0.000423036,-0.00326662,-0.00130061,-0.0002625,109.23,0.000382,1,-0.00300325,-0.00100074,0.0002625,581.449
0,352460,2,phononTS,0.00125936,-0.00199829,-0.00192955,-0.0002625,19.8019,0.000382,1,-0.00199888,-0.00199743,0.0002625,3035.18
0,357491,5,phononTF,0.000473343,-0.005,-0.00303023,-0.000245103,632.332,0.000473343,1,-0.00498767,-0.00301763,-0.0002625,1456.48
0,361095,10,phononL,0.00075724,-0.00232961,-0.000387517,-0.0002625,2827.31,0.000382,1,-0.00200181,1.97774e-07,0.0002625,3237.22
0,371924,8,phononL,0.000469455,-0.00353853,-0.00155535,-0.000262498,191.343,0.000382,1,-0.00300334,-0.000995733,0.0002625,369.512
0,376336,5,phononL,0.00151785,-0.000637057,-0.00172152,-0.0002625,1489.46,0.000382,1,-3.25479e-06,-0.00199653,0.0002625,1973.33
0,387203,4,phononL,0.000859831,-0.00139845,-0.000966826,-0.0002625,532.145,0.000382,1,-0.000998374,-0.00100128,0.0002625,1152.04
0,404328,7,phononTS,0.00048686,-0.00299504,-0.00100328,0.000262498,639.506,0.00048686,1,-0.00277188,-0.000952447,-0.0002625,824.213
0,404759,2,phononTF,0.000713294,-0.00312711,-0.00114265,-0.0002625,1.92226,0.000382,1,-0.00299604,-0.00100318,0.0002625,631.78
0,422378,5,phononTS,0.000684281,-0.00299799,-0.00100139,0.0002625,273.812,0.000684281,1,-0.00302617,-0.000966536,-0.0002625,584.167
0,422842,7,phononTF,0.000676279,-0.00300196,-0.00100492,0.000262498,450.266,0.000676279,1,-0.00255521,-0.000566776,-0.0002625,680.468
0,422842,4,phononTS,0.000488681,-0.00352156,-0.00155474,0.000262498,32.0058,0.000488681,1,-0.00347046,-0.00158548,-0.0002625,180.007
0,434941,9,phononTF,0.000470682,-0.00269187,0.00127421,-0.000262498,4281,0.000382,1,-0.00199736,0.00199631,0.0002625,4599.75
0,450146,4,phononTF,0.000686571,-0.00231469,-0.00234406,-0.000262499,1052.79,0.000382,1,-0.00199803,-0.00199892,0.0002625,1250.7
0,450244,7,phononTF,0.000924979,0.000593158,-0.005,0.000134198,4205.23,0.000382,1,0.00199998,-3.71228e-06,0.0002625,9669.38
0,452130,9,phononTS,0.000408538,-0.00199724,4.01825e-06,0.000262498,868.769,0.000408538,1,-0.000706898,-0.00302919,-0.0002625,2005
0,486813,2,phononTF,0.00102909,-0.00234765,-0.000622783,-0.0002625,3.7048,0.000382,1,-0.00199824,-2.66855e-06,0.0002625,1037.51
0,494791,6,phononTS,0.000595156,-0.00299701,-0.000999739,0.000262498,426.682,0.000595156,1,-0.00306136,-0.00104305,-0.0002625,573.483
0,494791,2,phononTS,0.000594726,-0.00352379,-0.00156291,0.000262498,2.9303,0.000594726,1,-0.00440705,-0.00172338,-0.0002625,357.178
0,495798,6,phononTS,0.000513018,-0.000118761,-0.00196022,-0.0002625,3555.74,0.000382,1,-1.84505e-06,-0.00200472,0.0002625,4778.33
0,504634,12,phononTS,0.000752643,-0.000992027,0.00105211,-0.000262498,5143,0.000382,1,-0.000995552,0.000997336,0.0002625,5294.34
0,513914,3,phononTS,0.00225223,-0.0028754,-0.000786103,0.000220057,4.85891,0.001146,1,-0.00299554,-0.00099859,0.0002625,387.794
0,513914,6,phononTS,0.000652913,-0.00299554,-0.00099859,0.000262498,387.794,0.000652913,1,-0.00293775,-0.000941937,-0.0002625,534.111
0,525416,8,phononTF,0.000520539,-0.00300296,-0.00100293,0.0002625,334.777,0.000520539,1,-0.00248733,-0.00045236,-0.0002625,851.93
0,557554,4,phononTF,0.00151293,-0.00313046,-0.00114179,-0.0002625,28.5247,0.000764,1,-0.00300089,-0.000998577,0.0002625,658.784
0,559685,6,phononTF,0.00184733,-0.005,-0.00102229,0.000124483,395.246,0.00184733,1,-0.00458443,-0.00142679,-0.0002625,1566.97
0,563410,8,phononTS,0.00109343,-0.00199881,-2.8754e-06,0.000262499,3468.89,0.00109343,1,-0.00225305,0.000931958,-0.0002625,3839.09
0,571597,5,phononTS,0.00165088,-0.0025123,-0.00184705,-0.0002625,190.131,0.000764,1,-0.00200139,-0.00200384,0.0002625,981.546
0,574362,11,phononTS,0.000546012,-0.00199811,-0.00200304,0.000262498,941.328,0.000546012,1,-0.00227666,-0.00219222,-0.0002625,1161.99
0,578464,3,phononTF,0.00252799,-0.00297652,-0.00102672,0.000172635,83.7196,0.000382,1,-0.00300306,-0.000999332,0.0002625,2128.93
0,592625,6,phononTS,0.000482317,-0.000995321,-0.000999878,0.000262498,3542.56,0.000482317,1,-0.000993472,-0.0009951,-0.0002625,3694.38
0,593638,4,phononTF,0.00115354,-0.00313197,-0.0011363,-0.0002625,2.00813,0.000382,1,-0.00300276,-0.000995829,0.0002625,631.526
0,608430,6,phononTS,0.000522405,0.00103041,-0.000962934,-0.0002625,4519.72,0.000382,1,0.000997795,-0.000998034,0.0002625,4967.62
0,615430,3,phononTF,0.00093185,-0.00312859,-0.00113375,-0.0002625,15.9479,0.000382,1,-0.00299587,-0.000997038,0.0002625,645.607
0,640657,4,phononTF,0.00344239,-0.00306007,-0.00105836,0.000158364,136.339,0.000382,1,-0.00300219,-0.000995299,0.0002625,562.855
0,646117,4,phononTF,0.00278233,-0.00303716,-0.000972278,0.000203167,5.23677,0.000382,1,-0.00300343,-0.00099782,0.0002625,3038.75
0,646117,6,phononTF,0.000778349,-0.00300343,-0.00099782,0.000262498,3038.75,0.000778349,1,-0.00297889,-0.000972223,-0.0002625,3187.06
0,646117,5,phononTF,0.0012796,-0.00300343,-0.00099782,0.000262498,3038.75,0.0012796,1,-0.00243559,-0.000463172,-0.0002625,3303.34
0,646117,3,phononTF,0.00164928,-0.00352102,-0.00155656,0.000262498,5.23677,0.00121329,1,-0.00325364,-0.00158732,-0.0002625,181.891
0,646640,3,phononTS,0.00192205,-0.003122,-0.00113827,-0.0002625,164.426,0.001146,1,-0.00299732,-0.000999255,0.0002625,917.146
0,680543,4,phononTS,0.00143191,-0.00199883,-0.00199567,0.0002625,28.48,0.00119488,1,-0.00180946,-0.00191317,-0.0002625,912.529
0,681466,11,phononTF,0.000416546,-0.00199567,4.46351e-06,0.000262498,9759.17,0.000416546,1,-0.000558665,-0.00144303,-0.0002625,10353.2
0,727494,6,phononTS,0.000383243,-0.00286694,-0.000950172,-0.0002625,785.531,0.000382,1,-0.0029966,-0.00100488,0.0002625,1626.83
0,738129,3,phononTF,0.0023805,-0.00193778,-0.00193244,0.000214538,5.6306,0.000764,1,-0.00200338,-0.00199921,0.0002625,1140.67
0,738129,4,phononTF,0.0012909,-0.00200338,-0.00199921,0.000262498,1140.67,0.000949713,1,-0.00167895,-0.00204093,-0.0002625,1329.37
0,757514,5,phononTF,0.000466529,-0.00300125,-0.000998977,0.000262498,646.499,0.000466529,1,-0.00270597,-0.0012831,-0.0002625,834.582
0,768016,4,phononTF,0.00148519,-0.000881589,-0.00111104,-0.0002625,5.28279,0.000382,1,-0.000996139,-0.000999582,0.0002625,3282.32
0,768016,6,phononTS,0.00105774,-0.005,0.000482149,-1.85815e-06,3282.32,0.000551613,1,-0.00497124,0.000481529,-0.0002625,6920.84
0,769002,5,phononL,0.000408028,-0.00237772,-0.00188966,-0.0002625,25.0059,0.000382,1,-0.00199631,-0.00200462,0.0002625,520.752
0,780865,6,phononTS,0.000522104,0.000327228,0.00275711,-0.0002625,135.295,0.000382,1,-0.000999609,0.000998154,0.0002625,4493.66
0,785349,8,phononTF,0.00116861,-0.00186844,-0.000173492,-0.0002625,271.087,0.000382,1,-0.00199933,-1.61303e-06,0.0002625,1337.57
0,785349,9,phononTF,0.000759072,-0.00199933,-1.61303e-06,0.000262498,1337.57,0.000759072,1,-0.00183821,-0.000157868,-0.0002625,1498.49
0,793998,9,phononTS,0.000421613,-0.00303585,-0.000953253,-0.000262498,274.745,0.000382,1,-0.00300094,-0.00100269,0.0002625,429.903
0,797355,4,phononTF,0.000648637,-0.00299665,-0.00100308,0.0002625,163.87,0.000648637,1,-0.00273889,-0.000786031,-0.0002625,700.531
0,803045,5,phononTS,0.000438001,-0.00200168,-0.00200062,0.0002625,858.667,0.000438001,1,-0.00205186,-0.0020214,-0.0002625,1165.61
0,822907,6,phononTF,0.00043192,0.0010036,-0.00300438,0.0002625,2175.21,0.00043192,1,0.0025697,-0.00442809,-0.0002625,3413.63
0,850622,6,phononTF,0.00180872,0.000671715,-0.00270971,-0.00010331,76.8887,0.000764,1,0.000996799,-0.00299942,0.0002625,1981.64
0,850622,8,phononL,0.000462884,0.000996799,-0.00299942,0.000262498,1981.64,0.000462884,1,-0.00100801,-0.00157659,-0.0002625,2488.59
0,856471,3,phononTF,0.000761316,-0.00299604,-0.00100421,0.0002625,9.82438,0.000761316,1,-0.00273524,-0.000726621,-0.0002625,557.856
0,857562,5,phononTS,0.000417543,-0.00203054,-0.00183371,-0.000262498,2547.68,0.000382,1,-0.00199996,-0.00199749,0.0002625,2722.11
0,857661,3,phononTF,0.000477674,-0.00313189,-0.00113665,-0.0002625,17.9486,0.000382,1,-0.00300065,-0.000997211,0.0002625,647.853
0,857661,2,phononL,0.000798716,-0.00352561,-0.00155495,0.000262498,17.9486,0.000151837,1,-0.00351028,-0.00196692,-0.0002625,142.844
0,869666,6,phononTF,0.000747839,-0.00199615,1.41732e-06,0.0002625,3656.14,0.000747839,1,-0.00141722,-0.000724951,-0.0002625,4426.53
0,869666,3,phononTS,0.000962309,-0.0035103,-0.00155265,0.000262498,24.0681,0.000272867,1,-0.00396608,-0.00167524,-0.0002625,271.763
0,896875,2,phononTF,0.00110665,-0.00202042,-0.00186187,-0.0002625,16.9845,0.000764,1,-0.00199847,-0.00199747,0.0002625,1977.45
0,925237,10,phononTF,0.000532848,-0.00300403,-0.000996524,0.000262498,1721.48,0.000532848,1,-0.00315512,-0.00104496,-0.0002625,1879.38
0,932763,8,phononTS,0.000846134,-0.0030003,-0.000999734,0.000262498,370.307,0.000846134,1,-0.00298357,-0.00148051,-0.0002625,613.65
0,944042,2,phononTF,0.00187945,-3.68531e-05,0.00203827,0.000215865,0.805282,0.000382,1,4.63196e-06,0.00199925,0.0002625,3888.55
0,951426,5,phononTF,0.00373902,-0.00293767,-0.00101737,3.42368e-05,2.34402,0.001146,1,-0.00299769,-0.00100411,0.0002625,1720.28
0,951426,7,phononTS,0.000868133,-0.00299769,-0.00100411,0.000262498,1720.28,0.000868133,1,-0.00301574,-0.000916949,-0.0002625,1884.52
0,951426,6,phononTF,0.00101494,-0.00299769,-0.00100411,0.000262498,1720.28,0.000737356,1,-0.00355319,-0.000413532,-0.0002625,1992.1
0,951426,4,phononTS,0.0034886,-0.00334915,-0.00173506,-0.000142175,2.34402,0.00255166,1,-0.00330837,-0.0017293,-0.0002625,270.26
0,951868,5,phononTS,0.000620929,-0.00299602,-0.00100471,0.0002625,2972.56,0.000382943,1,-0.00305196,-0.000949587,-0.0002625,4984.88
0,953950,5,phononTF,0.000688927,-0.00300467,-0.000996088,0.0002625,195.27,0.000688927,1,-0.00274525,-0.000721885,-0.0002625,560.026
0,958074,7,phononTF,0.000721514,-0.005,-0.000734609,-0.000219148,3944.93,0.000721514,1,-0.00498069,-0.000740728,-0.0002625,5226.99
0,959282,5,phononTF,0.000916038,-0.00300364,-0.00100283,0.000262498,367.701,0.000916038,1,-0.00421289,-0.000319783,-0.0002625,809.103
0,959282,3,phononTS,0.002341,-0.005,-0.00275665,-0.000133916,2.63412,0.00182605,1,-0.00466106,-0.00280034,-0.0002625,1006.63
0,960724,7,phononTF,0.000503026,0.00187367,-0.00226095,-0.0002625,14479.8,0.000382,1,0.00200434,-0.00200463,0.0002625,15070.4
0,974234,4,phononTS,0.00197025,-0.00296232,-0.00102672,-6.583e-05,53.1143,0.000382,1,-0.00300273,-0.00100073,0.0002625,449.319
0,984309,5,phononL,0.00094075,-0.00200362,0.0020047,0.0002625,1402.68,0.000361055,1,-0.00108668,0.00198966,-0.0002625,1838.76
0,986139,2,phononTF,0.000919465,0.00299862,0.000999901,0.0002625,5.73509,0.000919465,1,0.00309705,0.0010919,-0.0002625,4388.97
0,986269,4,phononTF,0.00130379,-0.000121602,0.00184555,-0.0002625,185.779,0.000764,1,-0.00100431,0.00100023,0.0002625,2067.55
0,990406,7,phononL,0.000765984,-0.00200288,-0.00200267,0.000262498,3030.37,0.000765984,1,-0.00167156,-0.00228346,-0.0002625,3158.45
0,994027,8,phononTS,0.000443195,0.00286271,0.00100164,-0.0002625,2426.62,0.000382,1,0.00300118,0.000997917,0.0002625,2937.76
0,994027,5,phononTF,0.00103706,-0.00352828,-0.00152922,0.000262498,106.494,0.000358858,1,-0.00346028,-0.00165462,-0.0002625,261.685
0,1000193,7,phononTS,0.000398155,0.000650441,-0.00186843,-0.0002625,2619.05,0.000382,1,0.000996148,-0.000996896,0.0002625,5032.02
0,1001016,5,phononTF,0.00258326,-0.00295669,-0.000933109,0.000192685,81.913,0.000764,1,-0.00299922,-0.000997658,0.0002625,755.687
0,1021648,5,phononTS,0.000739834,-0.00200415,-0.00199722,0.000262498,895.738,0.000739834,1,-0.00182983,-0.00169499,-0.0002625,1118.61
0,1032386,4,phononL,0.000476174,-0.00200211,-1.09784e-06,0.000262499,6412.13,0.000476174,1,-0.00283734,0.000198789,-0.0002625,6597.82
0,1032965,8,phononTS,0.000402388,-0.00311136,-0.000951905,-0.0002625,3767.29,0.000382,1,-0.00300194,-0.00100182,0.0002625,6909.99
0,1032965,2,phononTF,0.00409773,-0.00329828,-0.000897147,7.15942e-05,36.785,0.00258536,1,-0.00341254,-0.000786719,-0.0002625,1322.15
0,1042248,11,phononTS,0.000568163,-0.00300413,-0.000997044,0.0002625,2784.13,0.000568163,1,-0.00358988,-0.0010643,-0.0002625,3837.59
0,1042961,6,phononTF,0.000651664,-0.00350584,-0.00149285,-0.000262498,326.029,0.000382,1,-0.00299702,-0.000995443,0.0002625,577.172
0,1042961,4,phononTF,0.00258064,-0.00353826,-0.00177439,2.87971e-05,176.996,0.00255886,1,-0.00417177,-0.00205636,-0.0002625,522.164
0,1042961,3,phononTF,0.00042122,-0.00350799,-0.00151621,0.000262498,176.996,0.00042122,1,-0.00330383,-0.00132531,-0.0002625,345.879
0,1042961,2,phononL,0.00143362,-0.00350799,-0.00151621,0.000262498,176.996,0.000746881,1,-0.00356081,-0.000967761,-0.0002625,316.594
0,1065349,5,phononL,0.00253606,-0.0030033,-0.00100398,0.000262498,644.251,0.00184125,1,-0.00371688,-0.00028253,-0.0002625,866.604
0,1084498,8,phononTF,0.00111614,-0.00119391,-0.00121216,-0.0002625,349.182,0.000382,1,-0.00200023,-0.00199902,0.0002625,1413.34
0,1090876,4,phononTS,0.00156305,-0.00305729,-0.000960046,-4.41295e-05,4.69179,0.000764,1,-0.00300155,-0.000998673,0.0002625,304.307
0,1099647,6,phononTS,0.000851816,-0.00270155,-0.00202671,-0.000262498,390.354,0.000382,1,-0.00300196,-0.00100194,0.0002625,795.06
0,1101526,4,phononTF,0.00209933,-0.00341863,-0.00156177,-0.000210998,5.86095,0.000382,1,-0.00300021,-0.000999928,0.0002625,459.423
0,1101526,5,phononL,0.00117684,-0.00300021,-0.000999928,0.000262498,459.423,0.000409163,1,-0.0031684,-0.00152908,-0.0002625,600.468
0,1106831,3,phononTF,0.00168761,-0.00325909,-0.00128353,-0.0002625,2.24834,0.000382,1,-0.00300142,-0.00100298,0.0002625,367.399
0,1111704,2,phononTF,0.00154186,-0.00163428,0.000362819,-0.0002625,0.859386,0.000382,1,-0.00100493,0.00100314,0.0002625,1173.34
0,1111704,6,phononTS,0.000572604,-0.00100493,0.00100314,0.000262498,1173.34,0.000572604,1,-0.00103705,0.000944663,-0.0002625,1327.67
0,1112324,6,phononTF,0.000525457,-0.00132608,0.00116805,-0.000262498,1587.44,0.000382,1,-0.00100369,0.0010021,0.0002625,1777.46
0,1112324,4,phononTS,0.00108082,-0.00348709,-0.00156705,0.000262498,240.124,0.000504919,1,-0.003261,-0.00123452,-0.0002625,476.284
0,1114707,2,phononTF,0.000413689,-0.00325611,-0.00127811,-0.0002625,13.7772,0.000382,1,-0.00299629,-0.000999986,0.0002625,378.982
0,1125787,4,phononTF,0.000621498,0.00200286,1.88531e-07,0.0002625,2575.37,0.000621498,1,0.00130903,-0.00033127,-0.0002625,4567.41
0,1125787,2,phononTF,0.00196486,-0.00352555,-0.00156148,0.000262498,3.92785,0.0010997,1,-0.00424578,-0.00229774,-0.0002625,330.182
0,1130592,5,phononL,0.000482437,-0.00246444,-0.000364988,-0.0002625,257.15,0.000382,1,-0.00199559,-3.58618e-06,0.0002625,701.527
0,1130592,2,phononTF,0.00117113,-0.0035252,-0.00155279,0.000262498,7.37932,0.00104711,1,-0.00370732,-0.00141946,-0.0002625,170.981
0,1144143,5,phononTF,0.00223897,0.000120947,-0.000710133,-0.000157982,178.797,0.00160406,1,0.000170293,-0.000745255,-0.0002625,2122.35
0,1162281,8,phononTS,0.000711079,-0.00300141,-0.000999605,0.000262498,2542.43,0.000197662,1,-0.0034693,-0.000730577,-0.0002625,2811.89
0,1171817,5,phononTS,0.000770033,-0.00100173,0.000995654,0.0002625,1635.17,0.000770033,1,-0.00168042,0.00232304,-0.0002625,2671.46
0,1176033,5,phononTF,0.000653301,-0.00299593,-0.000997564,0.0002625,207.906,0.000653301,1,-0.00275414,-0.000734129,-0.0002625,565.541
0,1191210,5,phononTF,0.000854703,-0.00175931,0.000219857,-0.0002625,4.76236,0.000382,1,-1.98305e-06,0.00200272,0.0002625,1446.76
0,1195404,3,phononTS,0.00384161,-0.00297279,-0.00102925,-4.14754e-05,27.8094,0.000382,1,-0.00300335,-0.000997311,0.0002625,643.881
0,1195404,5,phononTF,0.000767908,-0.00300335,-0.000997311,0.000262498,643.881,0.000767908,1,-0.00322165,-0.000797863,-0.0002625,813.515
0,1195404,4,phononTF,0.00201053,-0.00288452,-0.00143471,1.1294e-05,643.881,0.000967299,1,-0.00272092,-0.00120901,-0.0002625,951.386
0,1197883,13,phononTF,0.00054886,-0.0020032,0.00200112,0.0002625,4762.11,0.00054886,1,-0.00244885,0.00152585,-0.0002625,5239.84
0,1200876,4,phononTF,0.000663642,-0.00300334,-0.000998066,0.0002625,18.7946,0.000663642,1,-0.00407222,0.000203826,-0.0002625,867.575
0,1220428,6,phononTS,0.000470768,-0.00302799,-0.00106538,-0.000262498,493.854,0.000382,1,-0.00300149,-0.00100002,0.0002625,641.874
0,1229243,7,phononTS,0.000821785,-0.00388198,-0.00116935,-0.0002625,2355.6,0.000382,1,-0.00299702,-0.000998801,0.0002625,3028.3
0,1229243,11,phononTS,0.00110429,-0.00355415,-0.00177727,-8.80057e-05,649.779,0.00110429,1,-0.00341863,-0.00177947,-0.0002625,724.633
0,1229243,10,phononTS,0.0008243,-0.005,-0.00444684,-0.000260191,649.779,0.0008243,1,-0.0049963,-0.00444764,-0.0002625,1547.18
0,1229243,8,phononTF,0.00148267,-0.00371709,-0.00163485,0.000113835,594.383,0.000559743,1,-0.00407529,-0.00201732,-0.0002625,775.916
0,1234713,4,phononTS,0.000869709,-0.00297198,-0.00107947,-0.000262498,436.492,0.000382,1,-0.00300424,-0.000998305,0.0002625,597.829
0,1240561,9,phononTF,0.000482236,-0.00346397,-0.000747775,-0.000262498,338.612,0.000382,1,-0.00199715,4.15442e-06,0.0002625,852.921
0,1244858,5,phononTS,0.000565754,-0.00299934,-0.00100091,0.0002625,348.407,0.000565754,1,-0.0029445,-0.00104045,-0.0002625,1806.59
0,1260845,6,phononTF,0.000994407,-0.0032498,-0.00124104,-0.0002625,264.038,0.000382,1,-0.00300008,-0.00100306,0.0002625,618.026
0,1266113,5,phononTF,0.00160754,-0.00326368,-0.00127821,-0.0002625,2.67904,0.000382,1,-0.00300004,-0.000997193,0.0002625,369.493
0,1266113,6,phononTS,0.000844506,-0.00300004,-0.000997193,0.000262498,369.493,0.000844506,1,-0.00301807,-0.000989165,-0.0002625,517.36
0,1266113,4,phononTS,0.000863181,-0.00352732,-0.00155923,0.000262498,2.67904,0.00078518,1,-0.00398811,-0.00206586,-0.0002625,311.775
0,1266113,3,phononTS,0.000677587,-0.00352732,-0.00155923,0.000262498,2.67904,0.000677587,1,-0.00390175,-0.00151308,-0.0002625,218.273
0,1279582,6,phononTS,0.00116282,-0.00294937,-0.00169463,-0.000262498,756.198,0.000764,1,-0.00299692,-0.000997355,0.0002625,1047.91
0,1298371,10,phononTS,0.00044409,-0.00100112,-0.00100429,0.0002625,2847.01,0.00044409,1,-0.000966163,-0.00105984,-0.0002625,8980.94
0,1299903,2,phononTF,0.00104219,-0.00238383,-0.000391473,-0.0002625,4.46654,0.000382,1,-0.00200498,-2.41741e-06,0.0002625,855.897
0,1305496,5,phononTF,0.00102178,-0.00325949,-0.00128424,-0.0002625,3.8685,0.000382,1,-0.0029955,-0.00100386,0.0002625,374.621
0,1305496,4,phononTF,0.000912727,-0.00352348,-0.00156461,0.000262498,3.8685,0.000493764,1,-0.00291069,-0.00091728,-0.0002625,295.055
0,1326049,6,phononTF,0.00232992,-0.00312854,-0.00113422,-0.0002625,1688.12,0.000764,1,-0.00299537,-0.00100132,0.0002625,2417.76
0,1344187,7,phononTS,0.000780613,-0.00300476,-0.000996863,0.0002625,868.655,0.000780613,1,-0.00298072,-0.000518196,-0.0002625,2013.82
0,1344647,7,phononTF,0.000580312,-0.00354867,-0.00152332,-0.000262498,156.831,0.000382,1,-0.00299659,-0.000998949,0.0002625,417.363
0,1355807,10,phononTS,0.000413378,-0.00306343,-0.0009255,-0.0002625,4006.87,0.000382,1,-0.00299568,-0.00100475,0.0002625,4523.34
0,1355807,5,phononTF,0.000973871,-0.00348715,-0.0015293,0.000262498,170.9,0.000698828,1,-0.00323846,-0.0011998,-0.0002625,365.193
0,1355807,4,phononTF,0.00148409,-0.00348715,-0.0015293,0.000262498,170.9,0.00101677,1,-0.00406629,-0.00179874,-0.0002625,425.974
0,1355807,2,phononTF,0.00184032,-0.00492409,-0.00335918,-0.0002267,59.7863,0.00107957,1,-0.00469377,-0.00198113,-0.0002625,1197.97
0,1357944,4,phononTS,0.000979099,-0.00265228,0.00339257,0.000130667,207.06,0.000382,1,7.41034e-07,4.24815e-06,0.0002625,3597.93
0,1381066,4,phononTF,0.000692228,-0.000107686,-0.005,-0.000187039,2.26707,0.000382,1,0.000995125,-0.00299912,0.0002625,2051.92
0,1381066,3,phononTF,0.00215221,-0.00352134,-0.00156074,0.000262498,2.26707,0.00211708,1,-0.00350802,-0.00154843,-0.0002625,150.335
0,1381066,2,phononTS,0.000533892,-0.00352134,-0.00156074,0.000262498,2.26707,0.000533892,1,-0.0034941,-0.00149605,-0.0002625,150.252
0,1385114,4,phononTF,0.00156599,-0.00299924,-0.00100436,0.0002625,13.6673,0.00153378,1,-0.00319376,-0.000796401,-0.0002625,548.873
0,1386510,3,phononTF,0.00261086,-0.00338074,-0.00139855,-0.0002625,16.8824,0.001146,1,-0.0030037,-0.000995617,0.0002625,1823.1
0,1407514,9,phononTS,0.000596732,-0.00100383,0.00299781,0.0002625,1168.7,0.000520084,1,-0.000557926,0.00398948,-0.0002625,2767.78
0,1423629,3,phononTS,0.00450309,-0.00300421,-0.000999907,0.00025824,10.7347,0.000764,1,-0.00300462,-0.00100032,0.0002625,2537.36
0,1424827,3,phononTF,0.000983545,-0.00313481,-0.00114042,-0.0002625,3.19946,0.000764,1,-0.00300463,-0.00100036,0.0002625,635.867
0,1424827,2,phononTS,0.000427791,-0.00352534,-0.0015606,0.000262498,3.19946,0.000427791,1,-0.00352875,-0.00149798,-0.0002625,153.428
0,1467808,2,phononTS,0.0036593,-0.00297717,-0.0010215,0.000248407,4.28868,0.001146,1,-0.00300142,-0.000998246,0.0002625,846.237
0,1483090,3,phononTF,0.000383033,-0.00313149,-0.00113429,-0.0002625,9.19712,0.000382,1,-0.0029993,-0.000996407,0.0002625,641.175
0,1501927,4,phononTF,0.00048643,-0.00300152,-0.000996209,0.0002625,9.11065,0.00048643,1,-0.00295791,-0.00094906,-0.0002625,1947.17
0,1501927,3,phononTF,0.00130338,-0.00352477,-0.00156199,0.000262498,9.11065,0.000633392,1,-0.00325264,-0.00126371,-0.0002625,195.426
0,1516491,2,phononTS,0.00268404,-0.00317513,-0.000340585,-1.99453e-05,6.94348,0.00263317,1,-0.00321521,-0.000325524,-0.0002625,915.166
0,1517401,3,phononTF,0.00250147,-0.00298731,-0.000984226,0.000251384,5.02748,0.000382,1,-0.00300497,-0.00100221,0.0002625,244.741
0,1517739,4,phononTF,0.000390915,-0.00237912,-0.000389696,-0.0002625,16.6701,0.000382,1,-0.00199792,3.48379e-06,0.0002625,871.761
0,1542074,2,phononTF,0.000512297,-0.00334831,-0.00138332,-0.0002625,1.87727,0.000382,1,-0.0029959,-0.00100137,0.0002625,373.609
0,1554225,9,phononL,0.00191818,0.00041034,-0.00164502,-0.0002625,132.858,0.000764,1,-2.86844e-06,-0.00199725,0.0002625,3850.8
0,1554225,10,phononTF,0.000555039,-2.86844e-06,-0.00199725,0.000262498,3850.8,0.000555039,1,-0.00042574,-0.00159787,-0.0002625,4071.58
0,1554225,8,phononTS,0.000925006,-0.00394495,-0.00151326,-0.000121193,132.858,0.000925006,1,-0.00418623,-0.00216294,-0.0002625,375.803
0,1565073,6,phononTF,0.00210331,-0.00203153,7.5356e-05,0.000150022,488.249,0.000382,1,-0.00199972,7.52625e-07,0.0002625,1001.2
0,1565073,8,phononL,0.000560117,-0.00199972,7.52625e-07,0.000262498,1001.2,0.000560117,1,-0.00076541,0.000310485,-0.0002625,1259.36
0,1572308,8,phononTF,0.000466245,-0.00331555,-0.000411561,-0.000262498,3010.25,0.000382,1,-0.00299725,-0.0010047,0.0002625,3270.24
0,1583474,5,phononTS,0.000668827,-0.00214044,-0.00108304,-0.0002625,535.45,0.000382,1,-0.000999829,-0.000996156,0.0002625,1377.37
0,1584501,4,phononTS,0.000500933,-0.00300009,-0.0009982,0.0002625,391.112,0.000500933,1,-0.00294709,-0.00104639,-0.0002625,684.629
0,1629958,5,phononTF,0.000424549,-0.00035898,0.00238244,-0.0002625,2854.18,0.000382,1,-0.000995115,0.002998,0.0002625,3601.37
0,1638291,4,phononTS,0.00196496,-0.0025879,6.11594e-06,-9.42704e-05,8.12508,0.000382,1,-0.00199828,-1.77023e-06,0.0002625,868.267
0,1638291,5,phononTF,0.00096129,-0.00199828,-1.77023e-06,0.000262499,868.267,0.000646897,1,-0.00233536,0.000691654,-0.0002625,1154.75
0,1638291,3,phononTF,0.000473542,-0.00350894,-0.0015558,0.000262498,8.12508,0.000473542,1,-0.00276066,-0.00199588,-0.0002625,313.249
0,1638636,6,phononTS,0.00114111,-0.00299642,-0.00100087,0.000262498,651.025,0.000177167,1,-0.00440481,-5.45864e-05,-0.0002625,1218.02
0,1642177,7,phononTF,0.00134237,-0.00312975,-0.00112156,-0.0002625,236.815,0.000764,1,-0.0030008,-0.00100334,0.0002625,860.539
0,1657414,9,phononTF,0.000415199,-0.00200132,4.48193e-07,0.0002625,1286.65,0.000415199,1,-0.00145286,0.000557977,-0.0002625,2750.27
0,1667497,4,phononTS,0.000445772,-0.00299638,-0.00099613,0.0002625,1682.5,0.000445772,1,-0.00268765,-0.00151133,-0.0002625,2414.8
0,1680378,9,phononTS,0.0004866,0.000645495,9.44467e-05,-0.0002625,1832.49,0.000382,1,0.000995141,0.000996622,0.0002625,3498.72
0,1684764,4,phononL,0.00223393,-0.000293576,0.000269866,-0.0002625,9.39215,0.000764,1,3.78989e-06,-1.0668e-06,0.0002625,2129.48
0,1692010,4,phononTF,0.000872738,-0.00332084,-0.00137536,-0.0002625,1214.78,0.000382,1,-0.00300017,-0.00100336,0.0002625,1628.83
0,1693112,4,phononTF,0.00273728,-0.00323424,-0.00119182,0.000133063,43.0951,0.000382,1,-0.00299634,-0.000995806,0.0002625,307.797
0,1693112,6,phononTS,0.00136644,-0.00299634,-0.000995806,0.000262498,307.797,0.00116641,1,-0.00315838,-0.00108169,-0.0002625,494.327
0,1693112,5,phononTS,0.000789997,-0.00299634,-0.000995806,0.000262498,307.797,0.000789997,1,-0.00301273,-0.000987595,-0.0002625,457.462
0,1693112,3,phononTS,0.00158463,-0.00353373,-0.0015624,0.000262498,43.0951,0.00108187,1,-0.00359472,-0.00157572,-0.0002625,206.685
0,1698591,9,phononTS,0.000470541,-0.0030026,-0.000996338,0.000262499,1403.64,0.000470541,1,-0.00296819,-0.00093673,-0.0002625,1551.18
0,1702911,6,phononTF,0.000785723,-0.000877292,-0.000405287,-0.0002625,34.8149,0.000382,1,7.2937e-07,6.98847e-07,0.0002625,1384.05
0,1720215,4,phononTF,0.00117974,-0.00299718,-0.00100468,0.0002625,2.20655,0.000354013,1,-0.00273328,-0.00072594,-0.0002625,551.813
0,1724444,8,phononTS,0.000386223,-0.00200323,-0.00200007,0.0002625,546.731,0.000386223,1,-0.00206486,-0.00299531,-0.0002625,2231.33
0,1730761,4,phononTF,0.00214239,-0.00124614,-0.000764199,2.14611e-05,44.0194,0.000764,1,-0.0019975,-4.13481e-06,0.0002625,2431.15
0,1730761,7,phononL,0.000606508,-0.0019975,-4.13481e-06,0.000262498,2431.15,0.000606508,1,-0.00107373,-0.000268496,-0.0002625,2634.95
0,1732838,5,phononL,0.00119067,-0.00336378,-0.000598545,-0.0002625,183.374,0.000382,1,-0.00299981,-0.00100298,0.0002625,521.982
0,1734683,2,phononL,0.00229161,-0.00212455,-0.00204432,0.000113567,3.90227,0.001146,1,-0.00200229,-0.00200087,0.0002625,2542.06
0,1734683,5,phononTF,0.000514323,-0.00200229,-0.00200087,0.000262498,2542.06,0.000514323,1,-0.00197164,-0.00197339,-0.0002625,2690.54
0,1738168,3,phononTS,0.00282893,-0.00387178,-0.000403539,2.5193e-05,10.3801,0.00261934,1,-0.00382804,-0.000435186,-0.0002625,1231.39
0,1753981,6,phononTS,0.000999582,-0.00332324,-0.00158223,-0.000262498,167.531,0.000382,1,-0.00199619,-0.00199827,0.0002625,663.678
0,1753981,2,phononTF,0.00238662,-0.00351906,-0.00156451,0.000262498,3.55757,0.00183047,1,-0.00355821,-0.00152691,-0.0002625,152.372
0,1768194,6,phononTF,0.000564792,-0.00200205,-2.08957e-06,0.000262499,2227.94,0.000564792,1,-0.00182605,8.77858e-05,-0.0002625,2389.7
0,1776844,5,phononTS,0.000449409,-0.00299897,-0.00100457,0.0002625,281.312,0.000449409,1,-0.00304058,-0.00104855,-0.0002625,592.914
0,1779246,6,phononTS,0.00284821,-0.00185042,-0.00198051,0.000100587,318.802,0.000382,1,-0.00200212,-0.00199911,0.0002625,2566.47
0,1787634,12,phononTF,0.000452779,-0.005,-0.00259411,0.000121769,1378.6,0.000452779,1,-0.0043129,-0.00234581,-0.0002625,3981.37
0,1807834,4,phononTS,0.000633775,-0.00101881,-0.00219954,-0.000262498,1823.64,0.000382,1,-3.44191e-06,4.36356e-06,0.0002625,2624.03
0,1809187,5,phononTS,0.000417028,-0.0012313,0.00194186,-0.000262498,9829.85,0.000382,1,-0.00199833,0.00200364,0.0002625,10138.6
0,1810122,4,phononTF,0.00161419,-0.00326218,-0.00128317,-0.0002625,5.75309,0.000764,1,-0.00300009,-0.00100262,0.0002625,372.061
0,1810122,3,phononTS,0.00254597,-0.00345526,-0.00135793,-0.000234587,5.75309,0.00159583,1,-0.00346487,-0.00132089,-0.0002625,221.914
0,1825596,2,phononTS,0.00233678,-0.0031445,-0.0010199,0.000148297,31.1008,0.000382,1,-0.00299972,-0.00100255,0.0002625,1854.52
0,1827952,4,phononTS,0.00232922,-0.0035428,-0.000899218,-0.00022903,2.3527,0.000382,1,-0.00300457,-0.000995654,0.0002625,536.145
0,1827952,5,phononTS,0.00122565,-0.00300457,-0.000995654,0.000262498,536.145,0.00109763,1,-0.0013005,-0.00366973,-0.0002625,1546.97
0,1840670,2,phononTF,0.000730403,-0.00312777,-0.00113606,-0.0002625,4.42709,0.000382,1,-0.00299649,-0.000996829,0.0002625,634.291
0,1841847,4,phononL,0.000774231,-0.00341423,-0.00174843,-0.000262498,1495.8,0.000382,1,-0.0029997,-0.00100177,0.0002625,1685.74
0,1841847,2,phononTS,0.00106069,-0.00353394,-0.00153947,0.000262498,34.6011,0.000386196,1,-0.00365275,-0.00151664,-0.0002625,201.718
0,1852371,4,phononTS,0.000389027,-0.00210639,-0.00159025,-0.0002625,494.756,0.000382,1,-0.00100127,-0.00100422,0.0002625,1412.93
0,1855734,6,phononTS,0.000524598,-0.00281089,0.00166537,-0.000262498,836.28,0.000382,1,-0.00100123,0.000996664,0.0002625,1520.07
0,1873845,8,phononTF,0.000477491,-0.00228033,-0.00243769,-0.000262498,2802.06,0.000382,1,-0.00199634,-0.00200063,0.0002625,3022.05
0,1874378,5,phononL,0.00252008,-0.00205377,0.00153489,-0.0002625,55.6891,0.000382,1,-0.0019973,0.00199563,0.0002625,1974.45
0,1881530,8,phononTS,0.000454467,-0.00301647,-0.00105993,-0.000262498,250.535,0.000382,1,-0.00299561,-0.000997867,0.0002625,403.39
0,1881530,2,phononTF,0.000885432,-0.00352227,-0.00156002,0.000262498,1.36341,0.000807237,1,-0.00376079,-0.00130677,-0.0002625,178.956
0,1889025,6,phononTF,0.00290423,-0.00300719,-0.000995665,0.000258807,916.35,0.00203898,1,-0.00308698,-0.00102037,-0.0002625,1069.24
0,1898248,5,phononTS,0.00202548,-0.0041516,-5.22283e-05,-0.000221051,362.583,0.000860968,1,-0.00415475,-5.11316e-05,-0.0002625,1229.04
0,1912503,3,phononTF,0.000804121,-0.00327032,-0.00128577,-0.0002625,126.273,0.000382,1,-0.00299519,-0.0009989,0.0002625,498.106
0,1912503,2,phononTS,0.00128454,-0.00354546,-0.00157263,0.000262498,126.273,0.000941019,1,-0.00359826,-0.00152094,-0.0002625,272.919
0,1914957,7,phononTF,0.000397477,-0.00114996,-0.00118969,-0.0002625,3635.31,0.000382,1,-0.00199538,-0.0020038,0.0002625,4895.74
0,1917061,4,phononTS,0.001898,-0.00100021,-0.0010362,-0.000103935,3.80923,0.000764,1,-0.00100491,-0.00100235,0.0002625,2951.13
0,1917061,6,phononTF,0.000412708,-0.00100491,-0.00100235,0.000262498,2951.13,0.000412708,1,-0.000848733,-0.000796585,-0.0002625,3118.95
0,1936860,5,phononTF,0.00260819,-0.00309388,-0.00108631,-7.2666e-05,1620.82,0.001146,1,-0.0029998,-0.00100143,0.0002625,1920.39
0,1937221,4,phononTF,0.00126945,-0.00314088,-0.0011662,-0.0002625,772.068,0.000382,1,-0.00299526,-0.00100483,0.0002625,1572.11
0,1938691,5,phononTS,0.000767609,-0.00334141,-0.00223455,-0.000262498,819.216,0.000382,1,-0.00199549,-3.94727e-07,0.0002625,1665.47
0,1981757,5,phononTF,0.00272567,-0.0029347,-0.00106406,5.10563e-05,32.131,0.000382,1,-0.00300172,-0.00100319,0.0002625,360.213
0,1981757,8,phononTF,0.000578827,-0.00300172,-0.00100319,0.000262498,360.213,0.000432746,1,-0.00368246,-0.00048835,-0.0002625,653.372
0,1989458,5,phononTF,0.000792292,-0.00421042,-0.00218482,-0.0002625,157.404,0.000382,1,-0.00300191,-0.00099579,0.0002625,1742.56
0,1993276,8,phononTS,0.00103512,-0.00343538,-0.000979559,-0.000262498,312.17,0.000382,1,-0.00300216,-0.00099503,0.0002625,542.459
0,1993744,2,phononTF,0.0029683,-0.00302511,-0.00102866,0.000218656,7.87508,0.001528,1,-0.00300166,-0.00100325,0.0002625,1225.96
0,2014634,6,phononTS,0.00113244,-0.00437307,-0.00062234,-0.0002625,1566.84,0.000764,1,-0.00299705,-0.00100433,0.0002625,2669.5
0,2014634,4,phononTS,0.00118063,-0.00352419,-0.00155844,0.000262498,6.90932,0.000677962,1,-0.00276453,0.000255745,-0.0002625,672.058
0,2026720,3,phononTF,0.0023415,-0.00313052,-0.000969098,-0.0002625,24.291,0.000382,1,-0.00299936,-0.000999237,0.0002625,556.09
0,2026720,5,phononTS,0.000676283,-0.00299936,-0.000999237,0.000262498,556.09,0.000676283,1,-0.00377864,-0.0010142,-0.0002625,873.533
0,2026720,4,phononTF,0.00117438,-0.00299936,-0.000999237,0.000262498,556.09,0.00117438,1,-0.00328303,-0.000739695,-0.0002625,739.199
0,2030823,8,phononTS,0.000526901,-0.00199589,-0.00200492,0.000262498,7931.63,0.000526901,1,-0.00222264,-0.00183517,-0.0002625,8140.34
0,2059124,9,phononTS,0.000744608,-0.00199532,-4.71433e-06,0.000262498,2194.74,0.000744608,1,-0.00177329,0.000183964,-0.0002625,2405.52
0,2061303,3,phononTS,0.00276844,-0.00290938,-0.00101386,8.64877e-05,4.91268,0.001528,1,-0.00300004,-0.00100369,0.0002625,1538.5
0,2077827,2,phononTS,0.00116436,-0.00452431,0.0003398,-0.00010131,30.1995,0.000382,1,-0.0029984,-0.000996338,0.0002625,1823.1
0,2102717,7,phononTS,0.000426543,0.00166093,0.000352192,-0.0002625,2354.12,0.000382,1,0.00300183,0.000999659,0.0002625,3927.92
0,2102928,5,phononTF,0.000631086,-0.00240795,-0.000393825,-0.0002625,3322.13,0.000382,1,-0.00200163,-3.81527e-06,0.0002625,3974.06
0,2148915,4,phononTF,0.00104628,-0.00313833,-0.00115202,-0.0002625,159.088,0.000382,1,-0.0030049,-0.00100401,0.0002625,633.539
0,2148915,2,phononTS,0.00212291,-0.00364937,-0.00144959,0.000250923,3.90239,0.00186036,1,-0.00367662,-0.00126524,-0.0002625,228.945
0,2167271,5,phononL,0.000824961,-0.00279701,-0.000283805,-0.000262498,1517.91,0.000382,1,-0.00299756,-0.000998216,0.0002625,1685.44
0,2172044,7,phononTF,0.000537724,-0.00318543,-0.0011784,-0.0002625,198.442,0.000382,1,-0.00300053,-0.0010025,0.0002625,691.922
0,2190214,3,phononTS,0.000593184,-0.00287458,-0.0010099,-0.0002625,3.4944,0.000382,1,-0.00299976,-0.00099803,0.0002625,909.955
0,2190214,2,phononTS,0.000485387,-0.00351494,-0.00155763,0.000262498,3.4944,0.000485387,1,-0.00320541,-0.00150548,-0.0002625,205.12
0,2191873,8,phononTS,0.000416772,-0.000996782,-0.000999641,0.0002625,4131.92,0.000416772,1,-0.000326795,-4.52588e-05,-0.0002625,12078.1
0,2193117,9,phononTF,0.000609976,-0.00199544,2.05505e-06,0.000262498,906.177,0.000609976,1,-0.005,-9.27455e-05,2.20496e-05,1783.1
0,2245419,5,phononTF,0.00169531,-0.00325814,-0.00127977,-0.0002625,2.3148,0.000764,1,-0.00299659,-0.00100058,0.0002625,368.198
0,2245419,6,phononTS,0.000580781,-0.00299659,-0.00100058,0.000262498,368.198,0.000580781,1,-0.00293584,-0.00105241,-0.0002625,514.615
0,2251468,2,phononL,0.00153705,0.000315991,-0.000797219,-0.0002625,2.84934,0.000764,1,0.000998339,-0.000999881,0.0002625,1195.33
0,2252530,6,phononTS,0.000601274,-0.00102444,0.00105493,-0.000262498,5803.41,0.000382,1,-0.000998771,0.00100302,0.0002625,5957.34
0,2252774,6,phononTS,0.000573641,-0.00297631,-0.0010278,-0.000262498,510.423,0.000382,1,-0.00300194,-0.00099631,0.0002625,660.641
0,2263376,4,phononTS,0.0012795,-0.000884001,-0.00187988,-0.0002625,99.8518,0.000382,1,-3.89069e-06,-0.00199678,0.0002625,1444.25
0,2263376,5,phononTS,0.000784697,-3.89069e-06,-0.00199678,0.000262498,1444.25,0.000784697,1,-4.38475e-05,-0.00200051,-0.0002625,1591.68
0,2263376,3,phononTS,0.00196425,-0.005,-0.00050631,0.000192991,99.8518,0.00174339,1,-0.00483815,-9.81077e-05,-0.0002625,1278.11
0,2263376,2,phononTS,0.000544501,-0.00352433,-0.0015292,0.000262498,99.8518,0.000544501,1,-0.00393395,-0.00117848,-0.0002625,370.868
0,2264090,3,phononTS,0.00121182,-0.00239249,-0.000739907,-0.0002625,1.20434,0.000382,1,-0.00200338,-0.0019961,0.0002625,2098.5
0,2301657,8,phononTS,0.000492071,-0.00300277,-0.00100047,0.000262498,2488.6,0.000492071,1,-0.00298145,-0.000323434,-0.0002625,2771.65
0,2305663,4,phononL,0.00258958,-0.00337558,-0.000622498,-0.0002625,35.684,0.000764,1,-0.00300328,-0.000996776,0.0002625,832.92
0,2313645,5,phononTF,0.000394159,-0.00244964,-0.00154309,-0.0002625,1673.35,0.000382,1,-0.00300198,-0.00099858,0.0002625,2818.2
0,2350345,2,phononTS,0.000463368,-0.00294284,-0.00112168,-0.0002625,2.12004,0.000382,1,-0.00299813,-0.00100036,0.0002625,2036
0,2355243,5,phononTS,0.000774521,-0.00359388,-0.00152857,-0.0002625,657.514,0.000382,1,-0.00299813,-0.000998968,0.0002625,1675.08
0,2358062,6,phononTF,0.000552333,-0.00246274,-0.000481075,-0.0002625,213.269,0.000382,1,-0.00199579,-4.23572e-06,0.0002625,945.126
0,2368109,4,phononTS,0.00095336,-0.00299716,-0.00100451,0.000262498,637.871,0.00095336,1,-0.00209601,-0.000956327,-0.0002625,982.408
0,2386698,5,phononTS,0.0011899,-0.00200416,-0.00199522,0.0002625,1010.59,0.000383297,1,-0.00175662,-0.00254716,-0.0002625,1579.43
0,2390229,4,phononTS,0.00267998,-0.00218247,-0.00261361,-0.000129544,128.699,0.001146,1,-0.00200425,-0.00200268,0.0002625,1100.05
0,2390229,8,phononTF,0.000551363,-0.00200425,-0.00200268,0.000262498,1100.05,0.000551363,1,-0.00225533,-0.00176482,-0.0002625,1277.17
0,2396648,2,phononTF,0.000697457,-0.00313068,-0.00113669,-0.0002625,19.2063,0.000382,1,-0.00300377,-0.000999438,0.0002625,647.432
0,2401518,2,phononTF,0.00230671,-0.000237392,-0.00183343,0.000114801,2.08002,0.000764,1,7.42693e-07,-0.00199666,0.0002625,1119.9
0,2409953,4,phononTF,0.00213992,-0.00312686,-0.00113658,-0.0002625,49.3251,0.001146,1,-0.00299843,-0.00100061,0.0002625,678.222
0,2414552,12,phononTS,0.00127038,-0.00354891,-0.00165166,-0.000262498,394.162,0.000764,1,-0.00300122,-0.000998914,0.0002625,748.14
0,2423438,4,phononTF,0.0024948,-0.00193938,-0.00193898,0.000239205,9.64617,0.000764,1,-0.002,-0.00199889,0.0002625,634.429
0,2423438,5,phononTS,0.000949147,-0.002,-0.00199889,0.000262498,634.429,0.000218004,1,-0.00203576,-0.00196905,-0.0002625,789.899
0,2441344,4,phononTS,0.000462597,0.00226505,-0.000704029,-0.000262498,5191.62,0.000382,1,0.001004,-0.00100191,0.0002625,5673.93
0,2443874,7,phononTS,0.00040756,-0.00238556,0.000682948,-0.0002625,260.866,0.000382,1,-0.000997687,0.00299732,0.0002625,2217.07
0,2444063,8,phononTS,0.000392397,-0.00199799,-0.00200417,0.000262498,3640.24,0.000392397,1,-0.00203849,-0.00194543,-0.0002625,3787.36
0,2446268,4,phononTF,0.00112958,-0.00289107,-0.00119031,-0.0002625,343.631,0.000382,1,-0.00300472,-0.000999025,0.0002625,836.971
0,2446268,5,phononTS,0.000487651,-0.00300472,-0.000999025,0.000262498,836.971,0.000487651,1,0.000272038,0.00256909,-0.0002625,2252.68
0,2446268,2,phononTF,0.00178168,-0.00283724,-0.00166387,4.60451e-05,5.02657,0.000654146,1,-0.00290716,-0.00173978,-0.0002625,1488.52
0,2447540,7,phononTF,0.000879644,-0.00226741,-0.000268989,-0.0002625,153.604,0.000382,1,-0.00200016,-1.97866e-07,0.0002625,1131.06
0,2450117,6,phononTS,0.000386392,-0.00200102,-0.00199597,0.000262498,522.42,0.000386392,1,-0.00201387,-0.00198386,-0.0002625,680.275
0,2452102,2,phononTF,0.00181625,-0.00299647,-0.00099832,0.0002625,56.238,0.00111763,1,-0.00271849,-0.000714554,-0.0002625,612.885
0,2456127,5,phononTF,0.00194966,-0.00299755,-0.00100197,0.000262498,928.598,0.00167286,1,-0.00226648,-0.00197873,-0.0002625,1315.11
0,2456127,2,phononTF,0.00465752,-0.00376863,-0.00173616,-0.000260845,16.6509,0.00295547,1,-0.00376647,-0.0017341,-0.0002625,1018.09
0,2463619,4,phononTS,0.00239406,-0.00266826,-0.00199443,-0.000237074,2.21764,0.000382,1,-0.00199998,-0.002,0.0002625,656.14
0,2463619,5,phononL,0.00164006,-0.00199998,-0.002,0.000262498,656.14,0.000178193,1,-0.00178333,-0.00175603,-0.0002625,774.672
0,2471271,5,phononTS,0.000384492,-0.00339167,-0.0011216,-0.0002625,840.421,0.000382,1,-0.00300103,-0.00100415,0.0002625,2006.15
0,2473666,2,phononTF,0.000832591,-0.00237602,-0.000392425,-0.0002625,24.0928,0.000382,1,-0.00199517,-3.47736e-06,0.0002625,883.484
0,2474086,5,phononTF,0.00129221,-0.00276107,-0.000768701,-0.0002625,58.8375,0.000382,1,-0.00200147,6.87049e-08,0.0002625,736.118
0,2485836,6,phononTF,0.000803161,0.00327427,0.00329814,-0.0002625,67.4016,0.000382,1,0.0020046,0.00199865,0.0002625,11579.6
0,2485836,5,phononTF,0.000418208,-0.00336578,-0.00159714,0.000262498,67.4016,0.000418208,1,-0.00315083,-0.00183353,-0.0002625,240.375
0,2505144,7,phononTS,0.00115699,-0.00277176,-0.00185049,-0.0002625,368.062,0.000382,1,-0.00200332,-0.00199527,0.0002625,998.963
0,2505144,8,phononTF,0.000428966,-0.00200332,-0.00199527,0.000262498,998.963,0.000428966,1,-0.00225004,-0.00175147,-0.0002625,1176.32
0,2512263,9,phononTS,0.000536042,-0.00412476,-0.00178531,-0.0002625,804.561,0.000382,1,-0.00300143,-0.00100432,0.0002625,1787.65
0,2590444,6,phononTS,0.000537246,-0.00249304,0.000205103,-0.0002625,7250.24,0.000382,1,-0.00200227,-3.19933e-06,0.0002625,8110.6
0,2590824,5,phononTS,0.000547261,-0.00300421,-0.000995232,0.000262498,370.548,0.000547261,1,-0.00294901,-0.00148793,-0.0002625,612.325
0,2603802,7,phononTS,0.00264562,-0.002002,3.10147e-06,0.0002625,664.327,0.00167529,1,-0.00198477,5.15798e-05,-0.0002625,1796.55
0,2610166,9,phononTS,0.00043244,0.00300103,0.00100429,0.000262498,6291.67,0.00043244,1,0.00293939,0.00105077,-0.0002625,6438.35
0,2639099,2,phononTS,0.00067081,8.22932e-05,-0.00138247,-0.0002625,10.5755,0.000382,1,0.000996897,-0.00100224,0.0002625,2099.65
0,2644480,7,phononTS,0.000708794,-0.00299164,-0.00104887,-0.000262498,701.519,0.000382,1,-0.00300472,-0.000995241,0.0002625,851.027
0,2647312,7,phononTS,0.000543555,-0.00300368,-0.00100238,0.000262498,537.97,0.000543555,1,-0.00182794,-0.000688601,-0.0002625,991.98
0,2647312,4,phononTS,0.00173836,-0.003537,-0.00155736,0.000262498,170.034,0.000790302,1,-0.00354737,-0.00208508,-0.0002625,410.936
0,2664643,9,phononL,0.000910421,-0.00200108,2.46615e-06,0.000262499,1009.65,0.000623264,1,-0.00225,0.000516301,-0.0002625,1153.68
0,2667497,2,phononTS,0.00248474,-0.00299716,-0.000999777,0.0002625,10.5618,0.00205523,1,-0.00191655,-0.00252204,-0.0002625,2106.09
0,2667498,5,phononTF,0.00205068,-0.00171283,-0.00314987,-0.000113487,100.771,0.00157827,1,-0.00171229,-0.00327709,-0.0002625,1336.81
0,2672329,5,phononTF,0.00226638,-0.00335113,-0.00137949,-0.000198429,156.739,0.000764,1,-0.00299716,-0.000998271,0.0002625,530.269
0,2672329,7,phononTS,0.000660714,-0.005,-0.00256308,-0.000224336,530.269,0.000660714,1,-0.00494367,-0.00252197,-0.0002625,1388.02
0,2672329,6,phononTS,0.000410782,-0.00299716,-0.000998271,0.000262498,530.269,0.000410782,1,-0.00425734,0.000925297,-0.0002625,1279.13
0,2679044,4,phononTF,0.00103368,-0.00332928,-0.00136329,-5.25097e-05,1085.42,0.000764,1,-0.00299611,-0.00100315,0.0002625,3735.22
0,2685095,2,phononTF,0.00477448,-0.00298259,-0.000979556,0.000222225,78.6527,0.000764,1,-0.00299865,-0.000996776,0.0002625,677.657
0,2687716,11,phononTF,0.00104745,-0.00300064,-0.000998682,0.0002625,2015.43,0.00040205,1,-0.00282366,-0.000833864,-0.0002625,2656.4
0,2707416,3,phononTF,0.00266021,-0.00326402,-0.00128047,-0.0002625,33.161,0.000382,1,-0.00300091,-0.000998378,0.0002625,400.052
0,2707416,4,phononTS,0.00189154,-0.00300091,-0.000998378,0.000262498,400.052,0.00146242,1,-0.0029452,-0.0010566,-0.0002625,546.384
0,2708815,3,phononTS,0.00269568,-0.00295883,-0.000964792,-0.0002625,2.37284,0.001146,1,-0.00299524,-0.00100229,0.0002625,437.863
0,2708815,4,phononTS,0.000570897,-0.00299524,-0.00100229,0.000262498,437.863,0.000570897,1,-0.00147052,-0.00218428,-0.0002625,1096.69
0,2717848,4,phononTF,0.00305249,-0.00290503,-0.000901859,0.000104977,115.41,0.000764,1,-0.00299772,-0.0010003,0.0002625,620.628
0,2717848,7,phononTS,0.000388672,-0.00299772,-0.0010003,0.000262498,620.628,0.000388672,1,-0.00295881,-0.00156765,-0.0002625,880.044
0,2719600,2,phononTS,0.000573094,-0.00200337,0.0020002,0.0002625,44.3838,0.000573094,1,-0.00131955,0.00193171,-0.0002625,2214.82
0,2731343,9,phononTF,0.000832521,-0.00200409,-3.53849e-06,0.000262498,3044.17,0.000832521,1,-0.0026588,0.000680614,-0.0002625,3349.19
0,2752250,4,phononTF,0.000561233,-0.00142599,0.000573659,-0.0002625,47.5451,0.000382,1,-0.000999695,0.000999624,0.0002625,1399.23
0,2754409,2,phononL,0.00212226,-0.0027186,-0.00236853,-0.0002625,27.8774,0.000382,1,-0.00200351,-0.00199889,0.0002625,737.923
0,2754409,11,phononTF,0.00083168,-0.00200351,-0.00199889,0.000262498,737.923,0.00083168,1,-0.00227334,-0.00228259,-0.0002625,922.711
0,2754409,10,phononTS,0.000859347,-0.00200351,-0.00199889,0.000262498,737.923,0.000744109,1,-0.00198063,-0.00176586,-0.0002625,926.104
0,2777691,6,phononTF,0.00059886,-0.00199648,4.97707e-06,0.0002625,356.408,0.00059886,1,-0.00134508,-0.000672756,-0.0002625,2501.64
0,2778896,4,phononTF,0.00132963,-0.00329105,-0.00128003,-0.0002625,137.23,0.000382,1,-0.00299813,-0.00100048,0.0002625,514.465
0,2784227,2,phononTS,0.00152617,0.0029954,0.00100367,0.0002625,30.5455,0.00128257,1,0.00301978,0.00105296,-0.0002625,3959.49
0,2790455,2,phononTF,0.000420663,-0.00276069,-0.000786762,-0.0002625,7.57544,0.000382,1,-0.0019971,-3.84942e-06,0.0002625,691.977
0,2804790,3,phononTS,0.00296112,-0.00303609,-0.00181637,5.93936e-06,6.31549,0.00235821,1,-0.00333455,-0.00179675,-0.0002625,2045.56
0,2808294,4,phononTF,0.00144311,-0.00313203,-0.00113798,-0.0002625,25.5416,0.000764,1,-0.00300186,-0.000997087,0.0002625,655.619
0,2820703,2,phononTS,0.00277415,-0.00300786,-0.00087031,0.00016532,17.1678,0.000764,1,-0.00300206,-0.000995191,0.0002625,796.659
0,2833383,6,phononTS,0.000508349,-0.00302767,-0.00101417,-0.000262498,265.911,0.000382,1,-0.0029951,-0.0010025,0.0002625,420.923
0,2842579,9,phononTF,0.000883135,0.0030034,0.00100253,0.000262498,2411.96,0.000587025,1,0.00294373,0.000926762,-0.0002625,2562.83
0,2849690,6,phononTF,0.000701664,-0.0021229,-0.0020246,-0.0002625,986.843,0.000382,1,-0.00200485,-0.00200319,0.0002625,2064.98
0,2861595,5,phononTF,0.0011154,-0.00211036,-9.88336e-05,-0.0002625,664.872,0.000382,1,-0.00200015,2.61594e-07,0.0002625,1125.93
0,2876128,2,phononTS,0.000427153,-0.00313284,-0.00113817,-0.0002625,7.11294,0.000382,1,-0.00300185,-0.000999986,0.0002625,762.94
0,2887409,2,phononTF,0.00148284,-0.0021533,0.000138303,-0.0002625,17.4842,0.000764,1,-0.00200125,-1.68596e-06,0.0002625,1180.86
0,2905755,6,phononTS,0.000728552,-0.00285882,-9.3166e-05,-0.0002625,1083.74,0.000382,1,-0.00199642,-1.63331e-06,0.0002625,2081.06
0,2927186,7,phononTS,0.000547696,0.00300109,0.00099639,0.000262498,7230.08,0.000547696,1,0.00280591,0.000505255,-0.0002625,7494.24
0,2930728,3,phononTF,0.00295182,-0.00302531,-0.000976761,0.000245194,29.5246,0.000382,1,-0.00299907,-0.00100357,0.0002625,677.253
0,2942572,7,phononTS,0.000497374,-0.00300272,-0.000998197,0.000262498,392.981,0.000497374,1,-0.0017163,0.000178139,-0.0002625,998.671
0,2942572,4,phononTS,0.000424558,-0.00352176,-0.00155827,0.000262498,2.6029,0.000424558,1,-0.00431079,-0.00176721,-0.0002625,327.114
0,2960529,2,phononTF,0.000530945,-0.0032563,-0.00128163,-0.0002625,5.76012,0.000382,1,-0.00299519,-0.000995146,0.0002625,372.949
0,2963232,5,phononL,0.000737598,-0.0027637,-0.000841674,-0.000262498,340.547,0.000382,1,-0.00299759,-0.00100409,0.0002625,456.325
0,2963232,3,phononTF,0.000847024,-0.00351547,-0.00156056,0.000262498,12.4427,0.000847024,1,-0.00317757,-0.00121728,-0.0002625,213.256
0,2969565,4,phononTF,0.00267247,-0.00201037,1.62916e-06,0.000248817,1.9334,0.000382,1,-0.00200479,-3.44505e-06,0.0002625,5274.42
0,2972644,5,phononTS,0.000497681,-0.00300482,-0.000997559,0.0002625,264.169,0.000497681,1,-0.00297378,-0.000954101,-0.0002625,558.785
0,2974342,9,phononTS,0.000645251,0.00100336,0.000996507,0.000262498,3872.39,0.000147892,1,0.00101807,0.000951221,-0.0002625,4024.95
0,2975113,2,phononTF,0.00245796,0.000239502,0.00022493,-5.40196e-05,18.3433,0.000764,1,4.92254e-06,1.79662e-06,0.0002625,3614.22
0,2981474,7,phononTF,0.00100791,-1.12877e-06,-0.00199746,0.000262498,1418.15,0.00100791,1,-0.000160732,-0.00182435,-0.0002625,1580.27
0,2989175,10,phononTF,0.000848102,0.005,0.00161886,-0.000142119,439.801,0.000569679,1,0.00491869,0.00153286,-0.0002625,4979.5
0,2989175,2,phononL,0.0017034,-0.0035236,-0.00156093,0.000262498,2.36895,0.000667932,1,-0.00374342,-0.00192388,-0.0002625,129.21
0,2989175,11,phononTS,0.000581983,-0.000684551,-0.005,7.85533e-05,129.21,0.000581983,1,6.69597e-05,-0.00394429,-0.0002625,1839.2
0,2990786,2,phononTS,0.00202287,-0.000990172,0.000954865,0.000164912,5.29595,0.000382,1,-0.000997929,0.00100241,0.0002625,1099.76
0,2990786,6,phononTS,0.000439147,-0.000997929,0.00100241,0.000262498,1099.76,0.000439147,1,-0.00104172,0.000969133,-0.0002625,1257.08
0,2990786,5,phononTS,0.00101194,-0.000997929,0.00100241,0.000262498,1099.76,0.000545419,1,-0.000947967,0.000986758,-0.0002625,1252.33
0,2998791,5,phononTS,0.00059187,-0.00300152,-0.00100427,0.0002625,274.446,0.00059187,1,-0.00306339,-0.00100804,-0.0002625,576.42
0,3023645,3,phononTF,0.00137728,-0.00326447,-0.00127898,-0.0002625,9.42289,0.000382,1,-0.0030043,-0.000998532,0.0002625,375.347
0,3031880,4,phononTF,0.00183044,-0.00299834,-0.00100017,0.0002625,2.70788,0.00100886,1,-0.00273894,-0.00072168,-0.0002625,552.65
0,3040366,2,phononTF,0.00192358,-0.00259496,-0.00060464,-0.0002625,16.6572,0.000764,1,-0.00200462,4.43489e-06,0.0002625,1151.45
0,3040366,4,phononTS,0.000570298,-0.00200462,4.43489e-06,0.000262498,1151.45,0.000570298,1,-0.00204914,-3.94489e-05,-0.0002625,1307.62
0,3085579,4,phononTS,0.00113756,-0.00199608,1.55421e-06,0.0002625,3085.62,0.000996303,1,-0.00151254,1.77055e-05,-0.0002625,3489.48
0,3086976,5,phononTF,0.00194789,-0.00135714,0.00132089,-0.0002625,69.0387,0.000382,1,-0.00100455,0.000996827,0.0002625,2063.33
0,3090910,5,phononTS,0.00043553,-0.00244131,-0.00198388,-0.000262498,1702.35,0.000382,1,-0.00199987,-0.00199833,0.0002625,1936.6
0,3093023,2,phononTF,0.000831694,-0.00326398,-0.00128599,-0.0002625,8.35932,0.000382,1,-0.00300116,-0.00100492,0.0002625,379.232
0,3107083,3,phononTS,0.0027768,-0.00300681,-0.00099562,0.000236076,4.0033,0.000764,1,-0.00299922,-0.000998282,0.0002625,914.652
0,3107083,5,phononTS,0.000666896,-0.00299922,-0.000998282,0.000262498,914.652,0.000666896,1,-0.00305083,-0.00093794,-0.0002625,1061.12
0,3107083,4,phononTF,0.000539005,-0.00299922,-0.000998282,0.000262498,914.652,0.000539005,1,-0.00341719,-0.00130398,-0.0002625,1131.12
0,3107083,2,phononTF,0.000831251,-0.00351992,-0.00155814,0.000262498,4.0033,0.000831251,1,-0.00376537,-0.00133322,-0.0002625,178.995
0,3107162,4,phononTF,0.00112678,-0.00209024,-0.000460211,-0.0002625,59.7708,0.000382,1,-0.000997411,-0.000999877,0.0002625,1013.63
0,3113745,9,phononTS,0.000522997,-0.00100002,0.00100207,0.0002625,3833.25,0.000522997,1,-0.000222101,0.00107536,-0.0002625,5075.73
0,3115764,7,phononL,0.000402516,-0.00306548,-0.00114443,-0.0002625,384.013,0.000382,1,-0.00299996,-0.00100276,0.0002625,714.429
0,3115960,2,phononTF,0.000601325,-0.00312092,-0.00113575,-0.0002625,33.1768,0.000382,1,-0.00299652,-0.00099871,0.0002625,660.439
0,3126461,5,phononTF,0.000782719,-0.00313361,-0.00114566,-0.0002625,233.77,0.000382,1,-0.0029954,-0.000999581,0.0002625,727.967
0,3134193,2,phononTF,0.0013121,-0.00337182,-0.00138948,-0.0002625,6.91,0.000382,1,-0.00299805,-0.000996215,0.0002625,383.379
0,3134193,5,phononTS,0.000420554,-0.00299805,-0.000996215,0.000262498,383.379,0.000420554,1,-0.00299258,-0.00116396,-0.0002625,558.685
0,3150113,2,phononTF,0.00178909,-0.00325442,-0.00128177,-0.0002625,19.8179,0.000382,1,-0.00299922,-0.00100346,0.0002625,383.847
0,3158248,5,phononTS,0.000808303,0.000492383,0.00112113,-0.0002625,2833.71,0.000382,1,0.00200399,2.58954e-06,0.0002625,7952.34
0,3171865,4,phononTF,0.000625547,-0.00312571,-0.00114098,-0.0002625,17.7816,0.000382,1,-0.0030008,-0.001003,0.0002625,645.389
0,3182894,7,phononTF,0.000555393,0.000325019,-0.00169965,-0.000262498,1407.06,0.000382,1,-2.16486e-06,-0.00200299,0.0002625,1600.98
0,3186503,3,phononTS,0.00196831,-0.00276204,-0.00178859,-0.0002625,70.5006,0.001146,1,-0.00199808,-0.00199576,0.0002625,728.565
0,3186503,2,phononTS,0.00183791,-0.00495209,0.00111564,-0.000144469,70.5006,0.00169368,1,-0.00497704,0.00123892,-0.0002625,999.93
0,3187901,7,phononTS,0.000975161,-0.00239894,-0.00200923,-0.0002625,872.077,0.000382,1,-0.00200492,-0.00199689,0.0002625,1542.9
0,3187901,3,phononTF,0.00239912,-0.00391623,-0.0020902,-0.000205151,1.15394,0.0016047,1,-0.00382322,-0.00199337,-0.0002625,207.27
0,3190847,4,phononTF,0.000555567,-0.000282842,-0.00169189,-0.000262498,1946.45,0.000382,1,-2.1173e-06,-0.00199927,0.0002625,2134.92
0,3191619,4,phononTF,0.000705532,-0.00326346,-0.00128037,-0.0002625,18.2566,0.000382,1,-0.00300063,-0.00100478,0.0002625,384.334
0,3199103,7,phononTS,0.000383112,-0.00200071,-2.85865e-06,0.0002625,1235.07,0.000383112,1,-0.00195102,-6.22837e-05,-0.0002625,2243.48
0,3212464,4,phononTS,0.00247422,-0.00291148,-0.00154458,-0.0002625,2.62099,0.000764,1,-0.00199514,-0.00200388,0.0002625,909.024
0,3212464,5,phononTF,0.00058408,-0.00199514,-0.00200388,0.000262498,909.024,0.00058408,1,-0.00228737,-0.0022972,-0.0002625,1098.53
0,3221580,4,phononTF,0.00225867,-0.00322139,-0.0011294,-0.0002625,20.2883,0.000382,1,-0.0030014,-0.00100345,0.0002625,476.262
0,3221580,6,phononTS,0.000408776,-0.0030014,-0.00100345,0.000262498,476.262,0.000408776,1,-0.00205112,-0.000987038,-0.0002625,837.302
0,3221580,5,phononTS,0.00143223,-0.00317407,-0.0021971,0.000216337,476.262,0.00102651,1,-0.00272119,-0.00321604,-0.0002625,1312.02
0,3250906,2,phononTS,0.00282584,-0.0020216,-0.00202605,1.92342e-05,4.28437,0.000382,1,-0.00199515,-0.00199974,0.0002625,2055.01
0,3258627,5,phononTF,0.000952793,-0.00299735,-0.000995101,0.000262498,642.03,0.000952793,1,-0.00280168,-0.00117523,-0.0002625,807.776
0,3267271,11,phononTF,0.000552393,-0.00187031,-0.00258408,-0.0002625,894.79,0.000382,1,-0.000995514,-0.00100299,0.0002625,4302.86
0,3269026,5,phononTS,0.0008272,-0.00299974,-0.000997344,0.000262498,1347.84,0.000422976,1,-0.00304698,-0.000997818,-0.0002625,1495.04
0,3270935,4,phononTS,0.00218184,2.39061e-05,0.00197669,0.00013672,43.0492,0.000382,1,-1.14058e-06,0.00199698,0.0002625,2060.22
0,3273012,9,phononTF,0.00190395,-6.85318e-05,9.44758e-05,0.000228844,218.272,0.00153274,1,0.000823163,-0.000781255,-0.0002625,2262.81
0,3280202,5,phononTF,0.000404532,-0.00326257,-0.00125967,-0.000262498,272.395,0.000382,1,-0.00300122,-0.000998445,0.0002625,453.354
0,3295414,7,phononTS,0.00042719,-0.00300181,-0.0010007,0.000262498,387.068,0.00042719,1,-0.0030665,-0.000974137,-0.0002625,547.565
0,3297506,4,phononTS,0.00292148,-0.00284145,-0.00103529,0.00014958,88.6209,0.000382,1,-0.00299674,-0.00100484,0.0002625,863.497
0,3297506,5,phononTF,0.0017386,-0.00229082,-0.000189924,-8.77278e-05,863.497,0.0017386,1,0.005,-0.00112636,-0.000254346,3463.65
0,3308848,5,phononTS,0.000391129,-0.00199618,2.99785e-06,0.0002625,2777.8,0.000391129,1,-0.00190565,-0.000325681,-0.0002625,3212.54
0,3308848,2,phononTS,0.000811346,-0.00351701,-0.00155997,0.000262498,4.43281,0.000811346,1,-0.00356577,-0.00196388,-0.0002625,226.245
0,3312128,5,phononTS,0.000552672,-0.00299765,-0.00100447,0.0002625,285.116,0.000345538,1,-0.00304573,-0.00105655,-0.0002625,578.679
0,3324952,2,phononTS,0.000746223,-0.00295955,-0.00100677,0.000188501,1.68751,0.000382,1,-0.00300486,-0.000999512,0.0002625,417.319
0,3327045,7,phononTS,0.00112567,-0.000971547,0.000176767,-0.0002625,297.943,0.000382,1,3.29934e-06,0.00200135,0.0002625,2264.11
0,3327045,8,phononTF,0.000669254,3.29934e-06,0.00200135,0.000262498,2264.11,0.000669254,1,0.00108529,0.00282281,-0.0002625,2686.4
0,3327045,2,phononTF,0.0027255,-0.00185869,-0.000208304,6.64604e-05,74.8499,0.00234027,1,-0.00182288,-0.000262599,-0.0002625,1258.44
0,3328316,9,phononTF,0.000393667,-0.00299877,-0.000999931,0.000262498,1070.96,0.000393667,1,-0.00322306,-0.000739611,-0.0002625,1250.63
0,3332664,4,phononTF,0.000733168,-0.00325045,-0.00127359,-0.0002625,22.152,0.000382,1,-0.00300008,-0.00100181,0.0002625,383.666
0,3334426,2,phononTS,0.00103582,-0.005,-0.00290671,-0.000215905,7.0192,0.000382,1,-0.00300476,-0.00100464,0.0002625,1515.5
0,3341690,3,phononTS,0.00297819,-0.00300491,-0.000995444,0.0002625,57.3874,0.00163288,1,-0.00297767,-0.0010268,-0.0002625,787.537
0,3351952,2,phononTF,0.000540566,-0.00312664,-0.00114009,-0.0002625,9.61509,0.000382,1,-0.00299556,-0.000996642,0.0002625,640.481
0,3366349,9,phononTS,0.000777015,0.00259933,0.000287734,-0.000262498,9335.42,0.000382,1,0.00200101,-2.17527e-06,0.0002625,9635.98
0,3371942,5,phononTF,0.000511695,-0.0019413,-0.00200889,-0.0002625,992.737,0.000382,1,-0.00199717,-0.00200015,0.0002625,1445.78
0,3381333,4,phononTF,0.001748,-0.00164348,-0.00147832,-0.0002625,42.3914,0.000382,1,-0.000999921,-0.000999295,0.0002625,1660.83
0,3385805,4,phononTF,0.000384074,-0.00313576,-0.00112227,-0.0002625,40.4941,0.000382,1,-0.0029985,-0.000995289,0.0002625,668.747
0,3386624,10,phononTS,0.000572119,-1.82813e-06,4.49576e-06,0.0002625,1239.55,0.000572119,1,-2.36315e-05,-9.09447e-06,-0.0002625,2175.43
0,3409217,9,phononTF,0.000904128,-0.00353535,-0.00150776,-0.000262498,168.837,0.000382,1,-0.00299996,-0.00100116,0.0002625,423.6
0,3409455,6,phononTS,0.00048875,-0.00249479,-0.0010643,-0.000262498,1955.26,0.000382,1,-0.00300229,-0.0010027,0.0002625,2200.25
0,3414963,11,phononTF,0.000388398,-0.0032714,-0.00129726,-0.000262498,182.204,0.000382,1,-0.00300234,-0.00100452,0.0002625,367.54
0,3417200,4,phononTF,0.00179358,-0.0038634,-0.00187876,1.58492e-05,3.2846,0.000382,1,-0.002999,-0.00100047,0.0002625,510.338
0,3418579,6,phononL,0.00078532,-0.00308693,-0.00149898,-0.000262498,900.94,0.000382,1,-0.00299568,-0.00100306,0.0002625,1035.3
0,3423597,2,phononL,0.00207414,-0.00314386,0.00239602,-0.0002625,9.29014,0.000764,1,-0.001999,0.00200005,0.0002625,2822.13
0,3423598,3,phononL,0.00453058,-0.00382341,-0.00114306,-0.000227875,11.2009,0.00303126,1,-0.00384582,-0.00108398,-0.0002625,3665.59
0,3438435,4,phononTF,0.000956806,-0.00238237,-0.000387291,-0.0002625,1.76912,0.000382,1,-0.00200196,2.88256e-06,0.0002625,857.433
0,3458385,2,phononL,0.00105408,-0.002086,-0.00119981,-0.000179115,1.6255,0.000382,1,-0.00100384,-0.0010022,0.0002625,2689.26
0,3472147,3,phononTS,0.00246235,-0.00298977,-0.000977758,-1.53213e-05,83.3594,0.000382,1,-0.00300474,-0.00100032,0.0002625,456.438
0,3472147,4,phononTS,0.00133752,-0.00300474,-0.00100032,0.000262498,456.438,0.000956647,1,-0.00305602,-0.00104413,-0.0002625,603.48
0,3477160,4,phononTS,0.00139018,-0.00274415,-0.000748572,0.000228686,2.67015,0.000256019,1,-0.00279461,-0.000403378,-0.0002625,3262.91
0,3482281,4,phononTF,0.00206649,-0.0031285,-0.00113648,-0.0002625,3.07105,0.000764,1,-0.00299721,-0.000995413,0.0002625,633.612
0,3482978,2,phononTF,0.00120526,-0.0014195,0.000574029,-0.0002625,25.9987,0.000382,1,-0.000997889,0.00100316,0.0002625,1376.21
0,3487350,7,phononTF,0.000464933,-0.00298525,-0.00110226,-0.0002625,752.235,0.000382,1,-0.00300261,-0.00100035,0.0002625,1209.73
0,3494956,10,phononTF,0.000457318,-0.0019972,-4.34138e-06,0.000262498,3614.17,0.000457318,1,-0.00159186,0.000701283,-0.0002625,3906.54
0,3494956,6,phononTF,0.0004592,-0.0021975,-0.000786744,0.000262498,2786.5,0.0004592,1,-0.00343096,-0.00221964,-0.0002625,3346.46
0,3497698,9,phononTS,0.000695679,-0.00100368,-0.000997434,0.000262498,10092.2,0.000695679,1,-0.000938952,-0.0009559,-0.0002625,10239.1
0,3504621,7,phononL,0.00105198,-0.00202702,-0.00280009,-0.000262498,1256,0.000382,1,-0.00199688,-0.00200307,0.0002625,1429.92
0,3504621,8,phononTS,0.000603874,-0.00199688,-0.00200307,0.000262498,1429.92,0.000453765,1,-0.0017276,-0.00193959,-0.0002625,1632.69
0,3517869,4,phononTS,0.000550433,-0.00326318,-0.00126414,-0.000262498,590.294,0.000382,1,-0.00299707,-0.00100128,0.0002625,820.463
0,3517869,2,phononTS,0.00158774,-0.00351317,-0.00154319,0.000262498,27.1837,0.000528792,1,-0.00353889,-0.00157283,-0.0002625,188.312
0,3521542,5,phononTF,0.00122496,-0.0030523,-0.00108425,-0.0002625,1.77608,0.000764,1,-0.00199502,-2.33327e-06,0.0002625,694.041
0,3521542,4,phononTF,0.000838876,-0.00352125,-0.00155966,0.000262498,1.77608,0.00058015,1,-0.0039685,-0.00199489,-0.0002625,232.209
0,3521542,3,phononTF,0.000964404,-0.00352125,-0.00155966,0.000262498,1.77608,0.000964404,1,-0.00318673,-0.00190318,-0.0002625,202.147
0,3521542,2,phononTS,0.00081816,-0.00352125,-0.00155966,0.000262498,1.77608,0.00081816,1,-0.00402815,-1.93182e-05,-0.0002625,564.812
0,3530763,6,phononTF,0.000480507,-0.000196171,-0.00239129,-0.0002625,2001.75,0.000382,1,3.91446e-06,-0.00200093,0.0002625,3033.05
0,3533223,3,phononTF,0.00270544,-0.00304018,0.00053878,0.000205714,0.167436,0.00108282,1,-0.00280556,0.000801326,-0.0002625,2610.28
0,3557072,3,phononTS,0.00203977,-0.000490463,0.000665835,8.16834e-05,14.4054,0.000764,1,-3.70622e-06,-1.4842e-06,0.0002625,3271.23
0,3563507,4,phononTF,0.000424698,-0.00331541,-0.000672362,-0.000262498,651.2,0.000382,1,-0.00299995,-0.0010014,0.0002625,847.089
0,3565326,6,phononTF,0.000397958,-0.00328396,-0.00128687,-0.0002625,217.166,0.000382,1,-0.00300007,-0.000995123,0.0002625,592.742
0,3578734,4,phononL,0.00228838,-0.00300068,-0.00100154,0.000262498,686.616,0.00159526,1,-0.00353867,-0.000727257,-0.0002625,835.413
0,3579841,2,phononTF,0.00195473,-0.00326158,-0.00128698,-0.0002625,22.1812,0.000764,1,-0.00299921,-0.0010001,0.0002625,389.81
0,3592478,4,phononTF,0.00137042,-0.00200121,-1.62537e-06,0.0002625,226.035,0.000869323,1,-0.00209523,-0.000271407,-0.0002625,1254.73
0,3593278,5,phononTF,0.000588524,-0.00347591,-0.00150102,-0.000262498,152.265,0.000382,1,-0.00299738,-0.00100112,0.0002625,397.213
0,3593278,3,phononTS,0.0012462,-0.0035228,-0.00155653,0.000262498,5.26546,0.00124274,1,-0.00373466,-0.000453311,-0.0002625,421.726
0,3593676,4,phononTF,0.0019656,-0.00327935,-0.00126161,-0.0002625,183.812,0.000382,1,-0.00299688,-0.00100415,0.0002625,549.213
0,3595130,3,phononTF,0.00447204,-0.00315181,-0.00108423,0.000195063,9.05796,0.000382,1,-0.00300356,-0.000996554,0.0002625,937.485
0,3595130,6,phononTF,0.000724201,-0.00300356,-0.000996554,0.000262498,937.485,0.00061158,1,-0.00155087,0.000347466,-0.0002625,1518.42
0,3608541,8,phononTF,0.000413362,-0.00217689,-0.0021817,-0.000262498,2939.94,0.000382,1,-0.00200125,-0.00199817,0.0002625,3104.3
0,3611445,6,phononTS,0.00187336,-0.00200077,-4.02475e-06,0.000262498,813.481,0.00187336,1,-0.00119733,-4.05835e-05,-0.0002625,1132.84
0,3618181,4,phononTS,0.000440766,-0.00201391,-0.00197304,-0.000262498,685.663,0.000382,1,-0.00199968,-0.00199521,0.0002625,840.444
0,3620396,8,phononTS,0.000444331,-2.80096e-05,-6.08974e-05,-0.000262498,1576.64,0.000382,1,-4.97535e-06,3.57585e-07,0.0002625,1725.13
0,3621832,3,phononTF,0.00175014,-0.00326248,-0.0012801,-0.0002625,43.7195,0.000764,1,-0.00299974,-0.000997849,0.0002625,410.747
0,3622489,4,phononTF,0.000792945,-0.00313339,-0.00113961,-0.0002625,2.04354,0.000382,1,-0.00300346,-0.00100022,0.0002625,631.776
0,3622489,3,phononTF,0.0012321,-0.00352316,-0.0015578,0.000262498,2.04354,0.00117448,1,-0.00318021,-0.00232566,-0.0002625,308.181
0,3622489,2,phononTF,0.00151623,-0.00469419,-0.00415899,0.000165217,2.04354,0.000900259,1,-0.00491463,-0.00395221,-0.0002625,1144.4
0,3641119,6,phononTF,0.000798181,-0.00306005,-0.00095594,-0.000262498,794.554,0.000382,1,-0.00300377,-0.00100363,0.0002625,944.172
0,3650840,4,phononTF,0.000738711,-0.000330878,-0.00233054,-0.0002625,6789.54,0.000382,1,-7.44498e-07,-0.00200393,0.0002625,7386.13
0,3656318,9,phononL,0.000401677,-0.0019589,0.000794768,-0.0002625,1159.1,0.000382,1,-0.000997437,0.000998835,0.0002625,2781.92
0,3666788,4,phononTF,0.00278521,-0.00185882,0.000707062,-0.000256055,5.94736,0.00171825,1,-0.00184394,0.00072186,-0.0002625,1455.57
0,3671716,2,phononTF,0.00307549,-0.00190059,-0.00108686,0.00011547,166.144,0.000735497,1,-0.00224524,-0.000726126,-0.0002625,1172.96
0,3679284,3,phononTF,0.00227254,-0.00330974,-0.00130882,-0.0002625,9.01062,0.000764,1,-0.0030035,-0.000998601,0.0002625,388.146
0,3679284,2,phononL,0.00109976,-0.00352535,-0.00156257,0.000262498,9.01062,0.00109976,1,-0.00323548,-0.00152914,-0.0002625,125.039
0,3703582,6,phononTS,0.000409427,-0.00300449,-0.000995436,0.000262498,675.949,0.000409427,1,-0.00273818,-0.000943286,-0.0002625,868.886
0,3711535,11,phononTF,0.000417341,-0.0018328,0.000184219,-0.000262498,2249.46,0.000382,1,-0.00200422,-3.2315e-06,0.0002625,2413.7
0,3745101,3,phononTS,0.00261673,-0.00265114,-0.00160902,-1.88385e-05,8.74145,0.000382,1,-0.00299742,-0.000996824,0.0002625,1790.93
0,3745101,5,phononTF,0.000571783,-0.00299742,-0.000996824,0.000262498,1790.93,0.000571783,1,0.00153221,-0.000715902,-0.0002625,3134.66
0,3745101,4,phononTF,0.00101337,-0.00299742,-0.000996824,0.000262498,1790.93,0.000387873,1,-0.00328995,-0.000704427,-0.0002625,1980.29
0,3791519,9,phononTF,0.000449389,-0.00299665,-0.00100044,0.0002625,1060.2,0.000449389,1,-0.00319711,-0.000802412,-0.0002625,1397.08
0,3794614,5,phononTS,0.000395507,-0.0029987,-0.000995512,0.0002625,45.1701,0.000395507,1,0.00329155,0.00483425,-0.0002625,3879.54
0,3812288,4,phononTS,0.00273579,-0.00333699,-0.000932743,-0.0002625,53.8347,0.000382,1,-0.00200465,-0.00199561,0.0002625,1586.48
0,3820015,2,phononTF,0.00133993,-0.0030011,-0.00100334,0.0002625,2.76637,0.00133993,1,-0.00274094,-0.000726082,-0.0002625,556.534
0,3835022,7,phononTS,0.00124378,-0.000242819,0.00238572,-0.0002625,663.202,0.000764,1,-0.00199861,-2.39549e-06,0.0002625,4838.36
0,3854628,2,phononTF,0.000772775,-0.00312989,-0.00114016,-0.0002625,5.33192,0.000382,1,-0.00299784,-0.001001,0.0002625,637.842
0,3856736,9,phononTS,0.00040281,-0.00353637,-0.000943354,-0.000262498,333.705,0.000382,1,-0.0030033,-0.000996039,0.0002625,584.851
0,3857206,2,phononTF,0.00150312,-0.0027604,-0.000779581,-0.0002625,1.06621,0.000382,1,-0.00199748,-1.6491e-06,0.0002625,682.763
0,3880996,2,phononTF,0.000448708,-0.00326149,-0.00127289,-0.0002625,12.6289,0.000382,1,-0.0030008,-0.000997844,0.0002625,377.923
0,3886016,4,phononTS,0.00293902,-0.0030027,-0.00100021,0.000254152,8.14317,0.000764,1,-0.0030018,-0.00100082,0.0002625,375.493
0,3886016,6,phononTS,0.000618452,-0.0030018,-0.00100082,0.000262498,375.493,0.000618452,1,-0.00318288,-0.000964304,-0.0002625,552.85
0,3891425,6,phononTF,0.000766494,-0.00200329,-0.00199517,0.000262498,1883.19,0.000766494,1,-0.00218913,-0.0022007,-0.0002625,2050.29
0,3900295,2,phononTF,0.00057533,-0.00358609,-0.00162579,-0.0002625,11.9036,0.000382,1,-0.00299862,-0.00100291,0.0002625,445.99
0,3906770,8,phononL,0.000547964,0.000934116,-0.000568738,-0.000262498,2274.28,0.000382,1,0.000999937,-0.000997533,0.0002625,2401.25
0,3907842,3,phononTF,0.000654494,-0.00325881,-0.00128399,-0.0002625,8.70249,0.000382,1,-0.00299782,-0.00099758,0.0002625,375.843
0,3916161,3,phononTF,0.00146577,-0.00299586,-0.000995905,0.0002625,2.981,0.000920337,1,-0.00223246,-0.000234089,-0.0002625,971.411
0,3916852,4,phononTS,0.00076891,-0.000999987,-0.00099505,0.0002625,5012.21,0.000695572,1,-0.00098756,-6.65965e-05,-0.0002625,5721.82
0,3919925,7,phononTF,0.000968631,-0.00284361,-0.000636142,-0.0002625,727.173,0.000382,1,-0.00200446,-3.96218e-06,0.0002625,1412.34
0,3920447,2,phononTS,0.00139964,-0.00337748,-0.00116114,-0.0002625,2.00468,0.000382,1,-0.0030026,-0.000996607,0.0002625,579.732
0,3925199,5,phononTF,0.000815106,-0.00299674,-0.00100291,0.000262498,637.408,0.000815106,1,-0.00308777,-0.00090253,-0.0002625,790.183
0,3925199,2,phononL,0.00191246,-0.00352898,-0.00157607,0.000262498,5.79565,0.00158402,1,-0.00320706,-0.0021895,-0.0002625,168.223
0,3926819,5,phononTF,0.00294309,-0.00292442,-0.000931824,3.81903e-05,100.709,0.000764,1,-0.00300387,-0.00100358,0.0002625,1355.13
0,3926819,7,phononTS,0.000931948,-0.00300387,-0.00100358,0.000262498,1355.13,0.000931948,1,-0.0030365,-0.00104283,-0.0002625,1502.46
0,3926819,6,phononTS,0.000876885,-0.00300387,-0.00100358,0.000262498,1355.13,0.000598989,1,-0.00154013,0.00173687,-0.0002625,2355.42
0,3937295,6,phononTS,0.000390102,-0.00299571,-0.0010005,0.000262498,456.788,0.000390102,1,-0.0032334,-0.00121156,-0.0002625,673.672
0,3943018,7,phononTF,0.000824402,0.00100154,0.00099764,0.000262498,3123.53,0.000317301,1,0.00108461,0.000905068,-0.0002625,3275.54
0,3953205,6,phononTF,0.000854437,-0.00218446,-0.000205067,-0.000262498,943.533,0.000382,1,-0.00200228,-3.49757e-06,0.0002625,1109.93
0,3969963,6,phononTS,0.000859182,-0.000891617,0.000848665,-0.0002625,1936.92,0.000382,1,-0.00100174,0.00100296,0.0002625,2502.35
0,4002376,6,phononTF,0.000615191,-0.000998659,-0.000999869,0.0002625,3155.24,0.000615191,1,-0.00124516,-0.00122845,-0.0002625,3578.34
0,4013109,5,phononTF,0.00061706,-0.00305911,-0.00106785,-0.0002625,216.249,0.000382,1,-0.00299547,-0.00099841,0.0002625,1268.55
0,4028161,7,phononTF,0.00236805,-0.00326631,-0.00127941,-0.0002625,13.0652,0.000382,1,-0.0030036,-0.00100347,0.0002625,379.152
0,4028161,10,phononTS,0.000939625,-0.0030036,-0.00100347,0.000262498,379.152,0.000685203,1,-0.00127882,9.66946e-05,-0.0002625,1070.49
0,4051931,9,phononTS,0.000435257,0.000217655,-0.00269146,-0.0002625,85.3793,0.000382,1,0.000996612,-0.00300028,0.0002625,2107.94
0,4052768,2,phononTS,0.00136117,0.000116687,0.00346503,5.92553e-05,96.3178,0.000949835,1,0.0010828,0.00398454,-0.0002625,4055.01
0,4060190,6,phononTF,0.00223929,-0.00378232,-0.00025591,-0.0002625,51.9736,0.000764,1,-0.00300211,-0.00100274,0.0002625,2739.99
0,4060190,7,phononTF,0.00106726,-0.00300211,-0.00100274,0.000262498,2739.99,0.000795646,1,-0.00283896,-0.00083922,-0.0002625,2902.12
0,4060713,2,phononTF,0.000851646,-0.00300087,-0.000999792,0.0002625,17.5715,0.000851646,1,-0.00273839,-0.000719973,-0.0002625,567.437
0,4060714,5,phononTF,0.00302052,-0.00328555,-0.00140317,-3.12881e-05,205.145,0.0024753,1,-0.00324141,-0.00152862,-0.0002625,382.243
0,4078622,9,phononTS,0.000633868,-0.00299702,-0.000997739,0.000262498,2840.92,0.000633868,1,-0.00293401,-0.00100222,-0.0002625,2991.03
0,4083956,3,phononL,0.00125461,-0.00101308,-0.00179617,-0.0002625,4.14024,0.000382,1,3.63351e-07,-0.00200329,0.0002625,1472.77
0,4083956,5,phononTF,0.000763226,3.63351e-07,-0.00200329,0.000262498,1472.77,0.000763226,1,0.000232793,-0.00217223,-0.0002625,1645.36
0,4083956,2,phononTS,0.00117262,-0.00352387,-0.00155969,0.000262498,4.14024,0.000870345,1,-0.00357006,-0.00152827,-0.0002625,151.243
0,4093568,3,phononTS,0.0031225,-0.0032079,-0.00123177,0.000211642,15.2368,0.000764,1,-0.00300423,-0.00100107,0.0002625,270.194
0,4101486,4,phononTS,0.00293155,-0.00298024,-0.00103531,0.000135125,88.3804,0.001528,1,-0.00299579,-0.00100487,0.0002625,377.681
0,4103404,3,phononTF,0.00442417,-0.00300123,-0.000998381,0.000253583,102.927,0.001146,1,-0.00299585,-0.00100363,0.0002625,1141.91
0,4103404,5,phononTF,0.00160717,-0.00299585,-0.00100363,0.000262498,1141.91,0.00160717,1,-0.00304796,-0.00091764,-0.0002625,1293.38
0,4104945,9,phononTS,0.000556391,-0.00300339,-0.00100374,0.000262498,1162.14,0.000556391,1,-0.00304977,-0.00105766,-0.0002625,1309.26
0,4107220,4,phononTS,0.000639398,-0.0029929,-0.00105466,-0.000262498,512.167,0.000382,1,-0.00299764,-0.000995332,0.0002625,663.395
0,4111366,4,phononTF,0.00304755,-0.00201672,-0.00201397,0.000139245,934.356,0.000382,1,-0.00199963,-0.00199708,0.0002625,2825.77
0,4111366,10,phononTS,0.00115157,-0.00199963,-0.00199708,0.000262498,2825.77,0.000925367,1,-0.00204683,-0.00205674,-0.0002625,2981.9
0,4111366,9,phononTF,0.000698043,-0.00199963,-0.00199708,0.000262498,2825.77,0.000698043,1,-0.00250188,-0.00147456,-0.0002625,3078.2
0,4111366,8,phononTF,0.000572972,-0.00199963,-0.00199708,0.000262498,2825.77,0.000572972,1,-0.00227205,-0.00206459,-0.0002625,3003.7
0,4140711,8,phononTF,0.00216467,-0.00100448,0.000996969,0.000262498,3335.23,0.00182131,1,-0.000233009,0.00179781,-0.0002625,3681.72
0,4145870,4,phononTF,0.00056989,-0.000412296,-0.00240983,-0.000262498,2934.58,0.000382,1,3.52701e-06,-0.00200187,0.0002625,3155.6
0,4161827,2,phononTF,0.00156349,-0.00236266,-0.00166631,-0.0002625,6.73689,0.000382,1,-0.00200424,-0.0019965,0.0002625,1175.9
0,4164988,7,phononTS,0.00161804,-0.00205808,-0.00203966,-0.0002625,426.49,0.000764,1,-0.00200177,-0.00199854,0.0002625,1281.96
0,4182055,8,phononTS,0.000429023,-0.00199982,-0.0020012,0.0002625,590.832,0.000429023,1,-0.000791026,-0.0027198,-0.0002625,1564.06
0,4182055,6,phononTS,0.000620172,-0.00356272,-0.001784,0.000262498,301.197,0.000620172,1,-0.00349863,-0.0015678,-0.0002625,494.269
0,4189990,6,phononTS,0.00202124,-0.00200855,-0.00198205,-0.000253734,1548.58,0.000511108,1,-0.00180283,-0.0018193,-0.0002625,1770.57
0,4191426,13,phononTF,0.0007307,-0.00299655,-0.00100171,0.000262498,929.426,0.0007307,1,-0.00247723,-0.000473328,-0.0002625,1185.34
0,4213637,2,phononTF,0.000717264,-0.0030013,-0.000999694,0.0002625,6.83509,0.000717264,1,-0.00326395,-0.00124147,-0.0002625,817.948
0,4219711,4,phononTF,0.000600106,-0.00336149,0.005,-8.04111e-05,19.165,0.000600106,1,-0.00317964,0.00481035,-0.0002625,7868
0,4219711,3,phononTS,0.000747705,-0.00351983,-0.00156256,0.000262498,19.165,0.00052929,1,-0.00332373,-0.0025211,-0.0002625,396.137
0,4219711,2,phononTF,0.00194615,-0.00351983,-0.00156256,0.000262498,19.165,0.00120278,1,-0.0038158,-0.00130785,-0.0002625,206.976
0,4236661,9,phononTS,0.000407232,-0.00349449,-0.00105218,-0.000262498,924.504,0.000382,1,-0.00299552,-0.00100385,0.0002625,1168.04
0,4285086,7,phononTS,0.00056046,-0.00348105,-0.00153743,-0.000262498,362.063,0.000382,1,-0.00200228,-0.00199621,0.0002625,903.423
0,4285086,5,phononL,0.000493746,-0.00350727,-0.00147685,0.000262498,213.805,0.000493746,1,-0.00344497,-0.00103852,-0.0002625,341.619
0,4288470,5,phononTS,0.00296952,-0.00308846,-0.0010783,-0.000162371,54.5186,0.00222987,1,-0.00308863,-0.00108921,-0.0002625,2002.01
0,4294993,4,phononTF,0.000555139,-0.00312682,-0.00113144,-0.0002625,56.8882,0.000382,1,-0.00299765,-0.00100266,0.0002625,684.755
0,4302857,7,phononTS,0.000467979,-0.0022309,0.00012128,-0.0002625,2528.67,0.000382,1,-0.00200361,-0.00200231,0.0002625,3604.19
0,4304882,9,phononTS,0.000990258,-0.00202991,-5.70339e-05,-0.000262498,1017.97,0.000382,1,-0.00199952,1.21376e-06,0.0002625,1166.01
0,4305436,5,phononTF,0.000586684,-0.00314045,-0.00122314,-0.0002625,453.001,0.000382,1,-0.00300134,-0.000997403,0.0002625,964.7
0,4305436,3,phononTS,0.00076468,-0.00352833,-0.00156592,0.000262498,10.8773,0.000549107,1,-0.00423218,-0.000576417,-0.0002625,464.699
0,4305436,2,phononTS,0.00100561,-0.00352833,-0.00156592,0.000262498,10.8773,0.00100561,1,-0.00344591,-0.00244062,-0.0002625,345.996
0,4307360,4,phononTF,0.0013031,-0.00313165,-0.00113915,-0.0002625,1.60462,0.000382,1,-0.00300168,-0.000999429,0.0002625,634.095
0,4307360,5,phononTF,0.00064911,-0.00300168,-0.000999429,0.000262498,634.095,0.00064911,1,-0.00276265,-0.00126099,-0.0002625,812.347
0,4317504,6,phononTS,0.00039664,-0.00323325,-0.00124114,-0.000262498,753.663,0.000382,1,-0.00300303,-0.00100153,0.0002625,973.951
0,4320670,3,phononTF,0.000426608,-0.00326232,-0.00128298,-0.0002625,8.49942,0.000382,1,-0.00299889,-0.00100013,0.0002625,375.629
0,4321969,2,phononTF,0.000983954,-0.00312876,-0.00113478,-0.0002625,51.4347,0.000382,1,-0.00299644,-0.000999494,0.0002625,681.496
0,4321969,7,phononTF,0.000418646,-0.00299644,-0.000999494,0.000262498,681.496,0.000418646,1,-0.00272278,-0.000714616,-0.0002625,867.018
0,4332305,5,phononTS,0.000465515,-0.00200153,-0.00199889,0.0002625,2028.89,0.000465515,1,-0.00193994,-0.00204736,-0.0002625,2322.01
0,4339284,8,phononTF,0.00247301,-0.00299292,-0.00099031,0.000253452,385.681,0.000382,1,-0.00299697,-0.000996848,0.0002625,657.366
0,4339284,10,phononTS,0.000678502,-0.00299697,-0.000996848,0.000262498,657.366,0.000426572,1,-0.00322863,-0.00104061,-0.0002625,851.05
0,4340094,5,phononTS,0.000385253,-0.00303393,-0.00111706,-0.0002625,123.886,0.000382,1,-0.00300243,-0.000997059,0.0002625,9095.49
0,4345811,5,phononTS,0.00307445,-0.00308342,-0.00109473,0.000258971,24.225,0.000382,1,-0.00300333,-0.000998408,0.0002625,233.606
0,4345811,7,phononTF,0.00209565,-0.00269226,-0.00204742,0.000157206,233.606,0.0016214,1,-0.00291145,-0.00184479,-0.0002625,1183.49
0,4346394,4,phononTS,0.00101793,-0.00227452,-0.00185639,-0.0002625,5.27399,0.000764,1,-0.000997993,-0.00100039,0.0002625,1605.65
0,4355549,5,phononTF,0.00078356,-0.00347218,-0.0015101,-0.000262499,164.822,0.000764,1,-0.00300451,-0.000998483,0.0002625,413.778
0,4355549,3,phononTS,0.000405393,-0.00352121,-0.00155928,0.000262498,2.66321,0.000405393,1,-0.00299612,-0.00307543,-0.0002625,561.108
0,4367718,6,phononTS,0.000947556,-0.000973178,-0.00388912,-0.0002625,969.397,0.000382,1,0.00100002,-0.00300364,0.0002625,5292.21
0,4396308,7,phononTF,0.00111763,-0.00132572,-0.00159081,0.0001262,2547.39,0.000382,1,-0.00100447,-0.00100374,0.0002625,2746.49
0,4396308,8,phononTF,0.000549197,-0.00100447,-0.00100374,0.000262498,2746.49,0.000549197,1,-0.00122427,-0.000788914,-0.0002625,2917.95
0,4400950,8,phononTF,0.000549081,-0.00322348,-0.00124203,-0.0002625,143.204,0.000382,1,-0.00300107,-0.00100293,0.0002625,518.616
0,4411446,8,phononTS,0.000564578,-0.00277935,-0.00243677,-0.0002625,5804.12,0.000382,1,-0.00200374,-0.00199878,0.0002625,6890.9
0,4414564,6,phononTS,0.000471294,-0.0029981,-0.00100354,0.000262498,437.54,0.000471294,1,-0.00419778,-0.00125868,-0.0002625,883.602
0,4415472,5,phononTS,0.000986025,-0.00299593,-0.000999273,0.000262498,656.005,0.000670762,1,-0.00253263,0.00042867,-0.0002625,1183.62
0,4421938,3,phononL,0.00285089,-0.00263213,-0.00150294,-0.000175766,6.74813,0.000382,1,-0.00300471,-0.00100315,0.0002625,385.278
0,4432406,7,phononTF,0.000595619,-0.00299556,-0.00100278,0.000262498,485.93,0.000595619,1,-0.00273001,-0.00130476,-0.0002625,675.47
0,4446392,2,phononTF,0.00067792,-0.00312811,-0.00114105,-0.0002625,5.93804,0.000382,1,-0.00299599,-0.00100042,0.0002625,636.406
0,4448562,2,phononTS,0.00140287,-0.00200123,-0.00200455,0.0002625,5.91592,0.000634378,1,-0.00123959,-0.00223188,-0.0002625,998.096
0,4465429,5,phononTF,0.000522807,-0.0025588,-0.0013882,-0.0002625,538.876,0.000382,1,0.00200183,-0.00199847,0.0002625,3276.81
0,4465429,2,phononTF,0.000410864,-0.00351559,-0.0015594,0.000262498,4.38871,0.000410864,1,-0.00432301,-0.000542661,-0.0002625,409.062
0,4468023,11,phononTF,0.000827947,-0.00178689,-0.00177127,-0.000262498,952.539,0.000382,1,-0.00200173,-0.00199946,0.0002625,1124.79
0,4477953,3,phononTF,0.000517079,-0.00237693,-0.000389548,-0.0002625,2.49925,0.000382,1,-0.00199557,1.14917e-06,0.0002625,856.335
0,4477953,2,phononTF,0.000594287,-0.00352103,-0.00156164,0.000262498,2.49925,0.000594287,1,-0.00331882,-0.00178374,-0.0002625,172.758
0,4479449,2,phononTF,0.00082514,-0.00312812,-0.00113746,-0.0002625,3.0079,0.000382,1,-0.00299768,-0.000997895,0.0002625,632.699
0,4495867,6,phononTS,0.000700166,-0.00299797,-0.00099991,0.000262498,634.045,0.000700166,1,-0.00295087,-0.00101072,-0.0002625,784.448
0,4495867,2,phononTS,0.00044542,-0.00352375,-0.00155968,0.000262498,3.62231,0.00044542,1,-0.00302497,-0.00156807,-0.0002625,236.387
0,4523300,2,phononTF,0.000800512,-0.00310743,-0.00111905,-0.0002625,18.6087,0.000382,1,-0.00300401,-0.00100461,0.0002625,398.39
0,4529088,3,phononTF,0.000877217,-0.00325892,-0.00127792,-0.0002625,1.02057,0.000382,1,-0.0029956,-0.000995502,0.0002625,368.26
0,4529088,2,phononTF,0.00117765,-0.00352223,-0.00156035,0.000262498,1.02057,0.000661797,1,-0.00401504,-0.00117168,-0.0002625,239.598
0,4530177,2,phononTF,0.000465597,-0.00325781,-0.00127689,-0.0002625,20.0446,0.000382,1,-0.0029966,-0.0010046,0.0002625,385.124
0,4537414,3,phononTS,0.0024827,-0.00356019,-0.000966097,-0.0002625,12.0752,0.000764,1,-0.00299573,-0.00099724,0.0002625,1119.26
0,4537414,4,phononTS,0.0010786,-0.00299573,-0.00099724,0.000262498,1119.26,0.000638949,1,-0.00276101,-0.000950786,-0.0002625,1306.34
0,4542052,3,phononTS,0.00152045,-0.0029957,-0.00100186,0.0002625,36.5245,0.000109392,1,-0.00303083,-0.00105081,-0.0002625,3273.72
0,4552639,11,phononTS,0.000559007,-1.23702e-06,3.93693e-06,0.000262498,5617.6,0.000559007,1,-0.000171755,2.32303e-05,-0.0002625,5793.32
0,4558582,4,phononTF,0.00112469,-0.00266908,-8.74174e-05,0.000190264,376.887,0.000355553,1,-0.00254812,3.63883e-05,-0.0002625,5422.8
0,4560281,4,phononTS,0.00273476,-0.00293982,-0.00100414,0.000221528,131.214,0.001146,1,-0.00300091,-0.000996526,0.0002625,525.877
0,4561095,5,phononTS,0.000510217,-0.00193161,-0.000104902,-0.0002625,764.488,0.000382,1,-0.00199532,-4.89277e-06,0.0002625,1636.85
0,4562317,4,phononTS,0.00070768,-0.00306692,-0.00104528,-0.0002625,2396.34,0.000382,1,-0.00300495,-0.00100022,0.0002625,3130.29
0,4562546,3,phononL,0.00258351,-0.00292634,-0.00109072,0.000230562,0.464269,0.000382,1,-0.0029964,-0.000995173,0.0002625,245.554
0,4572759,7,phononTS,0.000935011,-0.00200057,-0.00200092,0.000262498,1115.9,0.000414709,1,-0.00195492,-0.0020461,-0.0002625,1262.9
0,4585451,14,phononTF,0.000418877,-0.00200013,-0.00199712,0.0002625,2016.1,0.000418877,1,-0.0023162,-0.00234039,-0.0002625,2411.36
0,4594432,2,phononTF,0.000843919,-0.00237489,-0.000396982,-0.0002625,2.61922,0.000382,1,-0.00199798,-3.05923e-06,0.0002625,853.614
0,4594432,6,phononL,0.000419457,-0.00199798,-3.05923e-06,0.000262498,853.614,0.000419457,1,-0.0022247,-0.00024164,-0.0002625,972.357
0,4605678,4,phononTS,0.000747198,-0.0030413,-0.00109862,-0.0002625,344.259,0.000382,1,-0.0029997,-0.000998571,0.0002625,1328.07
0,4613153,5,phononTS,0.00196362,-0.00200381,4.19866e-06,0.000262498,1847.64,0.00108041,1,-0.00206144,-7.85841e-05,-0.0002625,2008.67
0,4613461,4,phononTS,0.000945397,-0.00200258,0.00199634,0.0002625,932.681,0.0006624,1,-0.00144373,0.00259553,-0.0002625,2898.4
0,4646974,3,phononTF,0.00160896,-0.00275301,-0.000731719,0.000239795,9.13992,0.000805333,1,-0.00319013,-0.000299209,-0.0002625,1168.83
0,4653090,6,phononTF,0.000387978,1.07403e-06,-0.00199825,0.0002625,2466.21,0.000387978,1,0.000564688,-0.00159201,-0.0002625,2979.63
0,4656512,6,phononTF,0.00111319,-0.00356246,-0.00156459,-0.000262498,316.163,0.000382,1,-0.00299698,-0.00100321,0.0002625,586.135
0,4656512,7,phononTF,0.000412135,-0.00299698,-0.00100321,0.000262498,586.135,0.000412135,1,-0.0030933,-0.000900433,-0.0002625,739.369
0,4670733,2,phononTF,0.00155576,-0.00100089,0.00299928,0.0002625,2.46512,0.000873953,1,-0.00103573,0.00297345,-0.0002625,2418.48
0,4691645,3,phononTF,0.00218009,-0.002879,-0.000920935,-0.0002625,147.055,0.000764,1,-0.00300063,-0.00100491,0.0002625,916.409
0,4698328,4,phononTF,0.00169796,-0.0032309,-0.00126532,-0.0002625,70.4694,0.000764,1,-0.00299523,-0.00100467,0.0002625,432.541
0,4700721,5,phononTF,0.00066995,-0.00131761,-0.001291,-0.0002625,650.535,0.000382,1,-0.00100375,-0.000996215,0.0002625,2258.38
0,4715735,6,phononTS,0.000567507,-0.00299524,-0.00100126,0.000262498,495.723,0.000567507,1,-0.00481303,0.00109494,-0.0002625,1359.19
0,4715735,4,phononTF,0.00183083,-0.00407736,-0.000407326,-9.83455e-05,31.7091,0.00108843,1,-0.00349547,-0.000301526,-0.0002625,662.079
0,4718820,6,phononTS,0.000582997,-0.00300341,-0.00100109,0.000262498,1139.22,0.000582997,1,-0.00152494,-0.000300326,-0.0002625,1709.66
0,4723664,8,phononTS,0.000404789,0.00275209,0.00287229,-0.0002625,581.513,0.000382,1,0.0010017,0.000995076,0.0002625,6881.64
0,4728249,3,phononTF,0.000788345,-0.00325726,-0.00128692,-0.0002625,11.0246,0.000382,1,-0.00299501,-0.0010041,0.0002625,377.981
0,4728249,2,phononTS,0.000657779,-0.00351951,-0.00156974,0.000262498,11.0246,0.000657779,1,-0.00267031,-0.00317367,-0.0002625,634.014
0,4739172,7,phononTS,0.000547551,-0.00199785,-1.84612e-06,0.000262498,1456.16,0.000547551,1,-0.00204273,-4.47377e-05,-0.0002625,1603.24
0,4739194,4,phononTF,0.000982798,-0.00325662,-0.00127968,-0.0002625,5.47657,0.000382,1,-0.00299706,-0.00100377,0.0002625,370.524
0,4739194,3,phononTS,0.000882601,-0.00351618,-0.00155559,0.000262498,5.47657,0.000882601,1,-0.00347194,-0.00152012,-0.0002625,153.214
0,4739194,2,phononTF,0.00195639,-0.00351618,-0.00155559,0.000262498,5.47657,0.000716616,1,-0.00352673,-0.00168813,-0.0002625,160.984
0,4744257,6,phononTF,0.000558714,-0.00300218,-0.00100005,0.000262498,2578.55,0.000558714,1,-0.00341957,-0.000574678,-0.0002625,2802.39
0,4751439,4,phononTS,0.00288416,-0.00350262,-0.00158326,0.000192188,24.8004,0.000764,1,-0.00299812,-0.000998278,0.0002625,267.357
0,4765551,4,phononTS,0.00119365,-0.00103936,-0.00103519,-0.0002625,997.784,0.000382,1,-0.00100102,-0.000995557,0.0002625,1450.59
0,4765551,5,phononTF,0.000648222,-0.00100102,-0.000995557,0.000262498,1450.59,0.00019688,1,-0.00179347,0.000198754,-0.0002625,1897.98
0,4792535,5,phononTS,0.00296301,-0.0029843,-0.000992101,9.31672e-05,41.3002,0.000382,1,-0.00299503,-0.00100061,0.0002625,812.715
0,4825255,4,phononTF,0.000520197,-0.00300335,-0.000998866,0.0002625,46.8309,0.000520197,1,-0.00275124,-0.000714876,-0.0002625,603.005
0,4825255,3,phononTS,0.00192767,-0.00350756,-0.00156685,0.000262498,46.8309,0.000229986,1,-0.00327849,-0.00157557,-0.0002625,236.729
0,4848697,4,phononTS,0.0005202,-0.00346912,-0.0014978,-0.000262498,165.754,0.000382,1,-0.00300158,-0.00100294,0.0002625,473.833
0,4869232,2,phononTF,0.000607862,-0.00238149,-0.000392286,-0.0002625,3.04619,0.000382,1,-0.00200355,-3.59963e-06,0.0002625,853.725
0,4871954,3,phononL,0.00218692,-0.00337242,-0.000471692,-8.4519e-05,30.4789,0.000934113,1,-0.00351404,-0.000412516,-0.0002625,1631.02
0,4880562,3,phononTF,0.00229551,-0.00325958,-0.00128156,-0.0002625,2.34946,0.000764,1,-0.00299874,-0.00100161,0.0002625,368.195
0,4880562,6,phononTF,0.000796809,-0.00299874,-0.00100161,0.000262498,368.195,0.000796809,1,-0.00268136,-0.00104511,-0.0002625,555.339
0,4884539,4,phononTS,0.00160187,-0.00376535,-0.00151911,-3.73181e-05,10.2111,0.000382,1,-0.00299986,-0.00100032,0.0002625,1017.22
0,4884539,5,phononTS,0.000743721,-0.00299986,-0.00100032,0.000262498,1017.22,0.000177743,1,-0.00230106,-0.00257832,-0.0002625,1609.34
0,4905573,5,phononTF,0.00133585,-0.00199609,-3.16433e-06,0.000262498,3515.95,0.00037678,1,-0.00218439,0.000197689,-0.0002625,3682.96
0,4915602,6,phononL,0.000392183,-0.00271421,0.000366643,-0.0002625,415.814,0.000382,1,0.00200497,2.64129e-06,0.0002625,2424.28
0,4920874,6,phononL,0.00062171,-0.00324679,-0.000733165,-0.000262498,1337.82,0.000382,1,-0.00299589,-0.0010043,0.0002625,1459.74
0,4957869,4,phononTF,0.000520383,-0.0034953,-0.00152288,-0.000262498,239.58,0.000382,1,-0.00299576,-0.000999628,0.0002625,491.318
0,4970929,9,phononL,0.000719643,-0.000876228,-0.00187914,-0.0002625,29.7031,0.000382,1,-2.62756e-09,-0.00199809,0.0002625,783.082
0,4972130,5,phononTS,0.000399188,0.00200009,-0.00200098,0.000262498,5939.16,0.000399188,1,0.00257732,-0.00206903,-0.0002625,6200.46
0,4972130,2,phononTS,0.000797524,-0.00353778,-0.0015519,0.000262498,14.7791,0.000797524,1,-0.00416296,-0.00150561,-0.0002625,288.631
0,4972734,4,phononTF,0.00173166,-0.00256313,-0.00128367,-0.0002625,478.233,0.000764,1,-0.00300336,-0.000996348,0.0002625,1526.09
0,4976202,5,phononTS,0.000701727,9.09947e-05,-0.0027387,-0.000262498,3032.18,0.000382,1,-4.79489e-06,-0.00200212,0.0002625,3343.5
0,5003757,5,phononTF,0.000836288,-0.000999457,0.00100069,0.0002625,1156.95,0.000711822,1,0.00107984,0.00203147,-0.0002625,2555.64
0,5011622,3,phononTS,0.00234146,-0.00299953,-0.00100636,0.000227766,2.0173,0.000382,1,-0.00300233,-0.00100361,0.0002625,240.351
0,5011622,6,phononTS,0.000939524,-0.00300233,-0.00100361,0.000262498,240.351,0.00038615,1,-0.00304298,-0.00103963,-0.0002625,387.806
0,5024272,4,phononTS,0.00225669,-0.00227213,-0.00179527,-5.49195e-05,12.1508,0.000764,1,-0.00199724,-0.00199596,0.0002625,1907.86
0,5024272,5,phononTF,0.00100146,-0.00199724,-0.00199596,0.000262498,1907.86,0.00100146,1,-0.00215426,-0.00218124,-0.0002625,2072.65
0,5029753,8,phononTS,0.000696845,-0.0029769,-0.00077699,-0.000262498,1476.41,0.000382,1,-0.00300442,-0.000999398,0.0002625,1661.4
0,5031853,5,phononTF,0.000558401,-0.0030009,-0.000995057,0.0002625,169.23,0.000558401,1,-0.00255696,-0.000536358,-0.0002625,634.983
0,5031853,3,phononTS,0.00224458,-0.00352754,-0.00156454,0.000262498,15.2384,0.00146046,1,-0.00355808,-0.00150324,-0.0002625,169.252
0,5034134,7,phononTF,0.000447649,-0.000165516,-0.00183846,-0.0002625,1301.43,0.000382,1,7.68989e-07,-0.00199955,0.0002625,2729.89
0,5038100,9,phononTF,0.000382343,7.25123e-07,0.0020015,0.000262498,2616.81,0.000382343,1,-0.000803708,0.00116448,-0.0002625,2975.65
0,5038100,2,phononTS,0.00102983,-0.00352123,-0.00155689,0.000262498,7.8313,0.00102983,1,-0.00347946,-0.000652589,-0.0002625,350.78
0,5040404,4,phononTF,0.00144137,-0.00305422,-0.000867032,-0.0002625,9.02022,0.000382,1,-0.00300412,-0.000995162,0.0002625,453.534
0,5040404,5,phononTS,0.000827447,-0.00300412,-0.000995162,0.000262498,453.534,0.000827447,1,-0.00305179,-0.00105884,-0.0002625,600.083
0,5042139,6,phononTF,0.000492688,-0.00300266,-0.000995979,0.0002625,21.3653,0.000492688,1,-0.0027275,-0.000694547,-0.0002625,579.681
0,5069105,2,phononTF,0.000444653,-0.00326016,-0.00126936,-0.0002625,7.82522,0.000382,1,-0.00300229,-0.00099781,0.0002625,371.17
0,5072357,5,phononTS,0.000884707,-0.00285888,0.000282961,-0.0002625,25.7682,0.000382,1,-0.00199741,-2.59481e-06,0.0002625,1539.29
0,5072357,6,phononTS,0.000400548,-0.00199741,-2.59481e-06,0.000262498,1539.29,0.000400548,1,-0.00199572,-0.000306673,-0.0002625,1740.4
0,5081350,4,phononTF,0.00216853,-0.00298798,-0.00101504,0.000223147,7.31274,0.000764,1,-0.00299966,-0.00100256,0.0002625,476.897
0,5094628,5,phononTS,0.000592355,-0.00304172,-0.00094055,-0.000262498,1562.48,0.000382,1,-0.00299656,-0.00100437,0.0002625,1709.18
0,5094628,2,phononTF,0.00267419,-0.00350422,-0.00174605,-0.000208606,17.0239,0.00143763,1,-0.00347537,-0.00170921,-0.0002625,214.251
0,5094690,5,phononTS,0.00294577,-0.00104503,0.00100387,0.000218715,212.349,0.000764,1,-0.00100053,0.00100244,0.0002625,2683.07
0,5098484,2,phononTF,0.00137029,-0.00326236,-0.00128335,-0.0002625,5.29971,0.000382,1,-0.00300005,-0.000998169,0.0002625,372.586
0,5105154,7,phononTF,0.00115039,-0.00273348,-0.000740535,-0.000262498,794.872,0.000382,1,-0.00299747,-0.000997859,0.0002625,975.669
0,5105154,9,phononTS,0.000747832,-0.00299747,-0.000997859,0.000262498,975.669,0.000747832,1,-0.00454681,-0.0029833,-0.0002625,1774.53
0,5121395,9,phononTS,0.000635515,-5.39462e-08,2.27897e-06,0.000262498,3062.84,0.000635515,1,-3.28031e-05,0.000450214,-0.0002625,3294.69
0,5140556,2,phononTF,0.00138398,-0.00300034,-0.000999091,0.0002625,5.10411,0.000849216,1,-0.00274332,-0.00072268,-0.0002625,551.564
0,5141030,8,phononTF,0.000767424,-0.00199771,-0.00200092,0.000262498,2303.67,0.000766249,1,-0.00218324,-0.00220587,-0.0002625,2470.69
0,5141582,6,phononTS,0.000461337,-0.00081766,0.000120624,-0.0002625,177.792,0.000382,1,-0.000997863,0.000996199,0.0002625,2375.75
0,5160020,4,phononTF,0.00219134,-0.00331043,-0.00132951,-0.000259672,38.2126,0.001146,1,-0.00300225,-0.000997278,0.0002625,666.575
0,5160020,3,phononTS,0.00121065,-0.00353098,-0.00156038,0.000262498,38.2126,0.000628848,1,-0.00326758,-0.0027924,-0.0002625,493.935
0,5160248,6,phononTS,0.000463217,-0.00299552,-0.00100285,0.0002625,265.06,0.000463217,1,-0.00298771,-0.000990542,-0.0002625,560.906
0,5179955,3,phononTF,0.00116663,-0.00288295,-0.000910766,-0.0002625,0.781434,0.000382,1,-0.0030004,-0.000996056,0.0002625,730.51
0,5196448,4,phononTS,0.000471872,0.00111022,-0.0041179,-0.0002625,5113.13,0.000382,1,0.00100091,-0.00300221,0.0002625,6581.3
0,5241932,4,phononL,0.00127608,-0.0030022,-0.00099733,0.0002625,21.3272,0.00113928,1,-0.000798774,-0.00069379,-0.0002625,1135.89
0,5282651,9,phononTS,0.000388032,-0.00319775,0.00033206,-0.000262498,2568.09,0.000382,1,-0.00199584