Run ID,Event ID,Track ID,Particle Name,Start Energy [eV],Start X [m],Start Y [m],Start Z [m],Start Time [ns],Energy Deposited [eV],Track Weight,End X [m],End Y [m],End Z [m],Final Time [ns]
0,2271,5,phononTS,0.00287506,-0.00328464,-0.00122699,-0.000200342,2704.46,0.0017357,1,-0.00329445,-0.00119888,-0.0002625,3925
0,4032,4,phononL,0.00214328,-0.00295442,-0.000984983,0.000155268,201.736,0.001146,1,-0.0029989,-0.000996297,0.0002625,727.626
0,19172,4,phononL,0.000387912,-0.00271083,-0.000606505,-0.0002625,2.55414,0.000382,1,-0.0030026,-0.00100405,0.0002625,524.363
0,19172,3,phononTS,0.00094697,-0.00322409,5.03372e-05,0.000262498,2.55414,0.000416159,1,-0.00341634,-0.00067698,-0.0002625,321.017
0,31595,5,phononTF,0.00159049,0.00100143,0.00100441,0.0002625,1487.24,0.00130927,1,0.000504493,0.00146836,-0.0002625,4646.55
0,34051,8,phononL,0.00135597,-0.00185398,0.000267561,-0.0002625,423.5,0.000382,1,-0.00200008,-4.02214e-06,0.0002625,1270.18
0,35105,10,phononTF,0.000397964,-0.00230741,-0.000290712,-0.000262498,2089.19,0.000382,1,-0.00200335,-4.90738e-06,0.0002625,2278.23
0,36014,2,phononTS,0.000417953,-0.00261201,2.63446e-05,-0.0002625,2.98019,0.000382,1,-0.0020033,3.72903e-06,0.0002625,532.188
0,40008,4,phononTS,0.00176654,-0.00339554,-0.000241172,5.59884e-05,3.13526,0.000764,1,-0.00299884,-0.00100244,0.0002625,549.603
0,45859,3,phononTS,0.00138913,-0.00320629,-0.00101976,-0.0002625,80.2135,0.000382,1,-0.00300118,-0.000999826,0.0002625,1195.27
0,58783,6,phononTF,0.0021965,-0.00111778,0.00110776,-8.04266e-05,64.4589,0.000382,1,-0.00100037,0.000997514,0.0002625,1491.81
0,58783,8,phononTF,0.000641361,-0.00100037,0.000997514,0.000262499,1491.81,0.000641361,1,-0.00118342,0.00116562,-0.0002625,1655.44
0,58783,7,phononTF,0.000655037,-0.00100037,0.000997514,0.000262499,1491.81,0.000254978,1,-0.000777645,0.000759452,-0.0002625,1665.87
0,67281,2,phononTF,0.00271605,-0.00310616,-0.000894669,7.72656e-05,3.68772,0.000382,1,-0.00299791,-0.00099619,0.0002625,964.389
0,74571,7,phononTS,0.000561194,-0.00304918,-3.22376e-05,-0.000262498,695.103,0.000382,1,-0.00299542,-0.00100454,0.0002625,1064.36
0,148846,6,phononTF,0.00168693,-0.00199642,-4.41251e-06,0.000262498,548.444,0.000442456,1,-0.00192522,-0.000191866,-0.0002625,711.573
0,158124,5,phononTF,0.000699222,-0.002471,-6.02806e-05,-0.000262498,351.914,0.000382,1,-0.000997816,-0.00100351,0.0002625,885.646
0,163245,6,phononTS,0.00214838,-0.00212606,0.0018643,-0.0002625,2606.99,0.000382,1,-0.00200006,0.00200142,0.0002625,4749.34
0,163245,7,phononTS,0.00163705,-0.00200006,0.00200142,0.000262498,4749.34,0.00111379,1,-0.00316094,0.00257977,-0.0002625,5209.86
0,176024,8,phononTS,0.000469282,-0.00198669,-7.33087e-05,-0.0002625,709.309,0.000382,1,-0.00199999,-3.20108e-06,0.0002625,1818.45
0,181925,7,phononTS,0.000416982,-0.00199906,-3.8929e-06,0.000262498,1847.51,0.000416982,1,-0.00230478,4.86253e-05,-0.0002625,2048.34
0,181925,4,phononTF,0.000382916,-0.00319875,5.67072e-05,0.000262498,14.4789,0.000382916,1,-0.00342086,0.000266954,-0.0002625,185.862
0,218690,6,phononTS,0.00039943,-0.00245328,0.00231541,-0.0002625,523.031,0.000382,1,-0.000999703,0.00300322,0.0002625,2083.48
0,271012,5,phononTS,0.000462886,-0.00305607,-0.00105219,-0.000262498,1471,0.000382,1,-0.0029957,-0.000999272,0.0002625,1617.38
0,283474,9,phononTS,0.000734318,-2.41126e-09,-0.00199925,0.000262499,1795.2,0.000734318,1,-3.13621e-05,-0.00205909,-0.0002625,1942.98
0,299297,4,phononL,0.00273825,-0.00224831,-0.000139638,-2.37026e-05,20.345,0.000382,1,-0.00199505,4.69338e-06,0.0002625,1315.42
0,299297,5,phononTS,0.00165961,-0.00199505,4.69338e-06,0.000262498,1315.42,0.00131364,1,-0.00196637,0.000341431,-0.0002625,1523.92
0,302973,5,phononTS,0.000740688,-0.00199614,-4.74805e-06,0.000262498,555.246,0.000740688,1,-0.00171924,0.000409793,-0.0002625,815.105
0,302973,3,phononTS,0.00268865,-0.00323481,5.32778e-05,0.000262498,8.64088,0.00175225,1,-0.00318689,0.000442848,-0.0002625,227.446
0,302973,6,phononL,0.000865115,-0.005,0.000142518,0.000103182,227.446,0.000462646,1,-0.00481157,-8.5261e-06,-0.0002625,664.312
0,330458,3,phononTF,0.00292599,0.000961629,0.00105261,0.000182904,23.6457,0.000764,1,0.000997553,0.00100325,0.0002625,3949.6
0,330458,5,phononTF,0.000654829,0.000997553,0.00100325,0.000262498,3949.6,0.000654829,1,0.00124177,0.000911004,-0.0002625,4122.46
0,364844,3,phononTS,0.000813203,-0.00260602,3.06923e-05,-0.0002625,31.0934,0.000382,1,-0.00199668,-3.07928e-07,0.0002625,561.01
0,379966,5,phononTS,0.000696853,-0.00221766,0.000103544,-0.0002625,402.567,0.000382,1,-0.00199556,-2.92748e-06,0.0002625,1000.14
0,382035,2,phononTS,0.00140853,-0.00311981,-0.000680518,-0.0002625,32.1664,0.000764,1,-0.00299681,-0.00100377,0.0002625,867.518
0,382581,4,phononL,0.00306286,-0.00234196,-0.000917005,6.06349e-05,13.4084,0.001528,1,-0.00300221,-0.000999648,0.0002625,1475.65
0,403270,2,phononTF,0.00114526,-0.0027865,-0.00076311,-0.0002625,31.3915,0.000382,1,-0.00300272,-0.00099864,0.0002625,2073.36
0,403270,5,phononTS,0.000643434,-0.00300272,-0.00099864,0.000262498,2073.36,0.000643434,1,-0.00295876,-0.000999229,-0.0002625,2229.83
0,403644,6,phononTF,0.000820293,-0.00360669,-0.000365885,-0.0002625,21.0362,0.000382,1,-0.00300495,-0.000995076,0.0002625,520.755
0,413696,6,phononTS,0.000552427,-0.00299915,-0.000998487,0.000262498,794.514,0.000552427,1,-0.00483821,-0.0025557,-0.0002625,1552.48
0,427310,5,phononTF,0.00298609,-0.00326333,-0.00132346,0.000210181,33.485,0.001146,1,-0.00299783,-0.00100254,0.0002625,4148.5
0,441289,4,phononTS,0.00116275,0.000329633,-0.00104116,-0.0002625,915.861,0.000764,1,0.000996507,-0.00100113,0.0002625,2134.47
0,446360,2,phononTS,0.0012246,-0.00299354,5.51822e-05,-0.0002625,4.19999,0.000764,1,-0.00200131,3.29857e-07,0.0002625,872.055
0,451290,5,phononTS,0.000700806,-0.00309203,-0.000699159,-0.000262498,345.657,0.000382,1,-0.00300198,-0.000999647,0.0002625,557.391
0,454932,5,phononTF,0.00214282,0.000343625,-0.000320524,-0.0002625,63.7544,0.000382,1,1.02171e-06,-4.79262e-06,0.0002625,2335.13
0,470307,9,phononTS,0.00079826,-0.00206081,-0.0020548,-0.000262499,2227.7,0.000382,1,-0.00200405,-0.00199723,0.0002625,2374.01
0,492996,12,phononTS,0.000398412,-0.00199795,4.24447e-06,0.000262498,981.242,0.000398412,1,-0.00202589,5.09604e-05,-0.0002625,1129.55
0,509040,9,phononTF,0.000421865,-0.000777923,-0.00184999,-0.000262498,2289.16,0.000382,1,-0.00100009,-0.00100417,0.0002625,2614.54
0,514561,2,phononTS,0.000595963,-9.51212e-05,0.000873479,-0.0002625,8.60824,0.000382,1,-0.000997312,0.000998371,0.0002625,6493.21
0,522726,5,phononL,0.00114617,-0.00261196,2.66924e-05,-0.0002625,2.57444,0.000382,1,-0.00199975,-1.34874e-06,0.0002625,297.217
0,548579,8,phononTF,0.000469448,-0.000719875,0.000588831,-0.0002625,2463.93,0.000382,1,1.75601e-06,-3.72668e-06,0.0002625,3393.92
0,557098,6,phononTS,0.000913464,-0.00210514,0.000321598,-0.0002625,1033.29,0.000382,1,-0.00200259,4.46608e-06,0.0002625,1633.57
0,563795,6,phononTF,0.0025852,-0.000806842,-0.000939178,0.000136526,414.213,0.001146,1,-0.000998682,-0.00100497,0.0002625,3040.97
0,567180,7,phononTS,0.000465208,-0.00112976,0.00305065,-0.0002625,1722.67,0.000382,1,-0.000997456,0.00299757,0.0002625,2612.38
0,580334,3,phononTS,0.000922381,-0.000847148,-7.03872e-05,-0.0002625,6.10928,0.000382,1,0.00100059,0.00100281,0.0002625,1664.53
0,593139,8,phononTF,0.000412146,-0.00199929,0.00200068,0.0002625,1848.37,0.000412146,1,-0.00147843,0.00249755,-0.0002625,2634.55
0,607480,3,phononTF,0.00284198,-0.00237135,0.000395427,-0.0002625,1.93745,0.000382,1,-0.00200165,-3.16073e-06,0.0002625,1267.83
0,607480,5,phononTF,0.00112889,-0.00200165,-3.16073e-06,0.000262498,1267.83,0.00112889,1,-0.0020979,-8.06393e-05,-0.0002625,1420.47
0,641301,2,phononTS,0.000698605,-0.000707244,-0.00183199,-0.0002625,17.7725,0.000382,1,0.00099687,-0.00300481,0.0002625,2503.53
0,672419,5,phononTF,0.00064177,-0.00285378,-0.000863646,-0.0002625,55.2084,0.000382,1,-0.00300251,-0.000995342,0.0002625,836.619
0,678304,4,phononTS,0.000548974,-0.000997538,0.00299578,0.0002625,457.296,0.000548974,1,0.000987821,0.00471566,-0.0002625,2181.29
0,678304,2,phononTS,0.00287875,-0.00330788,0.000292365,-0.000261891,5.99323,0.00249874,1,-0.00330874,0.0002926,-0.0002625,177.098
0,702034,3,phononTS,0.00321819,-0.00301287,-0.000936316,0.000217176,6.67264,0.000382,1,-0.00299992,-0.000996022,0.0002625,395.972
0,720122,2,phononTF,0.000802974,-0.000133003,0.000119693,-0.0002625,14.5634,0.000382,1,-8.87958e-07,-8.00041e-07,0.0002625,8944.75
0,725846,3,phononTF,0.00165175,-0.000794614,-4.86883e-05,0.000250997,6.2807,0.00165175,1,-0.00158716,-0.000829705,-0.0002625,1403.01
0,725846,2,phononTF,0.000867841,-0.00322307,5.48844e-05,0.000262498,6.2807,0.000704689,1,-0.00407095,-0.000513393,-0.0002625,345.505
0,760082,2,phononL,0.000432561,-0.00310925,-0.000476144,-0.0002625,33.3292,0.000382,1,-0.00300075,-0.000998414,0.0002625,308.998
0,771341,6,phononTS,0.000849368,-0.00199764,-4.5515e-06,0.000262498,1839.93,0.000375125,1,-0.00206583,-0.000228399,-0.0002625,2034.83
0,772094,3,phononTS,0.000893515,-0.00261029,2.43274e-05,-0.0002625,1.05259,0.000382,1,-0.0019959,-3.191e-06,0.0002625,545.416
0,772094,2,phononTS,0.00168476,-0.00327536,0.000139112,-0.000217312,1.05259,0.00132637,1,-0.00329712,0.000226316,-0.0002625,219.23
0,784913,7,phononTF,0.00136719,9.9001e-07,-0.00200195,0.0002625,4070.54,0.00136719,1,0.000256719,-0.00173887,-0.0002625,4794.58
0,809249,5,phononTF,0.00300007,-0.00300483,-0.000999903,0.000255341,272.632,0.000382,1,-0.003001,-0.0010034,0.0002625,1743.62
0,809249,9,phononTS,0.00140129,-0.003001,-0.0010034,0.000262498,1743.62,0.00135349,1,-0.00299729,-0.00106332,-0.0002625,1894.65
0,815664,2,phononTS,0.00166459,-0.00296145,-0.000936163,-0.0002625,10.7549,0.000382,1,-0.0030013,-0.000997746,0.0002625,826.769
0,828702,4,phononTS,0.00115712,-0.00261212,3.72349e-05,-0.0002625,176.905,0.000382,1,-0.00199564,3.50356e-07,0.0002625,711.231
0,828702,6,phononTF,0.0006818,-0.00199564,3.50356e-07,0.000262498,711.231,0.0006818,1,-0.00119639,-0.00108831,-0.0002625,1132.74
0,837993,2,phononTS,0.00213877,-0.00104593,-0.000385637,-0.000129378,106.056,0.00117227,1,-0.000812813,-0.000465015,-0.0002625,4496.27
0,841988,6,phononTF,0.000939033,-0.00100296,0.00300075,0.000262498,1822.7,0.000674525,1,-0.00116118,0.00284726,-0.0002625,1983.79
0,844205,5,phononTS,0.000403893,0.00301009,0.00162681,-0.0002625,3041.58,0.000382,1,0.0019995,0.0019961,0.0002625,6601.34
0,845881,3,phononTS,0.00297189,-0.00301164,-0.00101113,0.000103226,31.8651,0.000382,1,-0.00299815,-0.000995087,0.0002625,1232.93
0,856824,5,phononTS,0.00291035,-0.00204611,-0.000117333,-0.0002625,151.196,0.000764,1,-0.00199894,-1.10172e-06,0.0002625,4340.27
0,856824,6,phononTS,0.00162598,-0.00199894,-1.10172e-06,0.000262498,4340.27,0.000549442,1,-0.00248664,-6.14395e-05,-0.0002625,4580.7
0,861671,5,phononL,0.00211152,-0.00199602,-0.00200027,0.0002625,60.0992,0.00211152,1,-0.00244557,-0.00197514,-0.0002625,7401.28
0,873278,4,phononTF,0.000397704,0.005,0.000729864,-0.000239868,483.125,0.000397704,1,0.00496267,0.000767681,-0.0002625,3232.99
0,873278,2,phononTF,0.00119003,-0.00426939,-0.00188283,0.000240448,6.10073,0.000818517,1,-0.00383583,-0.0014806,-0.0002625,1406.91
0,874977,11,phononTS,0.00262656,-0.00127312,0.000646179,-6.04249e-05,24.235,0.000764,1,-0.000996432,0.00099958,0.0002625,1541.23
0,874977,12,phononTS,0.000783077,-0.000996432,0.00099958,0.000262498,1541.23,0.000677376,1,-0.00103156,0.0019248,-0.0002625,1896.28
0,874978,5,phononTF,0.00192291,-0.00254307,-0.000651479,-0.000229259,670.231,0.00141993,1,-0.0024686,-0.000575279,-0.0002625,1103.86
0,880797,8,phononTF,0.000665024,-0.00319267,-0.000797189,-0.000262498,1214.74,0.000382,1,-0.00300245,-0.00100454,0.0002625,1382.46
0,885062,6,phononL,0.00253781,-0.00195376,-0.00186942,-0.0002625,26.0976,0.000764,1,-0.00200249,-0.00199604,0.0002625,940.476
0,885062,7,phononTS,0.00128071,-0.00200249,-0.00199604,0.000262498,940.476,0.000707945,1,-0.00444915,-0.00125905,-0.0002625,1847.96
0,885062,8,phononTF,0.000572762,-0.005,-0.00105985,-0.000244412,1847.96,0.000572762,1,-0.00499034,-0.00106857,-0.0002625,2021.17
0,920449,5,phononTS,0.000690787,-0.00200146,0.00199916,0.0002625,1034.34,0.000690787,1,-0.00168876,0.00253652,-0.0002625,1615.59
0,927476,2,phononTF,0.000519105,-0.000997633,0.00100447,0.0002625,13.4789,0.000519105,1,-0.000193703,0.0018126,-0.0002625,1563.5
0,937393,5,phononTF,0.00254434,-0.00266416,-0.0027635,0.000206356,319.804,0.00246977,1,-0.00233407,-0.00216712,-0.0002625,4276.4
0,937393,4,phononTF,0.000952639,-0.00324313,-9.08147e-05,0.000262498,319.804,0.000952639,1,-0.0030118,-0.000307828,-0.0002625,492.585
0,938665,4,phononL,0.000661654,-0.00100483,-0.0010006,0.0002625,315.19,0.000398946,1,0.0015336,-0.00145355,-0.0002625,1308.78
0,950094,5,phononTF,0.000788895,-0.001002,0.00100024,0.0002625,471.472,0.000788895,1,0.00151703,0.000707799,-0.0002625,2035.83
0,950150,2,phononTF,0.00307597,-0.0030013,-0.00100208,0.000261993,4.39533,0.000764,1,-0.0030005,-0.00100126,0.0002625,727.695
0,959243,3,phononTS,0.00282069,-0.0029741,-0.0010382,5.13482e-05,16.3641,0.000764,1,-0.00299692,-0.000998849,0.0002625,728.576
0,959243,5,phononTS,0.000901566,-0.00299692,-0.000998849,0.000262498,728.576,0.000901566,1,-0.00305386,-0.00100477,-0.0002625,878.856
0,959243,4,phononTF,0.000870163,-0.00299692,-0.000998849,0.000262498,728.576,0.000870163,1,-0.0027865,-0.00120845,-0.0002625,898.593
0,978695,3,phononTF,0.00301456,-0.0031982,-0.000525692,-0.0002625,86.1494,0.001146,1,-0.0030045,-0.00100236,0.0002625,1501.92
0,979310,6,phononTF,0.000405176,-0.00199668,7.26434e-07,0.0002625,275.262,0.000405176,1,-0.0017883,-0.000225815,-0.0002625,1695.36
0,984568,8,phononTS,0.000426192,-0.00199723,2.72131e-06,0.000262498,598.925,0.000426192,1,-0.0028439,-0.00193566,-0.0002625,1307.68
0,998051,6,phononTF,0.000858063,0.00382905,0.005,-0.000158861,2952.11,0.000296755,1,0.00345097,0.00455603,-0.0002625,5626.42
0,1013354,3,phononTF,0.00448613,-0.00205122,3.97377e-05,0.000151252,19.3377,0.001146,1,-0.00199719,-2.17925e-07,0.0002625,2303.97
0,1013354,6,phononTS,0.000818745,-0.00199719,-2.17925e-07,0.000262498,2303.97,0.000818745,1,-0.00226221,-2.43626e-05,-0.0002625,2497.15
0,1013735,2,phononTF,0.00253604,-0.00135639,0.00130349,-0.0002625,5.96338,0.001146,1,-0.0019985,0.00200271,0.0002625,1491.61
0,1033260,3,phononTS,0.000499096,-0.00111132,-0.00147479,-0.0002625,1.00449,0.000382,1,0.00100126,-0.00300358,0.0002625,1666.54
0,1044570,3,phononTS,0.00183737,-0.00261363,2.56716e-05,-0.0002625,9.92055,0.000382,1,-0.0019971,1.28792e-06,0.0002625,543.992
0,1075975,5,phononTF,0.000414089,-0.00258264,-0.000289925,-0.000262498,707.29,0.000382,1,-0.00299601,-0.00100383,0.0002625,1002.17
0,1075975,2,phononTS,0.00086838,-0.00324636,7.38299e-05,0.000262498,21.3685,0.000748158,1,3.3144e-05,0.00244093,-0.0002625,1298.76
0,1076190,4,phononTS,0.00105528,-0.00262316,3.116e-05,-0.0002625,117.031,0.000382,1,-0.00200368,7.01248e-07,0.0002625,652.824
0,1076190,2,phononTS,0.004429,-0.00326279,-0.000449868,-0.000262409,110.495,0.00202301,1,-0.00325915,-0.000453831,-0.0002625,937.901
0,1109005,6,phononTS,0.000387442,-0.00296905,-3.8639e-05,-0.000262498,306.979,0.000382,1,-0.00300246,-0.00100082,0.0002625,672.234
0,1115583,7,phononTS,0.000983214,-0.00200386,-0.00200377,0.000262498,1625.8,0.000983214,1,-0.000227905,-0.00345987,-0.0002625,2391.41
0,1115673,6,phononTS,0.000551085,-0.00299521,-0.00100317,0.000262498,3735.38,0.000551085,1,-0.00303305,-0.000989381,-0.0002625,3891.04
0,1122022,5,phononTF,0.000469199,-0.000886628,0.000905373,-0.0002625,4512.79,0.000382,1,-0.000996002,0.000999998,0.0002625,4975.11
0,1122022,3,phononTF,0.000585581,-0.00323928,3.24111e-05,0.000262498,33.416,0.000585581,1,-0.00318678,6.51826e-05,-0.0002625,182.715
0,1122022,2,phononTS,0.000490413,-0.00323928,3.24111e-05,0.000262498,33.416,0.000490413,1,-0.0032133,9.05574e-05,-0.0002625,193.104
0,1122553,8,phononTF,0.000429106,-0.00364238,-0.00232741,-0.0002625,1945.59,0.000382,1,-0.00300346,-0.000996318,0.0002625,3355.96
0,1143508,5,phononTF,0.00242294,-0.00314404,-0.000690717,-0.0002625,46.1389,0.000382,1,-0.00300222,-0.000997375,0.0002625,592.439
0,1174828,2,phononTS,0.00161735,-0.000989634,0.000936047,-0.0002625,0.827441,0.000764,1,-0.00100499,0.000996314,0.0002625,4787.26
0,1176370,2,phononTF,0.00165722,-0.00102009,0.000986613,-6.1006e-05,69.6761,0.000764,1,-0.00100445,0.00100084,0.0002625,3448.66
0,1176370,7,phononTF,0.000437337,-0.00100445,0.00100084,0.000262498,3448.66,0.000437337,1,-0.00146347,0.0014742,-0.0002625,3688.32
0,1184562,2,phononTS,0.00135957,-0.00303432,-0.0008257,-0.0002625,6.50937,0.000764,1,-0.00299564,-0.00100139,0.0002625,1064.74
0,1189719,3,phononL,0.000705321,-0.00147118,-0.000887533,-0.0002625,16.947,0.000382,1,-0.000996241,-0.000998878,0.0002625,638.87
0,1221798,5,phononTF,0.000889346,-0.00124518,-0.00073652,-0.000262498,927.883,0.000382,1,-0.000998946,-0.00100311,0.0002625,1107.56
0,1221798,6,phononTS,0.000487376,-0.000998946,-0.00100311,0.000262498,1107.56,0.000487376,1,-0.000974092,-0.00101461,-0.0002625,1259.55
0,1229341,2,phononTS,0.000483204,-0.00261514,2.27616e-05,-0.0002625,40.7855,0.000382,1,-0.002001,4.93418e-06,0.0002625,586.109
0,1240302,7,phononTF,0.000658768,-0.00371382,-0.000263742,-0.0002625,2081.15,0.000382,1,-0.00299616,-0.000995261,0.0002625,3279.75
0,1274034,5,phononL,0.000696379,-0.000958093,0.000929414,-0.000262498,1083.98,0.000382,1,-0.000998619,0.000995716,0.0002625,1192.43
0,1274034,7,phononTS,0.00380567,-0.0030129,8.38472e-05,-0.000247005,382.643,0.00350322,1,-0.00301483,8.39115e-05,-0.0002625,537.042
0,1289631,6,phononTS,0.000583398,-0.00310738,-0.000999664,-0.0002625,930.23,0.000382,1,-0.00300142,-0.00100305,0.0002625,1434.86
0,1306301,2,phononTF,0.00285813,-0.00213032,-0.000142447,5.20142e-07,10.1705,0.000382,1,-0.00199502,-2.91987e-06,0.0002625,1007.28
0,1306301,6,phononTS,0.0017347,-0.00199502,-2.91987e-06,0.000262498,1007.28,0.00137548,1,-0.00203313,-0.000339416,-0.0002625,1215.19
0,1313716,4,phononTF,0.00304972,-0.00319959,-0.00112936,-0.0002625,244.969,0.000382,1,-0.00299838,-0.000996671,0.0002625,1569.38
0,1313716,8,phononTF,0.000895658,-0.00299838,-0.000996671,0.000262498,1569.38,0.000656765,1,-0.00272066,-0.0012624,-0.0002625,1752.71
0,1353372,5,phononTF,0.000914639,-0.00306748,-0.00106685,-0.000262498,824.642,0.000382,1,-0.00299951,-0.000999302,0.0002625,975.065
0,1368277,6,phononTF,0.000554848,-0.00131475,-0.000665602,-0.000262498,1138.25,0.000382,1,-0.00100058,-0.000995716,0.0002625,1334.08
0,1377380,3,phononTS,0.00251385,-0.00104767,0.0010476,-0.000135924,40.3924,0.000382,1,-0.000998896,0.00100319,0.0002625,1769.26
0,1378935,7,phononTS,0.00187017,-0.00300002,-0.00100484,0.0002625,596.124,0.000950847,1,-0.00295271,-0.00172994,-0.0002625,1315.23
0,1385714,11,phononTS,0.000547165,-0.00199774,4.78353e-06,0.000262498,2947.16,0.000547165,1,-0.00206272,4.14224e-05,-0.0002625,3094.4
0,1395359,4,phononTF,0.000630128,0.000659592,-0.000629194,-0.0002625,2156.23,0.000382,1,0.00100146,-0.000995717,0.0002625,3674.46
0,1395401,4,phononL,0.00097421,-0.000611572,7.72869e-05,-0.0002625,84.1516,0.000382,1,-2.52412e-06,-1.0865e-06,0.0002625,2755.55
0,1424339,3,phononTF,0.00147833,-0.00324548,0.000179344,0.000143158,15.1542,0.000382,1,-0.0020043,4.00367e-06,0.0002625,441.77
0,1424339,6,phononTS,0.000546918,-0.0020043,4.00367e-06,0.000262498,441.77,0.000546918,1,-0.00176471,4.46365e-05,-0.0002625,629.805
0,1426982,4,phononL,0.000496701,-0.00244725,0.000288139,-0.000262498,1167.8,0.000382,1,-0.00200263,-3.50483e-06,0.0002625,1307.23
0,1426982,2,phononTF,0.000441243,-0.005,-0.00168792,-0.000127201,77.7575,0.000441243,1,0.00158438,-0.00274028,-0.0002625,2692.16
0,1434189,4,phononTS,0.00250596,-0.00195871,-5.51386e-05,-0.000160561,1.3156,0.001146,1,-0.00199829,-3.83774e-06,0.0002625,2087.16
0,1434676,2,phononTF,0.00181319,-0.00161313,-0.0015511,-0.000244611,47.6983,0.000764,1,-0.00100243,-0.000998129,0.0002625,1106.57
0,1438371,6,phononTS,0.000510363,-0.00299758,-0.000997847,0.0002625,589.093,0.000510363,1,-0.00323432,-0.00144086,-0.0002625,1108.3
0,1438371,4,phononTS,0.00116673,-0.0032509,4.26664e-05,0.000262498,73.3566,0.00116673,1,-0.00323765,8.5572e-05,-0.0002625,220.807
0,1448524,7,phononTF,0.000436242,-0.00199556,0.00199882,0.0002625,1591.16,0.000436242,1,-0.00148851,0.00149959,-0.0002625,2089.62
0,1449153,4,phononTS,0.0009865,-0.00317153,7.86194e-05,-0.0002625,4.75288,0.000382,1,-0.0029994,-0.000999423,0.0002625,572.172
0,1474880,6,phononTF,0.000801264,-0.00199624,0.00200032,0.000262498,949.935,0.000801264,1,-0.00171077,0.00228076,-0.0002625,1137.24
0,1475257,3,phononTS,0.000389638,-0.00100159,0.000996502,0.0002625,15.4202,0.000389638,1,-0.00106151,0.000969924,-0.0002625,1406.09
0,1477848,5,phononTS,0.00228407,0.00110685,-0.00104708,-0.0002625,62.1607,0.000382,1,0.000997083,-0.000996716,0.0002625,4968.5
0,1487089,4,phononTF,0.000524197,-0.000315865,0.000414057,-0.000262498,3087.8,0.000382,1,1.61951e-06,2.65402e-06,0.0002625,3303.35
0,1487089,2,phononL,0.00101974,-0.00322577,5.72074e-05,0.000262498,4.8837,0.000435961,1,-0.00443388,0.000533926,-0.0002625,272.865
0,1492837,4,phononTS,0.000654617,1.26042e-05,-0.00200412,0.000252778,12.5191,0.000382,1,-1.40328e-06,-0.00200477,0.0002625,4010.21
0,1493540,4,phononTS,0.0023314,1.39585e-06,-0.00192343,0.000163238,33.4708,0.000382,1,9.83148e-08,-0.00200181,0.0002625,2787.41
0,1495244,4,phononTF,0.00119848,-0.00220564,9.0155e-06,-0.0002625,6.52906,0.000764,1,-0.00200159,1.26621e-06,0.0002625,998.02
0,1497239,16,phononTF,0.000482998,-0.00200448,0.0019977,0.000262498,8432.5,0.000482998,1,-0.00429692,0.00316473,-0.0002625,9200.51
0,1507675,6,phononTF,0.00202912,-0.00147175,-0.000587695,-0.0002625,4.72602,0.000382,1,-0.00100406,-0.00100476,0.0002625,1681.56
0,1507675,7,phononTF,0.00134607,-0.00100406,-0.00100476,0.000262498,1681.56,0.000573482,1,-0.00123069,-0.00121195,-0.0002625,1852.8
0,1509022,6,phononTS,0.000616672,3.81973e-06,0.00199862,0.0002625,4452.47,0.000616672,1,-3.2231e-05,0.001999,-0.0002625,12247.6
0,1509022,2,phononTF,0.001084,-0.00322541,5.96042e-05,0.000262498,4.10004,0.001084,1,-0.00340475,-2.7638e-05,-0.0002625,166.283
0,1535025,3,phononTS,0.00235525,-0.00204265,-0.000253092,-0.000170361,4.39206,0.000764,1,-0.00199948,-4.48256e-06,0.0002625,689.395
0,1541462,2,phononTS,0.0012906,-0.00194441,-4.41191e-05,-0.000153023,18.8875,0.000382,1,-0.00200401,1.2222e-06,0.0002625,2543.95
0,1547438,8,phononTS,0.000501602,4.73782e-05,0.000161091,-0.000262498,8749.16,0.000382,1,-4.19335e-06,4.57257e-06,0.0002625,8921.97
0,1547438,5,phononTF,0.00175399,-0.00328428,4.91985e-05,0.000262498,151.277,0.00132265,1,-0.00306733,0.000255395,-0.0002625,321.776
0,1555145,3,phononL,0.0027459,-0.00261233,2.50885e-05,-0.0002625,0.843252,0.000382,1,-0.00199818,-1.30992e-06,0.0002625,295.971
0,1555145,5,phononTS,0.000880223,-0.00199818,-1.30992e-06,0.000262498,295.971,0.000741166,1,-0.00195144,2.86572e-05,-0.0002625,443.08
0,1555145,4,phononTS,0.00131566,-0.00195579,-4.31357e-05,0.000218932,295.971,0.00131566,1,0.00375077,-0.00295315,-0.0002625,2467.2
0,1565041,3,phononTS,0.00301752,-0.00200827,8.11735e-07,0.000162056,18.2135,0.000764,1,-0.00200157,-3.18956e-06,0.0002625,3381.62
0,1565041,9,phononTF,0.00100554,-0.00200157,-3.18956e-06,0.000262498,3381.62,0.000498455,1,-0.00178632,0.000236315,-0.0002625,3557.25
0,1597424,10,phononTS,0.000573512,-0.00100291,0.00100398,0.000262498,3493.94,0.000573512,1,-0.00103952,0.00165202,-0.0002625,3773.91
0,1618149,5,phononTF,0.000691738,-0.00306078,-0.000932188,-0.000262498,2153.76,0.000382,1,-0.00299516,-0.0010045,0.0002625,2304.24
0,1667413,9,phononTS,0.000427334,-0.00295189,-0.000903254,-0.000262498,2568.33,0.000382,1,-0.00299928,-0.00100423,0.0002625,2741
0,1668608,5,phononTF,0.00286716,-0.00170703,-0.00223042,-0.000211001,671.693,0.00107045,1,-0.00172627,-0.00224789,-0.0002625,1561.27
0,1671183,5,phononTF,0.00223828,-0.00200058,3.21048e-06,0.0002625,3431.72,0.00101327,1,-0.00172687,0.000252274,-0.0002625,4336.61
0,1702253,2,phononTS,0.000382104,-0.00112859,-0.000945283,-0.0002625,19.7135,0.000382,1,-0.000998348,-0.000996571,0.0002625,963.193
0,1744768,7,phononTS,0.000432653,-0.00290257,0.00185005,-0.0002625,2397.18,0.000382,1,-0.00199847,0.00199525,0.0002625,3471.9
0,1754938,4,phononTS,0.000936133,-0.00195006,-3.71296e-05,-0.000182173,525.648,0.000382,1,-0.00200172,3.29262e-06,0.0002625,1085.57
0,1754938,2,phononTF,0.000496304,-0.00322694,5.38132e-05,0.000262498,3.67479,0.000496304,1,-0.00283314,0.000424369,-0.0002625,215.869
0,1772877,8,phononTS,0.00052257,-0.00103033,-0.00106687,-0.000262499,6029.67,0.000382,1,-0.000998752,-0.00100253,0.0002625,6177.32
0,1779849,2,phononTF,0.00282738,-0.0030611,-0.00101642,-0.000152648,121.648,0.00232453,1,-0.0030117,-0.000963651,-0.0002625,1140.63
0,1781786,3,phononL,0.0028922,-0.00300818,-0.000981874,0.000210917,3.71189,0.000764,1,-0.00300084,-0.000995837,0.0002625,525.53
0,1787231,2,phononTF,0.000661906,-0.0026461,-0.000666759,-0.0002625,108.607,0.000382,1,-0.00300494,-0.00100279,0.0002625,1096.14
0,1821413,4,phononTS,0.00261302,-0.00190564,0.000869939,-0.0002625,18.6767,0.001146,1,-0.00100035,0.00100013,0.0002625,1951.7
0,1821413,5,phononTF,0.000620366,-0.00100035,0.00100013,0.000262498,1951.7,0.00059665,1,-0.000811452,0.000829198,-0.0002625,2115.99
0,1821413,3,phononTS,0.000687701,-0.00322072,5.85922e-05,0.000262498,18.6767,0.000687701,1,-0.00328332,1.55005e-05,-0.0002625,165.536
0,1831633,2,phononTS,0.0025387,-0.00222326,0.00169454,0.000155283,50.641,0.000764,1,-0.00199913,0.00200097,0.0002625,1721.95
0,1840584,5,phononTF,0.000613255,-0.0012124,-0.00126739,-0.000262498,3987.74,0.000382,1,-0.000999875,-0.000996962,0.0002625,4168.75
0,1880867,8,phononTS,0.000539327,-0.0020328,-5.37716e-05,-0.000262498,246.546,0.000382,1,-0.00200262,-8.71837e-08,0.0002625,394.86
0,1880867,2,phononTS,0.000437619,-0.0032284,4.87307e-05,0.000262498,5.45329,0.000437619,1,-0.00319435,0.000296661,-0.0002625,195.741
0,1887649,4,phononTF,0.00243573,-0.00300048,-0.00100317,0.000262498,1149.86,0.00108293,1,-0.00230349,-0.00166767,-0.0002625,1458.74
0,1952109,13,phononTS,0.000436355,-0.00300083,-0.00100112,0.000262498,1298.16,0.000436355,1,-0.00343166,-0.00159634,-0.0002625,1619.86
0,1960299,2,phononTS,0.00106599,-0.002605,-2.79531e-06,-0.0002625,132.167,0.000382,1,-0.00200348,-1.0297e-06,0.0002625,673.794
0,1960299,5,phononTS,0.000521282,-0.00200348,-1.0297e-06,0.000262498,673.794,0.000521282,1,-0.00204801,8.65047e-05,-0.0002625,836.197
0,1963490,8,phononTF,0.000601706,-0.00299606,-0.000997488,0.000262499,599.28,0.000601706,1,-0.00273857,-0.000811292,-0.0002625,776.898
0,1967570,5,phononTS,0.00103257,0.00195501,-4.80787e-05,-0.000262498,8158.61,0.000382,1,0.00199784,4.66554e-06,0.0002625,8324.38
0,1967570,6,phononTF,0.000576211,0.00199784,4.66554e-06,0.000262498,8324.38,0.000576211,1,0.00190578,8.04561e-05,-0.0002625,8476.66
0,1970992,7,phononTF,0.000797296,-0.00302238,-0.000739121,-0.0002625,2837.64,0.000382,1,-0.00299888,-0.00100205,0.0002625,3796.2
0,1978333,3,phononTF,0.00244559,-0.00271975,-0.000709644,-4.61123e-05,4.19384,0.000382,1,-0.00299616,-0.00100461,0.0002625,430.316
0,1978333,7,phononTS,0.000425061,-0.00299616,-0.00100461,0.000262498,430.316,0.000425061,1,-0.00304331,-0.00104354,-0.0002625,577.312
0,1978333,6,phononTS,0.000629423,-0.00299616,-0.00100461,0.000262498,430.316,0.000629423,1,-0.00305619,-0.00105971,-0.0002625,576.608
0,1978333,5,phononTS,0.000876858,-0.00299616,-0.00100461,0.000262498,430.316,0.000141843,1,-0.00351309,-0.00104134,-0.0002625,668.027
0,1993728,4,phononTF,0.000878151,-0.00225559,-0.00171422,-0.0002625,3.0245,0.000382,1,-0.0019971,-0.00199794,0.0002625,3431
0,1993728,3,phononTF,0.000941978,-0.00323051,4.73322e-05,0.000262498,3.0245,0.000308271,1,-0.0037298,0.000581277,-0.0002625,256.237
0,2019449,3,phononTS,0.00135878,-0.0023399,0.000645226,-0.0002625,66.0083,0.000764,1,-0.00299586,-0.000999129,0.0002625,1085.87
0,2047444,9,phononL,0.000473514,-0.00199996,-0.00253818,-0.000262498,2824.44,0.000382,1,-0.00199662,-0.00200358,0.0002625,2961.98
0,2059651,5,phononTS,0.00127121,-0.00199955,-5.72708e-07,0.000262498,535.242,0.00126585,1,-0.00154569,0.000181062,-0.0002625,789.624
0,2067398,2,phononTF,0.00116829,-0.00212629,0.0017757,-0.0002625,32.7719,0.000764,1,-0.00200343,0.00199991,0.0002625,1432.64
0,2073522,3,phononTS,0.00194961,-0.00301102,-0.0004543,-0.0002625,46.9082,0.000764,1,-0.00299621,-0.00100483,0.0002625,844.648
0,2074498,3,phononTS,0.00268619,-0.000917329,0.00099099,8.83674e-05,16.6806,0.001528,1,-0.00100006,0.00100389,0.0002625,3698.43
0,2074498,4,phononTS,0.000401313,-0.00100006,0.00100389,0.000262498,3698.43,0.000401313,1,-0.00100573,0.000580691,-0.0002625,3927.14
0,2087419,2,phononTF,0.00100828,-0.00285246,-0.000922424,-0.0002625,2.61213,0.000382,1,-0.00300255,-0.000997789,0.0002625,763.832
0,2091875,6,phononTF,0.000788618,-0.00129399,0.0006944,-0.0002625,248.293,0.000382,1,-0.000995286,0.000999815,0.0002625,10294.2
0,2109367,2,phononTS,0.00147366,-0.000686545,0.00186613,-0.0002625,9.61805,0.000382,1,-0.000995763,0.00299725,0.0002625,3318.52
0,2109367,6,phononTS,0.000668723,-0.000995763,0.00299725,0.000262498,3318.52,0.000537809,1,-0.00125568,0.00254697,-0.0002625,3583.01
0,2116983,4,phononTS,0.000673583,0.00037438,0.00103643,-0.0002625,664.377,0.000382,1,0.00099899,0.000997451,0.0002625,2515.73
0,2116983,2,phononTS,0.000541066,-0.00322194,5.60917e-05,0.000262498,1.80073,0.000541066,1,-0.00282661,-3.94307e-05,-0.0002625,233.481
0,2131305,8,phononTS,0.000652763,-4.21076e-06,-7.52419e-08,0.0002625,3715.13,0.000652763,1,-0.000704495,-3.86496e-05,-0.0002625,5809.76
0,2138005,8,phononTF,0.000455709,-0.00217196,-0.00169128,-0.0002625,1578.54,0.000382,1,-0.00200267,-0.00199721,0.0002625,2511.56
0,2139590,4,phononL,0.00279108,-0.00200484,0.00199621,0.000261792,145.791,0.001146,1,-0.0020045,0.00199587,0.0002625,9297.42
0,2147161,3,phononL,0.000418471,-0.00200249,0.00200127,0.0002625,37.8023,0.000418471,1,-0.00140047,0.00175597,-0.0002625,863.159
0,2147161,2,phononTS,0.00145131,-0.00323522,4.555e-05,0.000262498,37.8023,0.0010769,1,-0.00415038,6.15703e-05,-0.0002625,389.431
0,2160332,7,phononTF,0.000547421,-0.00300084,-0.000998462,0.0002625,2801.63,0.000547421,1,-0.00420444,-0.00216537,-0.0002625,3873.55
0,2160332,5,phononTS,0.0023059,-0.00477984,-0.00317622,-8.61078e-05,752.142,0.00158575,1,-0.00475679,-0.0034688,-0.0002625,1901.02
0,2163777,3,phononTS,0.000868837,-0.00261,-0.000977148,-0.0002625,6.32481,0.000382,1,-0.00199887,-0.00200496,0.0002625,900.944
0,2166880,5,phononTF,0.00117053,-0.00137223,0.00250961,-0.0002625,67.5935,0.000382,1,-0.00100206,0.00300125,0.0002625,1490.65
0,2166880,6,phononTF,0.000520152,-0.00100206,0.00300125,0.000262498,1490.65,0.000520152,1,-0.00231532,0.00427555,-0.0002625,2026.97
0,2172559,2,phononTS,0.00193149,-0.000580441,0.00274623,-0.000216534,93.9072,0.000382,1,-0.000995622,0.00300037,0.0002625,2196.02
0,2176851,8,phononTF,0.000413647,-0.00248222,-0.000452435,-0.000262498,1197.41,0.000382,1,-0.00200196,-2.20412e-06,0.0002625,1437.79
0,2178212,7,phononL,0.000427925,-0.000791913,0.00320021,-0.000262498,2754.78,0.000382,1,-0.000999294,0.00300442,0.0002625,2870.61
0,2178212,3,phononTF,0.00132501,-0.00321762,5.52135e-05,0.000262498,5.00398,0.00132501,1,-0.00245208,-0.000743402,-0.0002625,349.904
0,2182696,7,phononTS,0.000384994,-0.00300129,-0.000999285,0.0002625,290.599,0.000384994,1,-0.00255675,-0.00181786,-0.0002625,1036.79
0,2182696,2,phononTF,0.00260733,-0.00323222,6.44315e-05,0.000262498,49.2308,0.00211481,1,-0.00305682,-0.000152324,-0.0002625,219.44
0,2210671,8,phononTF,0.000418947,-0.00194868,-0.0018557,-0.0002625,431.086,0.000382,1,-0.00199502,-0.00200291,0.0002625,1758.83
0,2216213,4,phononTS,0.00319349,-0.00308385,-0.00099443,0.00015257,308.773,0.000764,1,-0.00299912,-0.00100158,0.0002625,1788.64
0,2216213,8,phononTS,0.000440835,-0.00299912,-0.00100158,0.000262498,1788.64,0.000440835,1,-0.00254717,-0.000955153,-0.0002625,2021.21
0,2228403,5,phononTS,0.000572497,-0.00301558,-0.00114587,-0.0002625,2546.66,0.000382,1,-0.00299698,-0.000999264,0.0002625,3066.46
0,2237091,7,phononTF,0.000508624,-0.00300114,-0.00100265,0.000262498,1068.79,0.000508624,1,-0.00349508,-0.000481186,-0.0002625,1319.27
0,2287829,5,phononTF,0.000952052,-0.000754453,0.000674821,-0.000262498,1102.47,0.000382,1,-0.000996023,0.00100123,0.0002625,1295.81
0,2298955,3,phononTF,0.00361573,-0.00204625,-0.000176101,0.000261361,9.41161,0.000382,1,-0.00199907,-1.43646e-07,0.0002625,571.821
0,2305571,2,phononTF,0.00240325,-0.00199355,8.68527e-05,5.75056e-05,4.60219,0.000764,1,-0.00200354,-5.8634e-07,0.0002625,876.147
0,2305571,6,phononTS,0.00119496,-0.00200354,-5.8634e-07,0.000262498,876.147,0.00119496,1,-0.00202465,-1.36716e-05,-0.0002625,1029.78
0,2308871,2,phononTS,0.00196396,-0.00108102,-0.00426974,-0.000135783,3.30347,0.00119523,1,-0.00106234,-0.00398845,-0.0002625,1511.14
0,2316300,2,phononTF,0.00115793,-0.00261757,-0.000973504,-0.0002625,6.1061,0.000382,1,-0.00200465,-0.00200467,0.0002625,785.431
0,2316300,5,phononTF,0.000646237,-0.00200465,-0.00200467,0.000262498,785.431,0.000285979,1,-0.00155102,-0.00154749,-0.0002625,1019.63
0,2316839,12,phononTS,0.00169654,-0.000107439,0.00201524,0.000154205,2349.09,0.000382,1,4.51362e-07,0.00200257,0.0002625,2402.05
0,2316839,13,phononTF,0.00100153,4.51362e-07,0.00200257,0.000262498,2402.05,0.000805162,1,0.000524261,0.00231247,-0.0002625,2644.22
0,2316839,11,phononTS,0.00137938,-0.000107439,0.00201524,0.000154205,2349.09,0.0013278,1,-1.4105e-05,0.00205028,-0.0002625,2481.57
0,2327304,4,phononTS,0.00301365,-0.00199835,-1.58662e-06,0.0002625,9.26963,0.00037413,1,-0.00177965,1.73978e-05,-0.0002625,2922.41
0,2334748,5,phononTS,0.000394483,-0.00100002,-0.000998245,0.000262498,1709.46,0.000394483,1,-0.0010164,-0.00105598,-0.0002625,1858.57
0,2368529,2,phononTF,0.00233006,-0.00186626,0.000127832,-0.0002625,2.09512,0.000382,1,-0.00200366,9.17331e-07,0.0002625,1368.59
0,2370815,7,phononTS,0.000525857,-0.00309988,-0.00101942,-0.000262498,396.109,0.000382,1,-0.00299947,-0.00100475,0.0002625,560.446
0,2392164,5,phononL,0.0025804,-0.00101116,-0.000393775,-0.0002625,510.628,0.000382,1,-0.00100184,-0.000997879,0.0002625,1209.71
0,2392911,2,phononTS,0.00168398,-0.00261292,2.94248e-05,-0.0002625,2.60484,0.000382,1,-0.00200005,7.25444e-07,0.0002625,543.349
0,2392911,5,phononTS,0.000494237,-0.00200005,7.25444e-07,0.000262498,543.349,0.000494237,1,-0.00204216,-1.24007e-05,-0.0002625,695.783
0,2405561,5,phononTS,0.000724491,-0.00235484,-0.000153309,-0.0002625,375.412,0.000382,1,-0.00199708,3.24274e-06,0.0002625,1322.85
0,2405645,4,phononTS,0.000865262,-0.00100125,-0.000995205,0.0002625,6161.62,0.000865262,1,-0.0009389,-0.000937306,-0.0002625,6478
0,2405645,2,phononTS,0.000800299,-0.00323295,2.84534e-05,0.000260303,123.605,0.000737194,1,-0.0032562,-0.000308994,-0.0002625,346.768
0,2407479,5,phononL,0.000436353,-0.00281471,-0.000233748,-0.000262498,1349.98,0.000382,1,-0.00200364,-3.22989e-06,0.0002625,1533.83
0,2425430,10,phononTF,0.000549167,-0.00199565,-0.00199518,0.000262498,2966.49,0.000549167,1,-0.00203081,0.0008134,-0.0002625,3826.77
0,2438776,3,phononL,0.000486708,-0.00207438,0.00187993,-0.0002625,10.5026,0.000382,1,-0.00200064,0.00200185,0.0002625,1646.63
0,2438776,2,phononTF,0.000444526,-0.00321873,5.80163e-05,0.000262498,10.5026,0.000444526,1,-0.00305571,-9.33979e-05,-0.0002625,171.144
0,2445819,7,phononTS,0.000512814,3.22576e-06,1.31187e-06,0.0002625,581.582,0.000512814,1,-9.73238e-05,0.0010438,-0.0002625,7381.71
0,2447047,11,phononTS,0.000398315,-0.00199991,-4.83819e-07,0.000262498,1335.07,0.000398315,1,-0.00200298,0.000234105,-0.0002625,1525.52
0,2447047,2,phononTS,0.00305331,-0.00345097,-1.56897e-05,0.000258053,13.0681,0.00205269,1,-0.00349467,5.8212e-05,-0.0002625,267.957
0,2490394,3,phononTS,0.00247626,0.00198771,4.20007e-05,-0.0002625,33.1529,0.001146,1,0.00199728,-3.8187e-06,0.0002625,4188.87
0,2490394,4,phononL,0.000596909,0.00199728,-3.8187e-06,0.000262498,4188.87,0.000596909,1,0.00181273,-0.000557875,-0.0002625,4333.77
0,2490394,2,phononTF,0.000877192,-0.0032245,4.31631e-05,0.000262498,33.1529,0.000877192,1,-0.0026519,-0.00050169,-0.0002625,300.463
0,2493809,5,phononTS,0.00109471,0.000240719,-0.000117515,-0.0002625,3595.27,0.000382,1,2.76339e-06,1.35418e-06,0.0002625,4613.19
0,2498945,4,phononTS,0.00171633,0.000966448,-0.00293776,-0.0002625,1023.34,0.000382,1,0.000999415,-0.00300332,0.0002625,5431.13
0,2501535,4,phononL,0.00285905,-0.00311483,-0.000481223,-0.0002625,4.63828,0.000764,1,-0.00300352,-0.0010049,0.0002625,280.815
0,2501535,6,phononTS,0.00129355,-0.00300352,-0.0010049,0.000262498,280.815,0.000199378,1,-0.00305485,-0.00102415,-0.0002625,440.172
0,2504820,7,phononTF,0.00108637,-0.00333506,-5.62669e-05,-0.000262498,183.065,0.000764,1,-0.00199793,-0.00200238,0.0002625,881.406
0,2504820,2,phononTS,0.0017227,-0.00321084,7.01049e-05,0.000262498,26.8858,0.0017227,1,-0.00316153,3.67623e-05,-0.0002625,175.218
0,2509620,6,phononTF,0.000590938,-0.0021166,6.67829e-06,-0.0002625,348.789,0.000382,1,-0.00199925,-2.71955e-06,0.0002625,1118.35
0,2546867,7,phononTS,0.000414628,-0.00300927,-0.000989158,-0.000262498,3222.08,0.000382,1,-0.00299973,-0.000999139,0.0002625,3372.36
0,2547213,5,phononTS,0.00184427,-0.000445481,4.03639e-05,-0.0002625,45.1269,0.000764,1,-4.4207e-06,1.44348e-06,0.0002625,3880.28
0,2548995,2,phononTS,0.000405576,-0.00311179,-0.000472253,-0.0002625,2.11733,0.000382,1,-0.00300076,-0.000996244,0.0002625,525.564
0,2559940,5,phononTS,0.00222638,-0.00215401,-0.00194831,-0.000244521,25.486,0.000382,1,-0.00200364,-0.00200049,0.0002625,1595.49
0,2567277,5,phononTS,0.000608856,-0.00206919,-3.28446e-05,-0.0002625,174.352,0.000382,1,-0.00200019,3.43009e-06,0.0002625,1669.61
0,2569702,8,phononTF,0.000575932,-0.00311613,-0.000853789,-0.0002625,627.382,0.000382,1,-0.0029983,-0.000995278,0.0002625,1417.21
0,2575072,3,phononTS,0.000583837,-0.00261544,1.59657e-05,-0.0002625,36.9066,0.000382,1,-0.00199709,1.44121e-06,0.0002625,571.938
0,2575072,2,phononTS,0.000940304,-0.00323378,3.04902e-05,0.000262498,36.9066,0.000757141,1,-0.00327866,2.62292e-05,-0.0002625,196.779
0,2591591,7,phononTS,0.000466697,-0.00318041,-0.000476012,-0.000262498,159.331,0.000382,1,-0.00299927,-0.00100173,0.0002625,429.362
0,2591591,2,phononTS,0.000465458,-0.00320156,4.39649e-05,0.000262498,23.4132,0.000465458,1,-0.00467152,-0.000483464,-0.0002625,569.826
0,2596903,5,phononTS,0.000835747,0.00012284,-0.005,6.81824e-05,1703.89,0.000835747,1,-0.000541159,-0.00467295,-0.0002625,3087.28
0,2596903,2,phononTS,0.00154184,-0.00322428,4.96476e-05,0.000262498,3.8881,0.00123982,1,-0.00321216,5.20752e-05,-0.0002625,155.434
0,2603900,6,phononTS,0.000703051,-0.0019989,-4.04085e-06,0.0002625,345.678,0.000703051,1,-0.00143522,-0.000521519,-0.0002625,1006.9
0,2607887,7,phononTS,0.000790531,-0.00313905,-0.000943874,-0.0002625,1044.66,0.000382,1,-0.0030034,-0.000996531,0.0002625,1552.53
0,2607887,9,phononL,0.000394927,-0.0030034,-0.000996531,0.000262498,1552.53,0.000394927,1,-0.00333282,-0.000701474,-0.0002625,1681.47
0,2624451,9,phononTS,0.000388729,-8.76903e-05,0.000775337,-0.000262498,5700.1,0.000382,1,-0.000999725,0.00100065,0.0002625,6064.17
0,2638056,2,phononTS,0.00114421,-0.00251469,-0.00316501,-0.00015578,6.66659,0.000764,1,0.000999175,0.0010044,0.0002625,3253.6
0,2656846,3,phononL,0.000481511,-0.00300404,-0.000998833,0.0002625,1.3963,0.000481511,1,-0.00304175,-0.00149692,-0.0002625,411.731
0,2678380,5,phononL,0.00213768,-0.00224624,-0.00210867,4.76084e-05,440.037,0.001146,1,-0.00200331,-0.00200066,0.0002625,3147.85
0,2678380,4,phononL,0.00113299,-0.00315782,8.93776e-05,0.000262498,440.037,0.000876988,1,-0.00320457,-0.000181789,-0.0002625,555.129
0,2678380,2,phononTF,0.00365253,-0.00247736,6.62379e-05,-0.000231871,73.5101,0.00193424,1,-0.00246237,8.2311e-05,-0.0002625,588.429
0,2690537,6,phononTS,0.000673796,-0.000999078,0.000998821,0.0002625,1302.48,0.000673796,1,-0.000984119,0.000985958,-0.0002625,1608.33
0,2714709,10,phononTS,0.000553696,-0.00112868,0.00188956,-0.0002625,4893.88,0.000382,1,-0.00199655,0.00199874,0.0002625,6609.59
0,2731992,2,phononTS,0.00211831,-0.00135472,-0.00115206,-0.0002625,12.7849,0.000382,1,1.81688e-06,-0.00200267,0.0002625,1325.32
0,2731992,6,phononTS,0.000868659,0.00208797,-0.005,0.00022221,1325.32,0.000868659,1,0.00249942,-0.00441136,-0.0002625,2881.85
0,2731992,5,phononTS,0.000619606,1.81688e-06,-0.00200267,0.000262498,1325.32,0.000619606,1,-0.00127186,-0.00175994,-0.0002625,1810.43
0,2736097,4,phononTS,0.00301901,-0.0030272,-0.000976867,-4.11791e-05,87.1233,0.000382,1,-0.00300233,-0.000996875,0.0002625,1059.38
0,2736097,8,phononTF,0.000726833,-0.00300233,-0.000996875,0.000262498,1059.38,0.000618239,1,-0.00291204,-0.00108862,-0.0002625,1211.93
0,2751406,5,phononTF,0.00254938,5.03619e-05,0.0019426,-0.0002625,488.224,0.000764,1,-4.19341e-06,0.00200098,0.0002625,3250.65
0,2751406,6,phononTS,0.00073547,-4.19341e-06,0.00200098,0.000262498,3250.65,0.00073547,1,-0.000206184,0.00231466,-0.0002625,3479.67
0,2751406,4,phononTF,0.0016772,-0.00144856,-0.0011382,-0.000181195,488.224,0.0016772,1,-0.000486848,-0.00202748,-0.0002625,1490.54
0,2759060,6,phononTF,0.000486227,-0.00200103,-1.46383e-07,0.0002625,1186.98,0.000486227,1,-0.00179164,-0.000229675,-0.0002625,1892.36
0,2759060,3,phononTS,0.000590259,-0.00322414,4.90555e-05,0.000262498,7.00657,0.000590259,1,-0.00484689,0.00120912,-0.0002625,684.322
0,2759998,6,phononTF,0.000870465,-0.000998598,0.00099512,0.0002625,1849.22,0.000870465,1,-0.000740384,0.00127771,-0.0002625,2532.08
0,2770185,6,phononTS,0.000549752,-0.00301102,-0.000831308,-0.000262498,422.404,0.000382,1,-0.00300361,-0.00100135,0.0002625,601.732
0,2776871,3,phononL,0.00237994,-0.00304813,-0.000640617,-0.0002625,5.15723,0.000382,1,-0.00299982,-0.00100285,0.0002625,548.295
0,2792452,7,phononTS,0.000713612,-0.005,-0.00274975,-3.45243e-05,1569.83,0.000382,1,-0.00299775,-0.000998422,0.0002625,3204
0,2799113,5,phononL,0.00247602,-0.00199187,0.00198798,0.000231703,433.005,0.001146,1,-0.00200266,0.00199779,0.0002625,2738.27
0,2799113,4,phononL,0.000419295,-0.00307326,0.000163399,0.000262498,433.005,0.000419295,1,-0.00353558,7.89783e-05,-0.0002625,563.638
0,2812849,2,phononTS,0.00159818,-0.00261295,2.37525e-05,-0.0002625,6.97724,0.000764,1,-0.00199724,-4.08528e-06,0.0002625,538.143
0,2824400,4,phononL,0.0013975,-0.00212488,-0.002094,-0.0002625,189.697,0.000382,1,-0.00200236,-0.00199883,0.0002625,4069.79
0,2831919,8,phononTS,0.00171557,-0.000120461,-0.00201482,-1.35306e-05,381.714,0.000764,1,-0.000995653,-0.000998185,0.0002625,2385.67
0,2892288,7,phononTS,0.000491956,-1.52363e-05,-0.00109576,-0.000262498,3732.53,0.000382,1,-0.000995081,-0.00100478,0.0002625,4106.32
0,2892288,3,phononTF,0.000646199,-0.00322965,4.57167e-05,0.000262498,15.4184,0.000646199,1,-0.0028373,-0.000460995,-0.0002625,257.527
0,2892288,2,phononTS,0.00111041,-0.00322965,4.57167e-05,0.000262498,15.4184,0.00111041,1,-0.00309723,-8.8362e-06,-0.0002625,184.125
0,2902097,7,phononTS,0.000600446,-0.005,-0.00316274,0.00025351,415.421,0.000600446,1,-0.00452927,-0.00333013,-0.0002625,2480.99
0,2912261,2,phononTS,0.00119343,-0.00261362,2.39759e-05,-0.0002625,5.10758,0.000382,1,-0.00199901,-1.55047e-06,0.0002625,549.794
0,2912261,6,phononTS,0.000536742,-0.00199901,-1.55047e-06,0.000262498,549.794,0.000536742,1,-0.00493903,-0.00228658,-0.0002625,1724.97
0,2913612,10,phononTS,0.000589836,-0.000995868,-0.00100095,0.000262498,3859.23,0.000589836,1,-0.000744041,-0.000963097,-0.0002625,4049.66
0,2918638,5,phononTS,0.000483052,-0.00200416,-0.00199734,0.0002625,5474.56,0.000483052,1,-0.00181039,-0.0016634,-0.0002625,5937.86
0,2918638,2,phononTF,0.00114463,-0.00322541,5.17596e-05,0.000262498,1.03724,0.000717354,1,-0.00358325,0.000408526,-0.0002625,207.51
0,2919464,3,phononTS,0.00297852,-0.00300176,-0.00099927,0.000246035,3.25815,0.000764,1,-0.00300337,-0.00100196,0.0002625,2841.39
0,2942649,4,phononTS,0.00161624,-0.00199142,-2.22586e-05,-0.0002625,20.494,0.000764,1,-0.00199576,1.74911e-06,0.0002625,1010.17
0,2974204,7,phononTF,0.000514029,-0.00199846,2.79606e-06,0.000262498,3131.31,0.000514029,1,-0.0021805,-0.000190414,-0.0002625,3297.06
0,2974204,4,phononTS,0.00181447,-0.00324572,1.27358e-05,0.000262498,190.39,0.00181447,1,-0.00330095,2.35985e-05,-0.0002625,342.317
0,2981684,6,phononTS,0.000400692,-0.00199742,-1.65834e-06,0.0002625,735.848,0.000400692,1,-0.002184,-4.19018e-05,-0.0002625,1093.05
0,2988953,6,phononTS,0.000751583,-0.005,0.00172977,-0.000160995,884.032,0.000382,1,-0.0019973,2.76611e-08,0.0002625,2924.06
0,3000091,9,phononTF,0.000419486,-0.00102128,-0.00305055,-0.0002625,3821.35,0.000382,1,3.26334e-06,-0.00199572,0.0002625,5767.88
0,3000091,4,phononTF,0.00234419,-0.00309178,-0.00111329,-0.000199254,177.918,0.00234419,1,-0.0032629,-0.00126195,-0.0002625,727.215
0,3012522,3,phononTF,0.00128222,-0.00314257,-0.000826953,-0.0002625,1.2495,0.000382,1,-0.00299524,-0.000996667,0.0002625,980.04
0,3028956,2,phononTS,0.000688916,-0.00261524,2.04405e-05,-0.0002625,57.8334,0.000382,1,-0.00200418,2.17255e-06,0.0002625,601.605
0,3043564,5,phononTF,0.000514568,-0.00227058,-0.00181768,-0.000262498,1270.13,0.000382,1,-0.00199876,-0.00200343,0.0002625,1450.41
0,3067432,2,phononTF,0.00219325,-0.00196841,-3.05295e-05,-1.88297e-05,9.09454,0.000382,1,-0.00200229,-5.87838e-08,0.0002625,558.302
0,3067432,6,phononTS,0.00137075,-0.00200229,-5.87838e-08,0.000262498,558.302,0.00117625,1,-0.00252077,1.33432e-05,-0.0002625,796.595
0,3078800,7,phononTF,0.000539587,-0.00100411,-0.000996456,0.0002625,3438.03,0.000539587,1,-0.00117136,-0.00081121,-0.0002625,4092.64
0,3096498,2,phononTS,0.000494783,3.61611e-07,0.00199915,0.0002625,1.76251,0.000494783,1,0.000537995,0.00232284,-0.0002625,2048.26
0,3137412,4,phononTS,0.000665988,-0.00201394,8.97766e-05,-0.0002625,566.048,0.000382,1,-0.00199503,-3.86186e-06,0.0002625,1061.36
0,3137412,2,phononTS,0.00110617,-0.00322782,3.73738e-05,0.000262498,87.3153,0.00108191,1,-0.00406356,0.000179757,-0.0002625,411.041
0,3144840,3,phononTS,0.00117295,-0.00261251,2.15596e-05,-0.0002625,2.5118,0.000382,1,-0.00199533,-3.90962e-06,0.0002625,555.011
0,3145740,9,phononL,0.000437313,-0.00173562,0.000664452,-0.000262498,1358.24,0.000382,1,-0.00200403,3.6652e-06,0.0002625,1522.74
0,3173508,7,phononTF,0.00145766,-0.00353169,-0.00156043,-0.0002625,59.1595,0.000764,1,-0.00300219,-0.000999914,0.0002625,2140.25
0,3173508,6,phononTS,0.000494448,-0.00320262,4.00253e-05,0.000262498,59.1595,0.000494448,1,-0.00322939,8.87132e-05,-0.0002625,208.055
0,3173508,4,phononTS,0.00100502,-0.00321208,6.96169e-05,0.000244435,52.4664,0.000141739,1,-0.00277054,-0.00109476,-0.0002625,505.678
0,3192912,3,phononTS,0.00176559,-0.000811839,0.000431055,-0.000103797,1.10224,0.000382,1,-0.000995129,0.00099957,0.0002625,975.088
0,3211533,11,phononL,0.000533314,-0.00299949,-0.00100429,0.0002625,341.345,0.000533314,1,-0.00304159,-0.00179141,-0.0002625,686.406
0,3221263,5,phononTS,0.00310714,-0.00300311,-0.000994559,0.000255376,586.492,0.000382,1,-0.00300393,-0.000995342,0.0002625,1161.96
0,3221263,7,phononTS,0.000581333,-0.00300393,-0.000995342,0.000262498,1161.96,0.000581333,1,-0.00200036,-0.000740006,-0.0002625,1552.22
0,3221263,6,phononTF,0.00177389,-0.00300393,-0.000995342,0.000262498,1161.96,0.00154355,1,-0.00296086,-0.000947562,-0.0002625,1311.03
0,3234469,5,phononTF,0.000394079,0.00127421,0.00125693,-0.000262498,3066.77,0.000382,1,0.00100207,0.00100029,0.0002625,3248.55
0,3253972,9,phononTF,0.000701927,-0.0021728,9.54378e-05,-0.000262498,784.762,0.000382,1,-0.00199912,-7.70988e-07,0.0002625,946.313
0,3260538,8,phononL,0.00121935,-0.000997723,0.00100061,0.000262498,2317.63,0.000678462,1,-0.00154891,0.000980652,-0.0002625,2457.2
0,3277389,5,phononTS,0.000701601,-0.00212801,1.82275e-05,-0.0002625,166.79,0.000382,1,-0.00199861,-2.00921e-06,0.0002625,1999.7
0,3306440,7,phononTS,0.000572798,-0.00311314,0.00183553,-0.0002625,1700,0.000382,1,-0.00199518,0.00200381,0.0002625,2853.18
0,3330092,4,phononTF,0.00200192,-0.00299865,-0.00100307,0.000262498,7328.33,0.00188599,1,-0.00318391,-0.000804742,-0.0002625,7494.92
0,3345185,7,phononTS,0.00040533,-0.0011008,-0.000954444,-0.0002625,1279.66,0.000382,1,-0.000997463,-0.00100497,0.0002625,3232.4
0,3347722,2,phononTF,0.002196,-0.00336933,-0.000631543,-0.0002625,66.6039,0.001146,1,-0.00299957,-0.000999652,0.0002625,624.356
0,3350484,7,phononTS,0.000604011,-0.00100155,0.00093763,-0.000262498,2483.39,0.000382,1,-0.00100004,0.00100134,0.0002625,2634.08
0,3353563,2,phononTF,0.00284966,-0.00241161,0.000385393,-0.000185701,15.7274,0.000764,1,-0.00200148,2.11737e-06,0.0002625,1521.62
0,3353563,9,phononTF,0.00039917,-0.00194267,-3.89678e-05,-0.000262498,1668.7,0.00039917,1,-0.005,0.000461141,2.62168e-05,2574.9
0,3371335,4,phononTS,0.00290431,-0.0029983,-0.000957782,0.000179138,14.8184,0.001146,1,-0.0030023,-0.00100299,0.0002625,1094.56
0,3371335,5,phononTF,0.000613434,-0.0030023,-0.00100299,0.000262498,1094.56,0.000613434,1,-0.00265988,-0.00144804,-0.0002625,1319.2
0,3371335,3,phononTF,0.00101181,-0.00323458,6.87054e-05,0.000262498,14.8184,0.000664484,1,-0.00374614,0.000593146,-0.0002625,269.423
0,3371335,2,phononTS,0.00300708,-0.00323458,6.87054e-05,0.000262498,14.8184,0.00140061,1,-0.00326601,2.06628e-05,-0.0002625,161.842
0,3377775,11,phononTS,0.000823195,0.000526507,0.000625023,-0.0002625,1029.42,0.000382,1,-0.00100247,-0.000998376,0.0002625,3443.68
0,3385292,5,phononTS,0.0031459,-0.00305896,-0.00100113,-0.0002625,189.705,0.000764,1,-0.00299596,-0.00100162,0.0002625,2055.7
0,3439841,5,phononTS,0.000439765,-0.00210507,-0.000282695,-0.0002625,1002.3,0.000382,1,-0.00199524,2.84201e-06,0.0002625,1887.03
0,3439841,2,phononL,0.000543839,-0.003231,9.70276e-05,0.000262498,73.9564,0.000543839,1,-0.0034587,6.16155e-05,-0.0002625,186.818
0,3454569,2,phononL,0.0024274,-0.00093829,0.00296795,0.000201923,7.90308,0.000382,1,-0.00100132,0.00300416,0.0002625,2379.5
0,3482072,4,phononL,0.000463255,0.00117045,-0.00211964,-0.0002625,31.1799,0.000382,1,0.00200235,-0.00200082,0.0002625,1633.62
0,3492800,9,phononTS,0.000527426,-0.000999517,-0.000998786,0.0002625,1984.14,0.000527426,1,-0.00102399,-0.0010736,-0.0002625,2308.18
0,3493247,7,phononL,0.000467972,-0.0030041,-0.00100001,0.000262498,5156.08,0.000467972,1,-0.0027311,-0.000216164,-0.0002625,5338.8
0,3530556,2,phononTS,0.000674095,-0.00210313,1.13823e-05,-0.0002625,27.4196,0.000382,1,-0.00200142,2.09334e-08,0.0002625,854.899
0,3530904,6,phononTS,0.00130366,-0.00191841,-0.000281597,-0.0002625,1005.48,0.000764,1,-0.00199871,-4.48686e-06,0.0002625,2075.46
0,3530904,4,phononTF,0.00128525,-0.00333207,-4.15255e-05,0.000262498,803.628,0.0011655,1,-0.00359638,0.000341872,-0.0002625,1010.35
0,3536568,4,phononTS,0.00100479,-0.00261321,2.46316e-05,-0.0002625,3.73249,0.000382,1,-0.00199546,2.1598e-06,0.0002625,538.18
0,3536568,3,phononTF,0.000724089,-0.00323096,4.71033e-05,0.000262498,3.73249,0.000724089,1,-0.000758261,-0.00030768,-0.0002625,774.252
0,3536568,2,phononTF,0.00137417,-0.00323096,4.71033e-05,0.000262498,3.73249,0.000728314,1,-0.00346294,-0.00021962,-0.0002625,184.926
0,3540403,8,phononTS,0.000515191,-0.00199547,4.80382e-06,0.0002625,789.851,0.000515191,1,-0.00194859,-3.74745e-05,-0.0002625,1102.86
0,3543280,8,phononTF,0.000451571,-0.00456561,-0.000310127,-0.000262498,1061.01,0.000382,1,-0.00300271,-0.0010032,0.0002625,1596.45
0,3551821,4,phononTS,0.000481244,-0.000997199,-0.00100073,0.0002625,3847.54,0.000481244,1,-0.00076994,0.000176047,-0.0002625,4722.61
0,3551821,2,phononTS,0.000553675,-0.00322596,4.99606e-05,0.000262498,2.67198,0.000553675,1,-0.00324347,5.91683e-05,-0.0002625,150.543
0,3609466,4,phononTF,0.00119586,-0.00125907,0.00105849,-0.000262498,6052.38,0.000382,1,-0.00100103,0.0010013,0.0002625,6227.41
0,3609466,6,phononTF,0.000667106,-0.00100103,0.0010013,0.000262498,6227.41,0.000495528,1,-0.00231666,-0.000325499,-0.0002625,6774.44
0,3609466,2,phononTF,0.000403018,-0.00321848,6.06555e-05,0.000262498,20.7581,0.000403018,1,-0.0020078,-0.000593613,-0.0002625,460.28
0,3640727,4,phononTS,0.000809112,-0.00261622,2.69794e-05,-0.0002625,4.73575,0.000382,1,-0.00199876,4.26807e-06,0.0002625,539.328
0,3657707,5,phononTS,0.00130968,-0.00200335,-1.77617e-06,0.000262498,629.369,0.000525171,1,-0.0021817,7.03425e-06,-0.0002625,806.511
0,3660714,4,phononTS,0.00227115,-0.00101023,-0.000894239,0.000191407,16.7259,0.000764,1,-0.00100411,-0.00100082,0.0002625,746.728
0,3667341,2,phononTS,0.00156279,-0.00128844,0.00186808,-0.0002625,2.63209,0.000764,1,-0.000996537,0.000999213,0.0002625,4835.58
0,3667810,6,phononTF,0.000727169,-0.0030048,-0.00100182,0.000262498,301.748,0.00052344,1,-0.00351973,-0.000574185,-0.0002625,548.215
0,3677994,10,phononTF,0.000665282,0.000528469,-8.51305e-05,-0.0002625,3430.71,0.000382,1,-0.000996868,0.000999608,0.0002625,4391.97
0,3678439,5,phononTF,0.00263939,-0.0031925,-0.000889004,-0.0002625,268.968,0.000382,1,-0.00300328,-0.000998243,0.0002625,1088.9
0,3678439,6,phononTF,0.00124302,-0.00300328,-0.000998243,0.000262498,1088.9,0.000589407,1,-0.00292263,-0.00120873,-0.0002625,1255.76
0,3693787,5,phononTF,0.000808576,-0.00230089,-0.00169663,-0.000262498,1658.92,0.000382,1,-0.00199857,-0.00199588,0.0002625,1849.38
0,3693787,6,phononTS,0.000384746,-0.00199857,-0.00199588,0.000262498,1849.38,0.000384746,1,-0.00218576,-0.00206931,-0.0002625,2038.51
0,3693787,3,phononTS,0.00251271,-0.00482225,0.000902517,-3.92267e-05,13.6649,0.00194042,1,-0.00484524,0.000949854,-0.0002625,1345.69
0,3693787,7,phononTS,0.000383584,-0.000391634,0.005,0.00023909,1345.69,0.000383584,1,-0.000836451,0.00379006,-0.0002625,3559.03
0,3693787,2,phononTF,0.00184606,-0.00322538,5.10466e-05,0.000262498,13.6649,0.00184606,1,-0.00348106,-0.000212714,-0.0002625,195.588
0,3696136,2,phononTF,0.00338871,-0.00304947,-0.00104836,5.0869e-05,17.593,0.000382,1,-0.00300378,-0.000998633,0.0002625,1393.41
0,3705406,4,phononTF,0.00193442,0.000644133,-0.00345735,-9.41538e-05,26.9069,0.0017598,1,0.000406873,-0.00321412,-0.0002625,2446.93
0,3736326,4,phononTS,0.00269548,-0.00273825,-0.000294396,0.000117645,1054.77,0.00165593,1,-0.00269991,-5.76953e-05,-0.0002625,1522.9
0,3743252,6,phononL,0.000618863,-0.00284697,-1.79931e-05,-0.000262498,554.536,0.000382,1,-0.00199937,3.16663e-06,0.0002625,736.264
0,3743694,5,phononTF,0.000402375,-0.00133203,-0.000644885,-0.0002625,1696.87,0.000382,1,-0.0020047,-3.85467e-06,0.0002625,2607.61
0,3787630,7,phononTS,0.000485774,-0.00317914,-0.00109945,-0.000262498,1773.17,0.000382,1,-0.00199602,1.14751e-06,0.0002625,2342.28
0,3793015,6,phononTS,0.000500362,-0.00326427,-0.000686319,-0.000262498,1878.28,0.000382,1,-0.00199961,4.84082e-06,0.0002625,2380.84
0,3799091,6,phononTS,0.000871541,-0.00300139,-0.00099991,0.000262498,1607.47,0.000524129,1,-0.00305331,-0.000951985,-0.0002625,1754.26
0,3799091,4,phononTS,0.00106319,-0.00322141,5.29412e-05,0.000262498,1.99043,0.000403801,1,-0.00326525,9.50838e-05,-0.0002625,149.251
0,3803445,3,phononL,0.00183038,-0.00154103,-1.24936e-05,-0.0002625,1.36519,0.000382,1,-0.00199783,3.98398e-06,0.0002625,1240.28
0,3804822,2,phononTS,0.000716964,-0.00261289,2.74563e-05,-0.0002625,3.47255,0.000382,1,-0.00200489,-1.95894e-06,0.0002625,532.535
0,3810126,4,phononTF,0.00296353,-0.00313741,-0.00112754,7.59038e-05,5.88025,0.001146,1,-0.00300021,-0.000996764,0.0002625,1396.13
0,3810126,5,phononTF,0.000716475,-0.00300021,-0.000996764,0.000262498,1396.13,0.000716475,1,-0.00319676,-0.000812502,-0.0002625,1562.49
0,3810126,2,phononTF,0.00393565,-0.00309587,-9.72815e-05,-0.000245851,5.4777,0.0025127,1,-0.00308978,-9.92346e-05,-0.0002625,264.64
0,3852422,4,phononTS,0.000776661,-0.0038251,0.000108316,-0.0002625,94.3568,0.000382,1,-0.00200011,-0.00199658,0.0002625,1230.97
0,3866402,4,phononTF,0.00164705,-0.00211233,-0.000480048,-0.0002625,16.4088,0.000764,1,-0.000999868,-0.0010017,0.0002625,826.185
0,3899003,7,phononTS,0.000539704,-0.00199563,1.64583e-07,0.0002625,837.694,0.000539704,1,-0.00180147,-0.000207951,-0.0002625,1256.38
0,3920233,8,phononTS,0.000698518,-0.00083793,-0.00223011,-0.000158145,647.005,0.000382,1,-0.00199593,8.07951e-07,0.0002625,2420
0,3928251,5,phononL,0.000495077,-0.00200341,0.00200074,0.000262498,2072.1,0.000495077,1,-0.00159298,0.00209304,-0.0002625,2197.94
0,3939356,3,phononTF,0.00046011,-0.0029855,-0.00113821,-0.0002625,2637.64,0.000382,1,-0.00299995,-0.000996485,0.0002625,3107.34
0,3967996,7,phononTF,0.00113901,-0.00300328,-0.000997059,0.000262498,312.296,0.000629116,1,-0.0032046,-0.00121716,-0.0002625,482.294
0,3978385,9,phononTS,0.000457194,0.000170928,-0.005,0.000110919,1363.72,0.000457194,1,0.000785569,-0.00428486,-0.0002625,4894.18
0,3989642,7,phononTF,0.000732069,-0.00200468,0.00199748,0.000262498,1989.87,0.000732069,1,-0.00191869,0.00191092,-0.0002625,2141.92
0,3993066,4,phononTS,0.000475202,-0.00299602,-0.000998245,0.0002625,301.892,0.000475202,1,-0.00324395,-0.00167715,-0.0002625,928.722
0,4002575,7,phononTS,0.00129006,-0.00261282,3.33586e-05,-0.0002625,230.052,0.000382,1,-0.00199817,1.09025e-06,0.0002625,763.156
0,4004594,5,phononTS,0.0007491,-0.00260957,3.31334e-05,-0.0002625,7.6746,0.000382,1,-0.00199641,4.70787e-06,0.0002625,539.817
0,4029794,10,phononTS,0.000751342,-0.00199769,0.00200014,0.000262498,2829.63,0.000583645,1,-0.00134496,0.00204543,-0.0002625,3116.06
0,4047598,4,phononTS,0.000432002,-0.0029776,-0.000694338,-0.000262498,243.088,0.000382,1,-0.00300281,-0.00100388,0.0002625,445.192
0,4059095,7,phononTS,0.00079202,-0.00171913,-0.00243466,-0.000262498,933.836,0.000382,1,-0.00200315,-0.00199917,0.0002625,1198.98
0,4070106,3,phononTF,0.00213133,-0.00275097,-0.000753042,-0.0002625,7.26519,0.000764,1,-0.00299727,-0.000997244,0.0002625,817.065
0,4078620,4,phononTF,0.000737203,-0.00210914,-0.000470807,-0.0002625,11.2691,0.000382,1,-0.000998139,-0.000995743,0.0002625,820.666
0,4083072,4,phononTS,0.00185114,-0.00199893,2.50232e-06,0.0002625,24.6236,0.00185114,1,-0.00243113,4.14765e-05,-0.0002625,786.916
0,4095869,10,phononTS,0.000438252,-0.00271813,0.00231901,-0.000262498,2157.99,0.000382,1,-0.00200068,0.00200455,0.0002625,2489.05
0,4096689,4,phononTS,0.00151107,-0.00204495,0.00170035,8.70329e-05,1.21898,0.000764,1,-0.00200277,0.00199797,0.0002625,889.27
0,4096689,6,phononTS,0.000608888,-0.00200277,0.00199797,0.000262498,889.27,0.000608888,1,-0.0013132,0.00316845,-0.0002625,1361.83
0,4102034,4,phononTS,0.00171651,0.000859431,0.00166336,-0.0002625,46.7006,0.000764,1,0.000995653,0.00100449,0.0002625,4673.77
0,4103762,4,phononTF,0.0030636,-0.00180635,-0.00181528,0.000119644,4.4082,0.000764,1,-0.00200099,-0.00200069,0.0002625,2364.28
0,4114446,2,phononTF,0.0013989,0.000598789,-0.000460415,-0.0002625,110.548,0.000382,1,0.00100428,-0.000998956,0.0002625,2141.25
0,4121646,5,phononL,0.000758596,-0.00269616,-0.000640988,-0.0002625,317.442,0.000382,1,-0.00300257,-0.000995059,0.0002625,1204.76
0,4121950,7,phononL,0.000719936,-0.00200219,0.0019979,0.0002625,2429.36,0.000390069,1,-0.00222402,0.00259554,-0.0002625,2734.69
0,4138314,5,phononTF,0.000478684,-0.0020024,-3.57858e-06,0.000262498,561.037,0.000478684,1,-0.00194214,0.000221751,-0.0002625,730.137
0,4138314,2,phononTF,0.00197038,-0.00306934,0.000108473,-0.000185151,10.2843,0.00106655,1,-0.00343481,0.000476645,-0.0002625,318.874
0,4144714,7,phononTS,0.000675356,-0.00332728,-0.00118657,-0.000262498,2704.44,0.000382,1,-0.00200249,-0.00199891,0.0002625,3234.03
0,4150070,8,phononTF,0.000519067,-0.0026791,-0.00132855,-0.000262498,3846.27,0.000382,1,-0.00300005,-0.000997811,0.0002625,4043.13
0,4156171,4,phononTS,0.00103541,-0.00152199,0.00100064,-0.0002625,785.047,0.000382,1,-0.00100174,0.000997895,0.0002625,1538.36
0,4159175,8,phononTF,0.00200547,-0.00277675,-0.00111023,-0.0002625,176.291,0.000382,1,-0.00300248,-0.000995983,0.0002625,1221.88
0,4159175,9,phononTS,0.00156643,-0.00300248,-0.000995983,0.000262498,1221.88,0.000718886,1,-0.00200637,0.00058127,-0.0002625,1860.96
0,4187989,3,phononL,0.00300477,-0.00108738,5.85155e-05,-0.000125626,3.86883,0.001528,1,-0.00099591,0.000996347,0.0002625,3151.63
0,4187989,2,phononTF,0.000712451,-0.0032211,6.19962e-05,0.000262498,3.86883,0.000212209,1,-0.00277401,0.00051389,-0.0002625,236.242
0,4199865,4,phononTS,0.00142167,0.000780891,0.00161274,9.11022e-05,20.5665,0.000231079,1,0.000989587,0.00198146,-0.0002625,6306.91
0,4211504,4,phononTF,0.0025945,-0.00198677,-1.90954e-06,0.000198811,1.03692,0.000764,1,-0.00200404,-5.76503e-07,0.0002625,866.355
0,4230326,6,phononL,0.000817299,-0.0010047,0.00299712,0.0002625,159.765,0.000817299,1,-0.000902339,0.00379231,-0.0002625,1665.97
0,4230786,6,phononTS,0.000698442,-0.000999862,0.0030036,0.0002625,8842.09,0.000698442,1,-0.000671394,0.00182163,-0.0002625,9500.55
0,4238460,4,phononL,0.00291354,-0.001979,9.22786e-06,0.00023162,76.5401,0.000382,1,-0.00200258,1.06272e-06,0.0002625,3794.48
0,4238460,9,phononTF,0.0014308,-0.00200258,1.06272e-06,0.000262498,3794.48,0.0014308,1,-0.00193096,-6.39379e-05,-0.0002625,3944.92
0,4241220,2,phononTS,0.00226019,0.000952141,-0.000968799,-2.64282e-05,7.80154,0.000764,1,0.000999836,-0.000998387,0.0002625,4240.65
0,4257410,2,phononTF,0.000947279,-0.0022145,-0.000113977,-0.0002625,29.3616,0.000382,1,-0.00200022,-3.65134e-07,0.0002625,769.456
0,4261521,10,phononTS,0.00041927,-0.00192562,0.00265416,-0.000262498,4129.96,0.000382,1,-0.00200256,0.00199896,0.0002625,4409.98
0,4266167,6,phononTS,0.000445693,-0.00289834,-6.29551e-05,-0.0002625,420.859,0.000382,1,-0.00199762,3.09249e-06,0.0002625,1106.56
0,4289625,4,phononTS,0.00202941,-0.00291378,-0.000650503,6.71565e-05,23.3323,0.000382,1,-0.0029984,-0.00100257,0.0002625,1053.91
0,4289632,5,phononTF,0.00105243,0.000996405,0.000995399,0.000262498,941.516,0.000216245,1,0.00221251,-0.000237895,-0.0002625,1451.6
0,4310804,5,phononTF,0.00232673,-0.00132049,0.00047253,0.000185877,1155.3,0.00106069,1,-0.00141465,0.000574749,-0.0002625,2539.58
0,4319137,2,phononTS,0.000813711,-0.00272697,0.00191321,-0.0002625,19.9199,0.000382,1,-0.0019984,0.00199634,0.0002625,2857.71
0,4319137,8,phononTS,0.000423876,-0.0019984,0.00199634,0.000262498,2857.71,0.000423876,1,-0.0019609,0.00194833,-0.0002625,3004.68
0,4336902,8,phononTF,0.000479766,-1.31371e-06,-0.00199586,0.000262498,2402.67,0.000479766,1,-0.000544128,-0.0014829,-0.0002625,2659.72
0,4341078,7,phononTS,0.0014339,-0.00229147,-0.00149731,-0.0002625,136.379,0.000382,1,-0.00200338,-0.00200188,0.0002625,1256.31
0,4341078,10,phononTF,0.000538079,-0.00200338,-0.00200188,0.000262498,1256.31,0.000538079,1,-0.00199123,-0.00208537,-0.0002625,1407.33
0,4353822,5,phononTS,0.000633409,-0.00298751,8.1527e-05,-0.000262498,517.19,0.000382,1,-0.00200273,-6.86904e-07,0.0002625,891.388
0,4357024,6,phononTS,0.000566429,-0.00200034,9.04781e-07,0.0002625,669.772,0.000566429,1,-0.00201379,1.438e-05,-0.0002625,965.57
0,4364338,4,phononTS,0.001466,-0.00200396,5.46772e-07,0.0002625,14.0465,0.0013444,1,-0.00207195,4.95485e-05,-0.0002625,1273.45
0,4388548,5,phononTS,0.00191405,-0.00200223,9.08916e-07,0.0002625,78.5831,0.00117264,1,-0.00108367,-0.000206846,-0.0002625,1582.29
0,4400537,5,phononTS,0.000456687,-0.00050852,0.00254859,-0.000262498,1453.92,0.000382,1,-0.00100069,0.00300272,0.0002625,1759.03
0,4400537,2,phononL,0.000928056,-0.00322095,6.08633e-05,0.000262498,3.32955,0.000928056,1,-0.00299998,0.000559102,-0.0002625,143.704
0,4412508,6,phononTS,0.000503808,-0.00256762,-0.00143471,-0.000262498,3716.56,0.000382,1,-0.00200202,-0.00199957,0.0002625,4056.45
0,4413157,6,phononTS,0.000571171,-0.00305256,-0.00060669,-0.0002625,235.67,0.000382,1,-0.00299768,-0.0010004,0.0002625,893.949
0,4430278,3,phononL,0.00120044,-0.00289565,0.000125731,-0.0002625,2.87771,0.000382,1,-0.00200062,3.23729e-06,0.0002625,1362.89
0,4436993,12,phononTF,0.0005892,0.00100054,0.000999176,0.000262498,4491.51,0.0005892,1,0.00072035,0.00129278,-0.0002625,4678.79
0,4444401,6,phononTS,0.000867416,-0.0019996,0.00199615,0.0002625,761.727,0.000529821,1,-0.00195419,0.00203914,-0.0002625,1057.49
0,4447124,2,phononTF,0.00266072,-0.00105696,-0.000954584,0.000228747,10.2426,0.001146,1,-0.000999768,-0.0010034,0.0002625,994.466
0,4447124,4,phononTF,0.000981385,-0.000999768,-0.0010034,0.000262498,994.466,0.000440536,1,-4.09988e-06,-2.90464e-05,-0.0002625,1413.98
0,4457474,3,phononTS,0.00102648,-0.00260933,1.97116e-05,-0.0002625,11.9441,0.000382,1,-0.00200044,4.14436e-06,0.0002625,541.328
0,4457474,2,phononL,0.000679588,-0.00321822,3.52787e-05,0.000262498,11.9441,2.86912e-05,1,-0.00318372,-0.000683794,-0.0002625,174.203
0,4463503,4,phononTS,0.0030681,-0.00286994,-0.000904237,0.000216202,19.2096,0.001146,1,-0.00300084,-0.00100154,0.0002625,2801.73
0,4463503,5,phononTF,0.000403727,-0.00300084,-0.00100154,0.000262498,2801.73,0.000403727,1,-0.00280168,-0.00118382,-0.0002625,2967.99
0,4463946,3,phononTS,0.00125274,-0.00176666,-0.00240566,0.000186153,38.4676,0.00125274,1,-0.00301025,-0.00202257,-0.0002625,2731.78
0,4463946,2,phononTF,0.0012105,-0.00323449,8.04444e-05,0.000262498,38.4676,0.000383483,1,-0.00345894,-0.000157631,-0.0002625,212.921
0,4482481,5,phononTS,0.000575573,-0.00300175,-0.000998455,0.000262498,288.788,0.000575573,1,-0.00244472,-0.00106422,-0.0002625,545.324
0,4482481,2,phononTF,0.00172514,-0.00320603,4.94301e-05,0.000262498,13.1189,0.00146156,1,-0.00304784,0.000224518,-0.0002625,175.186
0,4489473,11,phononTF,0.000506315,1.75508e-07,-2.98885e-07,0.0002625,2010.36,0.000506315,1,0.000319484,0.000284747,-0.0002625,2768.73
0,4492347,3,phononTS,0.00197541,-0.00261052,2.65147e-05,-0.0002625,2.35838,0.001146,1,-0.0019959,-6.39564e-07,0.0002625,535.347
0,4503745,5,phononTS,0.00093613,-0.00300228,-0.000995517,0.0002625,91.9495,0.000799788,1,-0.00292755,-0.000922741,-0.0002625,786.867
0,4512529,8,phononTS,0.000561906,-0.00326547,0.000403614,-0.000262498,798.519,0.000382,1,-0.0019965,-2.89456e-06,0.0002625,1276.26
0,4526451,2,phononTF,0.0015022,-0.00211839,0.0021028,-0.0002625,2.10946,0.000764,1,-0.00200314,0.00199917,0.0002625,2230.8
0,4526451,5,phononTF,0.000419364,-0.00200314,0.00199917,0.000262499,2230.8,0.000419364,1,-0.00153364,0.0022868,-0.0002625,2458.75
0,4539308,5,phononTF,0.00109484,-0.00199682,0.00199942,0.0002625,14.0231,0.000800973,1,-0.00168574,0.00248983,-0.0002625,1183.82
0,4554563,2,phononTS,0.00244759,-0.00295927,-0.00100423,-0.000106585,13.4551,0.000764,1,-0.00300178,-0.00099634,0.0002625,1271.72
0,4554563,8,phononTF,0.000799779,-0.00300178,-0.00099634,0.000262498,1271.72,0.000799779,1,-0.00270451,-0.00130049,-0.0002625,1462.79
0,4562926,3,phononTS,0.00277051,-0.00199612,2.35441e-05,0.000135994,8.51324,0.000764,1,-0.00200229,4.82549e-06,0.0002625,2943.48
0,4562926,4,phononTS,0.00098225,-0.00200229,4.82549e-06,0.000262498,2943.48,0.00098225,1,-0.00196044,3.05508e-05,-0.0002625,3101.14
0,4572016,8,phononTS,0.000493435,-0.00204454,7.24756e-05,-0.0002625,704.257,0.000382,1,-0.00200169,4.75905e-07,0.0002625,3745.01
0,4575069,5,phononTF,0.00281865,-0.000888207,0.000880911,5.44091e-05,130.988,0.000382,1,-0.0010013,0.00100037,0.0002625,959.815
0,4575069,7,phononTS,0.000992222,-0.0010013,0.00100037,0.000262499,959.815,0.000992222,1,-0.000970724,0.00226923,-0.0002625,1440.46
0,4575069,6,phononTS,0.00138156,-0.0010013,0.00100037,0.000262499,959.815,0.00137042,1,-0.00227033,0.00070186,-0.0002625,1428.69
0,4575069,4,phononL,0.000648772,-0.00318433,7.03925e-05,0.000262498,130.988,0.000648772,1,-0.00292814,-0.000187718,-0.0002625,252.425
0,4582561,6,phononTS,0.000740334,-0.00238775,-2.94302e-05,-0.0002625,654.471,0.000382,1,-0.00200228,-3.49463e-07,0.0002625,1323.83
0,4582561,4,phononTF,0.00181589,-0.00323016,4.92782e-05,0.000262498,37.087,0.000758102,1,-0.00280936,0.000447514,-0.0002625,257.249
0,4592002,6,phononTS,0.000686726,0.00105727,-0.00211767,-0.0002625,662.239,0.000382,1,1.67008e-06,-0.00200455,0.0002625,5323.28
0,4607891,2,phononTS,0.00225306,-0.000992822,0.00100976,0.000165654,6.70159,0.000764,1,-0.00100476,0.0010014,0.0002625,896.85
0,4607891,6,phononTS,0.000579877,-0.00100476,0.0010014,0.000262498,896.85,0.000579877,1,-0.000946426,0.00104319,-0.0002625,1044.04
0,4616189,8,phononTS,0.000406274,-0.00236514,-0.00193392,-0.0002625,619.321,0.000382,1,-0.00200466,-0.00199963,0.0002625,2925.64
0,4642889,6,phononTS,0.00045609,0.00020422,0.000910906,-0.0002625,572.852,0.000382,1,0.000996727,0.0010048,0.0002625,1998.4
0,4660561,9,phononL,0.000834795,-0.00299992,-0.000998152,0.000262498,1176.95,0.000153202,1,-0.00448097,-0.000929149,-0.0002625,1467.42
0,4665117,7,phononTS,0.000396347,-0.00199685,3.39776e-06,0.000262498,543.711,0.000396347,1,-0.00248149,-0.00125358,-0.0002625,1024.52
0,4669953,6,phononTF,0.000638979,-0.00205942,6.7247e-05,-0.0002625,965.849,0.000382,1,-0.0019992,-1.51501e-06,0.0002625,1922.64
0,4669953,4,phononTS,0.000765367,-0.0032036,6.25327e-05,0.000262498,39.099,0.000388655,1,-0.00322582,2.3448e-05,-0.0002625,192.62
0,4673434,3,phononTS,0.000571656,0.00129792,-0.00284998,-0.0002625,31.943,0.000382,1,0.00200023,-0.00199971,0.0002625,3440.09
0,4677779,5,phononTF,0.000392315,-0.0013127,-0.000658101,-0.000262498,780.456,0.000382,1,-0.0010002,-0.000998677,0.0002625,977.222
0,4685416,8,phononTS,0.000452935,-0.00200413,0.00200382,0.0002625,863.174,0.000452935,1,-0.0018361,0.00204371,-0.0002625,1254.45
0,4687970,7,phononTS,0.000435304,-0.00300066,-0.000997946,0.000262498,2595.5,0.000435304,1,-0.00297755,-8.33883e-05,-0.0002625,2944.82
0,4705723,6,phononL,0.000598593,-0.00200117,3.90131e-06,0.000262498,536.988,0.000598593,1,-0.00227337,4.6653e-05,-0.0002625,652.097
0,4705723,2,phononTF,0.000846995,0.005,-0.00340978,-0.000175127,6.1824,0.000846995,1,0.00444077,-0.00340508,-0.0002625,3501.26
0,4710896,2,phononTF,0.00160955,-0.00180534,0.000179822,-0.0002625,4.40833,0.000382,1,-0.00200096,2.85024e-06,0.0002625,956.784
0,4710896,7,phononTS,0.00101571,-0.00200096,2.85024e-06,0.000262498,956.784,0.00101571,1,-0.00303198,-7.21441e-05,-0.0002625,1332.37
0,4733673,5,phononTS,0.000442054,-0.00266288,8.6421e-05,-0.000262498,271.948,0.000382,1,-0.00199579,4.55895e-06,0.0002625,555.103
0,4733673,2,phononL,0.000448108,-0.00322942,5.67203e-05,0.000262498,7.57221,0.000448108,1,-0.00317308,-0.000179633,-0.0002625,121.021
0,4766563,7,phononTS,0.000606665,-0.00199741,0.00199848,0.000262498,673.748,0.000244576,1,-0.00195151,0.00200803,-0.0002625,825.722
0,4820212,4,phononL,0.00160385,-0.00199506,-0.00200002,0.0002625,47.7421,0.00113143,1,0.000185745,-0.00176697,-0.0002625,1192.15
0,4821818,3,phononTS,0.00170403,-0.00280256,0.00173016,-0.000256865,11.3525,0.000764,1,-0.00200289,0.00200182,0.0002625,1711.97
0,4824055,5,phononTS,0.000652881,-0.00299838,-0.000999733,0.0002625,1070.01,0.000652881,1,-0.00294529,-0.000658864,-0.0002625,1486.25
0,4849514,4,phononL,0.000950991,-0.002215,-0.00132566,-0.0002625,122.47,0.000382,1,-0.00200162,-0.00199801,0.0002625,735.709
0,4849514,5,phononTS,0.000424414,-0.00200162,-0.00199801,0.000262498,735.709,0.000424414,1,-0.00195744,-0.00201461,-0.0002625,885.778
0,4853132,4,phononL,0.0029108,-0.00196395,-0.0019282,0.000165788,2.83706,0.000382,1,-0.00199757,-0.00199773,0.0002625,2808.52
0,4853132,7,phononTS,0.000499102,-0.00199757,-0.00199773,0.000262498,2808.52,0.000499102,1,-0.00151934,-0.00171792,-0.0002625,3081.75
0,4863768,5,phononTS,0.000770131,-0.00200113,-2.04962e-06,0.0002625,706.348,0.000374129,1,-0.00203499,5.5778e-05,-0.0002625,1037.11
0,4863768,3,phononTF,0.000425854,-0.00322328,6.1611e-05,0.000262498,4.72681,0.000425854,1,-0.00342201,0.000264983,-0.0002625,173.006
0,4870420,4,phononTF,0.00161324,-0.00278172,-0.000375038,-0.0002625,1.75934,0.000764,1,-0.00200465,-3.41162e-07,0.0002625,538.399
0,4870420,3,phononTF,0.00142515,-0.00322168,4.94747e-05,0.000262498,1.75934,0.00142515,1,-0.00279414,0.000490575,-0.0002625,230.001
0,4870420,2,phononTF,0.00058258,-0.00322168,4.94747e-05,0.000262498,1.75934,0.00058258,1,-0.00296922,1.41766e-05,-0.0002625,175.569
0,4881461,5,phononTS,0.0023762,-0.00274831,-0.000474269,-0.000189536,121.324,0.000764,1,-0.00300027,-0.000995031,0.0002625,999.483
0,4881461,6,phononTF,0.00147129,-0.00300027,-0.000995031,0.000262499,999.483,0.000927678,1,-0.00275231,-0.000752758,-0.0002625,1177.33
0,4883246,7,phononTS,0.000552185,-0.00199877,-1.07998e-06,0.000262498,2367.72,0.000552185,1,-0.00267507,0.000494795,-0.0002625,2717.5
0,4893520,2,phononTF,0.00274577,0.000970522,-0.000967019,0.000215774,8.35542,0.001146,1,0.00100453,-0.000998335,0.0002625,5333.29
0,4901863,7,phononTS,0.00256449,-0.00316447,-0.000100076,-0.0002625,565.885,0.000764,1,-0.00299833,-0.000996026,0.0002625,1059.51
0,4911798,9,phononTS,0.000392933,-0.00200495,-3.11354e-06,0.000262498,649.22,0.000392933,1,-0.00202271,3.89228e-06,-0.0002625,805.717
0,4926677,12,phononTS,0.000635092,-0.000797481,0.0016758,-0.0002625,1015.89,0.000382,1,3.03636e-06,0.00200223,0.0002625,2111.65
0,4933865,3,phononTF,0.00139863,-0.00266234,-0.000641272,-0.0002625,25.0134,0.000764,1,-0.00299935,-0.00100194,0.0002625,688.262
0,4942703,4,phononTS,0.000684639,-0.00102531,0.000435406,-0.000262498,2838.22,0.000382,1,-0.000995046,0.000999834,0.0002625,3102.13
0,4960707,4,phononTS,0.00187034,-0.00293607,-0.00105019,-0.0002625,34.8939,0.000764,1,-0.0030015,-0.000995839,0.0002625,1730.32
0,4970337,5,phononTS,0.000538012,-0.00299933,-0.000996665,0.000262498,795.367,0.000538012,1,-0.000221755,-0.00332285,-0.0002625,1949.11
0,4971760,7,phononTF,0.000478214,-0.00428614,0.000488502,-0.000262498,937.655,0.000382,1,-0.00299815,-0.00100305,0.0002625,1519.26
0,4992158,11,phononL,0.000493322,0.00178524,0.000976457,-0.0002625,3585.95,0.000382,1,0.000998622,0.000999607,0.0002625,4801.94
0,5004136,5,phononTS,0.00198952,-0.00260859,2.51176e-05,-0.0002625,9.93249,0.000764,1,-0.00200005,-1.85648e-06,0.0002625,539.212
0,5004136,6,phononTF,0.000481598,-0.00200005,-1.85648e-06,0.000262498,539.212,0.000481598,1,-0.00149575,0.000479566,-0.0002625,785.25
0,5004136,4,phononTS,0.00224031,-0.00321713,5.20916e-05,0.000262498,9.93249,0.0014412,1,-0.003272,0.000703959,-0.0002625,296.9
0,5025601,7,phononTF,0.00199657,-0.00207171,8.55305e-05,-0.000262498