Run ID,Event ID,Track ID,Particle Name,Start Energy [eV],Start X [m],Start Y [m],Start Z [m],Start Time [ns],Energy Deposited [eV],Track Weight,End X [m],End Y [m],End Z [m],Final Time [ns]
0,13560,7,phononTS,0.000803191,-0.0020024,3.96888e-06,0.000262498,2824.13,0.000803191,1,-0.00205058,-4.67313e-06,-0.0002625,2971.26
0,78373,4,phononTS,0.00291806,0.00318528,0.000990192,4.95143e-05,29.2606,0.000764,1,0.00300443,0.00100016,0.0002625,3432.47
0,82536,9,phononTS,0.000700933,0.00146493,0.00259311,-0.000262498,900.24,0.000382,1,1.28384e-06,-3.83406e-06,0.0002625,1864.16
0,82536,4,phononTS,0.000472439,0.00106965,0.00331131,0.000262498,20.1288,0.000472439,1,0.000919405,0.00221812,-0.0002625,428.83
0,82536,3,phononTF,0.00266473,0.00106965,0.00331131,0.000262498,20.1288,0.00246262,1,0.00116415,0.00317073,-0.0002625,177.441
0,89063,6,phononTF,0.000410574,0.00160105,0.00232783,-0.0002625,1216.25,0.000382,1,0.00200016,0.00200204,0.0002625,1855.99
0,94120,8,phononTS,0.0004058,0.00200223,3.36265e-06,0.000262498,2033.65,0.0004058,1,0.000943218,0.000165125,-0.0002625,2433.57
0,102268,7,phononTF,0.000394448,-3.12053e-05,0.00400449,-0.000262498,2609.7,0.000382,1,-0.000997998,0.00299959,0.0002625,3029.35
0,128800,2,phononTS,0.00229843,0.0010016,0.00100825,9.25362e-05,10.7727,0.000382,1,0.00100321,0.000995485,0.0002625,1008.42
0,156461,5,phononTF,0.000431273,0.000215897,0.00225415,-0.0002625,187.886,0.000382,1,4.86359e-06,0.00199971,0.0002625,1078.02
0,163631,3,phononTS,0.0027225,0.000808464,0.00316306,0.000122162,0.982417,0.000382,1,0.00200197,0.00199788,0.0002625,573.97
0,163631,8,phononTS,0.000692712,0.00200197,0.00199788,0.000262498,573.97,0.000288293,1,0.00205411,0.00222348,-0.0002625,759.081
0,185387,10,phononTS,0.000454833,0.00200165,1.36707e-06,0.000262498,10120.9,0.000454833,1,0.00196586,4.1481e-05,-0.0002625,10268.4
0,208975,6,phononTF,0.00115932,0.000999615,0.000996138,0.0002625,1813.28,0.000242844,1,0.00123904,0.000778904,-0.0002625,2160.29
0,233936,5,phononTS,0.000947336,0.00100346,0.000999033,0.000262498,1113.38,0.000947336,1,0.000467721,0.00242348,-0.0002625,1648.75
0,242077,7,phononL,0.000455426,0.00243313,-0.000246468,-0.0002625,408.702,0.000382,1,0.00199527,-1.82117e-06,0.0002625,3061.95
0,247698,6,phononL,0.000427061,0.00133527,0.00243029,-0.000262498,882.342,0.000382,1,-3.35892e-06,0.00200197,0.0002625,1167.45
0,255699,5,phononTF,0.00164454,0.00226867,0.00169191,-0.0002625,5.95927,0.000382,1,0.00299838,0.000999103,0.0002625,1140.77
0,255699,6,phononTF,0.000707836,0.00299838,0.000999103,0.000262498,1140.77,0.000460409,1,0.00332434,0.00147984,-0.0002625,1373.03
0,255699,4,phononTF,0.000835572,0.00105981,0.00330964,0.000262498,5.95927,0.000370295,1,0.00168929,0.00394423,-0.0002625,298.136
0,255699,7,phononTS,0.000431531,0.000933228,0.005,-6.63183e-05,298.136,0.000431531,1,0.000945541,0.00498666,-0.0002625,770.873
0,270198,7,phononTS,0.00109346,-0.000762831,0.00309038,0.000187518,1268.69,0.000382,1,-0.0010045,0.00300063,0.0002625,1528.97
0,270198,2,phononTS,0.00309947,0.000856892,0.00307162,0.000102306,30.2795,0.00204062,1,0.000911915,0.00332238,-0.0002625,324.621
0,287369,5,phononTS,0.00044553,-0.000995115,0.00300189,0.0002625,802.326,0.00044553,1,-0.00100918,0.00315203,-0.0002625,1491.44
0,335189,6,phononTS,0.00131831,-0.0010021,0.000997438,0.000262498,1598.88,0.000434779,1,-0.00184189,0.00295934,-0.0002625,2313.1
0,365506,9,phononTS,0.00179887,0.00169789,0.00039158,-0.0002625,851.046,0.000382,1,0.00200394,0.0019972,0.0002625,4119.57
0,399891,5,phononTF,0.00285417,0.000943364,0.000951165,0.000132496,1396.19,0.000764,1,0.000995382,0.000999686,0.0002625,3391.93
0,399891,7,phononTF,0.000895698,0.000995382,0.000999686,0.000262498,3391.93,0.000337007,1,0.00165119,0.00192114,-0.0002625,3757.24
0,399891,6,phononTS,0.000690993,0.000995382,0.000999686,0.000262498,3391.93,0.000690993,1,0.000989399,0.00107635,-0.0002625,3552.82
0,399891,4,phononTS,0.00213699,0.000578052,0.00315331,-9.86947e-05,1396.19,0.00103281,1,0.000596338,0.00316675,-0.0002625,1442.08
0,413529,7,phononTS,0.000498787,0.00053304,0.00114225,-0.0002625,2575.2,0.000382,1,4.46959e-06,-2.60987e-06,0.0002625,3930.42
0,417824,7,phononTS,0.000631244,-3.12598e-06,0.00200094,0.0002625,391.799,0.000631244,1,-3.28144e-05,0.00269731,-0.0002625,1486.84
0,418644,8,phononTF,0.000430578,-0.000998104,0.00300426,0.0002625,472.832,0.000430578,1,-0.00105776,0.00305996,-0.0002625,1738.61
0,421908,5,phononTF,0.00199048,4.91554e-05,0.00210095,-2.52287e-05,233.633,0.000764,1,1.10938e-06,0.0020043,0.0002625,1717.73
0,422360,3,phononTF,0.0026813,0.000919732,0.000883824,-0.000103943,8.81222,0.000382,1,0.00100024,0.00100082,0.0002625,2392.73
0,431985,3,phononTF,0.00174389,0.00191645,0.00235634,-0.0002625,57.4033,0.000382,1,0.00199629,0.00199973,0.0002625,891.186
0,431985,8,phononTS,0.00118919,0.00199629,0.00199973,0.000262498,891.186,0.00118919,1,0.00194208,0.00134039,-0.0002625,1168.47
0,455444,5,phononTF,0.000494037,-0.00117749,0.00278936,-0.000262499,940.974,0.000382,1,-0.00100367,0.00300247,0.0002625,1110.55
0,455444,2,phononTS,0.000703727,0.00107202,0.00330897,0.000262498,3.88843,0.000703727,1,0.00133252,0.00229349,-0.0002625,401.969
0,465103,2,phononL,0.00226959,0.0023476,0.000646012,-0.0002625,3.23626,0.000764,1,0.00199776,-8.9881e-07,0.0002625,1814.67
0,491556,8,phononL,0.000467763,0.000164829,0.00253531,-0.000262498,2281.29,0.000382,1,8.02857e-07,0.0020038,0.0002625,2422.41
0,508327,4,phononTS,0.000515019,-2.65728e-06,0.00199656,0.0002625,1.54868,0.000515019,1,-0.000900247,0.000667768,-0.0002625,1533.54
0,508327,3,phononTS,0.0017102,0.00100708,0.00329901,0.000232525,1.54868,0.00103575,1,0.000979055,0.00332532,-0.0002625,162.946
0,516878,6,phononTS,0.000637676,0.00107307,0.00276566,-0.000262498,267.614,0.000382,1,0.00200088,0.00199931,0.0002625,719.071
0,516878,3,phononTF,0.00128414,0.00107056,0.00332606,0.000244841,8.661,0.00113046,1,-0.000443466,0.00495682,-0.0002625,660.981
0,528916,7,phononTF,0.000446269,-0.000405869,0.00159931,-0.0002625,1746.74,0.000382,1,-0.00100115,0.00100486,0.0002625,2585.27
0,540527,7,phononTF,0.000547202,0.00229304,0.00227942,-0.000262498,1768.08,0.000382,1,0.00199604,0.00199931,0.0002625,1955.6
0,548326,4,phononTS,0.00225592,0.00255474,0.00143909,0.000174292,4.43667,0.000764,1,0.00299705,0.000999819,0.0002625,1134.36
0,557444,4,phononL,0.00166196,0.00151746,0.00247781,-0.0002625,33.8357,0.000764,1,0.00200037,0.00199782,0.0002625,510.639
0,559425,7,phononTS,0.000958568,0.000433334,-0.00295959,-0.000262498,3652.07,0.000382,1,0.000995149,-0.00299534,0.0002625,3911.07
0,570442,7,phononL,0.000398078,-0.000694795,0.00303964,-0.000262498,1181.12,0.000382,1,-0.0010007,0.00300463,0.0002625,1298.12
0,570442,3,phononTF,0.00305046,-0.000206761,0.00478766,2.17421e-05,6.25149,0.00150268,1,-0.000274791,0.00484884,-0.0002625,1202.3
0,570442,9,phononTF,0.000530527,0.00281841,-0.005,-8.38057e-05,1202.3,0.000530527,1,0.00290951,-0.0049009,-0.0002625,4198.56
0,581615,4,phononTS,0.00198007,-0.000506184,0.00203097,-0.0002625,6.2161,0.000382,1,-0.00100121,0.00299556,0.0002625,1107.56
0,590104,10,phononTS,0.000541626,0.00100023,-0.00100333,0.000262498,2812.97,0.000541626,1,0.000977043,-0.000961127,-0.0002625,2975.28
0,590104,5,phononTF,0.0016635,0.00106077,0.00330921,0.000262498,2.33922,0.000809199,1,0.000937422,0.00308689,-0.0002625,171.945
0,591643,2,phononL,0.0025729,0.00210421,0.00223915,-9.4086e-05,47.2441,0.000382,1,0.00200312,0.00200319,0.0002625,588.959
0,591643,9,phononTF,0.000576766,0.00200312,0.00200319,0.000262498,588.959,0.000576766,1,0.00226121,0.00228072,-0.0002625,771.368
0,591643,8,phononTF,0.00144604,0.00200312,0.00200319,0.000262498,588.959,0.00130556,1,0.00148374,0.00259801,-0.0002625,861.809
0,598154,3,phononTF,0.00295916,0.000270321,0.00214381,0.000143344,4.90597,0.000382,1,2.44363e-06,0.00200206,0.0002625,1694.31
0,598154,6,phononTF,0.00129452,2.44363e-06,0.00200206,0.000262498,1694.31,0.000863251,1,-0.000213781,0.00220106,-0.0002625,1863.73
0,599966,4,phononL,0.00118484,0.00112822,0.000877037,0.000133291,31.3237,0.000764,1,0.000995876,0.0010034,0.0002625,4237.08
0,599966,3,phononTS,0.000598901,-0.00406867,-0.005,-9.70889e-05,31.3237,0.000598901,1,-0.00325215,-0.00422715,-0.0002625,3683.5
0,612663,6,phononTF,0.00072071,0.000995248,0.000999049,0.000262498,1589.32,0.00072071,1,0.00151763,0.00152379,-0.0002625,1845.16
0,617506,7,phononTF,0.000592295,0.00108462,0.00289265,-0.0002625,2123.5,0.000382,1,0.00199957,0.001998,0.0002625,3292.81
0,624132,5,phononTS,0.00200145,0.00093786,0.00286624,3.46878e-05,1.7376,0.000382,1,0.00200128,0.00200447,0.0002625,595.762
0,639849,2,phononL,0.00217387,-0.0014754,0.00187139,-0.0002625,5.47493,0.000764,1,-0.00200039,0.00200056,0.0002625,2185.54
0,697494,7,phononTF,0.000429906,0.005,0.00298823,-0.000243987,1755.75,0.000429906,1,0.0049423,0.00301173,-0.0002625,2582.16
0,730028,3,phononTS,0.0024534,-0.000982535,0.000884168,0.000174955,4.76894,0.000764,1,-0.000996222,0.000999115,0.0002625,2648.06
0,730028,5,phononTS,0.000532127,-0.000996222,0.000999115,0.000262498,2648.06,0.000532127,1,-0.00141314,0.00104282,-0.0002625,2873.1
0,747406,6,phononTS,0.000433351,0.00207139,-0.00444235,-0.000262499,7240.25,0.000382,1,-0.00199573,-3.47888e-06,0.0002625,9100.11
0,747406,3,phononTS,0.000807291,0.00106337,0.00330456,0.000262498,20.1805,0.000667511,1,0.00190879,0.00329343,-0.0002625,353.122
0,747406,2,phononTF,0.00046434,0.00106337,0.00330456,0.000262498,20.1805,0.00046434,1,0.000918455,0.00316485,-0.0002625,179.211
0,780860,2,phononTF,0.00210687,4.78244e-05,6.08663e-05,0.000128187,29.6995,0.000764,1,-1.97089e-06,1.99979e-06,0.0002625,2143.22
0,808103,5,phononTS,0.000664555,-0.000870434,0.00219049,-0.0002625,303.158,0.000382,1,-0.00200058,0.00199921,0.0002625,2054.9
0,808103,2,phononTF,0.00492046,0.000979561,0.00296484,-0.000261601,77.6769,0.00338242,1,0.000980186,0.00296518,-0.0002625,1184.27
0,839216,6,phononTF,0.000564912,0.00199565,0.00200363,0.0002625,659.319,0.000334301,1,0.00176571,0.00222232,-0.0002625,1007.74
0,839216,2,phononTF,0.00159222,0.00105528,0.00332219,0.000262498,8.84046,0.00159222,1,0.000913509,0.00319463,-0.0002625,166.153
0,864675,8,phononTS,0.000384166,0.000996979,-0.000995887,0.000262498,1922.44,0.000384166,1,-0.000467527,-0.00242117,-0.0002625,2614.97
0,875813,3,phononTS,0.0009991,-0.00100104,0.00299781,0.0002625,26.5495,0.000630494,1,-0.00203838,0.00284012,-0.0002625,1207.24
0,882157,4,phononTF,0.0014889,-0.00128923,0.00261839,-0.0002625,22.3259,0.000382,1,-0.00199793,0.0020036,0.0002625,2459.89
0,882157,5,phononL,0.000703439,-0.00199793,0.0020036,0.000262498,2459.89,0.000703439,1,-0.00228572,0.00190812,-0.0002625,2576.68
0,937727,7,phononTS,0.000394757,0.00096683,-0.00108415,-0.000262498,5328.58,0.000382,1,0.000997578,-0.00100112,0.0002625,5490.21
0,972244,5,phononTF,0.000607862,0.00325925,0.00126205,-0.0002625,1343.2,0.000382,1,0.00300362,0.000996186,0.0002625,1885.58
0,972244,3,phononL,0.00104021,0.0010582,0.0033161,0.000262498,33.1246,0.00066126,1,0.00103247,0.00421493,-0.0002625,223.06
0,972244,2,phononTS,0.00100652,0.0010582,0.0033161,0.000262498,33.1246,0.00100652,1,0.00101997,0.0035402,-0.0002625,218.659
0,1002683,5,phononTS,0.000581725,-0.000537087,0.00300815,-0.000262499,1120.76,0.000382,1,-0.000997515,0.00300001,0.0002625,1357.68
0,1025913,4,phononTS,0.00256981,-0.00174487,-0.0011474,-0.0002625,2.74013,0.001146,1,-0.00200151,-0.00200131,0.0002625,7439.95
0,1132372,6,phononTF,0.00307496,-0.0020709,0.00207073,0.000116249,70.9994,0.000764,1,-0.00199726,0.00199933,0.0002625,4361.47
0,1141527,5,phononTS,0.000401286,-0.0023428,0.005,0.000159465,3274.04,0.000382,1,2.36262e-06,0.0019988,0.0002625,8495.3
0,1155885,6,phononTF,0.000923679,0.000766105,0.000786869,-0.00011077,10648.5,0.000382,1,3.52673e-06,-1.03968e-06,0.0002625,10974.8
0,1155885,4,phononTS,0.000775567,0.00115929,0.00332589,0.000262498,405.587,0.000775567,1,0.00117252,0.00340384,-0.0002625,566.632
0,1157336,5,phononTS,0.000716326,0.00199592,8.61189e-07,0.0002625,989.101,0.000328434,1,0.00202711,-0.000452622,-0.0002625,2785.07
0,1167243,3,phononTF,0.00297473,-0.00107702,0.00307864,0.000145692,2.22439,0.000764,1,-0.00100161,0.00299778,0.0002625,3072.72
0,1244181,8,phononTS,0.000382414,0.00299707,0.000999822,0.0002625,3734.05,0.000382414,1,0.00297342,0.0010789,-0.0002625,4059.4
0,1268813,2,phononTS,0.00234985,0.00210598,0.00225201,-0.0001955,4.30901,0.000764,1,0.00200274,0.00200315,0.0002625,1054.46
0,1268813,7,phononTS,0.000719494,0.00200274,0.00200315,0.000262498,1054.46,0.000719494,1,0.00400166,0.00315221,-0.0002625,1829.75
0,1268813,6,phononTS,0.000712343,0.005,0.00393651,-0.000196336,1054.46,0.000712343,1,0.00483475,0.00406406,-0.0002625,3117.76
0,1291194,4,phononTF,0.00246773,-0.00138862,0.00261235,5.01635e-05,59.9585,0.00181972,1,-0.00119375,0.00283374,-0.0002625,2358.6
0,1315330,7,phononTS,0.0012016,0.000995457,0.00162511,-0.0002625,1162.48,0.000382,1,0.00100434,0.0010005,0.0002625,2191.27
0,1315330,5,phononTS,0.00343116,0.00119514,0.00278453,-0.000215918,310.88,0.0025182,1,0.00116126,0.00282523,-0.0002625,675.336
0,1325747,2,phononTF,0.000740275,-0.000159028,0.00210239,-0.0002625,10.6767,0.000382,1,1.32867e-06,0.00199756,0.0002625,3510.43
0,1336207,3,phononTS,0.000739918,0.00200915,0.00210612,-0.0002625,28.7419,0.000382,1,0.00200446,0.00200065,0.0002625,3340.62
0,1336207,2,phononTS,0.000972029,0.00104932,0.00329788,0.000262498,28.7419,0.000972029,1,0.000989918,0.00326095,-0.0002625,183.606
0,1345951,3,phononTF,0.0025794,-0.000371506,0.00216594,-0.000124705,7.73527,0.000575079,1,-0.000254549,0.00204366,-0.0002625,1929.76
0,1377490,4,phononTF,0.00231162,0.00222847,0.00175389,-0.0002625,98.3818,0.000382,1,0.00300079,0.00100461,0.0002625,2874.56
0,1377490,6,phononTS,0.000560628,0.00300079,0.00100461,0.000262498,2874.56,0.000560628,1,0.00268126,0.00226557,-0.0002625,3343.23
0,1389169,11,phononL,0.000396608,0.00300313,0.000998098,0.0002625,2423.99,0.000396608,1,0.00323146,0.00128421,-0.0002625,2667.2
0,1389169,2,phononTS,0.000866486,0.00106149,0.00331502,0.000262498,3.17924,0.000866486,1,0.00108739,0.00329541,-0.0002625,154.359
0,1393309,7,phononTF,0.000781239,0.00200092,0.00200113,0.000262498,1251.07,0.000781239,1,0.0022017,0.00181718,-0.0002625,1417.64
0,1411170,9,phononTF,0.000637807,-0.0017351,0.00228693,-0.000262498,1818.31,0.000382,1,-0.00200133,0.0019951,0.0002625,2003.15
0,1426189,5,phononTF,0.000828928,-0.00100208,-0.00100325,0.0002625,1657.96,0.000746407,1,-0.000751265,-0.00123427,-0.0002625,2362.93
0,1445930,5,phononTF,0.000871692,0.00200387,0.00200135,0.000262498,881.019,0.000871692,1,0.00174225,0.00181321,-0.0002625,1059.47
0,1460747,7,phononTF,0.000539698,0.00207174,0.0020443,-0.0002625,336.047,0.000382,1,0.00199695,0.00199941,0.0002625,950.704
0,1468865,3,phononL,0.000392002,-0.000997027,0.00299823,0.0002625,9.98969,0.000392002,1,-0.00104957,0.00282105,-0.0002625,748.506
0,1468865,2,phononTF,0.00204453,0.00106213,0.00331291,0.000262498,9.98969,0.000645499,1,0.000949122,0.00318759,-0.0002625,165.329
0,1485357,8,phononL,0.000408893,0.000999126,-0.00100129,0.000262498,4774.2,0.000408893,1,0.00108598,-0.00146197,-0.0002625,4904.73
0,1497616,4,phononTF,0.00202761,0.000961385,0.00103593,0.000219622,25.7185,0.000382,1,0.00099616,0.00100161,0.0002625,1061.84
0,1518820,6,phononTS,0.000841306,0.00203351,0.00263936,-0.0002625,1756.92,0.000764,1,0.00199614,0.00200229,0.0002625,2460.31
0,1540427,4,phononTF,0.000690063,0.00258563,0.00163009,-0.0002625,1.7606,0.000382,1,0.00300224,0.00100074,0.0002625,1492.36
0,1555775,9,phononTS,0.00130598,-0.000995674,0.00300265,0.000262498,2846.46,0.00127474,1,-0.00100756,0.00224914,-0.0002625,3155.76
0,1564263,3,phononTF,0.00159507,0.00366746,0.00114137,0.000103666,7.20417,0.000764,1,0.00299779,0.00100314,0.0002625,3408.39
0,1580472,8,phononL,0.00156796,0.00175141,0.00407891,-0.0002625,61.1787,0.000382,1,0.00199714,-4.05812e-06,0.0002625,1463.9
0,1580472,9,phononTF,0.00113404,0.00199714,-4.05812e-06,0.000262498,1463.9,0.00113404,1,0.00249432,0.000481092,-0.0002625,1709.28
0,1599508,3,phononTF,0.000805479,0.000522575,0.00264895,-0.0002625,20.6743,0.000382,1,-2.66617e-07,0.0019955,0.0002625,594.97
0,1605178,7,phononTS,0.000387588,0.00302584,0.001122,-0.0002625,736.44,0.000382,1,0.0029981,0.000996855,0.0002625,2215.48
0,1605178,4,phononTF,0.000626119,0.00106513,0.00330255,0.000262498,26.4783,0.000626119,1,0.00142535,0.00296078,-0.0002625,230.007
0,1638461,11,phononL,0.000843382,0.00123119,0.00333756,-0.000262498,301.041,0.000382,1,-0.000995203,0.00299912,0.0002625,735.257
0,1645161,7,phononTS,0.00040767,-0.00183918,0.005,0.000129578,7444.5,0.00040767,1,-0.00145985,0.00422396,-0.0002625,9998.18
0,1645161,2,phononTF,0.000773189,0.00105696,0.00331273,0.000262498,5.13982,0.000299806,1,0.000989252,0.00347335,-0.0002625,164.473
0,1669812,9,phononTS,0.000387164,0.00100449,-0.00100317,0.000262498,9202.63,0.000387164,1,0.000832786,-0.000955395,-0.0002625,9378.11
0,1684275,3,phononTF,0.00225022,0.00294139,0.0010507,2.94118e-05,10.7431,0.000382,1,0.00299934,0.000997054,0.0002625,1215.88
0,1684629,8,phononTF,0.000494493,-0.00352374,-0.00150717,-0.000262498,2245.05,0.000382,1,-0.0029951,-0.00100211,0.0002625,2498.55
0,1685369,2,phononTF,0.00255392,-0.00217284,0.00184517,-0.000100359,131.027,0.000764,1,-0.00199828,0.00200369,0.0002625,1896.18
0,1685369,9,phononTS,0.00136885,-0.00199828,0.00200369,0.000262498,1896.18,0.00136885,1,-0.00278878,0.00207134,-0.0002625,2218.83
0,1686016,8,phononTF,0.00053801,0.000996921,-0.00100119,0.000262498,2159.08,0.00053801,1,0.000836086,-0.000844333,-0.0002625,2320.03
0,1713789,5,phononTS,0.000530321,-0.000953465,0.00105365,-0.0002625,1057.58,0.000382,1,-0.00100034,0.000996482,0.0002625,2651.11
0,1713789,2,phononTF,0.000646207,0.00106143,0.00330098,0.000262498,4.91628,0.000646207,1,0.000748563,0.00358969,-0.0002625,197.893
0,1745239,3,phononTF,0.0025217,-0.000490509,0.00157361,-0.0002625,14.4919,0.000382,1,-0.000999697,0.00100464,0.0002625,1560.18
0,1745239,5,phononTF,0.000654757,-0.000999697,0.00100464,0.000262498,1560.18,0.000654757,1,-0.00129325,0.00127566,-0.0002625,1745.88
0,1745239,4,phononTS,0.0013867,-0.000999697,0.00100464,0.000262498,1560.18,0.0013867,1,-0.00103585,0.000960159,-0.0002625,1707.86
0,1777702,3,phononTS,0.00301778,0.00204769,0.00233298,9.25013e-06,4.56826,0.001146,1,0.00200407,0.00200391,0.0002625,1460.26
0,1792175,5,phononTF,0.00047535,-0.00188135,-5.95847e-05,-0.0002625,1636.1,0.000382,1,-0.00199717,-4.13297e-06,0.0002625,2406.42
0,1832568,11,phononTS,0.000508464,0.00200235,-0.0019984,0.0002625,1164.54,0.000508464,1,0.00121598,-0.000742129,-0.0002625,6349.4
0,1832568,9,phononTS,0.00128482,0.00143669,0.00327104,4.49166e-05,428.827,0.00128482,1,0.00145493,0.00327024,-0.0002625,521.65
0,1832569,3,phononTS,0.00531216,0.000954354,0.00346104,-0.000182544,0.213536,0.00234515,1,0.000981633,0.0035276,-0.0002625,522.502
0,1843285,5,phononTS,0.00121179,0.000965881,0.0032459,-0.000262498,199.803,0.000382,1,4.09962e-06,0.00200199,0.0002625,755.867
0,1867263,8,phononTS,0.000596154,0.00200461,-0.00199692,0.000262498,7138.17,0.000596154,1,0.00167869,-0.00115775,-0.0002625,7499.63
0,1869921,6,phononTF,0.000795951,0.00105215,0.00309775,-0.000262498,190.984,0.000382,1,1.25496e-06,0.002001,0.0002625,646.44
0,1916849,6,phononTS,0.000452689,0.00204383,-0.00161527,-0.0002625,1319.39,0.000382,1,0.00199848,-0.00199657,0.0002625,2839.24
0,1937060,10,phononTS,0.00042676,1.98617e-05,3.79841e-05,-0.000262498,7942.16,0.000382,1,2.72356e-06,7.79161e-07,0.0002625,8095.12
0,1966197,5,phononTS,0.00256561,0.00194679,0.00216238,0.000205191,186.866,0.000764,1,0.00200133,0.00199862,0.0002625,657.029
0,1966197,6,phononTF,0.000897696,0.00200133,0.00199862,0.000262498,657.029,0.000424013,1,0.0010584,0.000841046,-0.0002625,1112.15
0,1969623,5,phononTS,0.000622141,0.00108535,0.005,7.79589e-05,373.446,0.000382,1,-0.00099962,0.00299874,0.0002625,1750.12
0,1969623,3,phononTF,0.00101834,0.00105541,0.00330446,0.000262498,3.53956,0.00101834,1,0.00180254,0.00409973,-0.0002625,348.125
0,1969623,2,phononTS,0.000680815,0.00105541,0.00330446,0.000262498,3.53956,4.65633e-05,1,0.0010879,0.00400949,-0.0002625,296.164
0,1979963,2,phononTF,0.00118382,0.000534766,0.00265846,-0.0002625,12.726,0.000382,1,4.19509e-06,0.00200203,0.0002625,589.81
0,1980064,8,phononTS,0.000639308,-0.00100054,0.00100478,0.000262498,2462.7,0.000639308,1,-0.0010426,0.000740739,-0.0002625,2662.26
0,1985119,4,phononL,0.00270523,-0.00173642,0.00290032,-0.000230844,355.438,0.000382,1,-0.00100174,0.00299693,0.0002625,3756.06
0,1985119,6,phononTS,0.00209121,-0.00100174,0.00299693,0.000262498,3756.06,0.00172278,1,-0.0010096,0.00300531,-0.0002625,3904.01
0,2033091,4,phononTS,0.0011381,0.00140847,0.00202097,-0.000262498,623.002,0.000764,1,0.00199891,0.00200236,0.0002625,882.247
0,2085227,15,phononTF,0.000603808,0.00199933,0.00199665,0.000262498,1738.04,0.000603808,1,0.00232941,0.00165773,-0.0002625,1937.84
0,2102325,2,phononTF,0.00293875,-0.00119212,0.00314749,6.83676e-06,32.1313,0.000382,1,-0.00100313,0.00300137,0.0002625,1133.62
0,2103857,4,phononTS,0.00050543,-0.00323876,0.00229692,-0.0002625,406.301,0.000382,1,-0.000997671,0.00100072,0.0002625,9568.04
0,2119439,9,phononTF,0.000529751,0.00112933,-0.0031098,-0.0002625,1239.44,0.000382,1,0.00100431,-0.00300078,0.0002625,4229.87
0,2132607,4,phononTF,0.00283235,-2.52419e-05,0.00203039,0.000214185,34.9585,0.000382,1,3.51544e-06,0.00199903,0.0002625,529.334
0,2132607,5,phononTF,0.00175771,3.51544e-06,0.00199903,0.000262498,529.334,0.00137134,1,-0.00154931,0.00391342,-0.0002625,1249.26
0,2136421,6,phononTS,0.000385231,-0.000998234,-0.0010027,0.0002625,1056.34,0.000385231,1,-0.00126052,-0.001198,-0.0002625,2079.93
0,2136421,2,phononTS,0.0014856,0.00115566,0.00359351,5.52088e-05,26.1795,0.000432436,1,0.000818388,0.00446562,-0.0002625,480.406
0,2141996,6,phononTF,0.000590146,0.00236069,0.00155795,-0.0002625,1395.95,0.000382,1,0.0020041,0.00199836,0.0002625,2069.14
0,2143687,7,phononTS,0.000415172,-0.00199819,0.00200249,0.000262498,2781.01,0.000415172,1,-0.00142052,0.00308839,-0.0002625,3218.97
0,2143687,2,phononTS,0.00397919,0.000840869,0.00282904,-0.000202041,19.4598,0.00290261,1,0.000789266,0.00283428,-0.0002625,799.652
0,2186699,8,phononTF,0.000434672,-0.000230626,0.003441,-0.000262498,1113.66,0.000382,1,0.000995363,0.000997185,0.0002625,1926.97
0,2187608,7,phononTS,0.000967474,0.00122948,0.0030963,-0.000262498,548.937,0.000382,1,0.00300136,0.00100391,0.0002625,1404.07
0,2209027,5,phononL,0.00160555,0.0010923,-0.00123007,5.68141e-05,176.395,0.000382,1,0.000995105,-0.0010035,0.0002625,2752.38
0,2224813,10,phononTF,0.000505822,-0.00100415,0.00299955,0.0002625,2471.43,0.000505822,1,-0.00153672,0.00357745,-0.0002625,4042.45
0,2224817,7,phononTS,0.000542663,0.000830888,0.00434351,-0.0002625,1497.75,0.000382,1,0.00199695,0.00200321,0.0002625,2681.76
0,2237002,2,phononL,0.00197459,0.0017769,0.000427086,-0.0002625,27.6693,0.000382,1,0.00199594,-3.50262e-06,0.0002625,1107.6
0,2237002,9,phononTS,0.00103432,0.00199594,-3.50262e-06,0.000262498,1107.6,0.00102186,1,0.00209216,1.65445e-05,-0.0002625,1276.63
0,2238196,4,phononTS,0.000461547,-0.00041165,0.00308753,-0.0002625,2192.62,0.000382,1,7.52506e-09,0.00200456,0.0002625,5023.27
0,2238196,2,phononTS,0.00057154,0.00106851,0.00331238,0.000262498,3.34703,0.00057154,1,0.000934474,0.00332035,-0.0002625,175.457
0,2238197,3,phononL,0.00401295,0.000345364,0.00384717,-0.000228206,135.315,0.00239109,1,0.000343643,0.00391959,-0.0002625,1128.14
0,2240045,4,phononTF,0.00184412,-0.00120699,0.00107677,-2.89702e-05,2.24522,0.000382,1,-0.000998068,0.00100488,0.0002625,1480.17
0,2264877,2,phononTS,0.00301185,0.0010045,0.00099757,0.000207224,5.02734,0.000764,1,0.0010015,0.000995499,0.0002625,998.127
0,2275826,6,phononTS,0.000465125,-0.00199525,0.0020039,0.000262498,2077.36,0.000465125,1,-0.00196328,0.00204033,-0.0002625,2224.77
0,2275826,2,phononL,0.000546004,0.0010576,0.00331662,0.000262498,16.718,0.000546004,1,0.00203072,0.00352068,-0.0002625,224.628
0,2278834,10,phononTF,0.000516207,0.000964755,0.000974021,-0.000262498,2557.12,0.000382,1,0.000995606,0.00100253,0.0002625,2705.58
0,2282943,2,phononTF,0.00289237,-0.000978527,0.00284198,-0.0002625,9.07606,0.001146,1,-0.00099936,0.00299609,0.0002625,1229.53
0,2295314,3,phononTS,0.000660441,-4.35447e-05,-0.005,6.27394e-05,8.86532,0.000660441,1,0.00024747,-0.00433232,-0.0002625,12187
0,2295314,2,phononL,0.00121456,-0.000721024,0.00207419,-0.000104495,8.86532,0.00121456,1,2.57299e-05,0.00250875,-0.0002625,817.346
0,2387974,7,phononTS,0.000432286,1.53069e-06,0.00196028,-0.000262498,1480.23,0.000382,1,-4.64273e-07,0.00200197,0.0002625,1631.05
0,2389005,3,phononTS,0.00122717,0.00255967,0.000501131,-0.0002625,37.3728,0.000382,1,-4.8095e-06,0.00200139,0.0002625,2046.11
0,2389005,5,phononTS,0.000503912,-4.8095e-06,0.00200139,0.000262498,2046.11,0.000503912,1,-8.52489e-05,0.00267995,-0.0002625,2331.81
0,2389005,2,phononTF,0.000919592,0.00332921,0.005,-2.01468e-05,37.3728,0.000919592,1,0.00400801,0.00431142,-0.0002625,1127.42
0,2406522,7,phononTF,0.000660201,0.0026295,0.00148386,-0.0002625,472.074,0.000382,1,0.00299711,0.00100257,0.0002625,1644.89
0,2410504,4,phononTF,0.00258772,0.00213798,0.00184496,-0.000101714,20.2189,0.000382,1,0.00199512,0.00200136,0.0002625,906.203
0,2410504,5,phononTS,0.00155757,0.00199512,0.00200136,0.000262498,906.203,0.000644008,1,0.00200533,0.00199416,-0.0002625,1056.46
0,2419997,9,phononTF,0.000400043,0.00314696,0.00389216,-0.0002625,626.177,0.000382,1,0.00200483,0.00199871,0.0002625,6950.23
0,2443065,4,phononTF,0.00237396,0.00206779,0.00193594,0.000161635,9.07876,0.000764,1,0.00200468,0.00200357,0.0002625,587.914
0,2443065,5,phononTS,0.000784679,0.00200468,0.00200357,0.000262498,587.914,0.000629058,1,0.00201183,0.0020159,-0.0002625,742.807
0,2443065,3,phononTS,0.000818583,0.00105648,0.00330124,0.000262498,9.07876,0.000582921,1,0.00101919,0.00332874,-0.0002625,164.563
0,2459277,8,phononTF,0.0005926,-0.00200072,-0.00200429,0.000262498,5376.46,0.0005926,1,-0.00166571,-0.00404101,-0.0002625,6026.18
0,2476278,5,phononTS,0.00221637,0.00194788,0.00023024,-0.0002625,9.60911,0.000764,1,0.00199919,-3.09114e-06,0.0002625,1600.38
0,2494959,10,phononTF,0.000489403,0.00192525,0.00182554,-0.000262498,2673.27,0.000382,1,0.00199681,0.00200025,0.0002625,2834.56
0,2514028,8,phononTS,0.00052579,-0.005,-0.00476653,-0.000187333,983.773,0.00052579,1,-0.00431732,-0.00405806,-0.0002625,3803.62
0,2514028,6,phononTF,0.00170636,0.00122244,0.00321306,0.000262498,411.272,0.00152972,1,0.00080462,0.00396396,-0.0002625,715.907
0,2537655,8,phononTF,0.00142548,-0.00199954,-0.00199976,0.000262498,2445.56,0.000830139,1,-0.00219214,-0.00217431,-0.0002625,2610.49
0,2538273,6,phononTF,0.000542043,0.00131486,0.00333371,-0.000262498,232.059,0.000382,1,2.72951e-06,0.00200114,0.0002625,779.744
0,2560132,3,phononTS,0.00114118,0.000175367,0.000548807,-0.0002625,9.00612,0.000382,1,-1.22529e-06,-7.74568e-07,0.0002625,1658.16
0,2565317,4,phononTS,0.000393114,0.00232814,0.00200659,-0.000262498,698.576,0.000382,1,0.00199608,0.00199757,0.0002625,908.755
0,2578728,4,phononL,0.000454931,0.00196892,0.00246503,-0.000262498,1078.79,0.000382,1,0.00199652,0.00200421,0.0002625,1208.39
0,2612229,4,phononTS,0.00200163,-1.20387e-05,0.00187099,0.000187192,429.781,0.000382,1,3.97279e-06,0.00199873,0.0002625,1928.83
0,2612229,10,phononTF,0.00121874,3.97279e-06,0.00199873,0.000262498,1928.83,0.000532647,1,0.000489817,0.00256384,-0.0002625,2191.73
0,2648615,12,phononTF,0.00104787,-0.00226106,-0.000220564,-0.000242682,1668.47,0.00104787,1,-0.00220307,-0.000195508,-0.0002625,3300.45
0,2698559,6,phononTF,0.000697857,-0.00122121,0.00105679,-0.000262498,3597.87,0.000382,1,-0.00100064,0.00100177,0.0002625,3766.1
0,2700461,2,phononTF,0.00226123,4.11516e-06,0.00199071,0.000238302,115.734,0.000764,1,-3.6965e-06,0.00200391,0.0002625,696.18
0,2700461,9,phononTF,0.000596287,-3.6965e-06,0.00200391,0.000262498,696.18,0.000596287,1,0.000168861,0.0021929,-0.0002625,860.665
0,2711529,6,phononTF,0.000688656,-0.000998764,0.00295207,-0.000262498,2600.35,0.000382,1,-0.0010009,0.00299634,0.0002625,2749.19
0,2734473,3,phononTS,0.00223615,0.00300364,0.000999572,0.0002625,26.3567,0.00156315,1,0.00306327,0.00096133,-0.0002625,4690.72
0,2802625,4,phononTS,0.00154441,0.00132157,0.00331887,-0.00018941,237.813,0.000764,1,-0.000999456,0.000995583,0.0002625,1243.51
0,2804727,2,phononTF,0.0026329,0.000105019,0.00189464,0.000167703,21.9995,0.001146,1,1.75708e-07,0.00199734,0.0002625,982.756
0,2804727,5,phononTF,0.000691456,1.75708e-07,0.00199734,0.000262498,982.756,0.000691456,1,-0.000288826,0.00231337,-0.0002625,1173.34
0,2844103,9,phononTS,0.0017876,0.00204934,0.005,-0.000209096,3490.54,0.00089808,1,0.00229161,0.0047502,-0.0002625,4796.29
0,2869081,2,phononTF,0.00206399,-4.22356e-06,0.00200038,0.0002625,32.5339,0.00147155,1,-0.00017959,0.00216536,-0.0002625,3879.8
0,2872325,10,phononTS,0.0004296,-0.00100351,0.00300341,0.0002625,2227.79,0.0004296,1,-0.00102899,0.00302914,-0.0002625,2523.17
0,2880100,8,phononTF,0.000446708,0.000996547,0.000999329,0.000262498,2340.24,0.000446708,1,0.000949729,0.00103665,-0.0002625,2489.34
0,2891104,8,phononTS,0.00112247,-5.44058e-07,-1.83037e-06,0.000262498,2519.82,0.000903173,1,0.000774751,-2.34174e-05,-0.0002625,2835.31
0,2897436,7,phononTS,0.000566868,-0.00202168,0.00203648,-0.000262498,1281.5,0.000382,1,-0.00199762,0.00199731,0.0002625,1431.28
0,2904764,6,phononTF,0.000595665,-0.00112888,-0.00103561,-0.0002625,1735.54,0.000382,1,-0.0010042,-0.0010048,0.0002625,2321.47
0,2952655,3,phononTS,0.000635388,-0.00100344,0.000999115,0.0002625,2788.92,0.000635388,1,-0.000803958,0.000654168,-0.0002625,4196.5
0,3012413,6,phononTF,0.000564749,0.00124115,0.000839377,-0.0002625,2618.93,0.000382,1,0.00200449,7.80829e-07,0.0002625,3688.98
0,3020408,4,phononL,0.00200939,-0.00100055,0.00299585,0.000262498,1277.04,0.00189978,1,-0.000798857,0.00255204,-0.0002625,1410.4
0,3029269,4,phononL,0.00153033,0.00243571,-0.00237365,-0.0002625,121.557,0.000382,1,0.00200346,-0.00200358,0.0002625,5013.48
0,3029269,5,phononTS,0.000952271,0.00200346,-0.00200358,0.000262498,5013.48,0.000952271,1,0.00200899,-0.00195606,-0.0002625,5163.84
0,3088894,8,phononTS,0.000925432,3.80567e-05,0.00196351,-0.000262498,1448.05,0.000382,1,-2.28199e-06,0.00200025,0.0002625,1611.64
0,3158869,4,phononTF,0.000693104,0.00137916,0.000640335,-0.0002625,17.4143,0.000382,1,0.0010027,0.000999226,0.0002625,2007.48
0,3158869,3,phononTF,0.000539665,0.00107003,0.00332378,0.000262498,17.4143,0.000539665,1,0.00148995,0.0030715,-0.0002625,232.183
0,3180915,4,phononTS,0.00110414,0.00130351,0.00208005,-0.000262498,1409.56,0.000382,1,0.00199734,0.00200103,0.0002625,1699.11
0,3180915,6,phononTS,0.000681817,0.00199734,0.00200103,0.000262498,1699.11,0.000434316,1,0.00154585,0.000991682,-0.0002625,2104.83
0,3203312,4,phononTS,0.00165254,2.12951e-06,0.000123578,-6.21726e-05,376.155,0.000764,1,1.66179e-06,4.32046e-06,0.0002625,1601.27
0,3261751,2,phononTS,0.00258724,0.00295293,0.00145733,-0.0002625,13.5654,0.001146,1,0.0030027,0.00100014,0.0002625,1106.8
0,3261751,7,phononTF,0.00061191,0.0030027,0.00100014,0.000262498,1106.8,0.00061191,1,0.00308914,0.000977558,-0.0002625,1258.07
0,3279536,2,phononTS,0.00185696,0.000861174,0.000231732,-9.19132e-05,22.1479,0.000764,1,-9.45294e-07,-4.15588e-06,0.0002625,1485.88
0,3279536,9,phononTS,0.00067227,-9.45294e-07,-4.15588e-06,0.000262498,1485.88,0.00067227,1,-5.60052e-05,0.000765111,-0.0002625,1795.53
0,3284151,4,phononTF,0.000595112,0.005,0.000303012,0.000113509,1217.38,0.000382,1,-0.00200164,-4.10764e-07,0.0002625,4233.02
0,3312673,3,phononTS,0.000589098,-0.00200393,0.0019987,0.0002625,55.1404,0.000589098,1,-0.00224973,0.000838857,-0.0002625,1954.37
0,3313304,7,phononTS,0.000700876,0.00199603,3.99012e-06,0.000262498,3649.04,0.000700876,1,0.00204787,5.64136e-05,-0.0002625,3795.69
0,3313304,2,phononTS,0.000491067,0.0010665,0.00330507,0.000262498,2.85013,0.000491067,1,0.00106423,0.00357178,-0.0002625,199.355
0,3316762,4,phononTF,0.000885377,0.00300447,0.00100211,0.0002625,574.334,0.000885377,1,0.0024829,0.000517472,-0.0002625,2071.67
0,3316762,2,phononTS,0.000724794,0.00106681,0.00330741,0.000262498,3.26109,0.000348967,1,0.000164616,0.00320295,-0.0002625,355.402
0,3321463,4,phononL,0.00184891,0.00211189,0.00161289,4.61579e-05,161.919,0.000382,1,0.00200448,0.00199728,0.0002625,1417.59
0,3349503,7,phononTF,0.000432963,-0.00100383,0.00299994,0.000262498,2307.88,0.000432963,1,-0.000808093,0.003203,-0.0002625,2475.83
0,3349503,2,phononTS,0.00241177,0.00101833,0.00350528,-0.00024479,7.86995,0.00219657,1,0.00101615,0.00350384,-0.0002625,208.765
0,3362024,5,phononTF,0.000549044,-0.000895165,0.00144395,-0.0002625,1936.18,0.000382,1,1.55959e-06,0.00199848,0.0002625,2988.06
0,3379480,6,phononTF,0.000456488,0.000782743,0.000775704,-0.000262499,1139.87,0.000382,1,0.00100312,0.00100489,0.0002625,1312.83
0,3385891,2,phononTF,0.000978933,-0.000394136,0.00169338,-0.0002625,3.57378,0.000382,1,-0.00099732,0.00100326,0.0002625,1091.01
0,3386586,4,phononTF,0.00109119,-0.00136296,0.00333991,-0.0002625,7860.52,0.000382,1,-0.00099879,0.00300473,0.0002625,8469.42
0,3423021,2,phononTS,0.00300186,0.00195866,0.00229502,6.6393e-05,12.8402,0.001146,1,0.00199854,0.00200383,0.0002625,883.107
0,3452932,3,phononTF,0.00234974,0.00229916,-0.000349408,0.000114485,124.329,0.000382,1,0.00200305,-2.73559e-06,0.0002625,2117.38
0,3452932,5,phononTS,0.000670467,0.00200305,-2.73559e-06,0.000262498,2117.38,0.000417073,1,0.00240855,-9.28391e-05,-0.0002625,2350.65
0,3475121,7,phononTF,0.000386319,-0.00199555,1.85825e-06,0.000262498,2038.7,0.000386319,1,-0.00219304,-0.000181437,-0.0002625,2206.26
0,3475121,4,phononL,0.0015855,0.00105928,0.00330817,0.000262498,1.73313,0.00155,1,0.000798252,0.0032328,-0.0002625,116.661
0,3475121,3,phononTF,0.00209539,-8.63287e-05,0.00252695,-8.83046e-05,1.73313,0.00209539,1,-0.000325748,0.00275415,-0.0002625,567.164
0,3475121,2,phononTS,0.000613802,0.0025634,0.005,-0.000140364,1.73313,0.000613802,1,0.00383896,0.00394408,-0.0002625,1335.17
0,3508388,3,phononTS,0.00143905,-0.000981995,0.00304745,-0.0002625,11.5627,0.000764,1,-0.00100403,0.00300017,0.0002625,1018.33
0,3508388,2,phononTS,0.00207827,0.00105066,0.00332164,0.000262498,11.5627,0.000551242,1,0.00103811,0.00404545,-0.0002625,308.072
0,3535803,7,phononTS,0.000609305,0.000999314,0.000995054,0.000262498,1672.39,0.000609305,1,0.000800287,0.00143666,-0.0002625,1926.45
0,3538642,6,phononTS,0.00113259,-0.00099864,0.0030008,0.000262498,4454,0.00113259,1,-0.000692626,0.00383827,-0.0002625,4812.55
0,3540936,2,phononTF,0.000723393,-0.00199715,0.00199803,0.0002625,2.2139,0.000723393,1,-0.00415833,0.0013271,-0.0002625,2644.33
0,3553436,4,phononTS,0.000515825,-0.000999413,0.00099987,0.0002625,1087.27,0.000515825,1,-0.00117384,0.000841574,-0.0002625,3715.2
0,3553436,2,phononTS,0.000997642,0.00106109,0.00332304,0.000262498,6.54982,0.000403264,1,0.00100799,0.00294161,-0.0002625,223.364
0,3558154,6,phononTF,0.000694462,0.000876178,0.00325582,-0.0002625,598.965,0.000382,1,-6.68063e-07,0.00200097,0.0002625,2618.42
0,3558154,2,phononTS,0.000540948,0.00107799,0.00330145,0.000262498,55.1077,0.000540948,1,0.00105561,0.00372198,-0.0002625,285.32
0,3615035,8,phononTS,0.00049769,0.00099658,0.000995926,0.000262498,3249.48,0.00049769,1,0.000833024,0.00122196,-0.0002625,3457.16
0,3628357,6,phononTS,0.0004573,0.0019969,0.00199526,0.0002625,3068.47,0.0004573,1,0.00205461,0.00205286,-0.0002625,3361.02
0,3643012,6,phononTS,0.0016475,0.00104691,0.00213667,-0.0002625,279.656,0.000382,1,0.000996124,0.00100406,0.0002625,1084.33
0,3643012,7,phononTS,0.00117513,0.000996124,0.00100406,0.000262498,1084.33,0.00072206,1,0.000990943,0.00109475,-0.0002625,1250.16
0,3693650,5,phononTS,0.00270617,0.00300156,0.00100119,0.000214184,390.516,0.000764,1,0.00300423,0.000999362,0.0002625,2872.11
0,3741573,2,phononTS,0.000524869,1.01719e-06,0.00199719,0.0002625,45.5752,0.000524869,1,0.000825441,0.00179265,-0.0002625,2889.07
0,3761125,5,phononTS,0.00117287,-0.00100039,0.00100261,0.000262498,1459.34,0.00117287,1,-0.00106314,0.00100683,-0.0002625,1609.5
0,3762865,5,phononTS,0.00191636,-0.00100025,0.00100408,0.000262498,2559.77,0.00173728,1,-0.00104552,0.00101678,-0.0002625,2707.07
0,3765385,7,phononL,0.000752146,-0.000995469,0.000998115,0.0002625,4876.5,0.000752146,1,-0.00122473,0.000417284,-0.0002625,5480.36
0,3772709,2,phononL,0.00336255,0.000580705,0.00205751,0.000112009,31.0631,0.000382,1,-2.51019e-06,0.00199893,0.0002625,755.469
0,3780860,9,phononTS,0.00041977,0.000457103,0.0031611,-0.000262498,304.51,0.000382,1,0.00199723,0.00200231,0.0002625,931.599
0,3803255,4,phononTS,0.00106758,0.00166492,0.00239904,-0.0002625,21.5666,0.000382,1,0.00199949,0.00199659,0.0002625,1007.7
0,3804851,6,phononTS,0.00214586,0.00171151,0.00238787,-0.0002625,172.88,0.000382,1,0.00200352,0.00200426,0.0002625,985.141
0,3820214,5,phononTS,0.000769881,0.001023,0.00334194,-0.000262498,152.078,0.000382,1,3.54498e-06,0.0020018,0.0002625,740.035
0,3824751,8,phononTF,0.000521253,0.00224661,0.00173751,-0.0002625,6804.09,0.000382,1,0.00199894,0.00199985,0.0002625,7554.97
0,3852904,2,phononTS,0.00113197,2.9828e-05,0.00315524,-0.0002625,3.61168,0.000382,1,-0.0010043,0.00300089,0.0002625,788.493
0,3852904,6,phononTS,0.000593094,-0.0010043,0.00300089,0.000262498,788.493,0.000451192,1,-0.00105022,0.00284144,-0.0002625,961.915
0,3861679,7,phononTS,0.00058922,0.00100471,0.000995968,0.000262498,1132.64,0.00058922,1,0.000202922,0.00101728,-0.0002625,1454.9
0,3862654,7,phononTS,0.000451411,-0.000370839,0.00419952,-0.0002625,3153.83,0.000382,1,0.00199791,0.00200056,0.0002625,11095.6
0,3880637,10,phononTS,0.000403525,-3.09104e-06,0.00199546,0.000262498,3365.52,0.000403525,1,-0.00122098,0.0010627,-0.0002625,3910.56
0,3885407,2,phononTS,0.00165543,-2.29607e-06,-0.000252141,-0.0002625,5.63011,0.000764,1,5.92093e-07,-1.28006e-08,0.0002625,3188.38
0,3897494,7,phononTF,0.000412526,-2.21147e-06,0.00199749,0.000262498,1537.01,0.000412526,1,0.000277465,0.00230373,-0.0002625,1725.22
0,3906041,6,phononTS,0.000416853,0.00199827,1.67765e-06,0.0002625,130.294,0.000416853,1,0.00277505,-6.45578e-05,-0.0002625,4245.92
0,3906041,4,phononTF,0.000879497,-0.00132988,0.000931848,-0.000261819,6.70486,0.000534764,1,-0.00133032,0.000931427,-0.0002625,1017.21
0,3964364,12,phononTS,0.000707681,-0.00296664,-0.000939156,-0.000262498,1800.23,0.000382,1,-0.00299887,-0.000996473,0.0002625,1954.58
0,3985092,8,phononTF,0.000424199,-0.000703038,0.00132701,-0.0002625,762.358,0.000382,1,-0.00100483,0.00100002,0.0002625,1314.24
0,4021054,2,phononTF,0.0015581,0.00393309,0.00189307,-0.0002625,3.00131,0.000382,1,0.00300447,0.00100299,0.0002625,1335.3
0,4030962,9,phononL,0.00242748,-0.00190912,0.00133054,-7.98871e-05,1535.54,0.000859288,1,-0.00205182,0.00145486,-0.0002625,1837.83
0,4047311,2,phononL,0.00235613,0.00211873,0.00243402,-0.0002625,7.46662,0.001146,1,0.00200326,0.00199616,0.0002625,563.45
0,4047311,5,phononTS,0.000802272,0.00200326,0.00199616,0.000262498,563.45,0.000608111,1,0.00197102,0.00205291,-0.0002625,728.515
0,4048661,5,phononTS,0.000517087,5.71551e-05,0.00196616,-0.0002625,3526.7,0.000382,1,-4.46401e-06,0.00199675,0.0002625,3970.27
0,4048661,2,phononTS,0.000788235,0.00105762,0.0033268,0.000262498,19.3236,0.000710044,1,-8.00885e-05,0.00296248,-0.0002625,456.083
0,4095727,6,phononTS,0.000472782,-0.00317927,-0.00174065,-0.0002625,640.637,0.000382,1,-0.00200485,3.11496e-06,0.0002625,6343.74
0,4098351,3,phononL,0.00251293,-0.000692403,0.00226371,-0.0002625,7.11671,0.000764,1,2.17403e-06,0.00199939,0.0002625,949.754
0,4098351,6,phononTS,0.000843123,2.17403e-06,0.00199939,0.000262498,949.754,0.000843123,1,-0.000826941,0.0020328,-0.0002625,1279.89
0,4098351,5,phononTF,0.000512016,0.00322481,-0.005,-0.000125623,949.754,0.000512016,1,0.00321745,-0.00492954,-0.0002625,3843.27
0,4099511,7,phononTS,0.000545708,-4.82648e-06,0.00199586,0.0002625,1590.44,0.000545708,1,-8.94619e-05,0.00115277,-0.0002625,2245.09
0,4111730,6,phononTS,0.000427382,0.000953123,0.00104795,-0.000262498,678.504,0.000382,1,0.00099743,0.00100065,0.0002625,825.437
0,4126353,7,phononTS,0.000716894,-0.00115295,0.000992615,-0.0002625,1820.01,0.000382,1,-0.000995339,0.0010013,0.0002625,3822.18
0,4153929,4,phononTF,0.000614842,0.00319809,0.000985364,-0.000262498,1497.3,0.000382,1,0.00200028,0.00199783,0.0002625,1971.03
0,4156325,6,phononTS,0.000845507,0.00119907,0.00334923,-0.0002625,540.016,0.000382,1,0.00200348,0.00199971,0.0002625,1816.02
0,4168805,5,phononL,0.000576058,0.000996542,0.000995659,0.0002625,363.556,0.000576058,1,0.00101022,0.000522387,-0.0002625,886.727
0,4189472,8,phononTS,0.00157945,-1.08971e-06,0.00200272,0.0002625,388.441,0.00109357,1,-0.00280735,-0.000846458,-0.0002625,1951.77
0,4198277,4,phononTF,0.00218379,0.000939124,0.000946414,0.000163311,18.5343,0.001146,1,0.00100315,0.000997636,0.0002625,796.858
0,4198277,5,phononTF,0.000414689,0.00100315,0.000997636,0.000262498,796.858,0.000414689,1,0.00127829,0.00129498,-0.0002625,983.52
0,4198277,3,phononTF,0.000824276,0.00106551,0.00329777,0.000262498,18.5343,0.000824276,1,0.00119396,0.00342061,-0.0002625,175.234
0,4202588,6,phononTF,0.00038753,0.00125682,0.0027195,-0.000262498,994.983,0.000382,1,0.00200297,0.00199953,0.0002625,1322.37
0,4227747,5,phononTS,0.000415517,-0.00178985,0.00196991,-0.000262498,3541.33,0.000382,1,-0.0019962,0.00199932,0.0002625,3724.14
0,4262678,7,phononTS,0.000474977,-1.56384e-05,0.0026119,-0.0002625,9190.2,0.000382,1,-3.35628e-06,0.00200413,0.0002625,19127.7
0,4276551,9,phononTS,0.000999354,-0.00100469,0.00300213,0.0002625,1181.29,0.000999354,1,-0.00104195,0.00304707,-0.0002625,1493.96
0,4281860,6,phononTF,0.00121724,-0.00100139,0.00299828,0.000262498,571.912,0.000485218,1,-0.000905218,0.00290173,-0.0002625,724.98
0,4281860,2,phononTS,0.00374031,0.000111138,0.00372689,-0.000256776,54.6537,0.00250823,1,9.32482e-05,0.00373594,-0.0002625,1001.81
0,4313301,7,phononTS,0.00120577,-1.37844e-06,6.66487e-07,0.000262498,3197.29,0.00120577,1,0.000272777,-4.92681e-05,-0.0002625,3391.87
0,4325790,7,phononTF,0.000458861,0.00323258,0.00083565,-0.000262498,5207.59,0.000382,1,0.00300235,0.00100096,0.0002625,5379.69
0,4373929,3,phononTS,0.0028441,2.31853e-05,0.00204892,0.000253311,5.12754,0.000764,1,-2.10038e-06,0.00200004,0.0002625,1302.09
0,4438561,6,phononTF,0.000678087,0.00199831,0.00200122,0.000262498,6801.5,0.000678087,1,0.00190612,0.00190135,-0.0002625,6954.35
0,4438561,2,phononTF,0.0005655,0.00105903,0.00331802,0.000262498,16.285,0.0005655,1,-2.75479e-05,0.00273313,-0.0002625,418.305
0,4445710,8,phononTS,0.000439592,0.00200168,-0.00200442,0.000262498,1910.54,0.000439592,1,0.00202096,-0.00206904,-0.0002625,2059.21
0,4448873,6,phononTS,0.000636628,-0.00100106,0.00300079,0.0002625,1842.16,0.000636628,1,-0.00190611,0.00198999,-0.0002625,2832.34
0,4449900,4,phononTS,0.00230844,0.00100232,0.000998229,0.0002625,63.3139,0.00224662,1,0.000325036,0.000927124,-0.0002625,2166.8
0,4459659,5,phononTF,0.0014237,-3.3125e-06,0.00200159,0.0002625,238.095,0.000644792,1,-0.0003001,0.00173036,-0.0002625,4268.77
0,4461873,3,phononL,0.00252036,0.000740628,0.00187862,-0.000167301,7.93785,0.000764,1,0.000996494,0.00099778,0.0002625,1039.17
0,4461873,5,phononTS,0.0004842,0.000996494,0.00099778,0.000262498,1039.17,0.0004842,1,0.000776444,0.00101868,-0.0002625,1225.08
0,4461873,4,phononTF,0.000997815,0.000996494,0.00099778,0.000262498,1039.17,0.000888846,1,0.00155268,0.000407661,-0.0002625,1311.05
0,4474850,7,phononTF,0.000712298,0.00445736,0.00190455,-0.0002625,1093.16,0.000382,1,0.0019968,0.0019981,0.0002625,2143.96
0,4538975,4,phononTS,0.00103373,0.000995768,0.0010619,-0.0002625,1000.14,0.000382,1,0.000999078,0.000998084,0.0002625,1450.74
0,4587732,4,phononTF,0.000500656,0.00199814,0.00199652,0.0002625,5.35898,0.000500656,1,0.00246734,0.00134414,-0.0002625,853.514
0,4587732,7,phononTS,0.00238248,0.0029384,0.005,-0.000190485,296.528,0.000904338,1,0.00293249,0.00496759,-0.0002625,1178.59
0,4602683,7,phononTF,0.000416892,0.000997664,0.00100307,0.000262499,2069.25,0.000416892,1,0.000483894,0.00151671,-0.0002625,2321.9
0,4625856,7,phononTF,0.00040502,0.00015334,0.00231763,-0.000262498,1696.61,0.000382,1,3.46177e-06,0.00200185,0.0002625,1884.84
0,4626297,5,phononTS,0.00238179,0.00197807,0.00200402,3.11633e-05,10.4562,0.000764,1,0.00199555,0.00200276,0.0002625,2191.58
0,4647336,3,phononTF,0.00228951,-0.000457695,0.00355003,-0.0002625,5.39564,0.000382,1,-0.00100402,0.00299717,0.0002625,1683.13
0,4647336,4,phononTS,0.00136142,0.00160289,0.00347808,-0.000134835,1683.13,0.00136142,1,0.00132723,0.0040208,-0.0002625,6690.75
0,4647336,2,phononTS,0.00104358,0.00105729,0.00331004,0.000262498,5.39564,0.000857695,1,0.000695388,0.00330898,-0.0002625,221.228
0,4649298,4,phononL,0.00145758,-0.000743075,-0.000119692,-0.0002625,12.9487,0.000382,1,-0.00100434,-0.000996241,0.0002625,1979.8
0,4659231,5,phononTS,0.000497889,-0.00200033,-0.00200155,0.0002625,1968.06,0.000497889,1,-0.00328027,-0.00397977,-0.0002625,5094.84
0,4659898,4,phononTF,0.000800361,0.00313447,0.000870189,-0.0002625,678.477,0.000800361,1,0.00346269,-0.005,6.36515e-05,3778.08
0,4659898,2,phononL,0.000750845,0.00105753,0.00330478,0.000262498,3.32118,0.000587355,1,0.00130152,0.00298333,-0.0002625,128.272
0,4718915,8,phononTS,0.000393333,-0.00283212,-0.000251803,-0.000262498,2816.66,0.000382,1,-0.00299955,-0.000997464,0.0002625,3136.98
0,4740057,5,phononTS,0.000494915,-0.00165868,0.00312662,-0.0002625,2032.12,0.000382,1,-0.0010032,0.00299799,0.0002625,3594.52
0,4757412,3,phononTS,0.00199603,-0.000110968,0.00182933,0.000211705,25.4625,0.000764,1,3.24223e-06,0.00199742,0.0002625,3738.29
0,4768833,5,phononTS,0.00156777,0.00100157,-0.00100348,0.000262498,1041.96,0.000855125,1,0.00096503,-0.00096233,-0.0002625,1189.2
0,4771884,4,phononTS,0.000685093,0.000136408,0.000125049,-0.0002625,20.6175,0.000382,1,-2.73209e-06,2.23113e-06,0.0002625,4509.34
0,4777599,8,phononL,0.000617848,-0.00100247,0.00300418,0.0002625,413.487,0.000617848,1,-0.00233303,0.00323889,-0.0002625,953.242
0,4783390,6,phononTS,0.000648722,0.00099924,0.000997221,0.0002625,1950.46,0.000648722,1,0.00104981,-7.20677e-05,-0.0002625,2721.79
0,4791849,4,phononTS,0.00253427,-0.00124322,0.00286597,-0.0002625,5.3937,0.000382,1,-0.000998889,0.00300296,0.0002625,2085.03
0,4791849,10,phononTF,0.00121709,-0.000998889,0.00300296,0.000262498,2085.03,0.00121709,1,-0.000698505,0.00274867,-0.0002625,2273.68
0,4791849,9,phononTS,0.000635423,-0.000998889,0.00300296,0.000262498,2085.03,0.000635423,1,6.12405e-05,0.00125658,-0.0002625,2761.78
0,4795808,6,phononTF,0.000515285,0.00215709,0.000181284,-0.000262498,3196.47,0.000382,1,0.00199601,4.33642e-06,0.0002625,3360.25
0,4800014,4,phononTF,0.000465814,0.000382639,0.00205823,-0.0002625,907.757,0.000382,1,-4.09106e-06,0.0019986,0.0002625,1721.54
0,4808292,5,phononTS,0.00257755,0.00112183,0.00260186,5.33753e-05,1860.58,0.000764,1,0.00200448,0.0020003,0.0002625,3461.16
0,4837931,10,phononTS,0.0012465,0.00199876,0.00199872,0.000262498,1785.45,0.0012465,1,0.00193562,0.00204633,-0.0002625,1932.03
0,4857047,3,phononTF,0.000857194,-0.000600033,0.000132028,-0.0002625,11.7832,0.000382,1,-0.000996396,-0.000998255,0.0002625,1607.39
0,4857047,2,phononTF,0.00172253,0.000320531,0.00325534,-0.000220525,11.7832,0.00155511,1,0.000315315,0.00326027,-0.0002625,334.053
0,4899356,5,phononTF,0.000485736,0.000188165,0.005,1.95352e-05,911.176,0.000382,1,3.33504e-06,-1.03592e-06,0.0002625,5230.32
0,4916279,10,phononTS,0.00047793,0.00100416,0.00100152,0.0002625,1230,0.00047793,1,0.000996574,0.00083497,-0.0002625,1930.38
0,4917508,5,phononTS,0.000559219,-0.000941949,0.00150097,-0.000262498,1017.16,0.000382,1,-0.00100113,0.000996749,0.0002625,1261.44
0,4928541,4,phononL,0.00185038,0.000354626,0.00236951,-0.0002625,1.4502,0.000382,1,-1.37099e-06,0.0019966,0.0002625,581.503
0,4928541,6,phononTS,0.000593857,0.005,-0.00252876,7.2144e-06,581.503,0.000593857,1,0.00325567,-0.00407898,-0.0002625,3272.92
0,4928541,5,phononTS,0.000396349,-1.37099e-06,0.0019966,0.000262498,581.503,0.000396349,1,-6.12414e-05,0.00204448,-0.0002625,737.711
0,4990380,3,phononTS,0.0027852,-0.00103255,0.000755132,4.09113e-05,4.84839,0.000382,1,-0.000997428,0.000995541,0.0002625,3127.58
0,4994645,7,phononTS,0.000697862,-0.00359205,0.00163702,-0.0002625,730.091,0.000382,1,-0.00099844,0.00300186,0.0002625,4588.57
0,5052696,5,phononTS,0.000443621,0.00099104,0.00139524,-0.0002625,632.63,0.000382,1,0.00100342,0.0010043,0.0002625,2168.43
0,5067756,7,phononTS,0.000786282,0.00199818,0.00199986,0.0002625,624.354,0.000786282,1,0.00204834,0.00215163,-0.0002625,968.396
0,5073904,3,phononTF,0.00151266,0.00199844,0.00199643,0.0002625,3.95958,0.00151266,1,0.00254624,0.00250962,-0.0002625,1552.86
0,5078214,5,phononTF,0.000477978,0.00100226,0.00100288,0.000262498,1254.19,0.000477978,1,0.0017633,0.000243425,-0.0002625,1591.44
0,5081134,3,phononTF,0.00160503,0.00122064,0.00256258,-0.000132276,32.3759,0.000764,1,-4.78399e-06,0.00199967,0.0002625,984.042
0,5088244,4,phononTF,0.00303437,0.00018188,0.00215068,0.00021241,12.3982,0.000764,1,-2.75408e-06,0.00200065,0.0002625,927.352
0,5103871,5,phononTF,0.00240726,0.000192243,0.00214059,0.000187008,51.6277,0.001528,1,-2.95348e-06,0.00199707,0.0002625,556.259
0,5104845,6,phononTS,0.000935109,-0.005,0.00491971,