Run ID,Event ID,Track ID,Particle Name,Start Energy [eV],Start X [m],Start Y [m],Start Z [m],Start Time [ns],Energy Deposited [eV],Track Weight,End X [m],End Y [m],End Z [m],Final Time [ns]
0,4569,2,phononTF,0.000916016,0.00261744,-0.000731749,-0.0002625,2.66559,0.000382,1,0.00200478,-3.98089e-06,0.0002625,474.677
0,6160,3,phononTF,0.000557181,0.00362977,0.00034055,-0.0002625,9.78092,0.000382,1,0.00299674,0.000995184,0.0002625,1906.18
0,12462,4,phononL,0.000395745,-0.00199682,-0.00200292,0.0002625,66.467,0.000395745,1,-0.00176347,-0.00234031,-0.0002625,1356.84
0,31135,6,phononTF,0.00245489,0.00124581,0.000764487,-1.54524e-05,108.881,0.000382,1,0.000995136,0.00100427,0.0002625,1624.38
0,31135,9,phononTS,0.000687569,0.000995136,0.00100427,0.000262498,1624.38,0.000687569,1,0.00100078,0.000999949,-0.0002625,1778.75
0,31135,8,phononTF,0.00064211,0.000995136,0.00100427,0.000262498,1624.38,0.00064211,1,-0.00417788,-0.00341261,-0.0002625,3554.81
0,34311,4,phononTF,0.00276818,0.00231165,-0.000136873,0.000258345,136.258,0.000382,1,0.00199599,-1.93024e-07,0.0002625,1208.1
0,34311,6,phononTS,0.00193806,0.00199599,-1.93024e-07,0.000262498,1208.1,0.00193806,1,0.00205838,4.67352e-06,-0.0002625,1359.18
0,50180,7,phononTF,0.00149112,0.00232615,-0.00033573,-0.0002625,124.283,0.000382,1,0.00200045,-3.67429e-06,0.0002625,519.653
0,50180,8,phononTS,0.000611918,0.00200045,-3.67429e-06,0.000262498,519.653,0.000259133,1,0.00207732,-5.84599e-05,-0.0002625,679.932
0,50180,6,phononL,0.00261918,0.002734,-0.000658407,0.000120442,124.283,0.000869342,1,0.00268854,-0.000664286,-0.0002625,257.717
0,76359,8,phononTS,0.000617719,0.00200164,-8.14082e-07,0.000262498,647.731,0.000617719,1,0.00165515,-0.000405737,-0.0002625,917.131
0,90975,5,phononTS,0.000410013,0.00195421,7.20929e-06,-0.000262498,568.196,0.000382,1,0.00199706,-4.26331e-07,0.0002625,720.011
0,92790,3,phononL,0.00158597,0.00145802,-0.00288321,-0.0002625,16.3741,0.000764,1,0.000995661,-0.00299687,0.0002625,1368.32
0,92790,2,phononTF,0.000673555,0.00278346,-0.000676967,0.000262498,16.3741,0.000673555,1,0.005,-0.000862628,-7.82516e-05,685.889
0,92950,6,phononTS,0.000621502,0.00300476,0.000999204,0.0002625,821.727,0.000621502,1,0.00420505,0.00159788,-0.0002625,1795.27
0,97926,5,phononTF,0.00119345,0.000820164,-0.005,-0.000218265,886.485,0.00118245,1,0.00079691,-0.00497675,-0.0002625,1654.82
0,98827,4,phononTF,0.00237279,0.00211264,-0.00207606,-0.0002625,82.837,0.000764,1,0.00199708,-0.00199755,0.0002625,1672.65
0,102641,2,phononTF,0.00174198,0.00300259,0.0010112,0.000240089,19.8827,0.000382,1,0.00299899,0.00100012,0.0002625,1831.2
0,123850,3,phononTS,0.00189959,-0.00100287,0.00100489,0.0002625,35.4429,0.00101235,1,-0.00290178,0.00184487,-0.0002625,2127.85
0,127473,7,phononTS,0.00075145,0.00200135,-3.02417e-06,0.0002625,324.045,0.000290302,1,0.00200718,1.85093e-05,-0.0002625,1303.71
0,133368,3,phononL,0.00311895,0.0016453,-0.0018292,-5.78074e-05,31.0015,0.00200559,1,0.00168103,-0.00183971,-0.0002625,2845.9
0,150056,8,phononTS,0.000558582,0.00199974,0.00199856,0.000262498,3841.49,0.000558582,1,0.00219605,0.00195555,-0.0002625,4021.66
0,151020,4,phononTS,0.000637113,0.00288928,0.000161962,-0.0002625,7.03132,0.000382,1,0.00300184,0.00100422,0.0002625,659.93
0,151020,3,phononTF,0.00166224,0.00277672,-0.000680287,0.000262498,7.03132,0.00166224,1,0.000906807,-0.00197671,-0.0002625,681.38
0,151020,2,phononTS,0.00146212,0.00277672,-0.000680287,0.000262498,7.03132,0.00146212,1,0.00191581,-0.000554034,-0.0002625,337.932
0,162681,4,phononL,0.00069648,0.00131825,-0.00108761,-0.000262498,1319.81,0.000382,1,0.00100228,-0.00100339,0.0002625,1438.14
0,164997,7,phononTF,0.000568311,5.56618e-07,4.78539e-06,0.000262498,2598.26,0.000568311,1,0.00018409,-0.000163017,-0.0002625,2761.88
0,165515,10,phononTF,0.000853642,0.000999876,-0.00100189,0.000262498,1011.32,0.000853642,1,0.000912055,-0.000906594,-0.0002625,1163.72
0,177779,6,phononTS,0.00125324,4.82738e-06,-0.00200027,0.000262498,9721.26,0.00105532,1,0.000187386,-0.00177395,-0.0002625,9931.82
0,181725,5,phononTF,0.00174992,0.00238369,-0.00034862,-0.0002625,51.6029,0.000382,1,0.00200254,2.4585e-06,0.0002625,466.589
0,186279,2,phononTF,0.00135374,0.0021354,-0.000116284,-0.0002625,109.509,0.000382,1,0.00200477,4.77835e-06,0.0002625,1042.44
0,194805,6,phononTS,0.00113363,0.00200401,-0.00200036,0.000262498,376.57,0.000794551,1,0.00207671,-0.00199922,-0.0002625,540.505
0,201216,3,phononTF,0.000580008,0.0023816,-0.00034939,-0.0002625,41.033,0.000382,1,0.00200358,8.23137e-07,0.0002625,455.015
0,237014,2,phononTS,0.0018313,0.00268811,-0.000817194,-0.000255296,7.35537,0.000382,1,0.00100178,-0.0030004,0.0002625,1746.58
0,237014,4,phononTF,0.00118881,0.00100178,-0.0030004,0.000262499,1746.58,0.00118881,1,0.000770703,-0.00325579,-0.0002625,1925.71
0,257970,5,phononTS,0.00114142,0.0028859,0.00016177,-0.0002625,5.9667,0.000382,1,0.00299696,0.00100247,0.0002625,658.026
0,257970,4,phononTS,0.00114185,0.00277483,-0.000678926,0.000262498,5.9667,0.000621298,1,0.0027527,-0.000227743,-0.0002625,243
0,267380,6,phononTF,0.000612772,0.00284423,0.00122023,-0.0002625,939.161,0.000382,1,0.00299558,0.000996726,0.0002625,1450.76
0,267380,4,phononTS,0.00145702,0.00277041,-0.000678796,0.000262498,3.03115,0.000731943,1,0.00247987,-0.000727447,-0.0002625,200.891
0,291232,5,phononTS,0.00113226,0.00209934,-1.25773e-05,-0.000262498,942.787,0.000382,1,0.00199913,-3.09977e-06,0.0002625,1109.62
0,300795,4,phononTF,0.000627831,0.00272773,-0.0007269,0.000109365,224.785,0.000382,1,0.00200465,-0.00200215,0.0002625,647.5
0,311212,6,phononTF,0.000695708,0.0020639,1.35296e-05,-0.000262498,335.5,0.000382,1,0.00100056,-0.000998335,0.0002625,777.654
0,328571,6,phononTS,0.000726858,0.000999773,-0.00300291,0.0002625,522.154,0.000726858,1,0.00103351,-0.00297446,-0.0002625,3481.49
0,330383,5,phononTS,0.000573725,-0.000278834,5.33441e-05,-0.000262498,1218.31,0.000382,1,-4.79343e-06,1.71392e-06,0.0002625,1412.78
0,330383,2,phononTS,0.000617191,0.00277441,-0.000677977,0.000262498,9.21024,0.000617191,1,0.00320365,-0.00125139,-0.0002625,326.12
0,363485,4,phononTF,0.000588248,0.00200424,4.1403e-06,0.0002625,1173.79,0.000588248,1,0.00197827,6.24704e-05,-0.0002625,1771.93
0,363485,2,phononTF,0.000856238,0.0027684,-0.000691918,0.000262498,11.0225,0.000856238,1,0.00271473,-0.000742553,-0.0002625,160.45
0,365593,5,phononTS,0.000531737,0.00199861,-0.00199558,0.0002625,975.998,0.000531737,1,0.000709258,-0.00369371,-0.0002625,2411.04
0,369145,2,phononTS,0.00156709,0.00114086,-0.00124444,-0.0002625,3.89405,0.000382,1,0.0010044,-0.000998825,0.0002625,1218.76
0,384504,7,phononL,0.000740032,0.00238089,-0.000348285,-0.0002625,54.395,0.000382,1,0.00200256,-5.57835e-07,0.0002625,329.34
0,404232,6,phononTS,0.000733942,0.00200176,-4.73794e-06,0.000262498,810.665,0.000584243,1,0.00183681,2.81613e-05,-0.0002625,985.973
0,404232,2,phononTF,0.00148341,0.00277563,-0.000677987,0.000262498,3.58529,0.000790515,1,0.00296862,-0.000524249,-0.0002625,169.377
0,407563,6,phononTS,0.000413741,0.00199687,-4.86956e-06,0.000262498,3184.84,0.000413741,1,0.00151506,-2.49855e-05,-0.0002625,3428.67
0,421305,3,phononTF,0.000967136,0.00238136,-0.000333631,-0.0002625,3.62195,0.000382,1,0.00199718,-9.88053e-07,0.0002625,424.387
0,421305,2,phononTS,0.000485087,0.00276554,-0.000666273,0.000262498,3.62195,0.000485087,1,0.00306234,-0.000684899,-0.0002625,203.19
0,426942,8,phononTS,0.000527813,0.00199869,2.27248e-06,0.0002625,439.551,0.000527813,1,0.00243323,2.93045e-05,-0.0002625,897.375
0,459096,5,phononTS,0.000546415,0.00105047,-0.000940384,-0.000262498,3017.33,0.000382,1,0.000997126,-0.000999806,0.0002625,3163.72
0,461555,8,phononTF,0.000560264,0.000302877,0.00228254,-0.000262499,4026.14,0.000382,1,2.38744e-06,0.00200283,0.0002625,4213.78
0,465546,7,phononTS,0.000836874,0.00300479,0.00100217,0.000262498,2070.56,0.000749057,1,0.00295572,0.00102074,-0.0002625,2219.64
0,471099,3,phononTS,0.000562092,0.00285106,-0.000642632,-0.0002625,5.22787,0.000382,1,0.00099624,0.00100093,0.0002625,937.095
0,474570,4,phononTF,0.000649329,0.00218701,-0.000165646,-0.0002625,196.545,0.000382,1,0.00200304,3.12743e-06,0.0002625,851.575
0,496606,3,phononTF,0.00282378,0.00199851,-0.00199747,0.0002625,11.7327,0.0021079,1,0.00227804,-0.00172308,-0.0002625,2874.13
0,502058,6,phononTS,0.00216752,0.00288095,0.000157265,-0.0002625,6.49943,0.000382,1,0.00300039,0.00100355,0.0002625,661.126
0,504956,6,phononL,0.00264355,0.00187369,-0.00189452,-4.57403e-05,4.93756,0.000382,1,0.00200303,-0.00200153,0.0002625,1825.43
0,504956,8,phononTF,0.000468306,0.00200303,-0.00200153,0.000262498,1825.43,0.000468306,1,0.00241115,-0.00280207,-0.0002625,2142.51
0,506492,5,phononTF,0.000511346,-0.000847247,-0.00115211,-0.000262499,2264.68,0.000382,1,-0.00100399,-0.0010034,0.0002625,2425.42
0,508326,2,phononTS,0.00102306,0.00239976,-0.000342548,-0.0002625,97.0364,0.000382,1,0.00200366,4.77934e-06,0.0002625,632.803
0,508326,5,phononTS,0.000438401,0.00200366,4.77934e-06,0.000262498,632.803,0.000438401,1,0.00200415,-1.1954e-05,-0.0002625,782.445
0,508327,5,phononTS,0.00219231,0.00271173,-0.000717897,0.000170306,294.836,0.000808387,1,0.00378992,2.99982e-06,-0.0002625,731.912
0,513718,5,phononTS,0.00245504,0.00210137,1.60691e-06,0.00018003,28.3136,0.000764,1,0.00199614,3.40678e-06,0.0002625,1992.93
0,514696,4,phononL,0.00158635,0.00299944,0.0010007,0.000262498,869.152,0.00158635,1,0.00246679,0.000833781,-0.0002625,1010.55
0,519448,7,phononL,0.000420114,0.00266786,-0.000551213,-0.000262498,295.118,0.000382,1,0.00199736,-0.00200201,0.0002625,622.597
0,540385,13,phononTS,0.00058107,0.000995822,-0.00300073,0.000262498,1932.29,0.00058107,1,0.000937146,-0.00297455,-0.0002625,2080.51
0,542668,4,phononL,0.00206475,0.000996498,-0.000997283,0.0002625,1.54753,0.00191777,1,0.000499538,-0.000836394,-0.0002625,522.817
0,557604,8,phononTF,0.000408406,0.00200126,-0.00200394,0.000262498,3111.9,0.000408406,1,0.00152966,-0.00153317,-0.0002625,3351.02
0,560929,4,phononTF,0.00145818,0.00200303,5.09039e-07,0.000262498,283.264,0.00082693,1,0.00221731,0.000278455,-0.0002625,465.769
0,567923,2,phononTF,0.0024875,0.00221508,-0.000219013,-0.0002625,9.88551,0.000764,1,0.00200482,-2.54319e-06,0.0002625,526.746
0,567923,14,phononTS,0.00118176,0.00200482,-2.54319e-06,0.000262498,526.746,0.000864795,1,0.00179042,0.000993733,-0.0002625,915.265
0,585110,7,phononTS,0.000442683,-0.000153537,0.000979374,-0.000262498,1500.17,0.000382,1,3.22492e-06,4.31879e-06,0.0002625,1883.03
0,587075,8,phononTF,0.000683836,0.00300391,0.000998027,0.000262498,4561.75,0.000683836,1,0.00228069,0.000299879,-0.0002625,4881.43
0,587075,2,phononTS,0.0029883,0.00275371,-0.000659747,-0.000154053,1.91749,0.00235929,1,0.00275961,-0.00065489,-0.0002625,165.993
0,590157,4,phononTF,0.00249006,0.00190907,-9.45003e-05,9.18646e-05,955.805,0.001146,1,0.00199877,2.2066e-06,0.0002625,3520.54
0,608407,2,phononTF,0.00297623,0.00194664,-0.000766367,-0.000253552,18.9214,0.00178437,1,0.00193542,-0.000777167,-0.0002625,1068.6
0,613107,7,phononL,0.000703972,0.00195256,-0.000984791,-0.0002625,1585.1,0.000382,1,0.00100223,-0.000998022,0.0002625,2084.29
0,617653,4,phononTS,0.00047123,0.000997252,-0.00106838,-0.000262498,1299.74,0.000382,1,0.00100389,-0.00100072,0.0002625,1459.36
0,617653,2,phononTS,0.000541944,0.00277669,-0.000674299,0.000262498,9.22754,0.000541944,1,0.0028247,-0.000734328,-0.0002625,155.921
0,661874,2,phononTF,0.000954787,0.00168971,-0.00167049,-0.0002625,3.90048,0.000382,1,0.0019963,-0.0020001,0.0002625,1045.23
0,674620,5,phononTS,0.00171654,0.0028629,0.000116246,-0.0002625,396.006,0.000382,1,0.00299813,0.0010002,0.0002625,1069.6
0,704319,3,phononTS,0.000783166,0.00188809,-0.00083702,-0.0002625,6.55985,0.000382,1,0.0010023,-0.000996368,0.0002625,716.155
0,705828,7,phononTS,0.000530926,0.00100487,-0.00100366,0.000262498,746.639,0.000530926,1,-0.00041741,-0.00258328,-0.0002625,1462.84
0,709287,5,phononL,0.000564333,0.00199546,-1.02935e-06,0.000262498,1133.43,0.000564333,1,0.00199256,-0.000565966,-0.0002625,1274.62
0,714559,4,phononTS,0.00283358,0.00202356,-0.000172451,0.000147359,1.52188,0.001146,1,0.00199697,2.62678e-06,0.0002625,394.064
0,724687,8,phononTS,0.00113553,0.00100165,0.00100269,0.000262498,1850.11,0.00113553,1,0.00106692,0.00102457,-0.0002625,1998.52
0,731543,8,phononTF,0.000519522,0.00200363,0.0019999,0.0002625,2308.41,0.000519522,1,0.00193977,0.00206311,-0.0002625,2608.85
0,755875,8,phononTS,0.00156601,0.00289771,0.000328105,-0.0002625,416.586,0.000382,1,0.00300258,0.000998727,0.0002625,2396.06
0,755875,9,phononTS,0.00076186,0.00300258,0.000998727,0.000262498,2396.06,0.00076186,1,0.00308264,0.00105593,-0.0002625,2556.72
0,759556,7,phononTS,0.000568013,0.00199616,-0.00200047,0.0002625,288.01,0.000568013,1,0.00168463,-0.00300897,-0.0002625,1091.62
0,773510,3,phononTF,0.000650501,0.00214551,-0.000126622,-0.0002625,2.85118,0.000382,1,0.00199819,2.72529e-06,0.0002625,946.451
0,781270,2,phononTF,0.000885998,0.0033001,0.00107896,-0.0002625,4.27331,0.000382,1,0.00299969,0.000997226,0.0002625,1828.07
0,786437,8,phononTF,0.000390312,0.000995841,-0.00300446,0.000262498,2589.1,0.000390312,1,0.00070342,-0.0027248,-0.0002625,2776.2
0,786437,6,phononTS,0.000403314,0.00279636,-0.000612172,0.000262498,184.428,0.000403314,1,0.00290916,0.000216724,-0.0002625,507.399
0,787812,5,phononTF,0.000432638,0.00215112,-0.000144373,-0.0002625,164.328,0.000382,1,0.00200353,-3.35017e-09,0.0002625,960.631
0,790844,9,phononTF,0.00041869,0.00299778,0.0010034,0.000262498,1250.96,0.00041869,1,0.00329846,0.00127823,-0.0002625,1437.91
0,803074,5,phononTS,0.000505483,0.00202728,-5.09847e-05,-0.0002625,792.06,0.000382,1,0.00200152,-3.37103e-06,0.0002625,1574.42
0,807715,2,phononL,0.00247787,0.00230128,-0.000154533,-0.0002625,14.1759,0.000382,1,0.00200289,-8.07809e-07,0.0002625,3647.4
0,832917,9,phononTF,0.000823126,0.00116754,0.000841464,-0.000262498,1266.9,0.000382,1,0.00100325,0.000998589,0.0002625,1428.13
0,836822,9,phononTF,0.000431863,0.00100014,-0.000996078,0.000262498,954.297,0.000431863,1,0.00100919,-0.000986271,-0.0002625,1102.32
0,851615,8,phononTS,0.00059307,0.00200497,-0.00199601,0.000262498,1790.9,0.00059307,1,0.00196157,-0.00195124,-0.0002625,1938.79
0,873283,8,phononTS,0.00224267,-0.000488014,0.00201928,-0.0002625,151.998,0.001146,1,3.69254e-06,0.00199626,0.0002625,1850.52
0,873283,9,phononTF,0.000392208,3.69254e-06,0.00199626,0.000262498,1850.52,0.000392208,1,0.000182883,0.00181127,-0.0002625,2015.32
0,873283,7,phononTS,0.00193971,0.00278805,-0.000638401,0.000262498,151.998,9.01877e-05,1,0.00247763,-0.000819551,-0.0002625,377.374
0,883676,8,phononTF,0.000494796,0.00200035,-0.00199619,0.000262498,5877.56,0.000494796,1,0.00174915,-0.00222852,-0.0002625,6054.07
0,886529,4,phononTF,0.000484171,0.005,-0.00299537,2.59124e-05,51.7031,0.000382,1,-4.23582e-06,0.00199537,0.0002625,3019.27
0,893027,4,phononTS,0.00161757,-0.00392447,0.000443843,-0.000183277,2355.48,0.000764,1,-0.00299953,-0.0010001,0.0002625,5611.5
0,907867,5,phononTS,0.00160402,0.00247456,5.79828e-05,-1.23723e-05,111.524,0.000764,1,0.00199814,6.14493e-07,0.0002625,564.191
0,907867,6,phononL,0.000563851,0.00199814,6.14493e-07,0.000262498,564.191,0.000563851,1,0.00134453,0.000654683,-0.0002625,769.599
0,926373,2,phononTF,0.0027591,0.00299075,0.00095218,9.63882e-05,3.15819,0.001146,1,0.00300323,0.000999397,0.0002625,916.516
0,935078,4,phononTF,0.000722463,0.00159332,0.000423654,-0.000262498,1294.69,0.000382,1,0.00199925,2.80922e-06,0.0002625,1516.09
0,935078,2,phononTS,0.00102723,0.00277486,-0.000674943,0.000262498,14.0342,0.00037703,1,0.00274582,-0.000685056,-0.0002625,173.445
0,949395,2,phononTS,0.00174072,0.00197703,-0.00184041,0.000177829,26.1796,0.000764,1,0.0019978,-0.00200191,0.0002625,947.955
0,949395,6,phononTS,0.000515007,0.0019978,-0.00200191,0.000262498,947.955,0.000515007,1,0.00197937,-0.00194176,-0.0002625,1096.82
0,951563,9,phononTF,0.000486698,0.00100089,-0.0010002,0.0002625,776.291,0.000486698,1,0.000715477,-0.000734856,-0.0002625,1996.38
0,960416,4,phononL,0.00264966,0.00184617,-1.09369e-05,0.000213138,40.3525,0.000382,1,0.00199746,4.9971e-06,0.0002625,1069.11
0,960416,6,phononTS,0.000512963,0.00200137,-0.005,-6.19182e-05,1069.11,0.000512963,1,0.00207718,-0.00479434,-0.0002625,2980.07
0,960416,5,phononTF,0.00160851,0.00252809,-0.000538615,-0.000206974,1069.11,0.00112456,1,0.00250036,-0.000513411,-0.0002625,1358.11
0,973221,8,phononTS,0.000529369,6.472e-07,0.00199531,0.0002625,2970.76,0.000529369,1,3.747e-05,0.00173699,-0.0002625,6037.62
0,973221,2,phononTF,0.0034693,0.00266677,-0.000687488,0.000240528,0.263119,0.00142676,1,0.00265259,-0.000701121,-0.0002625,182.312
0,992799,6,phononTS,0.000520984,-0.000160465,-0.000117749,-0.0002625,166.39,0.000382,1,3.82748e-08,-3.86806e-06,0.0002625,1699.18
0,993589,4,phononTS,0.00151338,0.000642678,0.00203091,-0.0002625,162.241,0.000382,1,4.29682e-06,0.00199769,0.0002625,1773.98
0,998336,4,phononTF,0.000622776,0.00236307,-0.00166145,-0.0002625,200.349,0.000382,1,0.00199625,-0.00199875,0.0002625,811.162
0,1010140,6,phononTS,0.00301129,0.00161877,0.000157379,0.00015276,95.1082,0.001528,1,0.00199829,3.66498e-06,0.0002625,7103.19
0,1012755,7,phononTS,0.000865666,0.00201968,-0.000417763,-0.000262498,1024.74,0.000382,1,0.00100122,0.000996364,0.0002625,1629.33
0,1012755,2,phononTS,0.002982,0.00225259,-0.00129227,-0.000158295,111.409,0.00216882,1,0.00223928,-0.00129414,-0.0002625,616.089
0,1015003,6,phononL,0.000527136,0.00200319,-0.00199587,0.0002625,1072.82,0.000527136,1,0.00218447,-0.00240125,-0.0002625,1329.97
0,1015003,4,phononTS,0.000996734,0.0027822,-0.0006916,0.000262498,16.9257,0.000996734,1,0.0027268,-0.000799966,-0.0002625,181.819
0,1015003,3,phononTS,0.00156076,0.0027822,-0.0006916,0.000262498,16.9257,0.000950834,1,0.00281073,-0.000170324,-0.0002625,266.698
0,1029070,2,phononTF,0.000911938,0.00238573,-0.00133009,-0.0002625,9.49375,0.000382,1,0.00200093,-0.00199976,0.0002625,573.825
0,1044162,12,phononTS,0.000514512,0.0020034,-0.00199736,0.000262498,2838.52,0.000514512,1,0.0019484,-0.00194399,-0.0002625,2985.16
0,1063387,3,phononTS,0.000951253,0.00289039,0.000166812,-0.0002625,6.26332,0.000382,1,0.00300487,0.000999889,0.0002625,653.657
0,1064072,6,phononTF,0.00186167,0.00211983,-0.000116342,-0.0002625,31.2201,0.000764,1,0.00199717,3.783e-06,0.0002625,965.349
0,1064072,7,phononTS,0.000736398,0.00199717,3.783e-06,0.000262498,965.349,0.000736398,1,0.00205491,-3.71404e-05,-0.0002625,1112.63
0,1083104,5,phononTS,0.00100905,0.00304805,0.000571472,-0.0002625,250.478,0.000382,1,0.0029965,0.0010024,0.0002625,1389.21
0,1089157,4,phononTF,0.00123824,0.0018781,0.000162279,-0.0002625,22.8024,0.000764,1,0.00100254,0.0010006,0.0002625,766.76
0,1105408,6,phononL,0.000451487,-0.0019989,2.05686e-06,0.000262498,3122.29,0.000451487,1,-0.0019121,-0.000291041,-0.0002625,3239.23
0,1126341,7,phononTS,0.000407369,-0.00104674,0.00106955,-0.000262498,2106.42,0.000382,1,-0.000995568,0.000995232,0.0002625,2266.58
0,1136511,5,phononTS,0.000405718,0.00191902,-0.00135124,-0.0002625,1029.21,0.000382,1,0.00100015,-0.00099783,0.0002625,2144.18
0,1136511,2,phononTS,0.00347447,0.00280078,-0.000694857,-2.7163e-05,47.9562,0.00243516,1,0.00282413,-0.000998594,-0.0002625,255.645
0,1141470,5,phononTS,0.00079136,0.00100281,-0.00300284,0.0002625,1981.3,0.00079136,1,0.000971408,-0.00296859,-0.0002625,2360.78
0,1141470,3,phononTS,0.00128293,0.00276591,-0.00067848,0.000262498,13.6693,0.000547736,1,0.00327296,-0.000687074,-0.0002625,259.165
0,1168091,4,phononL,0.000417262,0.00299596,0.000999034,0.0002625,18.1086,0.000417262,1,0.00269501,0.00103894,-0.0002625,498.541
0,1168359,3,phononL,0.00258822,0.00100087,-0.00299701,0.000259606,10.4478,0.000382,1,0.000996167,-0.00299665,0.0002625,2716.62
0,1170762,5,phononTS,0.00158918,0.00094678,0.00143452,-0.000262498,1337.28,0.000382,1,0.00100311,0.00100268,0.0002625,1565.11
0,1189183,5,phononTF,0.000623567,0.000998831,0.00100412,0.000262498,1021.44,0.000397569,1,0.000716329,0.00130792,-0.0002625,1209.9
0,1189183,2,phononTF,0.000883717,0.00278508,-0.000696082,0.000262498,101.187,0.000838271,1,0.0032321,-0.000239149,-0.0002625,334.306
0,1199505,5,phononTF,0.000717285,0.00113113,-0.000915272,-0.0002625,1300.68,0.000382,1,0.00100099,-0.00100481,0.0002625,3320.95
0,1201535,4,phononTF,0.00175721,0.00205694,5.17886e-05,-1.89556e-05,45.7749,0.000382,1,0.00199786,2.55524e-06,0.0002625,794.781
0,1212872,9,phononTF,0.000485313,0.00299545,0.000997813,0.0002625,1121.5,0.000485313,1,0.00328276,0.0012947,-0.0002625,2251.08
0,1215702,3,phononTS,0.00175561,0.00229869,-0.00137687,-0.0002625,10.6768,0.000764,1,0.00200327,-0.00199743,0.0002625,708.89
0,1215702,7,phononTS,0.000501163,0.00200327,-0.00199743,0.000262498,708.89,0.000501163,1,0.00254155,-0.00197468,-0.0002625,963.009
0,1234380,2,phononTF,0.000987096,0.00213079,-0.000112848,-0.0002625,3.79947,0.000382,1,0.00200374,1.48738e-06,0.0002625,936.934
0,1234380,10,phononTS,0.000529672,0.00200374,1.48738e-06,0.000262498,936.934,0.000529672,1,-0.000299193,0.001561,-0.0002625,1827.03
0,1240176,3,phononTF,0.00130114,0.00200387,-0.00199579,0.0002625,10.9367,0.000541363,1,0.00150364,-0.00248248,-0.0002625,894.238
0,1246020,5,phononTS,0.000455529,0.00300187,0.00100306,0.000262498,703.074,0.000455529,1,0.00492506,0.00393225,-0.0002625,1821.27
0,1252596,8,phononTS,0.00046135,-1.94887e-06,-0.00199911,0.000262498,3649.87,0.00046135,1,-5.82119e-05,-0.00197643,-0.0002625,3813.83
0,1253450,4,phononTF,0.00128148,0.0018779,0.000161296,-0.0002625,19.5846,0.000382,1,0.00100336,0.00100148,0.0002625,763.943
0,1264007,7,phononTS,0.000642562,0.00100172,-0.000999769,0.000262498,2137.06,0.000642562,1,0.000775181,-0.00076318,-0.0002625,2356.25
0,1291774,6,phononTS,0.00058338,0.00100435,-0.00100301,0.0002625,176.387,0.00058338,1,0.000744067,-0.00104404,-0.0002625,1714.68
0,1292962,4,phononTS,0.00107989,0.00418907,0.00163327,-0.000237049,45.4704,0.000382,1,0.00300424,0.000995079,0.0002625,2435.54
0,1294858,10,phononTS,0.000393952,0.00199923,-0.002001,0.000262498,6480.36,0.000393952,1,0.00128833,-0.000807228,-0.0002625,6982.4
0,1294858,5,phononTF,0.0033369,0.00251745,-0.000480636,0.000167487,654.489,0.0025437,1,0.00279703,-0.000219729,-0.0002625,816.563
0,1298159,3,phononTS,0.000700372,0.000384206,-0.00033505,-0.0002625,5.23431,0.000382,1,-0.00199901,-4.12137e-06,0.0002625,1753.77
0,1302632,5,phononTF,0.000436292,0.00212034,-0.00171678,-0.0002625,243.925,0.000382,1,0.00200485,-0.00200026,0.0002625,1148
0,1302632,2,phononTS,0.000888301,0.00277146,-0.00066424,0.000262498,65.6569,0.000504945,1,0.0020665,-0.000656836,-0.0002625,362.382
0,1308046,4,phononTS,0.00155866,0.00199689,-0.00199528,0.0002625,177.531,0.000712165,1,0.0018085,-0.00234585,-0.0002625,1307.13
0,1315930,7,phononTS,0.000749422,0.00100472,-0.000997308,0.0002625,637.751,0.000749422,1,-8.03548e-05,-0.00107364,-0.0002625,1417.19
0,1339212,6,phononTS,0.000385201,0.00158231,-5.94699e-05,-0.000262498,2140.49,0.000382,1,0.00200292,-1.117e-06,0.0002625,2373.87
0,1344489,3,phononTF,0.00291728,-0.000141296,-0.00184663,-0.0002625,6.67704,0.000382,1,2.64996e-06,-0.00199696,0.0002625,1290.14
0,1344489,6,phononTS,0.00204686,0.000542574,-0.000682279,-0.000160894,1290.14,0.000898012,1,0.000552127,-0.000685128,-0.0002625,1806.82
0,1358129,6,phononTF,0.00102783,-0.00026319,-0.00171611,-0.0002625,221.386,0.000382,1,-0.00100322,-0.000995884,0.0002625,3984.14
0,1368354,6,phononTF,0.000665194,0.00100473,-0.00299871,0.000262498,1300.9,0.000665194,1,0.00103385,-0.00303121,-0.0002625,1449.38
0,1377174,9,phononL,0.000826312,0.0035299,0.00117748,-0.000262498,4509.99,0.000382,1,0.0030026,0.000995163,0.0002625,4651.53
0,1381246,3,phononTS,0.00108753,0.00184472,-0.005,-0.000126572,12.5405,0.000382,1,0.000995583,-0.00299892,0.0002625,9397.09
0,1390022,4,phononTS,0.00278589,0.00176646,9.99072e-05,0.00019409,14.2759,0.000382,1,0.00200241,2.66571e-06,0.0002625,2197.24
0,1404746,8,phononTS,0.000578678,0.00283529,0.000106857,-0.0002625,2253.57,0.000382,1,0.00299809,0.000997165,0.0002625,3935.21
0,1412946,3,phononL,0.00209998,0.0016444,0.00117102,-0.0002625,35.3676,0.000764,1,0.00100184,0.000999576,0.0002625,1305.77
0,1429976,2,phononTF,0.00170941,0.00331178,0.00259676,0.000237891,7.41771,0.00143853,1,0.00299908,0.0023116,-0.0002625,1474.01
0,1439215,9,phononL,0.00058836,0.00213282,-0.00155034,-0.0002625,1371.89,0.000382,1,0.00200429,-0.0019991,0.0002625,2455.78
0,1448200,5,phononTS,0.000548309,0.00259437,-0.00166034,-0.000262498,452.357,0.000382,1,0.00199536,-2.76104e-07,0.0002625,1057.66
0,1458948,5,phononL,0.00227495,0.00239759,0.000196409,-0.000191207,276.476,0.000382,1,0.00199606,-2.98729e-06,0.0002625,768.767
0,1458948,6,phononTS,0.00181163,0.00199606,-2.98729e-06,0.000262498,768.767,0.00131609,1,0.00170577,-5.50579e-05,-0.0002625,966.478
0,1471431,2,phononTS,0.00289599,0.00196032,-1.36442e-05,-3.20226e-05,64.6403,0.001528,1,0.00199631,5.71568e-07,0.0002625,3381.34
0,1473800,6,phononTS,0.00192464,0.00100221,-0.00099793,0.0002625,399.874,0.00147024,1,0.00103898,-0.00106344,-0.0002625,1343.76
0,1477915,2,phononTS,0.00131902,0.00138679,-0.00133735,-0.0002625,5.51871,0.000382,1,1.50336e-06,-0.00200222,0.0002625,1072.94
0,1477915,4,phononTF,0.000510441,1.50336e-06,-0.00200222,0.000262498,1072.94,0.000510441,1,0.000305619,-0.00169213,-0.0002625,1265.68
0,1478471,7,phononTF,0.000569871,0.00137323,-0.00263201,-0.0002625,210.199,0.000382,1,0.00100223,-0.00299577,0.0002625,1414.08
0,1489995,6,phononTF,0.000535768,0.0018624,-0.00199201,-0.0002625,963.646,0.000382,1,0.00200239,-0.00199709,0.0002625,1432.68
0,1489995,4,phononTS,0.00057741,0.00293917,-0.00069032,0.000262498,274.397,0.00057741,1,0.00294133,-0.00134061,-0.0002625,551.534
0,1494083,6,phononL,0.000443633,0.00260604,-0.00165183,-0.0002625,338.723,0.000382,1,0.00200001,-0.00200355,0.0002625,1015.74
0,1510505,2,phononTS,0.000968537,0.00190274,-0.000945933,-0.0002625,4.07178,0.000382,1,0.0010003,-0.00100179,0.0002625,1045.42
0,1510505,6,phononTS,0.000400773,0.0010003,-0.00100179,0.000262498,1045.42,0.000400773,1,0.000732879,-0.00199016,-0.0002625,1432.07
0,1524008,3,phononTS,0.00215118,0.00199423,-0.00194002,-0.000252433,7.41921,0.001146,1,0.00200019,-0.00199829,0.0002625,2469.88
0,1524008,6,phononTS,0.000395289,0.00200019,-0.00199829,0.000262498,2469.88,0.000395289,1,0.00376874,-0.000725288,-0.0002625,3175.68
0,1527540,2,phononL,0.00105297,0.00188055,-0.000850264,-0.0002625,60.8172,0.000382,1,0.000997179,-0.00100492,0.0002625,442.668
0,1531250,3,phononTS,0.00192271,0.0011383,0.000970375,-0.0002625,3.92445,0.000382,1,0.00100396,0.000996195,0.0002625,1026.83
0,1531250,5,phononTS,0.000932563,0.00100396,0.000996195,0.000262498,1026.83,0.000394779,1,0.000165198,0.000905842,-0.0002625,1364.02
0,1533118,8,phononTF,0.000619,0.00157603,0.000420875,-0.000262498,902.817,0.000382,1,0.000995331,0.0010042,0.0002625,1179.08
0,1533118,3,phononTF,0.000407808,0.00277346,-0.000682001,0.000262498,3.44524,0.000407808,1,0.00230942,-0.000273048,-0.0002625,236.798
0,1533118,2,phononTF,0.00133557,0.00277346,-0.000682001,0.000262498,3.44524,0.000869638,1,0.00320115,0.00102027,-0.0002625,563.693
0,1542560,7,phononTF,0.000429416,-0.00248732,-0.00140119,-0.0002625,3420.71,0.000382,1,-5.5521e-07,6.73954e-07,0.0002625,10535.2
0,1542560,3,phononTF,0.00133029,0.00278171,-0.000674519,0.000262498,8.35619,0.000308953,1,0.00304821,0.00203142,-0.0002625,841.955
0,1557016,4,phononTF,0.000484723,0.00290474,-0.000683346,-0.000262498,226.921,0.000382,1,0.00200396,-0.00199898,0.0002625,716.245
0,1561432,8,phononTS,0.00039595,0.00253305,-0.000376207,0.000215835,463.961,0.000382,1,0.00199642,1.14666e-06,0.0002625,665.113
0,1570808,6,phononTS,0.000957736,0.0024719,-0.00117491,-0.000262498,245.459,0.000382,1,-1.28168e-06,-0.00200068,0.0002625,1165.61
0,1570808,3,phononTF,0.000422177,0.00277244,-0.0006689,0.000262498,8.05398,0.000422177,1,0.00322326,-0.000231686,-0.0002625,239.256
0,1571567,5,phononTS,0.000897068,0.00100246,0.0009951,0.000262498,908.161,0.000305899,1,0.000666832,0.00124445,-0.0002625,1148.51
0,1572956,6,phononTS,0.00222909,4.99894e-05,-0.00196901,-0.000252559,38.2259,0.000382,1,-1.19087e-06,-0.00199918,0.0002625,2096.88
0,1572956,7,phononTF,0.00125198,-1.19087e-06,-0.00199918,0.000262499,2096.88,0.000577773,1,-0.000349752,-0.00166741,-0.0002625,2297.49
0,1583224,2,phononTF,0.00158423,0.0030008,0.00100596,0.000262074,30.7013,0.000799223,1,0.00246833,0.00130136,-0.0002625,1710.67
0,1587350,3,phononTS,0.00226178,0.000995059,-0.000996726,0.000208011,33.0577,0.000382,1,0.000999955,-0.00100319,0.0002625,1709.42
0,1624131,4,phononTF,0.00168124,0.00199775,-2.52163e-06,0.000262498,301.016,0.000854096,1,0.00146117,0.000481197,-0.0002625,557.103
0,1632468,10,phononTS,0.000461108,0.00332602,0.000998126,-0.000262498,1684.58,0.000382,1,0.00299918,0.000995251,0.0002625,1892.75
0,1632468,7,phononTS,0.00176262,0.00289277,-0.000915325,0.000262498,429.389,0.00074902,1,0.00294657,-0.00096884,-0.0002625,586.619
0,1641855,5,phononTF,0.000688277,-0.000977443,0.00115861,-0.000262499,2374.94,0.000382,1,-0.000996505,0.00100467,0.0002625,2533.01
0,1658406,4,phononTF,0.00146119,0.00162703,-0.00161075,-0.0002625,4.71089,0.000382,1,0.000998374,-0.00100352,0.0002625,1696.45
0,1658406,5,phononTF,0.000866392,-0.005,-0.000573021,-0.000178362,1696.45,0.000525627,1,-0.00482664,-0.000405738,-0.0002625,6032.89
0,1666920,7,phononTS,0.000520533,0.000965899,-0.00103435,-0.0002625,3017.84,0.000382,1,0.00099654,-0.00100083,0.0002625,3799.25
0,1669762,2,phononL,0.00265963,0.00194383,-0.00166036,0.000161218,22.0583,0.000382,1,0.00199717,-0.00199528,0.0002625,480.267
0,1673687,4,phononL,0.00157086,-0.00169192,0.000858282,-0.0002625,331.655,0.000382,1,-0.000995306,0.000996144,0.0002625,4620.95
0,1673687,6,phononTS,0.000559802,-0.000995306,0.000996144,0.000262498,4620.95,0.000559802,1,-0.000971757,0.0011986,-0.0002625,4803.46
0,1673687,5,phononTS,0.00044254,-0.000995306,0.000996144,0.000262498,4620.95,0.00044254,1,-0.000966558,0.0010038,-0.0002625,4778.61
0,1679886,2,phononTF,0.000443025,0.00238293,-0.000341568,-0.0002625,25.3877,0.000382,1,0.00199541,-3.82023e-06,0.0002625,448.237
0,1684721,7,phononTS,0.000415174,0.00200435,-3.26992e-08,0.0002625,690.157,0.000415174,1,0.00181628,5.29597e-05,-0.0002625,1046.59
0,1721732,6,phononTS,0.000484756,3.01168e-06,-0.00199901,0.000262498,1044.59,0.000484756,1,0.0013003,-0.00282399,-0.0002625,1567.14
0,1760172,6,phononL,0.000673206,0.00199764,7.17358e-07,0.000262498,955.327,0.000673206,1,0.00175303,0.000556808,-0.0002625,1104.2
0,1760172,3,phononTS,0.00246672,-0.000745069,0.00227018,-0.000237076,22.9116,0.00229929,1,-0.00071404,0.00226783,-0.0002625,1534.69
0,1781502,11,phononTS,0.000691065,-1.48963e-06,3.92289e-06,0.0002625,4106.88,0.000691065,1,1.08539e-05,1.3918e-05,-0.0002625,4800.02
0,1787338,2,phononTS,0.00197424,0.00201141,-3.4547e-05,6.30059e-06,1.91694,0.000764,1,0.00200457,-3.87116e-06,0.0002625,857.937
0,1798418,6,phononTS,0.000554728,0.00192456,0.000115576,-0.0002625,798.399,0.000382,1,0.00100245,0.000996546,0.0002625,4164.27
0,1803070,4,phononTS,0.000973204,0.00199854,-0.00199504,0.0002625,534.778,0.000973204,1,0.00320413,-0.00225375,-0.0002625,1630.9
0,1814231,4,phononTF,0.00300888,0.00199366,7.7309e-06,0.000164836,176.047,0.001146,1,0.00199879,2.6791e-06,0.0002625,748.721
0,1814231,6,phononTF,0.000510988,0.00199879,2.6791e-06,0.000262498,748.721,0.000510988,1,0.00246535,-0.000466485,-0.0002625,986.791
0,1814231,5,phononTS,0.00112918,0.00199879,2.6791e-06,0.000262498,748.721,0.00112918,1,0.002038,3.06463e-05,-0.0002625,898.167
0,1819867,7,phononTS,0.000882391,0.00199558,-8.76509e-05,-0.000262498,577.176,0.000382,1,0.0019995,-3.17493e-06,0.0002625,739.189
0,1824222,4,phononL,0.00218716,0.00181096,-0.00193454,0.000145569,65.0125,0.000764,1,0.00199872,-0.0020035,0.0002625,1188.44
0,1824222,6,phononL,0.000835162,0.00199872,-0.0020035,0.000262498,1188.44,0.000594965,1,0.00154486,-0.00201108,-0.0002625,1317.24
0,1837103,5,phononTS,0.00077321,1.149e-06,-0.00200462,0.0002625,318.135,0.000437049,1,-0.000427912,-0.0019456,-0.0002625,2257.56
0,1845632,9,phononTF,0.000699876,-0.00173474,0.0016383,-0.0002625,942.651,0.000382,1,-0.00199659,0.00200205,0.0002625,8786.68
0,1846968,5,phononTF,0.0023933,0.00222573,-0.000234869,-9.55125e-06,27.7552,0.000764,1,0.00200084,-4.42023e-06,0.0002625,728.452
0,1869357,3,phononTS,0.00081606,-0.000369766,-0.000947646,-0.0002625,8.75585,0.000382,1,-0.000998762,-0.00100217,0.0002625,1621.57
0,1869357,4,phononTS,0.000397832,-0.000998762,-0.00100217,0.000262498,1621.57,0.000397832,1,-0.001309,-0.00129724,-0.0002625,1864.83
0,1872604,6,phononTS,0.000656267,0.00285388,0.000197906,-0.0002625,171.659,0.000382,1,0.00299706,0.000999384,0.0002625,1167.19
0,1872604,3,phononTF,0.000538669,0.00277242,-0.000675308,0.000262498,1.63384,0.000538669,1,0.00220776,-0.00126782,-0.0002625,275.575
0,1884157,2,phononTF,0.000880961,0.00199561,0.00199705,0.0002625,170.045,0.000843687,1,0.00159585,0.00334297,-0.0002625,1557.37
0,1899482,2,phononTS,0.00113445,0.00288436,0.000165086,-0.0002625,11.3454,0.000382,1,0.00299958,0.00100393,0.0002625,661.819
0,1903871,6,phononTF,0.000551108,0.0026814,-0.000658338,-0.000262498,196.26,0.000382,1,0.00199525,8.65654e-07,0.0002625,502.514
0,1903871,4,phononTF,0.00067821,0.00274663,-0.000711777,0.000262498,37.5619,0.00067821,1,0.00281649,-0.000787356,-0.0002625,188.352
0,1923469,2,phononTF,0.00068762,0.00213173,-0.000111413,-0.0002625,10.3217,0.000382,1,0.00200457,3.29474e-06,0.0002625,943.67
0,1926444,3,phononTF,0.00236448,0.00140875,-0.00137513,-7.01369e-05,6.19537,0.000764,1,0.00100046,-0.00099897,0.0002625,696.383
0,1926444,4,phononTF,0.000864342,0.005,-0.00196521,-0.000170989,696.383,0.00061655,1,0.00483769,-0.0018047,-0.0002625,1971.42
0,1944123,2,phononTF,0.00284005,0.00129499,-0.000705156,-0.000159062,10.3797,0.000382,1,0.00100282,-0.000997875,0.0002625,1151.18
0,1944123,5,phononTS,0.00130359,0.00100282,-0.000997875,0.000262498,1151.18,0.00122013,1,0.0010506,-0.00103581,-0.0002625,1298.68
0,1951946,4,phononTS,0.000990639,0.00189599,-0.000842437,-0.0002625,11.6213,0.000382,1,0.00100236,-0.000999988,0.0002625,689.419
0,1952260,4,phononTF,0.00128083,0.00236971,-0.0003714,-0.0002625,58.5939,0.000382,1,0.00200187,-3.67477e-06,0.0002625,475.203
0,1952260,6,phononTS,0.00062939,0.00200187,-3.67477e-06,0.000262498,475.203,0.000323871,1,0.00203031,0.000575341,-0.0002625,742.471
0,1959583,5,phononTS,0.000973691,0.00200421,-4.40882e-06,0.000262498,1138.92,0.000559739,1,0.000978276,-0.000159431,-0.0002625,1529.94
0,2008169,4,phononTS,0.00304963,0.00217889,-0.00173316,0.000229534,47.3378,0.000764,1,0.00199748,-0.00200368,0.0002625,638.4
0,2013799,8,phononTS,0.000457138,0.00199969,-0.00200242,0.0002625,181.737,0.000457138,1,0.00104197,-0.00316103,-0.0002625,1254.85
0,2035144,3,phononTS,0.00198605,0.00201254,-0.000166858,0.000127356,2.60373,0.000382,1,0.00199529,4.70693e-06,0.0002625,367.634
0,2050849,4,phononTF,0.000508607,2.32004e-06,-9.04207e-07,0.0002625,2575.19,0.000508607,1,-3.26901e-05,-3.4167e-05,-0.0002625,2872.42
0,2053615,4,phononTS,0.00274803,0.0010164,-0.000969669,-5.02314e-05,65.3275,0.000764,1,0.00100174,-0.000997212,0.0002625,1549.46
0,2053615,7,phononTS,0.000966506,0.00100174,-0.000997212,0.000262498,1549.46,0.000519364,1,0.00279179,-0.00143365,-0.0002625,2217.74
0,2057535,4,phononTF,0.00130485,0.0013881,-0.000339051,-0.0002625,13.5231,0.000382,1,9.68354e-07,-2.7833e-06,0.0002625,957.677
0,2067064,7,phononTS,0.00107871,-0.00200466,-1.14839e-07,0.0002625,878.934,0.00066777,1,-0.0030073,-6.38333e-05,-0.0002625,2391.2
0,2067613,5,phononTS,0.00227236,0.00447801,0.00325266,6.46928e-05,243.328,0.00227236,1,0.00446896,0.00321715,-0.0002625,2099.17
0,2081697,6,phononTS,0.000843068,0.00221885,-0.00194539,-0.0002625,3529.37,0.000382,1,0.00200218,-0.00199733,0.0002625,5180.4
0,2139116,5,phononTS,0.000484617,0.00194443,-3.18978e-06,-0.000262498,1204.42,0.000382,1,0.00200154,-3.22937e-06,0.0002625,1355.27
0,2139116,3,phononTS,0.000795967,0.00277321,-0.000675743,0.000262498,2.2062,0.000795967,1,0.00284335,-0.000440874,-0.0002625,199.307
0,2139116,2,phononTF,0.000604708,0.00277321,-0.000675743,0.000262498,2.2062,0.000604708,1,0.00248143,-0.00128219,-0.0002625,264.85
0,2149611,4,phononL,0.00099279,0.00210553,0.00150133,-0.0002625,179.773,0.000382,1,0.00199555,0.00200171,0.0002625,856.764
0,2149611,2,phononTS,0.00176356,0.00276339,-0.000667154,0.000262498,9.66808,0.00169313,1,0.00265928,-0.000215609,-0.0002625,254.415
0,2164184,8,phononTS,0.000560813,0.00170521,0.00159568,-0.000262498,1365.68,0.000382,1,0.000998732,0.0010004,0.0002625,1739.32
0,2177119,6,phononTS,0.000650679,-0.0020262,-0.000859491,-0.0002625,31.2696,0.000382,1,-0.00299653,-0.00099941,0.0002625,2442.92
0,2216417,11,phononTS,0.000546432,0.000999551,-0.00300059,0.000262498,11641.9,0.000546432,1,0.000941065,-0.00294155,-0.0002625,11799.7
0,2216417,8,phononTS,0.00235976,0.00293062,-0.000564372,-1.70655e-05,1130.78,0.00129539,1,0.0029488,-0.000550206,-0.0002625,1200.57
0,2240849,7,phononTS,0.000436274,0.00204192,0.00298345,-0.000262498,3006.27,0.000382,1,0.00299597,0.0010041,0.0002625,3737.67
0,2267970,3,phononTF,0.00103949,-4.53004e-06,7.5317e-07,0.0002625,20.4949,0.00103949,1,-0.000459898,0.000477084,-0.0002625,1687.08
0,2267970,2,phononTS,0.00124969,0.00275641,-0.000682065,0.000262498,20.4949,0.00124969,1,0.00274614,-0.000779809,-0.0002625,188.774
0,2290456,4,phononTS,0.00182849,0.000520672,0.000969114,9.34944e-05,19.8183,0.000382,1,0.00100453,0.000999793,0.0002625,1497.48
0,2290456,7,phononTS,0.00118235,0.000305669,0.00141378,-5.30347e-05,1497.48,0.000571119,1,-0.000693607,0.00242104,-0.0002625,2151.93
0,2308605,10,phononTF,0.000478301,-0.000999865,0.00300408,0.0002625,3913.39,0.000478301,1,-0.00122971,0.00249151,-0.0002625,4862.06
0,2308605,2,phononTF,0.00281989,0.00349025,6.04348e-05,-0.000103969,61.1295,0.00215111,1,0.00379966,-0.000257371,-0.0002625,1067.58
0,2316559,10,phononL,0.00194032,0.00219946,-0.00190475,4.34214e-05,918.074,0.000382,1,0.00200163,-0.0019996,0.0002625,975.688
0,2327130,5,phononTF,0.000570037,0.00274358,0.000801378,-0.000262498,586.156,0.000382,1,0.00300036,0.001002,0.0002625,764.178
0,2339382,3,phononTS,0.000606851,0.00340364,-0.00123037,-0.0002625,1.49643,0.000382,1,0.00200217,-0.00199683,0.0002625,2569.5
0,2342908,4,phononTF,0.000719668,-0.0023774,-0.00035434,-0.0002625,4002.5,0.000382,1,-0.00300164,-0.00099542,0.0002625,7579.54
0,2342908,2,phononL,0.00152578,0.00132662,0.000343155,0.000199912,4.49075,0.00089778,1,0.00182303,0.000444193,-0.0002625,690.353
0,2357619,6,phononTF,0.000810656,0.0020009,0.00199573,0.000262498,1054.66,0.000374539,1,0.00194326,0.00205991,-0.0002625,1204.59
0,2363452,4,phononTS,0.00159464,0.00289936,0.000158705,-0.0002625,61.6379,0.000382,1,0.00300395,0.00100141,0.0002625,731.919
0,2366194,7,phononTS,0.000595341,-0.002,-0.00199843,0.000262498,3115.05,0.000595341,1,-0.00194139,-0.00153342,-0.0002625,3350.32
0,2379823,4,phononTF,0.0011407,0.00211179,5.15208e-05,-0.0002625,907.866,0.000382,1,0.00199802,6.26099e-08,0.0002625,1369.33
0,2380262,6,phononTF,0.000587047,0.000953561,0.000146463,-0.0002625,3123.86,0.000382,1,-0.00100191,0.00100446,0.0002625,4095.95
0,2380262,2,phononTS,0.000859317,0.00276522,-0.000684472,0.000262498,13.6158,0.000559856,1,0.00275082,-0.000694008,-0.0002625,168.569
0,2403617,8,phononTS,0.0029019,0.000980896,-0.00103198,0.000253429,1506.16,0.000764,1,0.00100016,-0.00100139,0.0002625,3184.95
0,2403617,10,phononTS,0.000385525,0.00100016,-0.00100139,0.000262498,3184.95,0.000385525,1,0.000950566,-0.000980946,-0.0002625,3334.33
0,2412382,3,phononTF,0.00225383,0.00407875,0.0010951,3.4517e-05,2.64525,0.000676177,1,0.00440808,0.000785879,-0.0002625,1288.61
0,2417078,7,phononTF,0.000619638,0.00140372,0.000578659,-0.0002625,495.983,0.000382,1,0.000996804,0.0010006,0.0002625,1246.18
0,2421381,4,phononL,0.00260816,0.00286532,0.000583611,-0.0002625,2.64402,0.001146,1,0.00300478,0.00100168,0.0002625,1497.44
0,2421381,5,phononTF,0.000560006,0.00300478,0.00100168,0.000262498,1497.44,0.000560006,1,0.00328393,0.00125867,-0.0002625,1679.76
0,2422689,4,phononL,0.000533104,0.00199814,1.07076e-06,0.000262498,4005.5,0.000533104,1,0.00144981,0.000230243,-0.0002625,4152.36
0,2441602,8,phononTF,0.00057349,0.00199774,-1.6221e-06,0.000262498,488.361,0.00057349,1,0.00191422,8.03858e-05,-0.0002625,639.972
0,2441602,3,phononTS,0.00273934,0.00276842,-0.000682325,0.000262498,13.6634,0.00241603,1,0.00299113,-3.03735e-05,-0.0002625,317.653
0,2441602,2,phononTS,0.000712601,0.00276842,-0.000682325,0.000262498,13.6634,0.000712601,1,0.00282811,-0.000694587,-0.0002625,165.629
0,2447853,8,phononTF,0.000901108,0.00212562,-0.00014009,-0.0002625,257.322,0.000382,1,0.00200061,-2.64766e-06,0.0002625,1198.6
0,2457050,6,phononTF,0.000844897,0.00221916,-0.000229576,-0.0002625,240.674,0.000382,1,0.00199796,-2.29206e-07,0.0002625,1442.42
0,2457763,4,phononTS,0.00228386,0.00209747,-3.34454e-05,-0.000225957,542.328,0.00180981,1,0.00147561,0.000312287,-0.0002625,953.205
0,2473802,5,phononTF,0.00262335,0.00208308,0.00191798,0.000188148,141.1,0.001146,1,0.00199818,0.00199928,0.0002625,7103.09
0,2481110,6,phononTF,0.000728589,0.00199837,3.64078e-06,0.000262498,547.405,0.000728589,1,0.00153219,-0.000437517,-0.0002625,780.876
0,2489456,5,phononTS,0.00175729,0.00216403,0.000844633,-0.000229024,2650.43,0.000764,1,0.00300243,0.00100333,0.0002625,3252.24
0,2507200,4,phononTS,0.000731869,0.00196529,-0.000628926,-0.0002625,2086.42,0.000382,1,0.00200295,-4.70578e-06,0.0002625,2974.72
0,2508729,4,phononL,0.00124724,0.00269959,-0.000394547,-0.0002625,463.164,0.000382,1,0.00200264,-4.9529e-06,0.0002625,772.003
0,2508729,6,phononTF,0.000456588,0.00200264,-4.9529e-06,0.000262498,772.003,0.000456588,1,-0.000505318,-0.00221936,-0.0002625,1732.44
0,2508729,2,phononL,0.00292108,0.00311199,-0.00095696,-7.58919e-05,64.1396,0.00249637,1,0.00322511,-0.00084772,-0.0002625,463.54
0,2510031,2,phononTS,0.00253305,0.00284718,-0.00152868,0.000199749,1.02306,0.000764,1,0.00200079,-0.00199551,0.0002625,1540.97
0,2510031,7,phononTF,0.000406129,0.00200079,-0.00199551,0.000262498,1540.97,0.000406129,1,0.00174676,-0.00174386,-0.0002625,1720.01
0,2510031,6,phononTF,0.000737052,0.00200079,-0.00199551,0.000262498,1540.97,0.000737052,1,0.00192969,-0.0019242,-0.0002625,1691.74
0,2512309,3,phononTF,0.00296532,7.59462e-05,8.56277e-05,5.74706e-05,10.2502,0.000764,1,-2.6353e-06,-3.84887e-07,0.0002625,1965.65
0,2512309,5,phononTF,0.000874405,-2.6353e-06,-3.84887e-07,0.000262498,1965.65,0.000874405,1,-0.000345903,0.000326336,-0.0002625,2167.11
0,2514307,4,phononTS,0.00269022,0.0020023,4.33879e-06,0.000210836,303.371,0.000764,1,0.00199505,2.27482e-06,0.0002625,627.022
0,2514307,8,phononTS,0.00113461,0.00199505,2.27482e-06,0.000262498,627.022,0.000413396,1,0.00196002,-6.31746e-05,-0.0002625,774.365
0,2515060,4,phononTS,0.00234703,0.000986204,-0.000998872,0.000256642,2.31753,0.000764,1,0.000998874,-0.000998379,0.0002625,2767.33
0,2515060,5,phononTS,0.000730336,0.000998874,-0.000998379,0.000262498,2767.33,0.000730336,1,0.000261282,-0.00107923,-0.0002625,3071.09
0,2515809,8,phononTS,0.000404574,0.00200123,-0.0019979,0.0002625,335.14,0.000404574,1,0.0020419,-0.00200283,-0.0002625,1199.81
0,2520403,12,phononTS,0.000550799,0.00300086,0.000676642,-0.0002625,294.934,0.000382,1,0.0029995,0.00100253,0.0002625,1717.46
0,2520403,10,phononTF,0.000881256,0.00294724,-0.000802354,0.000262498,126.561,0.000651235,1,0.00340049,-0.000318516,-0.0002625,364.582
0,2522717,5,phononTF,0.000576277,0.00194307,-0.00052785,-0.000262498,594.974,0.000382,1,0.00100072,-0.00100265,0.0002625,952.435
0,2522717,3,phononTS,0.0013784,0.00276815,-0.00068474,0.000262498,11.0199,0.000802208,1,0.00270814,-0.000182725,-0.0002625,254.769
0,2545998,9,phononTF,0.00054805,0.00200348,-4.52043e-06,0.000262498,3231.32,0.00054805,1,0.00150845,-0.000466056,-0.0002625,3472.29
0,2548143,2,phononTS,0.00111515,0.00300119,0.00100132,0.0002625,37.2093,0.00109729,1,0.0030365,0.0012804,-0.0002625,1411.36
0,2557137,2,phononTS,0.000609331,0.00188296,-0.000838757,-0.0002625,2.62029,0.000382,1,0.000995791,-0.00100285,0.0002625,676.721
0,2560387,2,phononTF,0.00152905,0.002126,-0.000112661,-0.0002625,37.6376,0.000764,1,0.00199702,-4.08735e-06,0.0002625,975.77
0,2576315,4,phononTS,0.00226191,0.00114111,-6.2484e-05,-0.0002625,5.20859,0.000764,1,0.00100279,-0.000998066,0.0002625,1564.08
0,2576315,5,phononTS,0.000708819,0.00100279,-0.000998066,0.000262498,1564.08,0.000708819,1,0.0010638,-0.00103309,-0.0002625,1718.65
0,2576315,3,phononTS,0.000952046,0.0027697,-0.000680988,0.000262498,5.20859,0.000952046,1,0.00301521,-0.000490515,-0.0002625,220.242
0,2584027,4,phononTS,0.00153238,0.00190283,-0.000944966,-0.0002625,214.442,0.000764,1,0.00100447,-0.000998591,0.0002625,1228.13
0,2584027,5,phononTF,0.000382172,0.00100447,-0.000998591,0.000262498,1228.13,0.000382172,1,-0.0018103,-0.00107148,-0.0002625,2090.23
0,2587839,6,phononL,0.000867139,0.00199606,-2.0854e-06,0.0002625,817.763,0.000867139,1,0.0015138,0.000593743,-0.0002625,1170.8
0,2610260,5,phononTS,0.00199131,0.00188695,-0.000838982,-0.0002625,2.28611,0.000382,1,0.00100049,-0.00100473,0.0002625,713.404
0,2610260,7,phononTS,0.000725157,0.00100049,-0.00100473,0.000262498,713.404,0.000725157,1,0.00097336,-0.00130538,-0.0002625,913.676
0,2610260,6,phononTF,0.000614586,0.00100049,-0.00100473,0.000262498,713.404,0.000614586,1,0.000907019,-0.00105895,-0.0002625,865.475
0,2620094,12,phononTS,0.000947157,-0.00087755,-0.000945914,-0.0002625,596.926,0.000382,1,-0.00100088,-0.000997334,0.0002625,3538.63
0,2620094,13,phononTS,0.000442305,-0.00100088,-0.000997334,0.000262498,3538.63,0.000442305,1,-0.000946278,-0.000554249,-0.0002625,3769.04
0,2620094,10,phononTF,0.000681125,0.005,-0.00112662,4.0396e-05,301.076,0.00019075,1,0.00383692,-0.00101017,-0.0002625,1323.03
0,2631031,2,phononTS,0.00233765,0.000735216,0.00114159,0.000185894,8.70362,0.001146,1,0.00100492,0.0010009,0.0002625,904.056
0,2665790,8,phononTS,0.000632235,-4.03306e-06,2.12942e-06,0.0002625,1751.96,0.000632235,1,-7.9537e-05,5.60443e-05,-0.0002625,2072.31
0,2668502,7,phononTF,0.000470955,0.00218024,-0.000322408,-0.000262498,415.486,0.000382,1,0.00200492,2.33724e-06,0.0002625,606.247
0,2692292,10,phononTS,0.000514367,0.00200091,-1.87326e-06,0.000262498,1277.76,0.000514367,1,0.00202745,1.90157e-05,-0.0002625,1438.01
0,2692627,6,phononTS,0.00062265,0.00212203,0.00108996,-0.0002625,78.5131,0.000382,1,0.00199786,0.00200431,0.0002625,1389.02
0,2692627,4,phononTF,0.00341378,0.00304774,-0.000949502,-0.000207237,64.307,0.00117532,1,0.00302819,-0.000969811,-0.0002625,460.522
0,2693366,2,phononL,0.00189037,0.00295988,0.000737577,-6.81709e-05,3.75107,0.000764,1,0.00299743,0.00100037,0.0002625,619.316
0,2693366,4,phononTF,0.000641334,0.00299743,0.00100037,0.000262498,619.316,0.000641334,1,0.0029101,0.00109027,-0.0002625,771.542
0,2693701,2,phononTF,0.00165775,0.00188515,-0.00187968,0.000173068,2.14455,0.000764,1,0.00199965,-0.00199976,0.0002625,4318.45
0,2715478,6,phononTS,0.000451601,0.00200398,-1.98246e-06,0.000262498,467.82,0.000451601,1,0.00199803,-0.000934959,-0.0002625,822.99
0,2720848,5,phononTS,0.00262669,0.00200485,1.59195e-06,0.0002625,104.847,0.00181562,1,0.00216522,-4.27649e-05,-0.0002625,936.496
0,2728800,5,phononTS,0.00059299,0.00100492,-0.000997552,0.000262498,2029.25,0.00059299,1,0.000940429,-0.000954097,-0.0002625,2176.03
0,2731282,6,phononTS,0.000494152,0.00204156,-0.00193659,-0.000262498,874.906,0.000382,1,0.00200062,-0.00200182,0.0002625,1021.83
0,2738841,14,phononTS,0.000620171,0.000691629,0.00125801,-0.000262498,1547.32,0.000382,1,0.00100294,0.00100443,0.0002625,1783.88
0,2754415,2,phononTS,0.00280025,1.21321e-05,1.83398e-05,0.000105453,2.38775,0.000764,1,3.24667e-06,7.42043e-07,0.0002625,3195.38
0,2765205,6,phononL,0.00247761,0.000636573,6.10348e-05,-0.0002625,282.428,0.000382,1,8.71054e-08,8.46068e-07,0.0002625,2482.52
0,2767409,6,phononTS,0.000537556,0.00114446,-0.00217061,-0.0002625,628.623,0.000382,1,0.00100493,-0.00299735,0.0002625,1642.37
0,2770703,9,phononTS,0.00116974,-2.85838e-07,0.00200051,0.000262498,3635.63,0.000696827,1,-0.00228478,0.000791335,-0.0002625,4482.93
0,2775723,7,phononL,0.00119627,0.00299955,0.00100495,0.000262498,653.705,0.00119627,1,0.00217809,0.0012073,-0.0002625,837.402
0,2779011,6,phononTS,0.000773732,0.00316061,0.000479646,-0.000262498,1762.64,0.000382,1,0.00199881,0.00200192,0.0002625,2384.72
0,2791485,2,phononTS,0.000864882,0.00284475,-0.00211791,-0.0002625,146.799,0.000382,1,0.00200056,-0.00200091,0.0002625,2186.81
0,2806502,10,phononTF,0.000388424,0.000998683,0.00100153,0.0002625,2392.09,0.000388424,1,0.000999285,0.00301667,-0.0002625,3673.68
0,2807659,7,phononTS,0.000896635,0.00202679,-0.00199463,-0.000262498,3126.6,0.000382,1,0.00199518,-0.00199782,0.0002625,3277.41
0,2864603,6,phononL,0.000406919,-0.00100206,-0.000996156,0.0002625,422.38,0.000406919,1,-0.00021985,-0.00105476,-0.0002625,3704.42
0,2864603,4,phononTF,0.00115261,0.00274021,-0.000703205,0.000262498,99.9909,0.00115261,1,0.00307267,-0.000936732,-0.0002625,294.28
0,2869015,4,phononTF,0.00269802,0.00181138,0.000173257,-0.000116567,141.794,0.000382,1,0.00200435,-2.37296e-06,0.0002625,703.273
0,2873968,4,phononTS,0.000693499,0.00200297,-0.00199687,0.000262499,2242.05,0.000693499,1,0.00201361,-0.00252565,-0.0002625,2492.59
0,2879655,5,phononTF,0.00296601,0.00192333,7.90275e-05,-2.98044e-05,70.0229,0.000382,1,0.00200174,2.0144e-06,0.0002625,1995.47
0,2879655,7,phononTF,0.0021326,0.00200174,2.0144e-06,0.000262498,1995.47,0.00128035,1,0.00224758,-0.000218713,-0.0002625,2172.44
0,2879655,6,phononTF,0.000440671,0.00200174,2.0144e-06,0.000262498,1995.47,0.000440671,1,0.00158794,-0.000693323,-0.0002625,2285.63
0,2914427,3,phononTS,0.00167878,0.0020989,-0.00169411,-0.000194802,8.81797,0.001146,1,0.00200318,-0.00200148,0.0002625,711.667
0,2919902,3,phononTF,0.000698466,-0.000451319,-0.000112972,-0.0002625,6.34111,0.000382,1,0.000998339,0.00100017,0.0002625,2175.08
0,2925541,7,phononTF,0.000383311,0.00300461,0.000999002,0.000262498,4040.76,0.000383311,1,0.00376619,-0.00133095,-0.0002625,4787.51
0,2925541,3,phononTS,0.000382865,0.00277408,-0.000674268,0.000262498,6.20115,0.000382865,1,0.00272359,-0.000681442,-0.0002625,158.174
0,2934385,3,phononTF,0.000716919,0.00236939,-0.000341265,-0.0002625,142.635,0.000382,1,0.00199541,3.8102e-06,0.0002625,554.004
0,2934385,2,phononTS,0.00155859,0.00274337,-0.00068634,0.000262498,142.635,0.000766133,1,0.00265685,-0.000736432,-0.0002625,304.571
0,2937925,3,phononTS,0.0021846,0.00103088,-0.000776171,0.000155362,3.0761,0.000382,1,0.00100057,-0.000995909,0.0002625,1536.81
0,2937925,4,phononTF,0.0016466,0.00100057,-0.000995909,0.000262498,1536.81,0.000990309,1,0.000575047,-0.00150235,-0.0002625,1781.14
0,2945100,6,phononL,0.00067338,0.00213409,0.00174665,-0.0002625,433.782,0.000382,1,0.00200476,0.0019998,0.0002625,1470.96
0,2947462,5,phononTF,0.00238055,0.00222435,-0.000839257,1.82643e-05,91.8459,0.001146,1,0.00200043,-7.30148e-07,0.0002625,597.521
0,2951020,3,phononTS,0.00246066,0.00181917,-0.00223332,0.000201017,2.13905,0.000764,1,0.00200293,-0.00200444,0.0002625,1367.64
0,2951020,5,phononL,0.000511873,0.00200293,-0.00200444,0.000262498,1367.64,0.000511873,1,0.0017409,-0.00217241,-0.0002625,1485.08
0,2951020,4,phononTS,0.000659408,-0.00398252,0.005,-0.000102559,1367.64,0.000309224,1,-0.00371008,0.00444709,-0.0002625,4407.76
0,2951020,2,phononTS,0.000899499,0.00277679,-0.00067263,0.000262498,2.13905,0.000313104,1,0.00452428,5.90482e-05,-0.0002625,646.184
0,2952904,5,phononL,0.000482262,0.000666294,0.000647275,-0.0002625,1849.45,0.000382,1,0.00100364,0.000998647,0.0002625,2251.82
0,2953729,6,phononTS,0.00106616,0.00214506,-0.00012819,-0.0002625,1678.46,0.000382,1,0.00199693,-4.67118e-07,0.0002625,3198.25
0,2959955,8,phononTS,0.000668453,0.00199591,-0.00199651,0.000262499,2627.9,0.000550203,1,0.00124052,-0.00143749,-0.0002625,3005.4
0,2964878,8,phononTF,0.000469612,0.000999131,-0.00100114,0.000262498,4189.4,0.000469612,1,0.00107605,-0.000930173,-0.0002625,4340.27
0,2966862,7,phononL,0.000434452,0.000627724,-0.00175847,-0.0002625,2205.24,0.000382,1,-1.48109e-07,-0.00199948,0.0002625,2983.04
0,2979033,2,phononTF,0.00111211,0.00224394,0.000237522,-0.0002625,2.9849,0.000382,1,0.00199617,-4.92571e-06,0.0002625,1156.25
0,3012758,6,phononTF,0.000800919,0.00199534,-0.0020004,0.000262498,1476.57,0.000278232,1,0.00165672,-0.00231267,-0.0002625,1673.11
0,3034490,8,phononTS,0.000492372,5.85256e-05,0.00139243,-0.0002625,4747.73,0.000382,1,-4.9737e-06,0.00200314,0.0002625,5556.07
0,3037633,5,phononTF,0.00249838,0.00125709,-0.00296187,-0.000136211,161.856,0.000764,1,0.000998681,-0.00299983,0.0002625,1784.74
0,3037633,8,phononL,0.000402139,0.000998681,-0.00299983,0.000262499,1784.74,0.000402139,1,0.000687611,-0.00321357,-0.0002625,1907.27
0,3058100,4,phononL,0.00100029,-0.000375896,-0.000942842,-0.0002625,246.615,0.000382,1,-0.000996851,-0.0010012,0.0002625,1139.9
0,3058100,8,phononTF,0.000546564,-0.000996851,-0.0010012,0.000262498,1139.9,0.000546564,1,-0.00131941,-0.000699109,-0.0002625,1333.26
0,3066830,3,phononTF,0.00209195,0.00242612,-0.000398275,-0.0002625,25.8139,0.000764,1,0.00199937,1.48891e-06,0.0002625,447.318
0,3074932,6,phononTF,0.0024612,0.0013357,-0.000760793,-0.00012451,49.6157,0.000382,1,0.000996224,-0.000999556,0.0002625,1825.29
0,3075500,4,phononTF,0.000521755,0.00239485,-0.000348518,-0.0002625,45.0649,0.000382,1,0.00200068,-4.98696e-06,0.0002625,471.549
0,3076377,9,phononTS,0.00252271,0.00300302,0.000994752,9.38503e-05,45.0008,0.000764,1,0.00300115,0.00100028,0.0002625,2253.85
0,3107494,6,phononTS,0.000463424,1.43186e-06,-0.00200103,0.0002625,642.728,0.000463424,1,-0.00102029,-0.0022613,-0.0002625,2241.39
0,3107494,3,phononTS,0.00115845,0.00245235,-0.000355073,-0.000225381,4.46672,0.000326212,1,0.00244286,-0.000331364,-0.0002625,210.349
0,3108749,5,phononTS,0.00113229,-0.00321268,0.00111014,-0.0002625,146.001,0.000382,1,-3.73538e-06,-0.00200244,0.0002625,5123.6
0,3119287,5,phononTF,0.000551453,0.00072215,0.00126589,-0.000262498,921.643,0.000382,1,0.000997949,0.000998841,0.0002625,1104.93
0,3125306,5,phononTF,0.00252828,0.00200201,-2.29676e-06,0.0002625,4.87763,0.000225293,1,0.00169155,0.000292426,-0.0002625,657.826
0,3125816,6,phononTF,0.000496942,0.000322258,0.00164769,-0.0002625,316.226,0.000382,1,-0.000997721,0.00300199,0.0002625,1975.37
0,3139533,2,phononTF,0.000484563,0.00236376,-0.000339117,-0.0002625,62.235,0.000382,1,0.00200086,9.22435e-07,0.0002625,469.412
0,3139979,4,phononL,0.00151427,0.00188539,-0.000840647,-0.0002625,2.97345,0.000382,1,0.00100061,-0.00100305,0.0002625,385.991
0,3139979,5,phononL,0.000639182,0.00100061,-0.00100305,0.000262498,385.991,0.000639182,1,0.00119942,-0.00142657,-0.0002625,517.167
0,3154689,2,phononL,0.00209988,0.000857252,-0.00256616,-0.000200711,0.976163,0.001146,1,0.000998818,-0.0030024,0.0002625,2238.15
0,3159009,5,phononTF,0.00234524,0.000948359,-0.00304103,-8.49612e-05,221.609,0.000764,1,0.00100389,-0.00299716,0.0002625,1235.87
0,3159009,8,phononL,0.000549676,0.00100389,-0.00299716,0.000262498,1235.87,0.000549676,1,0.00153501,-0.000824181,-0.0002625,1673.1
0,3159009,7,phononTF,0.000462595,0.00100389,-0.00299716,0.000262498,1235.87,0.000462595,1,0.000935793,-0.00315983,-0.0002625,1395.47
0,3164568,8,phononTS,0.00126118,0.00199922,-1.69683e-07,0.0002625,1506.63,0.000488746,1,0.00116525,5.50373e-06,-0.0002625,2670.17
0,3171608,3,phononTS,0.00297155,0.00199182,1.19318e-05,0.00019578,12.7848,0.000382,1,0.00199655,3.65577e-06,0.0002625,1777.07
0,3171608,4,phononTS,0.00210724,0.00190014,5.31835e-05,-0.000213758,1777.07,0.00108466,1,0.00208227,-2.63303e-05,-0.0002625,1992.87
0,3175286,9,phononTF,0.000528004,0.00190897,-0.00189285,-0.0002625,2713.78,0.000382,1,0.00200346,-0.00199656,0.0002625,3173.17
0,3203358,6,phononTF,0.00221676,0.00271756,0.000702477,-0.000111784,36.6718,0.000764,1,0.00299794,0.00100162,0.0002625,1181.14
0,3209869,5,phononTS,0.00210481,-0.000255873,-0.000145152,4.2299e-05,5.59478,0.000382,1,4.03181e-06,4.70999e-06,0.0002625,1896
0,3212735,4,phononL,0.00276759,0.00202864,-0.000861422,-0.0002625,88.4744,0.000764,1,0.00199978,-0.00200136,0.0002625,1843.09
0,3212735,6,phononTS,0.000965024,0.00199978,-0.00200136,0.000262498,1843.09,0.000833232,1,0.00227423,-0.00205338,-0.0002625,2037.64
0,3217257,7,phononTS,0.000435344,0.00299908,0.000137807,-0.0002625,1228.58,0.000382,1,0.00299849,0.00100382,0.0002625,2051.61
0,3258452,5,phononTS,0.000391375,0.00100054,-0.00100191,0.0002625,429.544,0.000391375,1,-0.000209959,-0.00132655,-0.0002625,1340.95
0,3258452,2,phononTF,0.00177439,0.00151116,0.000574717,9.6143e-06,51.2651,0.00105675,1,0.0022893,-0.000314185,-0.0002625,888.235
0,3261605,7,phononTS,0.000565718,-0.00196573,0.000373178,-0.0002625,712.121,0.000382,1,-0.00200437,1.96158e-07,0.0002625,5349.79
0,3282973,3,phononTS,0.0025546,0.0020382,-0.000167722,7.87175e-05,31.7655,0.000764,1,0.00200349,1.93702e-06,0.0002625,585.111
0,3282973,4,phononTS,0.000820527,0.00200349,1.93702e-06,0.000262498,585.111,0.000820527,1,0.00200291,-1.33107e-05,-0.0002625,734.892
0,3284854,2,phononTF,0.0012692,0.00199578,2.93099e-06,0.0002625,21.1293,0.000898359,1,0.00152431,0.000457181,-0.0002625,686.446
0,3287137,4,phononTS,0.000615274,0.00238623,-0.000341432,-0.0002625,48.8876,0.000382,1,0.00199555,3.4485e-06,0.0002625,581.788
0,3290687,6,phononTF,0.000538171,0.0019965,-0.00199816,0.0002625,73.0487,0.000538171,1,0.00178473,-0.00222626,-0.0002625,1584.78
0,3296475,5,phononTS,0.000410531,0.00199566,-2.74411e-06,0.0002625,427.815,0.000410531,1,0.00200549,-1.91513e-05,-0.0002625,743.804
0,3299208,14,phononL,0.000473951,0.00199612,1.07414e-06,0.000262498,478.114,0.000473951,1,0.00115229,-0.000456805,-0.0002625,686.904
0,3304708,6,phononL,0.000392602,-0.000280084,-0.000645929,-0.0002625,5330.23,0.000382,1,-0.000998781,-0.000999617,0.0002625,8165.35
0,3304708,2,phononTF,0.00172297,0.00277265,-0.000672886,0.000262498,3.14533,0.00137789,1,0.00272104,-0.000717717,-0.0002625,152.515
0,3343062,3,phononTF,0.00142909,0.00213263,-0.000118642,-0.0002625,81.3451,0.000382,1,0.00200134,-4.89037e-07,0.0002625,1017.47
0,3343062,6,phononTF,0.000565276,0.00200134,-4.89037e-07,0.000262498,1017.47,0.000415773,1,0.00183753,-0.000167798,-0.0002625,1180.1
0,3344183,3,phononL,0.000674335,0.00138458,-0.000334922,-0.0002625,11.0663,0.000382,1,-1.13514e-07,4.21253e-06,0.0002625,582.73
0,3373416,7,phononTF,0.00191388,0.00218661,-0.00181726,-0.0002625,1231.84,0.000764,1,0.00199644,-0.00199701,0.0002625,1423.58
0,3373416,12,phononTS,0.000562634,0.00199644,-0.00199701,0.000262498,1423.58,0.000562634,1,0.00244285,-0.00197733,-0.0002625,1659.34
0,3392031,3,phononTS,0.00260818,0.00191653,-0.00211903,9.85452e-05,19.5611,0.001146,1,0.00199877,-0.00200375,0.0002625,1245.54
0,3394805,13,phononTF,0.00055882,0.00174199,0.00023357,-0.000262498,4280.25,0.000382,1,0.00199577,2.99372e-06,0.0002625,4456.69
0,3394805,4,phononTF,0.000406573,0.0027544,-0.000683199,0.000262498,34.3869,0.000406573,1,0.00234098,-0.000275723,-0.0002625,256.571
0,3417417,8,phononTS,0.00213664,0.00134924,-0.000362413,-0.0002625,73.7522,0.000382,1,3.54917e-07,-4.62173e-06,0.0002625,1066.02
0,3419654,5,phononTF,0.000437073,0.00280543,-0.000843834,-0.000262498,262.519,0.000382,1,0.00199564,-4.1494e-06,0.0002625,625.404
0,3424085,7,phononL,0.00039492,0.00162042,-0.00114505,-0.0002625,1124.56,0.000382,1,0.000999208,-0.000996053,0.0002625,1878.52
0,3432104,7,phononTS,0.000779571,0.00204463,-0.00200571,-0.000262498,2097.44,0.000382,1,0.00199564,-0.00199823,0.0002625,2249.13
0,3461361,6,phononTF,0.000519923,-0.00232647,-0.00166272,-0.0002625,4820.35,0.000382,1,-0.00200314,-0.00200423,0.0002625,5416.61
0,3461361,3,phononTF,0.00180642,0.00277431,-0.000677497,0.000262498,8.31392,0.00152625,1,0.00245321,-0.000344394,-0.0002625,205.491
0,3465682,3,phononTS,0.00140697,0.00188693,-0.000832138,-0.0002625,3.9826,0.000764,1,0.000999737,-0.0009977,0.0002625,706.26
0,3469602,6,phononTF,0.000968197,0.00238396,-0.000356593,-0.0002625,38.9328,0.000382,1,0.0020027,-2.74321e-06,0.0002625,454.927
0,3472714,7,phononTS,0.000674818,3.9903e-06,0.00200291,0.000262498,4634.71,0.000674818,1,0.000270027,0.00175243,-0.0002625,4862.8
0,3509776,3,phononTF,0.00202504,0.000556769,-0.00250841,-0.0002625,8.85125,0.000764,1,7.81112e-07,-0.00199558,0.0002625,1574.75
0,3512679,4,phononTS,0.000728871,0.000529195,-0.000444616,-0.0002625,381.117,0.000382,1,2.98948e-06,-1.37962e-06,0.0002625,2620.8
0,3526490,3,phononTF,0.00259048,0.00213359,8.81218e-05,4.24171e-05,11.6102,0.000764,1,0.0019972,-4.91946e-06,0.0002625,596.44
0,3526490,5,phononTS,0.00142857,0.00128858,-0.000612546,-0.000165952,596.44,0.00084023,1,0.0010856,-0.000183493,-0.0002625,1124.11
0,3544064,9,phononTF,0.000752237,0.00100019,-0.00099963,0.000262498,4405.53,0.000595632,1,0.00143012,-0.00141695,-0.0002625,4630.01
0,3550550,3,phononTF,0.00134233,0.00164659,-0.000332459,-0.0002625,8.72851,0.000382,1,0.00199725,-2.40276e-06,0.0002625,1254.32
0,3637477,4,phononTS,0.00107781,0.00200391,-2.80534e-06,0.0002625,156.034,0.000962736,1,0.00116042,5.31078e-05,-0.0002625,1089.99
0,3638391,9,phononTF,0.000848638,0.00237618,-0.000344805,-0.0002625,15.9833,0.000382,1,0.00200477,-3.0311e-06,0.0002625,425.681
0,3645108,3,phononTF,0.00303487,0.00198746,-0.00201056,0.000232701,6.32239,0.000764,1,0.00200193,-0.00199619,0.0002625,1563.06
0,3645108,5,phononTS,0.000407156,0.00200193,-0.00199619,0.000262498,1563.06,0.000407156,1,0.00244076,-0.00309483,-0.0002625,1996.77
0,3661700,7,phononTF,0.000425749,-1.19897e-06,-3.39704e-08,0.000262498,1573.04,0.000425749,1,-0.000253619,0.000240498,-0.0002625,1750.61
0,3661700,2,phononTS,0.000582662,0.0027733,-0.000686316,0.000262498,10.7712,0.000582662,1,0.00480402,-0.00258347,-0.0002625,862.691
0,3664691,5,phononTS,0.00276194,0.0026072,-0.000560111,-5.57705e-05,1356.78,0.000382,1,0.00100054,0.000998567,0.0002625,2995.6
0,3664691,6,phononTF,0.00174222,0.00126376,0.000885863,7.52136e-05,2995.6,0.00144432,1,0.000748822,0.00152726,-0.0002625,3417.79
0,3668280,6,phononTF,0.000586439,0.00249408,-0.000396138,-0.0002625,1872.36,0.000382,1,0.00199715,-6.23897e-07,0.0002625,2852.64
0,3673427,9,phononTF,0.000859792,0.00272869,0.00404612,7.23639e-05,479.38,0.000635699,1,0.0034009,0.00472616,-0.0002625,2302.51
0,3677254,3,phononTF,0.00283717,0.0020659,6.36711e-05,0.000110353,6.18337,0.000764,1,0.00200261,-7.85257e-07,0.0002625,2633.57
0,3680632,4,phononTF,0.000459198,0.00199898,-0.00200105,0.0002625,2460.11,0.000459198,1,0.00178631,-0.00228772,-0.0002625,3244.77
0,3680632,2,phononTS,0.00054035,0.00276565,-0.000673697,0.000262498,8.10462,0.00054035,1,0.0020836,0.000961076,-0.0002625,614.654
0,3680790,5,phononTS,0.00059669,0.0030471,0.000726116,-0.000262498,933.768,0.000382,1,0.00300379,0.00100226,0.0002625,1128.87
0,3680790,3,phononTS,0.00118052,0.00224718,-0.00112945,0.00011425,27.5009,0.00118052,1,0.00225421,-0.00182589,-0.0002625,516.771
0,3685386,5,phononTS,0.00147401,0.00200445,-1.96582e-07,0.000262498,529.983,0.000265596,1,0.00243745,-0.00043423,-0.0002625,820.25
0,3685386,6,phononTF,0.00087629,0.00134066,-0.005,-0.000141156,820.25,0.00087629,1,0.000740229,-0.00320877,-0.0002625,2702.64
0,3707465,6,phononTF,0.000452541,0.00200297,-0.00199688,0.0002625,255.716,0.000452541,1,0.0022506,-0.00223601,-0.0002625,1097.39
0,3712133,4,phononTF,0.000803956,0.00200257,-0.00199947,0.0002625,10.7897,0.000803956,1,0.00129019,-0.002675,-0.0002625,3777.2
0,3712133,3,phononTF,0.00131187,0.00276574,-0.000678353,0.000262498,10.7897,0.000999695,1,0.00303689,-0.000595406,-0.0002625,188.646
0,3712133,2,phononTS,0.000524156,0.00276574,-0.000678353,0.000262498,10.7897,0.000524156,1,0.00321907,-0.000668346,-0.0002625,247.374
0,3717346,3,phononTS,0.00299787,0.000911071,-0.00297898,-8.75688e-05,13.9252,0.000764,1,0.00100414,-0.00300291,0.0002625,4154.18
0,3720759,2,phononTS,0.00290371,0.00223986,-7.82133e-05,0.000119386,28.3217,0.000382,1,0.00200423,-1.52704e-06,0.0002625,2052.04
0,3736877,8,phononTF,0.00107033,0.00218959,-0.000167521,-0.0002625,374.205,0.000382,1,0.00200496,7.41046e-07,0.0002625,865.363
0,3739374,5,phononTF,0.000596997,-3.72559e-07,-2.46204e-06,0.0002625,2708.45,0.000596997,1,-0.000246334,-0.000239363,-0.0002625,3062.18
0,3741492,4,phononL,0.000414475,0.00199932,-4.13766e-07,0.0002625,934.283,0.000414475,1,0.0020478,0.000265481,-0.0002625,1163.94
0,3762931,7,phononTS,0.00262382,0.00199935,-4.43141e-06,0.0002625,1582.98,0.00152838,1,0.00204862,-7.07856e-06,-0.0002625,2358.55
0,3773546,8,phononTS,0.000490947,0.000949962,0.00105664,-0.000262498,846.728,0.000382,1,0.000996379,0.00100108,0.0002625,1002.96
0,3775988,5,phononL,0.000433061,0.000995755,-0.00299514,0.0002625,384.974,0.000433061,1,0.000538942,-0.00326096,-0.0002625,948.747
0,3775988,3,phononTS,0.0011473,0.00277066,-0.000689051,0.000262498,11.8718,0.000624076,1,0.00343011,-0.000467672,-0.0002625,317.444
0,3781101,7,phononTF,0.000905561,0.00229222,0.000402852,-0.000262498,465.046,0.000382,1,0.00199663,-4.82872e-06,0.0002625,678.666
0,3785834,6,phononL,0.000663009,0.0012253,-0.00151777,-0.0002625,5989.18,0.000382,1,0.000996879,-0.000998629,0.0002625,7695.99
0,3787651,7,phononL,0.00101367,0.00199512,3.54323e-06,0.000262498,672.682,0.000516104,1,0.00217148,-0.000554941,-0.0002625,817.699
0,3790689,5,phononTF,0.000652152,0.0018259,-0.00192642,-0.000262498,2996.37,0.000382,1,0.000995775,-0.00100361,0.0002625,3381.2
0,3791468,4,phononTS,0.00228195,0.00288937,0.000163085,-0.0002625,14.1769,0.000382,1,0.00299974,0.000996086,0.0002625,662.301
0,3791468,5,phononTF,0.0014534,0.00299974,0.000996086,0.000262498,662.301,0.00117279,1,0.00308665,0.000915657,-0.0002625,813.992
0,3805382,4,phononTS,0.00276746,0.00175434,-0.00182701,0.000128055,2.08433,0.000382,1,0.00199808,-0.00199537,0.0002625,1920.95
0,3833724,4,phononTF,0.000651013,0.00214704,-0.000132367,-0.0002625,162.941,0.000382,1,0.00200438,-2.52939e-06,0.0002625,950.702
0,3843194,6,phononTF,0.000853805,0.00175578,7.10671e-05,-0.0002625,603.264,0.000382,1,0.00199745,7.8309e-07,0.0002625,1119.58
0,3853493,8,phononL,0.000488996,-0.000996338,0.00100137,0.0002625,9317.38,0.000488996,1,-0.00116086,0.0010256,-0.0002625,9759.13
0,3904473,3,phononTF,0.00298051,0.00203492,3.50751e-05,0.000172271,3.43428,0.000764,1,0.00200395,4.48707e-06,0.0002625,583.643
0,3904473,5,phononTS,0.000395832,0.00200395,4.48707e-06,0.000262498,583.643,0.000395832,1,0.00200793,0.000717781,-0.0002625,881.759
0,3904473,4,phononTF,0.00101293,0.00200395,4.48707e-06,0.000262498,583.643,0.000663495,1,0.0014504,0.000560752,-0.0002625,851.152
0,3904473,2,phononTS,0.000396789,0.0027713,-0.00067387,0.000262498,3.43428,0.000396789,1,0.00280062,-0.000731888,-0.0002625,151.573
0,3910854,10,phononTF,0.001634,0.00244067,-0.0024309,-0.000190609,165.35,0.000764,1,0.00200464,-0.00199885,0.0002625,1058.85
0,3930818,6,phononTF,0.00102932,0.00200321,-4.41499e-06,0.000262498,538.125,0.00076449,1,0.00157,0.0011824,-0.0002625,958.759
0,3930818,3,phononTF,0.000504027,0.00277116,-0.000689995,0.000262498,8.44215,0.000504027,1,0.00350728,-0.0014101,-0.0002625,334.65
0,3930818,2,phononL,0.000879556,0.00277116,-0.000689995,0.000262498,8.44215,0.000879556,1,0.00269615,-0.00122563,-0.0002625,146.938
0,3937284,4,phononTS,0.00208772,0.00018885,-3.08778e-05,-6.6297e-05,47.83,0.000764,1,4.63644e-06,1.64486e-06,0.0002625,1110.63
0,3941929,9,phononL,0.00105026,0.000135703,-0.000839038,-0.0002625,534.47,0.000382,1,-0.00100181,-0.00100342,0.0002625,1234.45
0,3943099,2,phononTS,0.00221526,0.00198871,-3.10138e-07,0.0001674,34.1604,0.000382,1,0.00199825,3.9e-06,0.0002625,397.594
0,3943099,10,phononTS,0.000974701,0.00199825,3.9e-06,0.000262498,397.594,0.000974701,1,0.00202253,0.000736203,-0.0002625,697.196
0,3951569,8,phononTS,0.000702386,0.00108689,0.00074616,-0.000262498,978.567,0.000382,1,0.000996202,0.00100409,0.0002625,1182.28
0,3971637,13,phononTS,0.00110245,0.000434209,0.000968978,-0.000262499,4717.83,0.000382,1,-3.13368e-06,0.00199822,0.0002625,5129.05
0,3978210,10,phononTS,0.000531515,0.00198744,0.000105555,-0.0002625,2635.65,0.000382,1,0.00200369,5.28725e-07,0.0002625,3136.59
0,3982911,3,phononTS,0.00292443,0.00199194,-0.00199252,0.000164587,2.13072,0.000764,1,0.00200084,-0.00200132,0.0002625,503.669
0,3982911,5,phononTF,0.000838282,0.00200084,-0.00200132,0.000262498,503.669,0.000838282,1,0.0022981,-0.00167279,-0.0002625,700.259
0,3993183,4,phononTF,0.000744829,0.00132589,-0.00096927,-0.0002625,6.01988,0.000382,1,0.000996513,-0.00100424,0.0002625,1607.21
0,3993183,3,phononTF,0.000792113,0.00277892,-0.000668604,0.000262498,6.01988,0.000792113,1,0.0030236,-0.000912129,-0.0002625,183.869
0,3993183,2,phononTS,0.00225344,0.00277892,-0.000668604,0.000262498,6.01988,0.00156101,1,0.00281339,-0.000551775,-0.0002625,173.427
0,4015642,6,phononTS,0.000645426,0.00237706,-0.000328886,-0.0002625,58.136,0.000382,1,0.00199958,3.39491e-06,0.0002625,581.772
0,4027481,4,phononTF,0.00115644,-0.00037319,0.0023801,-0.0002625,27.3814,0.000764,1,-0.00100206,0.00299553,0.0002625,1759.89
0,4044177,6,phononTF,0.00045185,0.00280288,-0.000722903,-0.000262498,923.194,0.000382,1,0.0020037,-0.00199612,0.0002625,1391.35
0,4045927,3,phononTF,0.00239534,-0.00212465,-0.00013732,-0.000197274,17.3249,0.000764,1,-0.00199561,2.77146e-06,0.0002625,2616.71
0,4070338,5,phononTF,0.000837932,0.00169568,0.000279792,-0.000262498,2270.3,0.000382,1,0.00199667,1.98743e-06,0.0002625,2457.72
0,4073499,4,phononTS,0.000503271,0.00199774,-0.00199691,0.0002625,290.335,0.000503271,1,0.00197183,-0.00209902,-0.0002625,1606.37
0,4081213,7,phononTS,0.00051466,0.00199943,3.95494e-06,0.0002625,2065.64,0.00051466,1,0.00173812,5.31074e-05,-0.0002625,2465.16
0,4100357,5,phononTS,0.000672779,0.000996571,-0.00299706,0.0002625,667.13,0.000585424,1,0.00134203,-0.00255734,-0.0002625,1507.23
0,4102750,4,phononTS,0.00209768,0.00188582,-0.000837444,-0.0002625,4.54194,0.000382,1,0.000997105,-0.000997526,0.0002625,678.139
0,4112850,7,phononL,0.000419176,1.02215e-05,0.00049081,-0.000262498,1131.12,0.000382,1,-4.97008e-06,1.8397e-07,0.0002625,1263.76
0,4115236,6,phononTS,0.000763314,0.00100306,-0.00100227,0.0002625,855.555,0.000763314,1,0.00105369,-0.00104933,-0.0002625,1149.25
0,4134575,6,phononTF,0.000572211,0.0019997,-1.87077e-06,0.000262498,779.119,0.000572211,1,0.00334385,0.00152659,-0.0002625,1377.6
0,4134575,2,phononTS,0.0013612,0.00277259,-0.000673459,0.000262498,2.14398,0.000829469,1,0.00274594,-0.000328185,-0.0002625,211.654
0,4163224,6,phononTF,0.000489902,0.00223171,0.000217462,-0.000262498,428.144,0.000382,1,0.0020033,4.92086e-06,0.0002625,600.145
0,4169741,3,phononTS,0.00134328,0.00300077,0.000995196,0.0002625,9.25287,0.000838497,1,0.00371299,-0.000221707,-0.0002625,1143.16
0,4184153,5,phononTF,0.000463256,0.00196988,-0.00203225,-0.0002625,292.905,0.000382,1,0.00200131,-0.00199654,0.0002625,1173.28
0,4184172,2,phononTS,0.000424973,0.00188849,-0.000836556,-0.0002625,4.49657,0.000382,1,0.00100373,-0.000998489,0.0002625,714.035
0,4196056,2,phononTS,0.00419762,0.00199562,1.6892e-06,0.000244604,3.69136,0.000382,1,0.00199536,-2.33959e-07,0.0002625,606.416
0,4207179,5,phononTS,0.00213425,0.002356,-0.000345421,0.000237808,219.798,0.001146,1,0.00200037,-3.4368e-06,0.0002625,1146.26
0,4207179,4,phononL,0.00128193,0.00277457,-0.000625873,0.000262498,219.798,0.00128193,1,0.00228753,-1.66354e-06,-0.0002625,400.608
0,4209302,10,phononTS,0.00069816,0.00119132,-0.0010597,-0.000262498,1376.05,0.000382,1,0.000997639,-0.00100284,0.0002625,1564.39
0,4219268,5,phononTS,0.000482048,0.00100112,0.000999548,0.0002625,1068.49,0.000482048,1,0.000942265,0.0009661,-0.0002625,1384.92
0,4248252,2,phononTS,0.00178773,0.00195463,0.000107497,-0.0002625,159.581,0.000764,1,0.00200382,-2.85748e-06,0.0002625,966.652
0,4257437,4,phononTF,0.000844349,0.00211797,-0.000108813,-0.0002625,120.271,0.000382,1,0.00199688,1.1099e-06,0.0002625,1053.81
0,4269099,4,phononTF,0.00241128,0.00319499,0.000789274,-0.000146425,29.3449,0.000382,1,0.00299692,0.00100274,0.0002625,3656.98
0,4274400,4,phononTF,0.00231689,0.00126116,-0.00117593,-0.0002625,7.86124,0.000764,1,0.000999647,-0.00100288,0.0002625,1411.09
0,4282532,5,phononTS,0.00154476,0.00157279,-7.21167e-05,5.87788e-06,112.017,0.000382,1,0.000999762,0.000999704,0.0002625,942.893
0,4288204,2,phononTS,0.000425069,0.00288556,0.000160312,-0.0002625,5.0474,0.000382,1,0.00299635,0.000998146,0.0002625,681.473
0,4289684,3,phononL,0.00255883,0.00238715,-0.00133019,-0.0002625,19.8917,0.000764,1,0.00200349,-0.0019987,0.0002625,371.357
0,4307605,3,phononL,0.000802481,-0.000374392,0.000717025,-0.0002625,20.2802,0.000382,1,-0.00100226,0.000995706,0.0002625,984.882
0,4317451,3,phononTF,0.000415776,0.00238911,-0.000329233,-0.0002625,58.8535,0.000382,1,0.00199513,-4.4549e-06,0.0002625,482.962
0,4352609,5,phononTF,0.000672614,4.39398e-07,-0.00199938,0.000262498,7279.01,0.000461874,1,-0.00023622,-0.00225096,-0.0002625,7456.2
0,4352609,2,phononTS,0.0010958,0.00277469,-0.000677039,0.000262498,2.17949,0.0010958,1,0.003824,-0.0012859,-0.0002625,454.156
0,4353778,3,phononTF,0.00226453,0.00209113,9.0498e-05,0.00014138,24.3292,0.000382,1,0.00199787,-4.49396e-06,0.0002625,637.469
0,4356702,3,phononL,0.00232218,-0.000966998,-0.000443169,-0.000107012,7.5827,0.000382,1,-0.000996083,-0.000998229,0.0002625,4526.53
0,4356702,5,phononTF,0.000439471,-0.000996083,-0.000998229,0.000262498,4526.53,0.000439471,1,-0.000752845,-0.00130096,-0.0002625,4715.11
0,4356702,4,phononTF,0.000799344,-0.000996083,-0.000998229,0.000262498,4526.53,0.000799344,1,-0.00093847,-0.0008275,-0.0002625,4687.1
0,4356702,2,phononTS,0.00127961,0.00277086,-0.000672539,0.000262498,7.5827,0.000426606,1,0.00354375,-0.000583748,-0.0002625,316.826
0,4377656,3,phononTF,0.00164165,0.000698435,0.00133511,-0.0002625,25.4939,0.000764,1,-1.28598e-06,0.00199955,0.0002625,1262.46
0,4391451,6,phononTS,0.000838758,0.00268273,-0.000609075,-0.0002625,1430.99,0.000382,1,-2.81664e-06,-0.00200137,0.0002625,2719.11
0,4393890,5,phononTS,0.000562595,0.000989244,-0.000975148,-0.000262498,4059.37,0.000382,1,0.00100443,-0.000999464,0.0002625,4215.86
0,4397661,5,phononTS,0.00145753,0.00288714,0.00015283,-0.0002625,68.8508,0.000382,1,0.0030048,0.000996918,0.0002625,722.413
0,4397661,6,phononTF,0.000836457,0.0030048,0.000996918,0.000262498,722.413,0.000836457,1,0.00291104,0.00109966,-0.0002625,875.448
0,4406071,6,phononTF,0.000405831,0.00143809,-0.00140444,-0.0002625,500.484,0.000382,1,0.0010017,-0.00100008,0.0002625,1309.66
0,4408887,4,phononTS,0.000385479,1.16152e-05,3.16102e-05,-0.0002625,1707.63,0.000382,1,-5.21795e-07,1.6233e-07,0.0002625,2255.9
0,4408887,2,phononTF,0.00100485,0.00276656,-0.000684928,0.000262498,13.7365,0.000658162,1,0.00369946,-0.00327378,-0.0002625,841.525
0,4412880,4,phononL,0.00255199,-0.00113354,-0.0016889,-0.000200126,2.28979,0.000382,1,-0.00100104,-0.000997141,0.0002625,4625.32
0,4412880,5,phononL,0.00190285,-0.00100104,-0.000997141,0.000262498,4625.32,0.00143777,1,-0.00119739,-0.0014184,-0.0002625,4756.15
0,4420498,6,phononTF,0.000430686,0.00299582,0.00100079,0.0002625,972.679,0.000430686,1,0.00358471,0.00226139,-0.0002625,1869
0,4420498,2,phononTF,0.000876141,0.00278434,-0.000676699,0.000262498,12.8789,0.000773705,1,0.00267454,-0.000730368,-0.0002625,166.349
0,4423382,4,phononTS,0.00194876,0.000578987,-0.0016841,-0.000165133,56.7459,0.00168751,1,0.000548917,-0.0016791,-0.0002625,1589.62
0,4423382,2,phononTS,0.0021487,0.00278161,-0.000664193,0.000249129,26.5437,0.00110836,1,0.00191897,-0.00196752,-0.0002625,553.062
0,4434250,12,phononTF,0.000619376,0.000857133,0.000852426,-0.0002625,1037.36,0.000382,1,0.00100493,0.000997346,0.0002625,2371.01
0,4447709,5,phononTF,0.00258273,0.00211297,-0.000110118,-0.0002625,3.31244,0.000382,1,0.00199771,-4.25189e-06,0.0002625,1487.12
0,4447895,7,phononTS,0.000641602,-0.00206246,0.000544487,-0.0002625,1520.84,0.000382,1,-0.00199862,-1.86696e-06,0.0002625,7978.22
0,4474857,5,phononTS,0.00168516,0.000379937,-0.00034178,-0.0002625,72.7728,0.000382,1,-0.00200163,8.46219e-07,0.0002625,1820.6
0,4479101,4,phononTS,0.00266828,0.00196887,-0.00228371,7.73771e-05,474.254,0.001146,1,0.0020045,-0.00199604,0.0002625,2014.18
0,4479101,5,phononTF,0.000416142,0.0020045,-0.00199604,0.000262498,2014.18,0.000416142,1,0.00168897,-0.00220266,-0.0002625,2203.92
0,4479730,6,phononTS,0.000667086,4.8192e-06,-0.00200239,0.000262498,3119.93,0.000667086,1,4.6292e-05,-0.00151041,-0.0002625,3362.16
0,4480030,5,phononTS,0.00277087,0.00252833,-0.000352702,-0.000133907,31.7438,0.000382,1,0.00200346,7.62164e-07,0.0002625,1041.2
0,4483211,3,phononTF,0.0025993,0.00122065,-0.00269891,0.000247219,3.69672,0.000764,1,0.0010022,-0.00299647,0.0002625,2202.23
0,4492712,6,phononTF,0.00237809,0.000993641,-0.00299778,0.00024732,316.369,0.000382,1,0.00100136,-0.00300491,0.0002625,3876.4
0,4492712,9,phononTF,0.000544671,0.00100136,-0.00300491,0.000262498,3876.4,0.000544671,1,0.00131674,-0.00334864,-0.0002625,4073.95
0,4492726,8,phononTF,0.000427753,0.000998322,-0.001001,0.000262498,1561.78,0.000427753,1,0.000838545,-0.00116069,-0.0002625,1722.88
0,4497295,5,phononTF,0.000751467,0.00172898,0.000273954,-0.000262498,712.367,0.000382,1,0.00200069,-4.12759e-06,0.0002625,896.486
0,4497533,8,phononTF,0.000401916,0.00207207,-7.56095e-05,-0.0002625,1303.67,0.000382,1,0.00200023,3.09853e-07,0.0002625,2361.19
0,4542697,6,phononTS,0.000656581,-4.48578e-06,-0.00200347,0.0002625,1823.47,0.000656581,1,3.47411e-05,-0.00204777,-0.0002625,4574.57
0,4542697,3,phononTS,0.00183715,0.00278102,-0.000677926,0.000262498,3.6992,0.0013549,1,0.00272293,-0.000661724,-0.0002625,156.219
0,4544285,8,phononTS,0.000473608,0.00200322,3.34423e-06,0.0002625,457.117,0.000473608,1,0.00195579,5.47323e-05,-0.0002625,3338.54
0,4546222,11,phononTS,0.000824903,0.00300247,0.00100312,0.000262498,14212.7,0.000824903,1,0.00304291,0.00104197,-0.0002625,14369.2
0,4551892,3,phononTS,0.00267944,0.00298262,0.00100174,0.000161071,54.2941,0.001146,1,0.00300332,0.000997123,0.0002625,2613.22
0,4555724,3,phononTS,0.00074005,0.00288907,0.000167358,-0.0002625,23.2244,0.000382,1,0.00299544,0.00100291,0.0002625,673
0,4555724,2,phononTS,0.000945144,0.00278269,-0.000668189,0.000262498,23.2244,0.000712422,1,0.00293937,-0.000694197,-0.0002625,197.613
0,4558451,4,phononTF,0.00233507,0.00136535,0.00138367,-0.000157529,59.7711,0.00204344,1,0.0014595,0.00142759,-0.0002625,3730.12
0,4558451,3,phononTS,0.0016818,0.00276782,-0.00067304,0.000262498,59.7711,0.000818884,1,0.00272435,-0.000533678,-0.0002625,229.89
0,4594929,3,phononTF,0.00235457,0.00252867,0.000555143,-0.0002625,3.14984,0.000382,1,0.00299685,0.00100074,0.0002625,855.621
0,4613839,5,phononTS,0.00255289,0.00299516,0.000995782,0.000239965,2.43499,0.000764,1,0.00300326,0.0009994,0.0002625,897.388
0,4613839,7,phononTF,0.000568258,0.00300326,0.0009994,0.000262498,897.388,0.000568258,1,0.00304998,0.000933237,-0.0002625,1047.51
0,4624711,6,phononTS,0.000470319,0.00100266,0.00100263,0.000262498,1681.46,0.000470319,1,0.000336385,0.00120507,-0.0002625,1986.42
0,4633210,5,phononTF,0.000448246,0.0019953,2.10519e-06,0.0002625,433.451,0.000448246,1,0.00175216,0.000268512,-0.0002625,791.949
0,4633210,3,phononTS,0.000668067,0.00277138,-0.000673883,0.000262498,3.83574,0.000668067,1,0.00281844,-7.74581e-05,-0.0002625,270.093
0,4637679,5,phononTS,0.000511707,0.0019979,-0.00199987,0.000262498,622.144,0.000511707,1,0.00267335,-0.00328178,-0.0002625,1140.04
0,4637679,2,phononTF,0.00194673,0.00276504,-0.000675677,0.000262498,4.95575,0.00103646,1,0.00243763,-0.00101145,-0.0002625,203.994
0,4638265,2,phononL,0.00070091,0.00288611,0.000160446,-0.0002625,10.5793,0.000382,1,0.00299645,0.00100417,0.0002625,376.398
0,4666895,8,phononTF,0.000545049,0.00200461,-0.00199548,0.000262498,5144.48,0.000545049,1,0.00169414,-0.00401121,-0.0002625,5787.93
0,4703406,5,phononTF,0.000446544,-0.000759651,0.00294039,-0.0002625,465.85,0.000382,1,-0.00100013,0.00300024,0.0002625,2416.72
0,4703736,4,phononTS,0.00043901,4.77925e-05,-0.000187606,-0.0002625,2998.67,0.000382,1,1.81745e-06,-4.37268e-06,0.0002625,4241.5
0,4708462,2,phononTS,0.000849443,0.00288988,0.000158448,-0.0002625,6.54951,0.000382,1,0.00300444,0.000999212,0.0002625,658.56
0,4725462,5,phononTF,0.00277903,0.00104007,0.000962452,0.000175958,7.70317,0.000764,1,0.000997533,0.00100144,0.0002625,2091.91
0,4727570,6,phononTF,0.00063707,-0.00166407,0.00363269,-0.0002625,1161.07,0.000382,1,-0.000996756,0.00299946,0.0002625,4394.51
0,4739783,3,phononTF,0.00245584,0.00201094,-3.44935e-05,0.000207519,23.3673,0.000382,1,0.0019961,-2.74939e-06,0.0002625,567.87
0,4739783,4,phononTF,0.00149023,0.0019961,-2.74939e-06,0.000262498,567.87,0.000463686,1,0.0027406,-0.000777399,-0.0002625,904.679
0,4742586,9,phononTS,0.000472301,0.00202162,-0.00196277,-0.000262498,1681.2,0.000382,1,0.00199665,-0.00199502,0.0002625,1837.78
0,4748048,7,phononTF,0.000410335,0.00213251,-0.000121074,-0.0002625,131.546,0.000382,1,0.00199962,-6.84079e-08,0.0002625,1069.5
0,4748048,6,phononTS,0.000763106,0.00279698,-0.000726104,0.000262498,131.546,0.000504168,1,0.00291222,-0.000781194,-0.0002625,297.515
0,4753420,7,phononTS,0.00259314,0.00127795,-0.000894631,9.74924e-05,69.0487,0.000382,1,0.00100172,-0.00100027,0.0002625,1187.95
0,4759323,8,phononTF,0.00098229,0.00129284,0.000713585,-0.0002625,36.1306,0.000382,1,0.000998283,0.00100056,0.0002625,1167.3
0,4759323,9,phononTS,0.000530424,0.000998283,0.00100056,0.000262498,1167.3,0.000530424,1,0.00098673,0.0010229,-0.0002625,1323.89
0,4796850,5,phononTF,0.00291778,0.00200514,4.87426e-06,0.000205751,553.806,0.000764,1,0.00199643,-4.09418e-06,0.0002625,1881.58
0,4812192,4,phononTS,0.000796734,0.00099971,0.000995235,0.000262498,1145.83,0.000683747,1,0.00226453,0.00303747,-0.0002625,1943.68
0,4827230,6,phononTS,0.00278856,0.00219841,-0.00124808,-0.000127825,741.728,0.000382,1,0.00199851,-0.00200108,0.0002625,2081.98
0,4829345,4,phononTF,0.00068069,0.00235104,-0.000344506,-0.0002625,338.472,0.000382,1,0.00199548,3.03954e-06,0.0002625,749.333
0,4833920,7,phononTS,0.00107409,0.00188863,-0.000854037,-0.0002625,129.752,0.000382,1,4.12718e-06,-0.002,0.0002625,1465.6
0,4833920,8,phononTS,0.000614505,4.12718e-06,-0.002,0.000262498,1465.6,0.000614505,1,0.00345559,0.000571176,-0.0002625,2831.97
0,4834892,9,phononTS,0.000814518,-0.00200351,0.00199598,0.0002625,3249.98,0.000635503,1,-0.00206124,0.00195071,-0.0002625,4006.8
0,4869345,3,phononTF,0.00264426,0.00108334,0.000904938,0.000133545,164.128,0.000382,1,0.000995377,0.000998176,0.0002625,1509.56
0,4881663,4,phononTS,0.00167912,0.00316151,-0.000287217,-0.000235642,12.6343,0.000382,1,0.00199875,-0.00199753,0.0002625,911.248
0,4915712,7,phononTF,0.000655307,0.000891045,-0.000768549,-0.0002625,700.164,0.000382,1,0.000998371,-0.000998607,0.0002625,1206.02
0,4925820,10,phononTF,0.000505831,0.00178499,0.00177881,-0.0002625,1896.19,0.000382,1,0.00199894,0.0020007,0.0002625,2865.49
0,4928223,8,phononTS,0.000390213,0.00364819,0.000959942,-0.0002625,520.593,0.000382,1,0.00299824,0.000996704,0.0002625,5285.36
0,4955587,2,phononTF,0.000417189,0.00129447,0.000723034,-0.0002625,2.44987,0.000382,1,0.000998452,0.00100286,0.0002625,1126.84
0,4962499,6,phononTS,0.000872968,0.0010004,-0.000997952,0.000262498,395.512,0.000872968,1,0.00121626,-0.00197427,-0.0002625,778.992
0,4982285,3,phononTF,0.00262642,0.00138348,-0.0025845,-0.0002625,50.3497,0.000382,1,0.00100039,-0.00299594,0.0002625,1944.98
0,4982285,6,phononTS,0.00040994,0.00100039,-0.00299594,0.000262498,1944.98,0.00040994,1,0.00101997,-0.00301431,-0.0002625,2104.21
0,4990061,6,phononTS,0.000570055,0.00200161,-4.92485e-06,0.000262498,758.834,0.000570055,1,0.00122093,0.000174762,-0.0002625,1079.66
0,4990061,3,phononTS,0.00145638,0.00277121,-0.000674651,0.000262498,7.84061,0.000946541,1,0.00268194,-0.000472374,-0.0002625,201.446
0,4993259,6,phononTS,0.000869194,0.00200254,-2.20317e-06,0.000262498,1034.86,0.000869194,1,0.00194692,4.49244e-05,-0.0002625,1181.84
0,4993259,2,phononTS,0.000615627,0.00276521,-0.000699097,0.000262498,96.6677,0.000538489,1,0.00434654,-0.0010942,-0.0002625,691.475
0,4997696,5,phononL,0.00195357,-8.91577e-05,-0.00114437,0.000237214,6.33739,0.00110976,1,0.000972442,-0.00100506,-0.0002625,3503.44
0,5001089,8,phononTS,0.000444567,0.00100087,-0.00100399,0.000262498,1342.24,0.000444567,1,0.00105346,-0.000692,-0.0002625,1544.36
0,5001089,2,phononTS,0.00254706,0.00281221,-0.000695694,-0.000130524,8.47615,0.000400559,1,0.00282351,-0.000777883,-0.0002625,170.512
0,5001089,10,phononTF,0.000940066,-0.005,-0.000236729,5.18561e-05,170.512,0.000452915,1,-0.00483355,-0.000411112,-0.0002625,2534.14
0,5001178,2,phononTS,0.00070774,0.00312293,0.000187435,-0.0002625,195.742,0.000382,1,0.00299632,0.00100132,0.0002625,1154.44
0,5011293,6,phononTS,0.000388643,0.00195424,-0.00188794,-0.0002625,727.543,0.000382,1,0.00200279,-0.00199645,0.0002625,1208.66
0,5011293,4,phononTF,0.0020247,0.0028565,-0.000676667,0.000262498,115.152,0.0014908,1,0.00330791,-0.000208324,-0.0002625,353.01
0,5013467,8,phononTF,0.000446256,0.00100089,-0.00300051,0.000262498,1721.72,0.000446256,1,0.000244896,-0.00165896,-0.0002625,2203.62
0,5016916,7,phononL,0.00125463,0.00149854,-0.00245662,-0.0002625,565.071,0.000382,1,0.000997721,-0.00299803,0.0002625,1423.89
0,5016916,8,phononTS,0.000793087,0.000997721,-0.00299803,0.000262498,1423.89,0.000793087,1,0.00129321,-0.00296335,-0.0002625,1623.53
0,5022971,5,phononTF,0.00195476,-0.00112283,-0.000871626,-0.0002625,88.5486,0.000382,1,-0.000996965,-0.00100032,0.0002625,3429.95
0,5022971,6,phononTS,0.00104466,-0.000996965,-0.00100032,0.000262498,3429.95,0.000576617,1,-0.0010484,-0.00106,-0.0002625,3586.63
0,5030062,5,phononTF,0.000465708,-0.000971693,-0.00102231,-0.000262498,2828.21,0.000382,1,-0.0010018,-0.00100032,0.0002625,2976.64
0,5040006,4,phononL,0.000449107,0.00300129,0.00100346,0.000262498,941.483,0.000449107,1,0.00274114,0.00175028,-0.0002625,1117.73
0,5041243,3,phononTS,0.00275358,0.00199737,-3.1803e-05,0.000244986,4.6893,0.000382,1,0.00199896,7.99039e-07,0.0002625,400.673
0,5048636,5,phononTS,0.00157301,0.000995397,-0.000998739,0.0002625,12.3135,0.000468367,1,0.00121164,-0.00108096,-0.0002625,1177.12
0,5049581,3,phononTF,0.0021896,0.00245365,-0.000429257,-0.0002625,2.725,0.000382,1,0.00199878,2.4721e-07,0.0002625,545.078
0,5049581,4,phononTS,0.00111924,0.00199878,2.4721e-07,0.000262498,545.078,0.000765322,1,0.00192509,-0.000211103,-0.0002625,738.393
0,5049581,2,phononTS,0.00133361,0.00277456,-0.000671985,0.000262498,2.725,0.000810497,1,0.00295767,-0.000691053,-0.0002625,185.356
0,5051287,4,phononTS,0.000557797,0.000323397,0.00168587,-0.000204894,158.275,0.000557797,1,0.000317646,0.00167916,-0.0002625,1865.48
0,5059927,4,phononTS,0.00293601,0.000996171,0.000993607,0.000168464,25.2876,0.001146,1,0.000998194,0.000995281,0.0002625,939.997
0,5064622,5,phononTF,0.000709804,0.00241136,-0.000432675,-0.000262498,208.665,0.000382,1,0.00200196,2.55519e-06,0.0002625,432.579
0,5064888,4,phononTF,0.000794617,0.005,-0.00103056,1.47438e-05,1281.41,0.000382,1,0.00199807,4.44486e-06,0.0002625,2740.28
0,5068601,5,phononTF,0.00132583,0.00110158,-0.00110297,-0.0002625,114.984,0.000382,1,0.00100476,-0.00100147,0.0002625,1373.13
0,5068601,7,phononTS,0.000566874,0.00100476,-0.00100147,0.000262498,1373.13,0.000566874,1,0.00351455,0.000346475,-0.0002625,2298.05
0,5068840,4,phononTF,0.000592053,0.00210086,-9.6119e-05,-0.0002625,232.876,0.000382,1,0.00199668,-1.17696e-06,0.0002625,692.379
0,5074343,6,phononTS,0.00105288,0.00299694,0.00100241,0.000262498,660.113,0.00105288,1,0.00293624,0.000456626,-0.0002625,922.107
0,5080341,8,phononTS,0.00047194,-0.00444961,-0.000434239,-0.000262498,2898.48,0.000382,1,-0.00300062,-0.00100205,0.0002625,3441.57
0,5094755,5,phononTS,0.00198788,0.00122245,-0.00288074,7.53762e-05,157.262,0.000764,1,0.00100374,-0.00299809,0.0002625,2817.82
0,5104904,2,phononL,0.00235511,0.00289152,-0.00085793,-0.0002625,3.77792,0.000764,1,0.00200135,-3.77631e-06,0.0002625,1056.88
0,5104904,8,phononTS,0.000923365,0.00200135,-3.77631e-06,0.000262498,1056.88,0.000923365,1,0.00103739,0.000341834,-0.0002625,1441.53
0,5109081,3,phononTF,0.00252667,0.00221109,0.00220361,0.000161348,10.6457,0.000764,1,0.00200168,0.00199819,0.0002625,1084.29
0,5119507,2,phononTS,0.00290116,0.00101651,-0.00102112,4.22511e-05,2.67848,0.000382,1,0.00100231,-0.000998794,0.0002625,1534.13
0,5119507,5,phononTS,0.000854283,0.00100231,-0.000998794,0.000262498,1534.13,0.000854283,1,-0.000560922,-0.00294982,-0.0002625,2324.69
0,5119507,4,phononTF,0.00112644,0.00100231,-0.000998794,0.000262498,1534.13,0.00112644,1,0.00104788,-0.000958586,-0.0002625,1683.2
0,5119659,7,phononTF,0.00159961,0.00337145,0.00138755,-0.0002625,154.716,0.000382,1,0.00299575,0.0010018,0.0002625,2456.2
0,5125360,5,phononTS,0.00182037,-0.000604274,-0.00128935,-0.0002625,74.3196,0.000382,1,4.0332e-07,-1.26978e-06,0.0002625,3006.49
0,5132393,7,phononL,0.000461893,0.00300465,0.00191657,-0.000262498,1040.98,0.000382,1,0.00299808,0.000997422,0.0002625,1234.11
0,5132393,2,phononTF,0.00101024,0.00277539,-0.000674511,0.000262498,4.86641,0.00101024,1,0.00306753,-0.000993862,-0.0002625,196.267
0,5138779,10,phononTS,0.000506558,0.00157583,-0.00201298,-0.000262498,906.158,0.000382,1,0.00200231,-0.00199946,0.0002625,1135.07
0,5140833,2,phononTF,0.000798618,0.00238566,-0.000335806,-0.0002625,43.3575,0.000382,1,0.00200209,1.29357e-06,0.0002625,464.426
0,5146052,5,phononTS,0.000473967,0.00335182,0.000339704,-0.0002625,1147.25,0.000382,1,0.00200112,0.0019995,0.0002625,3334.21
0,5146052,2,phononL,0.000846234,0.0027723,-0.000677823,0.000262498,62.3638,0.000523965,1,0.00290465,-0.00084332,-0.0002625,174.48
0,5158492,3,phononTS,0.00259483,0.00199477,-3.3162e-06,0.000230198,1.08115,0.000764,1,0.00199598,-3.40327e-06,0.0002625,296.28
0,5162425,7,phononTF,0.00112571,0.00271608,-0.000678452,-0.000262498,168.608,0.000382,1,0.0020025,-1.12045e-06,0.0002625,482.533
0,5162425,8,phononTS,0.000717011,0.0020025,-1.12045e-06,0.000262498,482.533,0.000717011,1,0.00116926,-0.00127776,-0.0002625,999.58
0,5162425,2,phononTS,0.000722494,0.00276453,-0.000677708,0.000262498,21.4892,0.000722494,1,0.00283792,-0.00066209,-0.0002625,181.876
0,5168344,10,phononL,0.000388185,0.00223272,-0.000539406,-0.000262498,4203.77,0.000382,1,0.00199998,3.72003e-06,0.0002625,4350.23
0,5169622,5,phononTF,0.00201951,0.00256937,-0.00105298,-0.0002625,62.8003,0.000764,1,0.00199509,-7.3081e-07,0.0002625,847.066
0,5177756,2,phononTF,0.00182761,0.00230682,-0.000296143,9.03541e-05