Run ID,Event ID,Track ID,Particle Name,Start Energy [eV],Start X [m],Start Y [m],Start Z [m],Start Time [ns],Energy Deposited [eV],Track Weight,End X [m],End Y [m],End Z [m],Final Time [ns]
0,33952,6,phononTS,0.000392534,-0.000323928,-0.00304099,-0.0002625,298.814,0.000382,1,4.33003e-06,-0.00200184,0.0002625,2816.67
0,42874,5,phononL,0.000671674,2.5456e-06,-0.00199947,0.0002625,409.305,0.000671674,1,0.000152244,-0.00159873,-0.0002625,1170.02
0,50132,5,phononTF,0.000783115,-0.000998573,-0.00100236,0.000262498,2111.57,0.000163794,1,-0.00134327,-0.000686115,-0.0002625,2309.36
0,54657,5,phononTS,0.000669892,0.00100329,-0.00299655,0.0002625,1034.45,0.000669892,1,0.00090164,-0.00300984,-0.0002625,1701.35
0,75626,7,phononTS,0.00166517,0.00205145,-0.00194473,-0.000246037,793.069,0.000382,1,0.00200394,-0.0020016,0.0002625,2626.95
0,85910,7,phononTF,0.000426074,-0.00300266,-0.000995174,0.000262498,4201.25,0.000426074,1,-0.00269678,-0.000670703,-0.0002625,4395.44
0,85910,9,phononTF,0.00303653,0.000225755,-0.00437646,-0.00016373,1877.72,0.000941694,1,0.000305208,-0.00434828,-0.0002625,1917.81
0,97035,6,phononTS,0.000473908,0.000209349,-0.00281042,-0.000262498,1077.25,0.000382,1,0.00100275,-0.00299877,0.0002625,1402.34
0,139365,8,phononTS,0.000673617,-0.00205603,-1.51065e-05,-0.000262498,2525.62,0.000382,1,-0.00199662,-3.09364e-06,0.0002625,2675.1
0,161447,4,phononTF,0.00162804,-0.00176795,-0.0035943,0.000217421,376.521,0.000764,1,-0.000997902,-0.000995216,0.0002625,2896.04
0,175088,5,phononL,0.00109853,6.5261e-07,0.00200004,0.0002625,804.995,0.00109853,1,0.000478457,0.00273455,-0.0002625,4041.19
0,193731,4,phononTS,0.000444054,0.000634257,-0.00420434,-0.0002625,75.0073,0.000382,1,0.000995215,-0.003004,0.0002625,1339.24
0,198390,4,phononTS,0.00155917,0.00180259,-0.00227265,8.8108e-05,12.0667,0.000382,1,0.000996443,-0.00299965,0.0002625,1919.97
0,244452,7,phononTF,0.000886223,0.000606968,-0.003387,-0.0002625,230.196,0.000382,1,0.000998146,-0.00300109,0.0002625,3876.21
0,257656,5,phononTS,0.000657473,-0.000997694,0.00100353,0.0002625,6766,0.000657473,1,-0.000694193,0.000952986,-0.0002625,9416.69
0,268303,3,phononTS,0.000600618,-0.000696059,-0.00347894,-0.000262499,704.374,0.000382,1,0.00200311,-0.00200407,0.0002625,1736.84
0,307759,3,phononTS,0.00281503,-0.000428813,-0.00176691,-0.000138667,27.18,0.000382,1,-2.67861e-07,-0.00200285,0.0002625,1745.75
0,315965,7,phononTF,0.000410214,-4.74933e-06,-0.00200086,0.000262498,2061.22,0.000410214,1,-9.7138e-05,-0.00209669,-0.0002625,2214.14
0,319645,7,phononTS,0.000401853,-5.30614e-07,-0.00200053,0.000262498,1608.93,0.000401853,1,-4.08408e-05,-0.00203877,-0.0002625,1757.5
0,344752,9,phononL,0.00080656,-0.00172892,-0.00246146,-0.0002625,872.339,0.000382,1,-0.00199529,-0.0020047,0.0002625,1566.49
0,354628,7,phononTS,0.00098472,0.000561158,-0.005,-0.000230046,4517.1,0.000875496,1,0.000754582,-0.00479396,-0.0002625,9252.8
0,420975,8,phononTS,0.000693293,-0.00199495,-0.00195627,-0.0002625,1131.12,0.000382,1,-0.00199769,-0.00200412,0.0002625,1886.77
0,460075,8,phononTS,0.000544201,0.00200467,0.00199913,0.0002625,5485.02,0.000544201,1,0.00197738,0.00208145,-0.0002625,7596.88
0,480098,7,phononTS,0.000444718,-0.004767,-0.00439475,-0.0002625,4012.05,0.000382,1,-0.00100265,-0.000997963,0.0002625,8247.19
0,480098,2,phononTF,0.000457332,-0.000917889,-0.00391066,0.000262498,53.8844,0.000457332,1,-5.7219e-05,-0.00309423,-0.0002625,422.462
0,490116,3,phononTF,0.000967876,0.00141284,-0.00260081,-0.0002625,3.08701,0.000382,1,0.00100205,-0.00300363,0.0002625,6864.83
0,497857,2,phononTS,0.00156163,0.000132822,-0.00266421,-0.0002625,31.1116,0.000382,1,-2.15845e-06,-0.00200099,0.0002625,2012.61
0,497857,7,phononL,0.000540532,-2.15845e-06,-0.00200099,0.000262498,2012.61,0.000540532,1,-0.000587763,-0.00120968,-0.0002625,2228.29
0,525200,5,phononTF,0.00217045,-0.000996068,-0.00100042,0.000262498,8212.74,0.00114446,1,-0.00140835,-0.000747586,-0.0002625,8425.71
0,546497,4,phononTS,0.000451002,1.47528e-06,-0.00199647,0.0002625,56.5529,0.000451002,1,6.3977e-05,-0.00194634,-0.0002625,1299.81
0,546497,2,phononTF,0.00261727,-0.000915198,-0.00392687,0.000243502,18.2652,0.0012503,1,-0.000651925,-0.00368267,-0.0002625,193.034
0,546497,5,phononTS,0.00116096,0.005,0.000757798,-0.000261566,193.034,0.00116096,1,0.0049922,0.00076607,-0.0002625,3465.22
0,566400,6,phononTS,0.000684132,-0.000965328,0.000200124,-0.0002625,1727.51,0.000382,1,-0.00100364,0.000998339,0.0002625,3324.65
0,566777,6,phononL,0.000999239,-0.00233833,-0.000737776,-0.000262498,2471.41,0.000382,1,-0.00199571,-9.7423e-07,0.0002625,2652.97
0,586765,4,phononTF,0.000420924,0.000701042,-0.00267275,-0.0002625,1394.52,0.000382,1,0.000998227,-0.00299651,0.0002625,1937.79
0,643473,6,phononTS,0.000432698,0.000999899,-0.00299973,0.0002625,2186.4,0.000432698,1,0.000952011,-0.0029475,-0.0002625,2479.97
0,645560,6,phononL,0.000853215,0.000324637,-0.00261085,-0.0002625,226.658,0.000382,1,-4.21722e-06,-0.00200045,0.0002625,966.908
0,671836,8,phononTF,0.000401869,-0.000323648,-0.00230219,-0.0002625,463.595,0.000382,1,8.86402e-07,-0.00200299,0.0002625,1440.11
0,694099,10,phononTS,0.000495971,0.001996,3.71989e-06,0.000262498,4577.4,0.000495971,1,0.00202359,-0.000335199,-0.0002625,4785.57
0,696672,5,phononTS,0.000889646,0.00289309,-0.005,-4.65584e-05,1376.56,0.000382,1,0.00100111,-0.00299712,0.0002625,3013.58
0,754101,4,phononTF,0.00162495,-0.00172967,-0.004171,-0.0002625,56.7455,0.000764,1,-0.00200233,-0.00199971,0.0002625,1406.36
0,813100,4,phononTS,0.000517327,-0.00199661,0.00199938,0.0002625,33.5574,0.000517327,1,-0.00259066,0.00201856,-0.0002625,2776.22
0,826761,6,phononL,0.00106176,-0.00125686,-0.00261711,-0.0002625,4646.76,0.000382,1,4.19424e-06,-0.00199694,0.0002625,5890.13
0,843592,8,phononL,0.000501217,-0.00138992,0.00145935,-0.0002625,697.571,0.000382,1,-0.00100482,0.00099687,0.0002625,1941.72
0,883334,6,phononTS,0.000630164,0.005,-0.00076071,-3.07477e-05,2892.05,0.000382,1,0.00299648,0.00100339,0.0002625,7189.95
0,908022,8,phononTS,0.000446459,0.000244888,0.00194861,-0.000262498,5569.21,0.000382,1,1.79068e-06,0.00200085,0.0002625,5757.63
0,916381,5,phononTS,0.00185087,-0.00299544,-0.00100308,0.000262498,1784.16,0.000830532,1,-0.00295956,-0.00102211,-0.0002625,1931.67
0,918485,2,phononTS,0.00156977,-0.000114215,-0.00331392,-0.0002625,1.89887,0.000764,1,0.000996626,-0.00299556,0.0002625,997.803
0,922742,2,phononTS,0.000444535,-0.00199895,-0.00199555,0.0002625,15.0426,0.000444535,1,-0.00205039,-0.00193476,-0.0002625,2589.68
0,932849,8,phononTS,0.000585924,-0.00100414,-0.000998243,0.000262498,4596.51,0.000585924,1,-0.000917495,-0.000942421,-0.0002625,4768.19
0,932849,5,phononTS,0.000396717,-0.00111243,-0.000238569,-0.0002625,330.71,0.000396717,1,-0.00182737,0.005,4.83366e-05,4354.1
0,964282,2,phononTS,0.000821842,-0.005,0.00010845,-0.000133547,0.874808,0.000382,1,-0.00199685,1.60781e-06,0.0002625,2746.55
0,1000675,10,phononTS,0.000652114,-0.00330454,-0.00425968,-0.0002625,1607.8,0.000382,1,0.000996915,-0.000997442,0.0002625,4022.96
0,1001566,6,phononTS,0.00133575,0.000856962,0.000822385,-0.0002625,2132.75,0.000382,1,0.000996755,0.000999724,0.0002625,2721.42
0,1004622,4,phononL,0.000560244,-0.000140606,-0.00252177,-0.0002625,248.874,0.000382,1,-3.3455e-06,-0.00199536,0.0002625,1031.43
0,1014195,6,phononTS,0.000512853,-0.00199993,-0.00200281,0.0002625,1141.99,0.000512853,1,-0.00140111,-0.000589097,-0.0002625,3150.9
0,1014195,4,phononTS,0.00275176,-0.000942642,-0.00393015,3.76067e-06,31.7375,0.00234747,1,-0.000958144,-0.00395174,-0.0002625,192.73
0,1024692,5,phononTS,0.000764203,-0.00199878,-4.60336e-06,0.000262498,4059.35,0.000764203,1,-0.00229347,0.000211398,-0.0002625,4286.98
0,1024693,3,phononTF,0.00398308,-0.000620013,-0.00330457,-0.000213766,6.27262,0.00297464,1,-0.000592686,-0.00333371,-0.0002625,417.817
0,1029616,5,phononTS,0.00066079,9.46542e-07,-7.30278e-07,0.000262498,2270.71,0.00039844,1,5.70728e-05,3.09313e-05,-0.0002625,2418.54
0,1029616,2,phononTF,0.00237235,-0.000925913,-0.0039652,0.000262498,113.959,0.00178187,1,-0.00147307,-0.00340586,-0.0002625,381.449
0,1067523,5,phononTS,0.000511473,0.00210887,-0.00357873,-0.0002625,3941.91,0.000382,1,0.000998869,-0.00300213,0.0002625,5278.27
0,1067523,2,phononTF,0.000407781,-0.000925066,-0.00392452,0.000262498,21.1443,0.000407781,1,-0.000705487,-0.00391986,-0.0002625,188.957
0,1077102,3,phononTS,0.0005235,-0.000140737,-0.00205191,-0.0002625,5.64223,0.000382,1,3.3085e-06,-0.00199757,0.0002625,7918.95
0,1092860,8,phononTS,0.000802429,0.000215849,-0.000871651,-0.0002625,643.807,0.000382,1,0.00100402,-0.000997041,0.0002625,2418.81
0,1092860,2,phononTS,0.0038488,-0.00168575,-0.0036586,-0.000230895,83.2184,0.00211904,1,-0.00168754,-0.00365493,-0.0002625,1138.13
0,1115677,5,phononTF,0.00220567,0.000136688,-0.00342579,0.000154918,466.12,0.000848512,1,-4.27342e-05,-0.00358855,-0.0002625,2403.58
0,1139953,6,phononTF,0.0024093,0.000939949,-0.00306437,0.000119177,5.05336,0.000382,1,0.00100131,-0.00299779,0.0002625,2023.21
0,1139953,7,phononTS,0.00138012,0.00100131,-0.00299779,0.000262498,2023.21,0.000833651,1,0.00102668,-0.00300365,-0.0002625,2175.68
0,1142740,5,phononL,0.00236586,-0.00145265,-0.000903855,0.000237295,4902.93,0.00137866,1,-0.0010603,-0.000257248,-0.0002625,5469.48
0,1150138,3,phononTS,0.000454367,-0.000129297,-0.00371774,-0.0002625,8.01031,0.000382,1,0.00199523,2.49628e-06,0.0002625,2244.8
0,1150138,2,phononTS,0.00219931,-0.000807181,-0.00459068,-0.000102674,8.01031,0.00219931,1,-0.000508891,-0.00448748,-0.0002625,383.776
0,1159344,9,phononTS,0.000459839,-0.00185293,0.00246148,-0.0002625,10152.7,0.000382,1,-0.00200198,0.00200251,0.0002625,11409.9
0,1202643,4,phononTS,0.000584678,0.0020369,-0.00228353,-0.000262498,2656.13,0.000382,1,0.00200432,-0.00199785,0.0002625,2853.92
0,1202643,6,phononTF,0.00422945,-0.000870007,-0.00400119,-0.00020413,255.598,0.000956503,1,-0.000810163,-0.00406474,-0.0002625,640.753
0,1242644,6,phononTS,0.00151202,-0.000606628,-0.00201677,-0.0002625,3941.95,0.000764,1,-2.23232e-07,-0.00200294,0.0002625,4733.25
0,1273170,13,phononTS,0.000720914,0.00109233,-0.00172006,-0.000262498,10240.4,0.000382,1,-8.66074e-07,-0.00199634,0.0002625,10660.3
0,1299693,6,phononTS,0.000587739,0.0048478,0.005,-3.22495e-05,793.16,0.000587739,1,0.005,0.00467988,-0.000163677,5275.51
0,1347804,5,phononTF,0.000424643,0.000998036,-0.00300107,0.0002625,2752.14,0.000424643,1,-0.000195359,-0.00420273,-0.0002625,3753.76
0,1348346,4,phononTF,0.00237261,0.000760296,-0.00275128,0.000201069,3.37641,0.000382,1,0.00100489,-0.00299574,0.0002625,1708.51
0,1368017,3,phononL,0.0012445,-0.000615034,-0.000934048,-0.0002625,21.2103,0.000382,1,-0.000995317,-0.000999844,0.0002625,1591.03
0,1382167,6,phononTS,0.00253159,-0.00200968,-0.00212232,0.000159791,65.3577,0.000382,1,-0.00199593,-0.00200069,0.0002625,1467.15
0,1401446,2,phononTS,0.000436336,-2.60392e-05,-0.00220521,-0.0002625,3.10456,0.000382,1,-3.7775e-06,-0.00199928,0.0002625,1373.82
0,1403478,5,phononTS,0.00192529,-0.00300032,-0.000995713,0.000262499,1449.11,0.00144648,1,-0.00303265,-0.00104389,-0.0002625,1596.12
0,1477873,9,phononTS,0.000877899,-0.00135535,-0.00134233,-0.0002625,1660.51,0.000382,1,-0.000998847,-0.00099721,0.0002625,3249.01
0,1477873,7,phononTS,0.000634384,0.00011302,-0.005,0.000140121,1267.35,0.000634384,1,0.000201483,-0.00426485,-0.0002625,2726.53
0,1522446,12,phononTF,0.000498523,0.000997515,0.00100241,0.0002625,8887.75,0.000498523,1,0.000669594,0.000786402,-0.0002625,9273.11
0,1530896,2,phononTS,0.00163184,-0.00202075,-0.00213993,-0.0002625,11.0403,0.000382,1,-0.00199789,-0.0019961,0.0002625,1349.08
0,1530896,5,phononTS,0.00118177,-0.00199789,-0.0019961,0.000262498,1349.08,0.000333665,1,-0.002064,-0.00193907,-0.0002625,1507.79
0,1537131,5,phononTS,0.00164453,-0.00199706,-3.47626e-06,0.000262498,2588.73,0.00164453,1,-0.00251918,0.00150304,-0.0002625,3144.28
0,1537131,2,phononTF,0.0030391,-0.000921728,-0.0039367,0.000262498,1.7975,0.000864859,1,-0.000937268,-0.00369114,-0.0002625,174.241
0,1578250,7,phononL,0.00148603,8.07134e-07,-0.00199774,0.000262498,1937.76,0.000971452,1,1.61128e-05,-0.00224205,-0.0002625,2051.28
0,1667550,10,phononTS,0.000464054,-0.0020043,-2.68176e-06,0.000262498,4704.35,0.000464054,1,-0.00229569,-0.00124977,-0.0002625,5166.66
0,1672040,5,phononTS,0.000551045,-0.005,-0.00164583,4.1176e-05,167.113,0.000382,1,-0.00200482,0.00200427,0.0002625,3071.05
0,1702022,4,phononTF,0.000480275,-0.00214798,-0.001834,-0.0002625,3516.5,0.000382,1,-0.00200048,-0.00199751,0.0002625,4406.93
0,1708727,5,phononTS,0.000584891,3.32951e-06,-0.00199963,0.0002625,1364.55,0.000584891,1,0.000165977,-0.00176071,-0.0002625,1836.24
0,1708727,3,phononTS,0.000497026,0.005,0.000446067,0.000236263,5.28719,0.000497026,1,0.0042801,0.000283068,-0.0002625,2489.89
0,1708727,2,phononL,0.000630896,-0.000922988,-0.00392894,0.000262498,5.28719,0.000630896,1,-0.001301,-0.00419868,-0.0002625,136.555
0,1712156,9,phononTS,0.00046359,4.33133e-05,0.00263145,-0.0002625,4922.94,0.000382,1,-0.00100137,0.00300166,0.0002625,7011.95
0,1716726,7,phononTS,0.00062394,-0.000828038,-0.00380116,-0.000262498,237.34,0.000382,1,0.00200026,-0.00199872,0.0002625,1311.21
0,1718231,2,phononL,0.000517658,0.000617314,-0.00325366,-0.0002625,3.96468,0.000382,1,0.000999061,-0.00299792,0.0002625,6899.78
0,1732799,2,phononTF,0.000421686,0.00160925,-0.00209339,-0.0002625,2.88744,0.000382,1,0.00200252,-0.00199653,0.0002625,1420.44
0,1753873,6,phononTS,0.000545752,-1.05423e-06,-0.000213726,-0.000262498,1664.28,0.000382,1,-3.84305e-06,-4.8957e-07,0.0002625,1850.32
0,1767281,6,phononTF,0.000511835,-0.00200263,-0.00200032,0.000262498,998.964,0.000511835,1,-0.00226643,-0.00215655,-0.0002625,1176.83
0,1784608,5,phononTS,0.000555861,0.00196701,-0.00203175,-0.0002625,3598.48,0.000382,1,0.00199807,-0.0019973,0.0002625,4380.28
0,1797748,3,phononTF,0.00277219,0.000896771,-0.00289048,7.42671e-05,23.97,0.000382,1,0.00100205,-0.00299778,0.0002625,600.645
0,1797748,5,phononTS,0.00135107,0.00100205,-0.00299778,0.000262498,600.645,0.00135107,1,0.00104997,-0.00304643,-0.0002625,747.485
0,1797748,4,phononTS,0.000509543,0.00100205,-0.00299778,0.000262498,600.645,0.000509543,1,0.00122408,-0.00192324,-0.0002625,1018.06
0,1797748,2,phononL,0.000731754,-0.00092618,-0.00391337,0.000262498,23.97,0.000731754,1,-0.000946876,-0.00376999,-0.0002625,133.787
0,1799910,6,phononTF,0.00075204,-0.000494014,-0.00187216,-0.0002625,169.088,0.000382,1,-0.00100124,-0.000996565,0.0002625,2434.27
0,1815284,5,phononTS,0.00106942,0.000190728,-0.00279529,-0.000262498,2420.99,0.000382,1,0.00100328,-0.00300454,0.0002625,2752.56
0,1815284,7,phononTS,0.000531387,0.00100328,-0.00300454,0.000262498,2752.56,0.000531387,1,0.00106696,-0.00304404,-0.0002625,2899.65
0,1815284,3,phononTS,0.000558883,-0.000917511,-0.0038907,0.000262498,80.1098,0.000558883,1,-0.00102155,-0.00391404,-0.0002625,246.383
0,1815284,2,phononTS,0.000415603,-0.000917511,-0.0038907,0.000262498,80.1098,0.000415603,1,-0.000969543,-0.0038429,-0.0002625,226.904
0,1875128,2,phononL,0.00229578,-0.00103645,-0.00134043,2.78067e-05,7.55229,0.000764,1,-0.000999155,-0.00100011,0.0002625,1139.94
0,1875128,5,phononTF,0.000690756,-0.000999155,-0.00100011,0.000262498,1139.94,0.000371091,1,-0.00073057,-0.00124454,-0.0002625,1319.55
0,1891154,5,phononTF,0.000622477,0.00112085,-0.00285912,-0.0002625,695.352,0.000382,1,0.00199694,-0.00200003,0.0002625,2142.16
0,1891154,3,phononTS,0.00136677,-0.000859387,-0.005,5.43028e-05,21.7174,0.000780959,1,-0.000250561,-0.00425819,-0.0002625,809.682
0,1931109,2,phononTF,0.00241017,-0.00303274,-0.00102477,0.000219161,134.143,0.001146,1,-0.00300489,-0.000998606,0.0002625,1681.42
0,1933351,6,phononTF,0.000692927,-0.00166144,-0.00208375,-0.0002625,1756.86,0.000382,1,-0.00200387,-0.00199926,0.0002625,3202.55
0,1933351,4,phononTF,0.00151176,-0.000671573,-0.005,-0.000236288,667.283,0.000707025,1,-0.000657137,-0.00498459,-0.0002625,878.755
0,1936818,5,phononTF,0.000629597,0.000602456,-0.00154042,-0.0002625,183.054,0.000382,1,0.000997074,-0.000996215,0.0002625,1439.41
0,1940597,4,phononTF,0.000511541,0.00235464,0.000260024,-0.0002625,3356.47,0.000382,1,0.00299767,0.000996309,0.0002625,4949.72
0,1940597,2,phononTF,0.000806731,-0.000918843,-0.00391083,0.000262498,16.1095,0.000502398,1,-0.00128993,-0.0019241,-0.0002625,652.797
0,1965827,7,phononTS,0.000514737,-0.00138358,-0.00146428,-0.0002625,2284.36,0.000382,1,-0.00200497,-1.44529e-06,0.0002625,4172.23
0,1966552,4,phononTS,0.000565714,-0.00223577,-0.00198146,-0.000262498,3795.33,0.000382,1,-0.00200462,-0.00200477,0.0002625,3986.92
0,1966552,2,phononTF,0.00175712,-0.000649993,-0.00344895,4.45466e-05,21.5206,0.00110774,1,-0.000444274,-0.00367389,-0.0002625,336.791
0,1998053,7,phononTS,0.000462512,0.00099822,-0.0010037,0.000262498,5852.59,0.000462512,1,0.000797813,-0.000849152,-0.0002625,6054.67
0,1998053,2,phononTF,0.000838117,-0.000932595,-0.0039479,0.000262498,33.053,0.000298329,1,-0.000406077,-0.00444432,-0.0002625,284.703
0,2006993,6,phononTF,0.000529322,-0.000806969,0.000706158,-0.000262498,1142.94,0.000382,1,-0.000995187,0.000999806,0.0002625,1327.58
0,2006993,4,phononTS,0.00108386,-0.000919627,-0.0039431,0.000262498,8.84647,0.000965628,1,-0.000822882,-0.00397769,-0.0002625,179.491
0,2023571,7,phononTS,0.000483274,-0.00142616,0.00259769,-0.000143403,260.335,0.000483274,1,-0.0015733,0.00298069,-0.0002625,4141.3
0,2085476,5,phononL,0.0011467,0.00280163,8.50432e-05,-0.0002625,319.886,0.000382,1,0.00200107,-4.30688e-06,0.0002625,4820.72
0,2104101,5,phononTS,0.00063045,0.000921969,0.005,8.63663e-05,3844.39,0.000382,1,-0.000997891,0.00299974,0.0002625,9950.57
0,2110624,7,phononTF,0.00127663,0.000998367,-0.00100081,0.000262498,4348.8,0.000527876,1,0.000722608,-0.000946485,-0.0002625,4527.27
0,2125527,4,phononTS,0.00133646,-3.5986e-05,-0.00224365,-0.0002625,111.223,0.000382,1,-2.2925e-06,-0.00199944,0.0002625,2076.26
0,2125527,5,phononTS,0.000533815,-2.2925e-06,-0.00199944,0.000262499,2076.26,0.000533815,1,0.000466481,-0.00197499,-0.0002625,2314.07
0,2173791,4,phononTF,0.00267905,0.000435045,-0.00129824,0.000192619,3.61172,0.001146,1,0.000999065,-0.00100374,0.0002625,2317.71
0,2240055,5,phononTF,0.00206007,-0.00211517,-0.00188557,-0.0002625,256.875,0.000382,1,-0.00200025,-0.00200295,0.0002625,2917.1
0,2240055,6,phononTS,0.00124338,-0.00246646,-0.00134276,-0.000227703,2917.1,0.001024,1,-0.00252418,-0.00133437,-0.0002625,3218.87
0,2251651,5,phononTS,0.000938629,5.94895e-05,-0.00195854,-0.0002625,2918.34,0.000382,1,-6.37763e-07,-0.00199824,0.0002625,3886.22
0,2261458,2,phononTF,0.00217422,-0.00300034,-0.000997222,0.0002625,12.2523,0.00208158,1,-0.00367084,-0.000307028,-0.0002625,5994.89
0,2261459,5,phononTF,0.00525616,-0.00102649,-0.00386397,-0.000210965,133.039,0.0035127,1,-0.000964231,-0.00392154,-0.0002625,860.935
0,2312533,3,phononTF,0.00264624,-0.000167953,-0.00216225,7.36736e-05,26.2972,0.000764,1,9.20808e-07,-0.00199799,0.0002625,2493.22
0,2312533,5,phononTS,0.000643294,9.20808e-07,-0.00199799,0.000262498,2493.22,0.000643294,1,-5.19877e-05,-0.00190248,-0.0002625,2656.31
0,2312533,4,phononTS,0.000641544,9.20808e-07,-0.00199799,0.000262498,2493.22,0.000641544,1,-9.72514e-05,-0.00205356,-0.0002625,2656.56
0,2314516,6,phononTF,0.000510281,-0.00199902,2.99969e-06,0.0002625,1096.51,0.000510281,1,-0.00320908,0.00117615,-0.0002625,2091.11
0,2388174,4,phononTS,0.00157707,-0.0043022,-0.00148204,0.000121452,6.15029,0.000382,1,-0.000998158,0.00100204,0.0002625,5694.22
0,2388174,6,phononTS,0.000470419,-0.000998158,0.00100204,0.000262498,5694.22,0.000470419,1,-0.00194374,0.000441286,-0.0002625,6114.48
0,2397775,8,phononTF,0.000398123,0.000996443,-0.00300294,0.000262498,2340.5,0.000398123,1,0.00130868,-0.00328905,-0.0002625,2530.27
0,2407821,5,phononTS,0.000470748,0.000997396,-0.0029969,0.0002625,1069.1,0.000470748,1,0.00103114,-0.00275419,-0.0002625,3024.64
0,2456061,5,phononTF,0.00105616,0.000310814,-0.00233609,-0.000262498,1654.74,0.000382,1,-2.75084e-06,-0.00199843,0.0002625,1851.41
0,2469687,11,phononTF,0.000403054,-0.00099559,0.00299934,0.0002625,1851.5,0.000403054,1,-0.00166176,0.00373431,-0.0002625,4714.04
0,2518089,7,phononTS,0.000473599,-0.00209824,-0.00217376,-0.0002625,234.052,0.000382,1,-0.00200391,-0.00199938,0.0002625,1112.51
0,2528629,5,phononTS,0.000620252,-0.0020481,5.79382e-05,-0.000262498,6704.59,0.000382,1,-0.00199855,3.06844e-06,0.0002625,6861.17
0,2543223,7,phononTS,0.000533383,-0.00200117,-0.00200287,0.000262498,1904.35,0.000533383,1,-0.00195376,-0.00199607,-0.0002625,2055.12
0,2553574,5,phononTS,0.00118547,0.00188283,0.00217195,-2.9181e-05,6205.96,0.000382,1,0.00200355,0.00199594,0.0002625,10948.6
0,2553574,6,phononTS,0.000410835,0.00200355,0.00199594,0.000262499,10948.6,0.000410835,1,0.0020602,0.00191834,-0.0002625,11109
0,2604035,6,phononL,0.00197884,-0.00300416,-0.000996189,0.000262498,1872,0.00122162,1,-0.00318728,-0.000582008,-0.0002625,2001.48
0,2618748,2,phononTS,0.000697646,-0.00272297,-0.00195064,-0.0002625,22.5978,0.000382,1,-0.00200199,-0.00200051,0.0002625,2990.82
0,2654890,3,phononTS,0.00251898,0.000517067,-0.00147214,0.000152946,44.7502,0.000382,1,-3.79941e-06,-0.00200347,0.0002625,1559.7
0,2654890,6,phononTF,0.000642618,-3.79941e-06,-0.00200347,0.000262498,1559.7,0.000642618,1,0.000680073,0.0022432,-0.0002625,2833.05
0,2654890,5,phononTS,0.000415886,-3.79941e-06,-0.00200347,0.000262498,1559.7,0.000415886,1,-0.000598793,-0.00198159,-0.0002625,1820.31
0,2664891,7,phononTF,0.000392526,-0.00200215,-0.00200249,0.000262498,2430.2,0.000392526,1,-0.00157254,-0.00273854,-0.0002625,2731.61
0,2683716,8,phononTF,0.00054758,-0.000217244,-0.00236238,-0.0002625,174.351,0.000382,1,-4.77263e-06,-0.00199991,0.0002625,1175.09
0,2698107,5,phononTS,0.00115997,3.01759e-05,-0.0035237,-0.0002625,856.069,0.000382,1,0.00100247,-0.00299842,0.0002625,1617.8
0,2698107,6,phononTS,0.000744756,0.00100247,-0.00299842,0.000262498,1617.8,0.000744756,1,0.00102433,-0.00308706,-0.0002625,1780.34
0,2698107,2,phononTF,0.00148383,-0.000900374,-0.00395914,0.000262498,122.375,0.00148383,1,-0.00145979,-0.00453842,-0.0002625,393.205
0,2727720,7,phononTF,0.000421834,0.00100466,-0.00299512,0.0002625,1227.98,0.000421834,1,0.00116524,-0.00282009,-0.0002625,1872.68
0,2747873,6,phononL,0.00227066,0.000248773,-0.000414091,-0.000129652,4817.63,0.00198506,1,0.000237674,-0.000531802,-0.0002625,4972.61
0,2748943,9,phononL,0.000420338,0.000998709,-0.00300468,0.000262498,3288.11,0.000420338,1,0.000469631,-0.00378666,-0.0002625,3495.72
0,2782330,5,phononTS,0.000726749,-0.000999456,-0.00100453,0.0002625,1442.08,0.00058269,1,-0.000968357,-0.000830803,-0.0002625,1806.51
0,2787913,7,phononTS,0.000518665,0.00200178,-0.00200452,0.000262498,1573.61,0.000518665,1,0.00323725,-0.00451359,-0.0002625,2483.19
0,2787913,3,phononL,0.00104448,-0.000458414,-0.00348744,-0.000152164,2.08637,0.000577149,1,-0.000421282,-0.00326117,-0.0002625,264.848
0,2799431,6,phononTS,0.000687014,0.00388834,-0.00391742,-0.0002625,5089.58,0.000382,1,9.85523e-07,1.36278e-06,0.0002625,7503.4
0,2809829,6,phononTF,0.000563833,-0.0017071,0.00230252,-0.000262498,3507.99,0.000382,1,-0.00199632,0.00200197,0.0002625,3697.36
0,2871947,4,phononTS,0.000778551,1.77893e-06,-0.00200102,0.0002625,880.637,0.000778551,1,1.74414e-05,-0.0010368,-0.0002625,2670.48
0,2871947,2,phononTS,0.000970235,-0.00092191,-0.00393369,0.000262498,1.18434,0.000970235,1,-0.000937332,-0.00396469,-0.0002625,155.39
0,2876598,6,phononTS,0.000677768,-5.13066e-05,-0.0019715,-0.000262498,946.417,0.000382,1,2.47801e-06,-0.00199912,0.0002625,1094.93
0,2882729,10,phononTS,0.000603472,3.88012e-06,-0.00200167,0.0002625,2197.65,0.000385096,1,-0.000949758,-0.00180287,-0.0002625,2949.59
0,2882945,5,phononTF,0.00104727,-0.00196361,-0.00199607,-0.000262498,1965.71,0.000382,1,-0.00100171,-0.00100044,0.0002625,2382.83
0,2882945,6,phononTS,0.00047502,-0.00100171,-0.00100044,0.000262498,2382.83,0.00047502,1,-0.000984823,-0.000962821,-0.0002625,2543.93
0,2883822,7,phononTF,0.000576707,0.001887,0.00219602,-0.0002625,2489.44,0.000382,1,0.00200293,0.0019977,0.0002625,3011.17
0,2883822,4,phononTS,0.00181443,-0.000923078,-0.00394052,0.000262498,4.95588,0.001357,1,-0.00107478,-0.00355282,-0.0002625,241.637
0,2919071,9,phononTF,0.000554253,-0.000997802,0.00100149,0.000262498,5800.87,0.000554253,1,-0.000584674,0.00143815,-0.0002625,6025.78
0,2930748,6,phononTF,0.00082881,-0.00147262,-0.00196904,-0.0002625,26.3262,0.000382,1,-0.00199719,9.9372e-07,0.0002625,1300.11
0,2963672,10,phononTF,0.000431871,-0.00100485,0.00099748,0.0002625,2559.89,0.000431871,1,-0.00122291,0.000767154,-0.0002625,3298.62
0,2992592,2,phononTS,0.000703197,0.00109004,-0.0030121,-0.0002625,8.72112,0.000382,1,0.000997759,-0.00299918,0.0002625,1199.4
0,3035411,6,phononTF,0.00052892,0.000995824,-0.000997042,0.000262499,2299.45,0.00052892,1,0.000535458,-0.000666437,-0.0002625,2527.06
0,3035411,3,phononL,0.000382451,-0.000922363,-0.00393365,0.000262498,5.0152,0.000382451,1,-0.000904656,-0.00353236,-0.0002625,128.987
0,3036333,5,phononTF,0.00115832,0.0017093,-0.00217489,-0.0002625,592.865,0.000382,1,0.00199589,-0.00199939,0.0002625,1987.82
0,3058131,5,phononTS,0.00159109,-0.002839,-0.00188894,-0.0002625,2.56768,0.000382,1,-0.00299922,-0.000998861,0.0002625,2881.9
0,3058131,6,phononTS,0.00072112,-0.00299922,-0.000998861,0.000262498,2881.9,0.000685838,1,-0.000962779,0.00065514,-0.0002625,3707.36
0,3090070,6,phononL,0.000776846,-1.85675e-07,-0.0020002,0.0002625,1313.71,0.0002066,1,-5.45495e-05,-0.00156405,-0.0002625,1568.67
0,3094385,6,phononTF,0.000535922,0.000854794,-0.000849932,-0.0002625,2068.81,0.000382,1,0.00100357,-0.000995421,0.0002625,2570.79
0,3095190,4,phononTF,0.0010462,-0.00209859,-0.00210359,-0.0002625,142.521,0.000382,1,-0.0019996,-0.00200462,0.0002625,2359.78
0,3095190,5,phononTS,0.000555195,-0.0019996,-0.00200462,0.000262498,2359.78,0.000555195,1,-0.00233023,-0.00193508,-0.0002625,2575.27
0,3095190,7,phononL,0.00400102,-0.000924941,-0.00353012,-0.000246116,61.2183,0.00312923,1,-0.000913341,-0.00354447,-0.0002625,745.778
0,3124478,8,phononTS,0.000960658,-0.00299842,-0.00100495,0.000262498,1520.15,0.000385754,1,-0.00305036,-0.00129428,-0.0002625,1717.68
0,3155536,5,phononTF,0.000647793,0.00200277,-0.00200263,0.000262498,1883.72,0.000647793,1,0.001538,-0.00244136,-0.0002625,2116.58
0,3157499,4,phononTS,0.00199816,0.00100142,-0.00300012,0.0002625,128.418,0.00199816,1,0.00224169,-0.0027282,-0.0002625,1932.44
0,3191212,3,phononTS,0.00219747,-0.00199717,-0.0020019,0.000262446,4.45176,0.001146,1,-0.00199742,-0.00200165,0.0002625,980.826
0,3191212,2,phononTF,0.00232514,-0.00143446,-0.00297881,-0.000240325,4.45176,0.00205448,1,-0.00145059,-0.00299898,-0.0002625,697.362
0,3200808,10,phononTS,0.000653197,0.00101022,-0.00326487,-0.000262498,2470.83,0.000382,1,0.00100405,-0.00300267,0.0002625,2666.78
0,3207294,6,phononTF,0.000561233,-0.00100405,-0.000997557,0.000262498,1469.06,0.000561233,1,-0.0012816,-0.000731661,-0.0002625,1654.03
0,3207294,3,phononL,0.000590251,-0.000984361,-0.0046308,-0.0002625,18.0656,0.000590251,1,-0.00101385,-0.005,1.69344e-05,261.507
0,3207294,2,phononTF,0.000974957,-0.00326202,-0.005,0.00012863,18.0656,0.000575132,1,-0.00309704,-0.00478717,-0.0002625,887.884
0,3228311,7,phononTF,0.000422294,-0.000326854,-0.00166734,-0.0002625,2862.89,0.000382,1,-2.85656e-06,-0.00199808,0.0002625,3397.54
0,3238923,5,phononTF,0.00174164,-0.00198708,-0.00204512,-0.000262498,1759.73,0.000382,1,-0.00199839,-0.00199592,0.0002625,1908.78
0,3275672,4,phononL,0.0010985,-0.000992903,-0.00237035,-0.0002625,893.591,0.000382,1,-0.00100493,-0.000998661,0.0002625,1434.65
0,3296649,2,phononTS,0.00221072,0.00256654,-0.00452646,3.77559e-05,8.15265,0.000382,1,0.00100012,-0.00300199,0.0002625,2615.3
0,3296649,8,phononTF,0.000738764,0.00100012,-0.00300199,0.000262498,2615.3,0.000738764,1,0.00147311,-0.00255655,-0.0002625,2850.44
0,3296649,7,phononTF,0.000412469,0.00100012,-0.00300199,0.000262498,2615.3,0.000412469,1,0.000701565,-0.00272224,-0.0002625,2802.74
0,3310288,8,phononTS,0.00102583,-3.77401e-06,-0.00199575,0.000262498,3217.33,0.000158897,1,-0.000339504,-0.00194284,-0.0002625,3424.37
0,3321077,7,phononTS,0.000782329,0.000895445,-0.00341785,-0.0002625,476.518,0.000382,1,0.000997056,-0.00299941,0.0002625,1393.28
0,3321077,6,phononTS,0.00143488,-0.000931382,-0.0042647,0.000262498,476.518,0.00143488,1,-0.00101493,-0.00345761,-0.0002625,794.007
0,3322921,6,phononTS,0.000743441,0.00100077,-0.00299841,0.000262498,1383.22,0.000743441,1,0.00106047,-0.0019444,-0.0002625,1791.07
0,3322921,4,phononTF,0.00147131,-0.0009254,-0.00394292,0.000262498,10.4663,0.00104955,1,-0.000789569,-0.00409276,-0.0002625,168.927
0,3388867,6,phononTS,0.000450005,-2.76954e-06,-4.5263e-06,0.0002625,7456.79,0.000450005,1,-0.000320185,-5.65863e-05,-0.0002625,8575.81
0,3438072,3,phononTF,0.00266162,-0.00235707,-0.00339226,0.000199578,6.5398,0.000382,1,-0.00199874,-0.00200104,0.0002625,1840.86
0,3453409,4,phononTF,0.0025268,-0.00168576,-0.00300393,-0.000121741,2.68899,0.0016703,1,-0.00170374,-0.00298393,-0.0002625,3454.06
0,3457739,7,phononTF,0.000764237,0.00106112,-0.000944471,-0.0002625,1148.09,0.000382,1,0.00099847,-0.00100068,0.0002625,3064.6
0,3458572,4,phononTF,0.00151985,0.000537597,-0.00296919,-0.0002625,4.04208,0.000764,1,0.00199744,-0.00200333,0.0002625,1069.61
0,3458572,3,phononTF,0.00212028,-0.000922237,-0.00393503,0.000262498,4.04208,0.00075056,1,-0.000964124,-0.00399854,-0.0002625,153.969
0,3475314,8,phononTF,0.000487672,-0.00235952,-0.000344384,-0.0002625,2188.82,0.000382,1,-0.00200406,-8.69933e-07,0.0002625,2799.92
0,3475314,4,phononL,0.00238888,-0.000852278,-0.00392913,0.000262498,119.114,0.00152741,1,-0.000416887,-0.00382104,-0.0002625,247.698
0,3517347,6,phononTS,0.000633437,-0.00100303,0.000996757,0.0002625,517.954,0.000633437,1,-0.00101194,0.00093375,-0.0002625,3518.82
0,3560527,5,phononTS,0.00223142,-0.00200388,-0.00200052,0.000262498,1511.2,0.00151121,1,-0.0019218,-0.00201037,-0.0002625,1677.24
0,3631058,4,phononL,0.000688787,0.00077767,0.00242317,-0.0002625,163.694,0.000382,1,0.0010012,0.00100418,0.0002625,2688.59
0,3668019,4,phononTS,0.00118051,-0.000510075,-0.005,-6.8772e-05,48.2738,0.000382,1,0.000997814,-0.00300451,0.0002625,1241.86
0,3668019,5,phononTS,0.000564991,0.000997814,-0.00300451,0.000262498,1241.86,0.000564991,1,0.000972147,-0.00298955,-0.0002625,1396.43
0,3668019,3,phononTF,0.00105709,-0.000932069,-0.00389456,0.000262498,48.2738,0.000613546,1,-0.00147765,-0.0031852,-0.0002625,351.011
0,3676504,8,phononTS,0.000491274,-0.00188883,-0.00191606,-0.0002625,1911.77,0.000382,1,-0.00200217,-0.00199612,0.0002625,2446.98
0,3701226,7,phononTF,0.000509185,-0.00100401,-0.00100349,0.0002625,1779.75,0.000509185,1,-0.00169093,-0.000346623,-0.0002625,2391.48
0,3701366,8,phononTS,0.00111172,-0.000993487,0.00261656,-0.0002625,2907.59,0.000382,1,-0.000997605,0.00300182,0.0002625,7091.1
0,3831314,8,phononTS,0.000450063,-0.00124621,-0.005,-7.2963e-05,496.007,0.000382,1,0.000997145,-0.00299505,0.0002625,1918.94
0,3836552,13,phononTS,0.00050711,-0.00199875,-0.00200443,0.000262498,2332.97,0.00050711,1,-0.00193982,-0.001946,-0.0002625,2490.68
0,3842712,6,phononTF,0.00106486,0.00042926,-0.005,-0.000209692,941.547,0.000382,1,0.00199899,-0.00200398,0.0002625,2464.06
0,3854730,2,phononL,0.00191898,-0.000235531,-0.000547802,-0.0002625,7.26695,0.000764,1,-4.88816e-06,-3.21701e-06,0.0002625,2051.54
0,3860633,5,phononTS,0.00052657,-0.00100438,0.000997101,0.000262498,4971.98,0.00052657,1,-0.00101187,0.00149799,-0.0002625,5219.28
0,3875710,8,phononTS,0.000536138,0.000266689,0.0026456,-0.0002625,3862.58,0.000382,1,-0.00099535,0.00300251,0.0002625,11171.4
0,3894090,7,phononTS,0.000673261,-0.00299592,-0.000995491,0.0002625,304.699,0.000231314,1,-0.00296023,-0.00093409,-0.0002625,8046.18
0,3898648,7,phononTS,0.000508004,0.00087334,-0.0038965,-0.0002625,759.29,0.000382,1,0.000997284,-0.00299986,0.0002625,1813.29
0,3898648,2,phononL,0.00132869,-0.00094447,-0.00394833,0.000262498,25.9403,0.00132869,1,-0.000980676,-0.00356132,-0.0002625,148.834
0,3925059,7,phononTF,0.000386213,0.00200401,-0.00200307,0.000262498,1348.48,0.000386213,1,0.00227582,-0.00175358,-0.0002625,1529.08
0,3947629,5,phononTS,0.000512702,8.05752e-05,-0.00205904,-0.000262498,2034.06,0.000382,1,-4.1729e-06,-0.0020027,0.0002625,2195.41
0,4049674,7,phononTS,0.00130425,0.000948128,-0.00302986,-0.0002625,1822.96,0.000382,1,0.000995811,-0.00299894,0.0002625,2966.78
0,4071710,8,phononL,0.000578817,1.19489e-06,-0.0019954,0.0002625,805.434,0.000578817,1,-0.000525254,-0.00205035,-0.0002625,1056.32
0,4141732,3,phononTS,0.00150979,-0.00199348,-0.00220382,0.0001024,78.4501,0.000382,1,-0.00200409,-0.0020034,0.0002625,934.733
0,4141732,4,phononTF,0.000964144,-0.00200409,-0.0020034,0.000262498,934.733,0.000711879,1,-0.0007137,-0.00329137,-0.0002625,1469.5
0,4173795,4,phononTS,0.000760314,2.25306e-06,-0.00200352,0.0002625,3.95372,0.000760314