Run ID,Event ID,Track ID,Particle Name,Start Energy [eV],Start X [m],Start Y [m],Start Z [m],Start Time [ns],Energy Deposited [eV],Track Weight,End X [m],End Y [m],End Z [m],Final Time [ns]
0,1247,6,phononTF,0.000727925,-0.00300353,-0.000999174,0.0002625,895.119,0.000727925,1,-0.00326262,-0.0012579,-0.0002625,1322
0,1247,2,phononTF,0.00166974,-0.00109005,-0.00123416,0.000196683,3.83638,0.00118236,1,-0.000589001,-0.000716493,-0.0002625,1155.15
0,1578,6,phononTF,0.000387852,-0.00199893,-4.07536e-06,0.000262498,1641.45,0.000387852,1,-0.00228499,-0.000315004,-0.0002625,1831.1
0,34066,4,phononTS,0.000433102,-0.00299871,-0.000996756,0.000262498,302.138,0.000433102,1,-0.00215573,-0.000327396,-0.0002625,717.85
0,58423,4,phononTS,0.00174408,-0.00199317,-0.00195919,-8.85692e-05,102.05,0.000382,1,-0.00200089,-0.00200102,0.0002625,3151.27
0,58423,6,phononTF,0.000973439,-0.00200089,-0.00200102,0.000262499,3151.27,0.000973439,1,-0.00223798,-0.00174247,-0.0002625,3328.99
0,91798,6,phononTS,0.000448066,-0.00300464,-0.00100024,0.0002625,1324.95,0.000448066,1,-0.00284758,-0.000774962,-0.0002625,1738.18
0,103063,3,phononTF,0.002943,-0.00186726,0.000149404,-0.000207212,4.14634,0.000382,1,-0.00200165,3.93144e-06,0.0002625,1596.04
0,103063,4,phononTF,0.00240305,-0.00197231,3.08629e-05,0.000176315,1596.04,0.00188169,1,-0.00173899,0.000245568,-0.0002625,1775.17
0,103543,4,phononTS,0.00068294,-0.00316341,-7.73745e-05,-0.0002625,7.19577,0.000382,1,-0.00299575,-0.000996298,0.0002625,521.13
0,103543,3,phononTS,0.000867063,-0.00321814,5.38709e-05,0.000262498,7.19577,0.00077992,1,-0.00315547,1.75463e-05,-0.0002625,166.71
0,107711,9,phononL,0.000456281,-0.00261431,-8.44235e-05,-0.0002625,223.218,0.000382,1,-0.00200396,-8.55625e-07,0.0002625,519.279
0,121291,7,phononTS,0.000448617,-0.00300003,-0.000999248,0.000262498,487.955,0.000448617,1,-0.00382516,-0.00159988,-0.0002625,887.719
0,143290,6,phononTS,0.000574415,0.005,0.00172373,-0.000207631,6079.59,0.000574415,1,0.0049086,0.00172814,-0.0002625,11846.5
0,148242,8,phononTS,0.000750244,0.000938441,0.00105477,-0.000262498,1831.95,0.000382,1,0.00100174,0.00100483,0.0002625,1978.39
0,148255,2,phononTS,0.00268592,-0.00288911,-0.000965863,-0.0002625,1.49354,0.001146,1,-0.00300431,-0.00100149,0.0002625,851.255
0,148255,5,phononTS,0.000447667,-0.00300431,-0.00100149,0.000262498,851.255,0.000447667,1,-0.00308065,-0.000324569,-0.0002625,1136.63
0,152183,6,phononTF,0.000472199,-0.0018504,-0.00183372,-0.0002625,1075.78,0.000382,1,-0.00199867,-0.00199807,0.0002625,2246.41
0,160178,2,phononTS,0.0018953,-0.00311083,-0.000467263,-0.0002625,27.0364,0.000764,1,-0.00299519,-0.00100478,0.0002625,546.176
0,172946,5,phononTS,0.000995425,0.000942986,-0.000951724,-0.000262498,3405.19,0.000382,1,0.0010027,-0.000996423,0.0002625,3561.01
0,172946,7,phononTS,0.000532719,0.0010027,-0.000996423,0.000262498,3561.01,0.000532719,1,0.00140186,-0.000962246,-0.0002625,3782.61
0,194317,11,phononTS,0.00103865,-0.0033058,-2.69266e-05,-0.000262498,442.35,0.000382,1,-0.00299991,-0.000997837,0.0002625,828.431
0,194317,14,phononTS,0.000415864,-0.00299991,-0.000997837,0.000262498,828.431,0.000415864,1,-0.00282239,-0.00092906,-0.0002625,1015.4
0,209077,3,phononTS,0.000853725,-0.00261764,2.21166e-05,-0.0002625,15.4098,0.000382,1,-0.0020017,3.56268e-06,0.0002625,561.533
0,209077,2,phononTS,0.000625586,-0.00323359,4.06704e-05,0.000262498,15.4098,0.00048618,1,-0.00322177,-2.53746e-05,-0.0002625,179.499
0,211966,2,phononTS,0.00235887,-0.00260525,-0.00106222,2.91698e-05,8.25067,0.000764,1,-0.00300236,-0.00100283,0.0002625,1551.55
0,216202,4,phononTS,0.00189976,-0.00261157,2.88641e-05,-0.0002625,5.35063,0.000382,1,-0.00199504,2.91539e-06,0.0002625,557.612
0,216202,7,phononTS,0.00110015,-0.00199504,2.91539e-06,0.000262498,557.612,0.000447437,1,-0.00196684,-3.59436e-05,-0.0002625,704.987
0,216202,3,phononTF,0.000746629,-0.00322811,5.48126e-05,0.000262498,5.35063,0.000746629,1,-0.00346196,4.62633e-05,-0.0002625,175.654
0,216202,2,phononTS,0.000498687,-0.00322811,5.48126e-05,0.000262498,5.35063,0.000498687,1,-0.00322426,0.000492534,-0.0002625,235.092
0,253466,7,phononTS,0.000501424,-0.00100116,-0.00100458,0.0002625,2757.41,0.000501424,1,-0.00103956,-0.000784617,-0.0002625,3139.44
0,256032,2,phononL,0.00295505,-0.00296428,-0.00100673,0.000231438,68.7971,0.000382,1,-0.00299766,-0.00099548,0.0002625,1031.72
0,271958,11,phononTF,0.000417044,-0.00199782,0.00200018,0.000262498,14769.1,0.000417044,1,-0.00255387,0.00253279,-0.0002625,15031.5
0,321748,7,phononTS,0.000383185,-0.00299618,-0.00100274,0.0002625,1686.76,0.000383185,1,-0.00222285,-0.000846385,-0.0002625,2350.08
0,321748,3,phononTS,0.00077852,-0.00321128,2.80547e-05,0.000262498,129.559,0.000725491,1,-0.00293587,-0.00107507,-0.0002625,549.806
0,321748,2,phononTS,0.000795886,-0.00321128,2.80547e-05,0.000262498,129.559,0.000557127,1,-0.00326776,-7.22249e-05,-0.0002625,293.193
0,338105,5,phononTS,0.000619615,-0.00292766,-0.000963588,-0.0002625,435.214,0.000382,1,-0.0029976,-0.00100472,0.0002625,901.548
0,342697,9,phononTS,0.000978708,-0.00346062,-0.00180172,-0.0002625,1084.39,0.000764,1,-0.00299912,-0.00100129,0.0002625,2980.08
0,342697,7,phononTF,0.00365722,-0.00346852,0.000131439,-0.000110176,92.1188,0.00264356,1,-0.00329779,-7.75827e-06,-0.0002625,305.326
0,345847,5,phononL,0.00185779,0.00199937,-1.6273e-06,0.000262498,1745.36,0.000856352,1,0.00255607,-0.000262843,-0.0002625,1895.5
0,369773,2,phononTS,0.000437971,-0.00261045,2.45753e-05,-0.0002625,12.0674,0.000382,1,-0.00200407,-6.31955e-07,0.0002625,549.741
0,371520,9,phononTS,0.000509446,-0.00299855,-0.00100169,0.000262498,1651.01,0.000509446,1,-0.0022242,-0.00278636,-0.0002625,2310.14
0,379973,5,phononTS,0.000639228,-0.0019977,-0.00199845,0.000262499,3252.41,0.000639228,1,-0.00196823,-0.00202838,-0.0002625,3399.99
0,392086,6,phononTF,0.000625167,-0.00200484,-1.08751e-06,0.0002625,382.298,0.000582349,1,-0.00198708,4.93303e-06,-0.0002625,718.612
0,408764,9,phononTF,0.00055215,-0.00210534,-0.000298828,-0.0002625,479.802,0.000382,1,-0.00200362,4.1288e-06,0.0002625,1033.66
0,426732,7,phononTF,0.000401934,-0.00206787,7.1458e-05,-0.000262498,635.085,0.000382,1,-0.0020048,3.61706e-06,0.0002625,785.337
0,442570,3,phononL,0.00285913,-0.000445914,-0.0021075,-0.0002625,69.6486,0.001146,1,3.42843e-06,-0.00200125,0.0002625,2158.49
0,469361,7,phononL,0.000436871,-0.00300447,-0.00100372,0.0002625,2065.4,0.000436871,1,-0.00316314,-0.00178615,-0.0002625,2767
0,477180,4,phononTS,0.00134513,-0.00211938,5.1458e-05,-0.0002625,2.94126,0.000382,1,-0.00200253,8.99788e-07,0.0002625,837.46
0,478651,5,phononTS,0.00289158,-0.00310953,-0.00103276,-9.26587e-05,149.505,0.000764,1,-0.00299789,-0.000996444,0.0002625,1840.61
0,487312,2,phononTF,0.00105867,-0.00243124,-0.00156523,9.09542e-05,5.36201,0.000382,1,-0.00200448,-0.00199918,0.0002625,1530.55
0,487312,4,phononTS,0.0004919,-0.00200448,-0.00199918,0.000262498,1530.55,0.0004919,1,-0.00205419,-0.00201186,-0.0002625,1690.27
0,505529,4,phononTS,0.000519268,-0.0030048,-0.000996592,0.0002625,1747.64,0.000519268,1,-0.00302652,-0.00044048,-0.0002625,2270.24
0,543191,5,phononTS,0.000638772,0.00433659,-0.005,-0.000211698,1345.68,0.000638772,1,0.0043329,-0.00499957,-0.0002625,4330.55
0,564150,4,phononTS,0.00187864,0.00106713,-0.00278504,0.00012948,5.16403,0.000382,1,0.00100319,-0.00299938,0.0002625,2418.76
0,567713,11,phononTS,0.00053022,-0.001999,-3.37726e-07,0.000262498,3051.71,0.00053022,1,-0.00256668,-8.24664e-05,-0.0002625,3320.76
0,567904,2,phononTS,0.0035528,-0.00298493,-0.00101761,0.000143962,54.5154,0.000382,1,-0.00299584,-0.00100334,0.0002625,762.514
0,572301,5,phononTS,0.000590799,-6.90021e-07,1.78373e-06,0.000262498,5728.97,0.000590799,1,-0.00455949,0.00425649,-0.0002625,7652.38
0,602165,2,phononTF,0.00162676,-0.00260979,0.000938231,-0.0002625,9.08421,0.000764,1,-0.00199906,0.00200324,0.0002625,787.643
0,602984,6,phononTS,0.000886709,-0.00231175,0.00110056,-0.0002625,67.1355,0.000382,1,-0.000996223,0.00299502,0.0002625,1256.93
0,604231,2,phononL,0.00152143,-0.00261128,2.58645e-05,-0.0002625,3.27399,0.000382,1,-0.00200464,-4.2115e-06,0.0002625,296.497
0,612807,7,phononTS,0.00122573,-0.00298977,-0.000933396,-0.0002625,2961.45,0.000382,1,-0.00299881,-0.00099789,0.0002625,3408.77
0,612807,8,phononTF,0.000536644,-0.00299881,-0.00099789,0.000262498,3408.77,0.000536644,1,-0.00345404,-0.00144259,-0.0002625,3641.26
0,671174,2,phononTF,0.000969995,-0.00333052,-0.000647508,-0.0002625,72.2157,0.000382,1,-0.00300096,-0.00100363,0.0002625,2688.04
0,673203,2,phononTS,0.0013492,-0.00105331,0.00263733,-0.0002625,45.8577,0.000764,1,-0.000999556,0.00300353,0.0002625,3367.38
0,694689,3,phononTS,0.00286866,-0.00244956,0.000407245,5.20929e-05,3.62044,0.000382,1,-0.00200343,2.83446e-06,0.0002625,1935.78
0,695244,3,phononL,0.00143252,-0.0019273,-0.000659563,-0.000249015,24.1411,0.000382,1,-0.00300267,-0.00100125,0.0002625,782.388
0,716362,5,phononTS,0.00231104,-0.00256832,0.000571088,-3.06139e-05,833.535,0.000382,1,-0.000999811,-0.00100395,0.0002625,1728.1
0,716362,7,phononTS,0.000974211,-0.000999811,-0.00100395,0.000262498,1728.1,0.000569156,1,-0.000983643,-0.00101956,-0.0002625,1877.81
0,725209,2,phononTF,0.00242486,-0.00296014,-0.000967472,0.00024023,2.14932,0.000764,1,-0.00299756,-0.000997387,0.0002625,2033.6
0,731794,6,phononTS,0.000739922,-0.00309233,-1.86304e-05,-0.0002625,151.934,0.000382,1,-0.00200372,2.04627e-06,0.0002625,867.62
0,731794,2,phononTF,0.000482748,-0.00322527,5.36664e-05,0.000262498,1.76051,0.000482748,1,-0.00343085,0.000242875,-0.0002625,169.239
0,736794,3,phononTF,0.000829828,-0.00300101,-0.00100323,0.0002625,11.6257,0.000431027,1,-0.00322753,-0.00142442,-0.0002625,1028.42
0,746251,7,phononTF,0.00220451,-0.00221767,0.000191883,-0.000215766,139.047,0.000382,1,-0.00200431,-2.36627e-06,0.0002625,863.43
0,746251,8,phononTS,0.00154143,-0.00200431,-2.36627e-06,0.000262498,863.43,0.000455324,1,-0.00203435,-3.0485e-05,-0.0002625,1011.92
0,760849,6,phononTF,0.000490674,-0.000150228,-0.00184369,-0.000262498,4517.37,0.000382,1,2.29759e-06,-0.0020008,0.0002625,4678.29
0,787102,6,phononTS,0.000801053,-0.00122618,0.000973575,-0.000262498,1714.38,0.000764,1,-0.000996843,0.00100198,0.0002625,1900.66
0,790689,6,phononTS,0.000444162,-0.000995025,-0.000999078,0.0002625,1130.4,0.000444162,1,-0.000931538,-0.00103341,-0.0002625,1448.07
0,792148,6,phononTS,0.00139792,-0.00260324,0.0010223,-0.0002625,20.8,0.000382,1,-0.0020034,0.00199731,0.0002625,887.333
0,793934,8,phononTF,0.000572796,-0.000997487,0.000998924,0.000262498,1453.24,0.000572796,1,-0.00072516,0.00118054,-0.0002625,1633.49
0,793934,4,phononTF,0.00427079,-0.00301215,-0.00159961,-0.000146563,159.388,0.00100589,1,-0.00309035,-0.0015301,-0.0002625,1801.22
0,849922,9,phononTS,0.00052639,-0.00199852,1.22037e-07,0.0002625,3888.7,0.00052639,1,-0.00203343,-8.69356e-05,-0.0002625,4214.63
0,869988,5,phononTF,0.00102208,-0.00306771,-0.000582089,-0.000262498,1317.67,0.000382,1,-0.00300398,-0.00099933,0.0002625,1528.79
0,908822,6,phononL,0.00151311,-0.00261683,2.88743e-05,-0.0002625,5.9664,0.000382,1,-0.00200139,3.08214e-06,0.0002625,301.423
0,908822,8,phononTS,0.00040032,-0.00200139,3.08214e-06,0.000262498,301.423,0.00040032,1,-0.00118651,0.00141775,-0.0002625,857.659
0,908822,7,phononL,0.000411127,-0.00200139,3.08214e-06,0.000262498,301.423,0.000411127,1,-0.00204948,-0.000819142,-0.0002625,479.455
0,908822,5,phononL,0.000422153,-0.00323226,5.46664e-05,0.000262498,5.9664,0.000422153,1,-0.003167,0.00095229,-0.0002625,196.252
0,908932,5,phononTF,0.000776315,-0.000818931,0.00292162,-0.0002625,188.285,0.000382,1,-0.00100206,0.00299805,0.0002625,2055.67
0,910837,3,phononTF,0.00243539,-0.000973458,0.00102897,3.94572e-05,4.68471,0.000382,1,-0.0010017,0.000997478,0.0002625,1322.3
0,910837,10,phononTF,0.00041872,-0.0010017,0.000997478,0.000262498,1322.3,0.00041872,1,-0.00083895,0.000817423,-0.0002625,1485.15
0,922031,7,phononTF,0.000743075,-0.00200435,0.00200178,0.000262498,759.568,0.000202986,1,-0.000811252,0.000823295,-0.0002625,1255.24
0,922031,8,phononTF,0.000540089,0.005,0.00471971,-0.000246162,1255.24,0.000540089,1,0.00499093,0.00471905,-0.0002625,3234.93
0,952029,7,phononTS,0.000769316,2.59881e-06,0.00199595,0.000262498,8593.26,0.000769316,1,0.00081349,0.00174268,-0.0002625,8938.99
0,952029,3,phononTS,0.00156741,-0.00322371,5.99919e-05,0.000262498,3.00678,0.00116423,1,-0.00376843,6.04335e-05,-0.0002625,257.284
0,952319,4,phononTS,0.00133997,-0.000997291,-0.0010038,0.000262499,2205.27,0.000758509,1,-0.000992459,-0.00125152,-0.0002625,2398.33
0,976474,5,phononTS,0.00164855,-0.00261337,2.86022e-05,-0.0002625,4.47676,0.000382,1,-0.0019958,2.89713e-06,0.0002625,536.781
0,976474,6,phononL,0.00121396,-0.0019958,2.89713e-06,0.000262498,536.781,0.00121396,1,-0.000948595,-5.7766e-05,-0.0002625,751.642
0,984162,6,phononTF,0.000792273,-0.00176748,0.00175008,-0.000262498,1232.11,0.000382,1,-0.00199637,0.00200201,0.0002625,1408.17
0,984162,2,phononTS,0.00223565,-0.00322677,5.49057e-05,0.000258185,2.35533,0.00101373,1,-0.00328777,7.13185e-05,-0.0002625,155.072
0,995450,2,phononTS,0.000668915,-0.00100486,-0.00101189,0.000254015,18.8248,0.000382,1,-0.000998999,-0.000996551,0.0002625,934.59
0,1011083,5,phononTF,0.00276147,-0.00182171,-0.000140771,-0.0002625,2543.8,0.000764,1,-0.00199691,4.30995e-06,0.0002625,4192.49
0,1028309,9,phononTS,0.000497406,-0.00348152,-2.80732e-05,-0.000262498,368.661,0.000382,1,-0.00300103,-0.00100213,0.0002625,783.618
0,1029880,3,phononTS,0.00291593,-0.00297943,-0.00103126,0.000252421,12.7489,0.001528,1,-0.00299583,-0.00100426,0.0002625,617.085
0,1029880,4,phononTS,0.000574834,-0.00299583,-0.00100426,0.000262498,617.085,0.000311328,1,-0.00319886,-0.000215806,-0.0002625,941.169
0,1029880,2,phononL,0.000522696,-0.00322525,5.22164e-05,0.000262498,12.7489,0.000522696,1,-0.00315187,0.00118091,-0.0002625,241.668
0,1035845,4,phononTF,0.00259289,-0.00196675,-3.09272e-05,0.00023346,105.821,0.000382,1,-0.00199561,-3.36892e-06,0.0002625,750.494
0,1036559,4,phononTS,0.00218136,-0.00260732,-0.00137039,-0.000183372,1350.34,0.000923806,1,-0.00276743,-0.00133452,-0.0002625,1838.84
0,1043667,5,phononTS,0.000478075,0.000997841,-0.00300434,0.000262498,3133.83,0.000478075,1,2.97443e-05,-0.00322163,-0.0002625,3515.33
0,1067629,6,phononTF,0.000649999,-0.00334091,-0.000669337,-0.0002625,1752.66,0.000382,1,-0.00300131,-0.00100421,0.0002625,2771.43
0,1067629,4,phononTF,0.00335943,-0.00318134,-0.000219329,-0.000142542,167.527,0.00123537,1,-0.00316249,-0.000207782,-0.0002625,445.893
0,1080309,3,phononTS,0.00237157,-0.00229363,-0.000542258,3.53573e-05,37.8774,0.001146,1,-0.00200043,-2.08746e-06,0.0002625,1317.28
0,1080309,2,phononTS,0.000671267,-0.00322754,5.34054e-05,0.000262498,37.8774,7.0902e-05,1,-0.00444865,0.000431645,-0.0002625,502.024
0,1081770,2,phononTS,0.00135218,-0.002612,2.9018e-05,-0.0002625,1.9588,0.000382,1,-0.00199862,3.832e-06,0.0002625,546.083
0,1106737,6,phononTS,0.0015347,-0.00186698,-0.00338897,-2.97766e-05,24.2952,0.000382,1,0.00100189,-0.00099878,0.0002625,3824.27
0,1106737,7,phononTS,0.000983117,0.00100189,-0.00099878,0.000262498,3824.27,0.000736817,1,0.000916082,-0.00032725,-0.0002625,4108.86
0,1112123,2,phononTS,0.000658447,-0.00260557,2.18829e-05,-0.0002625,55.009,0.000382,1,-0.00200339,-2.14492e-06,0.0002625,580.541
0,1121331,7,phononL,0.00163872,-0.0021044,0.000401716,-0.0002625,688.006,0.000764,1,-0.00200007,4.94822e-06,0.0002625,1503.86
0,1124463,7,phononL,0.000570708,-0.00200438,0.00200401,0.0002625,1096.67,0.000570708,1,-0.00166463,0.00170062,-0.0002625,1357.48
0,1128431,3,phononTF,0.00306463,-0.0018278,0.000316531,-0.000192263,19.2813,0.0018856,1,-0.00176418,0.000191406,-0.0002625,1428.43
0,1148146,3,phononTS,0.00125291,-0.00261093,2.64161e-05,-0.0002625,1.34777,0.000382,1,-0.00199773,8.3819e-07,0.0002625,545.342
0,1148146,5,phononTS,0.000716403,-0.00199773,8.3819e-07,0.000262498,545.342,0.000206217,1,-0.00196169,-0.000237351,-0.0002625,733.657
0,1184237,8,phononTF,0.000490381,-0.0019967,-0.00199827,0.000262498,2101.23,0.000490381,1,-0.00177592,-0.0017585,-0.0002625,2275.21
0,1203154,4,phononTS,0.00236885,-0.000991727,-0.00100591,0.000199102,7.4923,0.000382,1,-0.000996133,-0.000999731,0.0002625,2752.8
0,1208781,5,phononTF,0.00259688,-0.00297149,-0.000975075,9.15281e-05,64.0069,0.000382,1,-0.00299794,-0.0010047,0.0002625,2142.14
0,1208781,7,phononTF,0.000552718,-0.00299794,-0.0010047,0.000262498,2142.14,0.000552718,1,-0.00354956,-0.00158646,-0.0002625,2411.94
0,1208781,6,phononTS,0.00157376,-0.00299794,-0.0010047,0.000262498,2142.14,0.00116046,1,-0.00303403,-0.00106334,-0.0002625,2289.72
0,1234170,3,phononTF,0.00118703,-0.00144156,0.005,-0.000126828,1.3279,0.000382,1,-0.00100374,0.00299511,0.0002625,4944.25
0,1234170,4,phononTF,0.000659228,-0.00100374,0.00299511,0.000262498,4944.25,0.000659228,1,-0.00142083,0.00348505,-0.0002625,5184.13
0,1235880,4,phononTS,0.00276998,-0.00198261,-0.00194034,0.000213888,4.8741,0.000382,1,-0.00199543,-0.00199939,0.0002625,1143.24
0,1235880,6,phononTS,0.00136209,-0.00199543,-0.00199939,0.000262498,1143.24,0.000857204,1,-0.00194385,-0.00208129,-0.0002625,1304.44
0,1235880,5,phononL,0.000722893,-0.00199543,-0.00199939,0.000262498,1143.24,0.000722893,1,-0.00169393,-0.00219097,-0.0002625,1264.05
0,1235880,3,phononTF,0.000540286,-0.00322314,4.73707e-05,0.000262498,4.8741,0.000540286,1,-0.00275472,-0.000452163,-0.0002625,247.74
0,1235880,2,phononTS,0.000511909,-0.00322314,4.73707e-05,0.000262498,4.8741,0.000511909,1,-0.00430687,0.00204446,-0.0002625,775.198
0,1237053,5,phononTS,0.000842899,3.30478e-07,-1.86539e-06,0.000262498,2235.09,0.000842899,1,3.4427e-05,0.000342833,-0.0002625,2444.94
0,1240229,4,phononTS,0.00288921,-0.00201392,-1.48462e-05,0.000206933,1.22281,0.000382,1,-0.00200315,2.64172e-06,0.0002625,2922.34
0,1240229,6,phononTS,0.000559836,-0.00200315,2.64172e-06,0.000262498,2922.34,0.000559836,1,-0.00108088,5.61533e-05,-0.0002625,3277.5
0,1240229,5,phononTS,0.00160077,-0.00200315,2.64172e-06,0.000262498,2922.34,0.000931014,1,-0.00246869,-0.000405071,-0.0002625,3214
0,1248849,4,phononTF,0.00140759,-0.00186029,0.00012576,-0.0002625,27.2541,0.000382,1,-0.00199843,-2.84095e-07,0.0002625,2305.99
0,1248849,5,phononTF,0.000530293,-0.00199843,-2.84095e-07,0.000262498,2305.99,0.000530293,1,-0.00207674,-7.15962e-05,-0.0002625,2456.93
0,1248849,3,phononTF,0.00101177,-0.0032257,6.495e-05,0.000262498,27.2541,0.00101177,1,-0.0033466,0.000213686,-0.0002625,186.144
0,1252528,4,phononTF,0.00264499,-0.0017964,0.00219789,-0.000184217,181.088,0.000764,1,-0.00200468,0.00199572,0.0002625,2096.65
0,1263775,2,phononTF,0.000802089,-3.04008e-06,-1.72519e-06,0.0002625,74.5406,0.000802089,1,0.005,0.000791933,-9.82746e-05,3636.3
0,1279442,7,phononTF,0.000887255,-0.00194028,-6.27498e-05,-0.0002625,1289.21,0.000382,1,-0.00200408,-1.54603e-06,0.0002625,1739.39
0,1279442,8,phononTF,0.000472197,-0.00200408,-1.54603e-06,0.000262498,1739.39,0.000472197,1,-0.0027462,0.000517965,-0.0002625,2048.17
0,1286305,2,phononTF,0.000825923,-0.00426658,-0.00186425,-0.0002625,4.87091,0.000382,1,-0.00200138,-0.00199682,0.0002625,2031.52
0,1293995,7,phononTF,0.000826643,-0.00199845,0.00200099,0.000262498,785.979,0.000826643,1,-0.00146471,0.00233323,-0.0002625,1031.5
0,1293995,3,phononTF,0.00212503,-0.00321797,4.63148e-05,0.000262498,34.8681,0.00212503,1,-0.00370781,-0.00041231,-0.0002625,274.623
0,1304268,6,phononTS,0.000581176,-0.00211348,-1.36959e-05,-0.0002625,541.689,0.000382,1,-0.00200226,4.56452e-06,0.0002625,1529.34
0,1311107,3,phononTF,0.00085918,0.00307162,-0.00485098,-0.0002625,17.9973,0.000382,1,0.000999535,-0.00299936,0.0002625,8047.28
0,1313989,3,phononTS,0.0026482,-0.00197425,0.000161829,-7.31766e-05,35.0037,0.000764,1,-0.00200163,3.49019e-06,0.0002625,1350.6
0,1317454,8,phononTS,0.000851697,-0.00299925,-0.000999434,0.000262498,1270.9,0.000624814,1,-0.00331673,-0.00104967,-0.0002625,1474.22
0,1339364,7,phononTF,0.00074694,-0.00200199,-0.0020041,0.000262498,4056.71,0.00074694,1,-0.00219708,-0.00181933,-0.0002625,4223.06
0,1354803,7,phononTS,0.000677426,-0.00276785,7.07275e-05,-0.000262498,392.075,0.000382,1,-0.00199688,3.78149e-06,0.0002625,700.095
0,1383233,6,phononTF,0.00109558,-0.00099868,0.00299738,0.000262498,2201.83,0.00109558,1,-0.00116025,0.00279646,-0.0002625,2369.07
0,1449364,2,phononTF,0.00223801,5.84451e-05,-2.23149e-05,-9.16762e-05,1.04905,0.000382,1,-1.51171e-06,-3.08492e-06,0.0002625,1852.87
0,1473599,5,phononTF,0.000477626,0.00200473,-0.00200176,0.000262499,4265.36,0.000477626,1,0.00147571,-0.00372992,-0.0002625,4836.35
0,1473599,2,phononTS,0.00143257,-0.00324637,7.70208e-05,0.000262498,29.0896,0.000847374,1,-0.00401791,-0.00022092,-0.0002625,370.738
0,1475628,5,phononTF,0.00276739,-0.0019744,8.85952e-05,-0.00011222,550.677,0.000382,1,-0.00199708,2.88948e-07,0.0002625,4507.29
0,1475628,10,phononTF,0.000822846,-0.00199708,2.88948e-07,0.000262498,4507.29,0.000822846,1,-0.00149674,0.000529688,-0.0002625,4760.14
0,1480026,7,phononTS,0.000726963,-0.00271077,-0.00142811,-0.000262498,997.594,0.000382,1,-0.00200058,-0.00200166,0.0002625,1368.08
0,1493144,9,phononL,0.000590827,-0.0020024,0.00199978,0.0002625,634.456,0.000590827,1,-0.00253466,0.00207632,-0.0002625,2195.8
0,1513708,6,phononTS,0.000526142,-0.0030141,-0.00108233,-0.000262498,467.229,0.000382,1,-0.00299646,-0.00100479,0.0002625,630.167
0,1529635,4,phononTS,0.00217189,0.00197029,-0.00206523,-6.7684e-05,2.82657,0.0010605,1,0.00120151,-0.00118303,-0.0002625,3542.51
0,1561222,9,phononTS,0.00228635,-0.00199532,1.47623e-06,0.000262498,2914.45,0.000265888,1,-0.00204405,4.84351e-05,-0.0002625,3061.34
0,1580503,7,phononTF,0.000392682,0.00199017,-0.00186597,-0.0002625,8873.91,0.000382,1,0.00199644,-0.00200323,0.0002625,9342.01
0,1580503,5,phononL,0.000446419,-0.00322304,6.59717e-05,0.000262498,105.764,0.000446419,1,-0.00284483,0.00106719,-0.0002625,331.12
0,1591914,4,phononTS,0.00270728,-1.37931e-05,-0.00194912,0.000239334,48.9758,0.000764,1,-9.69425e-07,-0.00200454,0.0002625,5843.3
0,1591914,8,phononTS,0.000827628,-9.69425e-07,-0.00200454,0.000262498,5843.3,0.000827628,1,5.18844e-05,-0.00200013,-0.0002625,5994.58
0,1628935,2,phononTS,0.00111591,-0.00304384,-0.00104368,-0.0002625,3.6755,0.000382,1,-0.00300118,-0.000995063,0.0002625,572.45
0,1636017,3,phononTF,0.0023118,-0.00202752,-4.19841e-05,0.000232884,15.1277,0.000764,1,-0.00200094,-3.52294e-06,0.0002625,709.522
0,1636017,4,phononTS,0.00115546,0.005,-0.0038609,9.49742e-06,709.522,0.00115546,1,0.00278603,-0.005,2.09833e-05,4397.02
0,1648772,7,phononTS,0.000744992,-0.00300129,-0.000999878,0.0002625,205.541,0.000744992,1,-0.00200172,-0.00127699,-0.0002625,906.557
0,1663583,13,phononTF,0.00211776,-0.00300113,-0.0010023,0.000262498,544.729,0.000729402,1,-0.00297018,-0.000973817,-0.0002625,693.178
0,1666928,2,phononTS,0.00109595,-0.0024367,-0.0013691,-0.000243863,91.8113,0.000382,1,-0.0030001,-0.000996334,0.0002625,1079.91
0,1666928,5,phononTS,0.000459712,-0.0030001,-0.000996334,0.000262498,1079.91,0.000459712,1,-0.00297261,-0.000735124,-0.0002625,1273.18
0,1668701,2,phononTS,0.0010114,-0.00261098,0.00102064,-0.0002625,18.9183,0.000764,1,-0.00200205,0.00199576,0.0002625,888.407
0,1685546,6,phononTF,0.0015754,-0.00199936,-4.49968e-06,0.000262498,716.695,0.0015754,1,-0.00219159,0.000674292,-0.0002625,997.425
0,1706293,3,phononTF,0.00218637,-0.00174993,-0.00172986,-0.0002625,12.0932,0.000764,1,-0.00200064,-0.00199823,0.0002625,1162.09
0,1714089,6,phononL,0.00167086,-0.00177386,-0.00262506,-0.0002625,118.307,0.000382,1,-0.00199703,-0.00200339,0.0002625,2693.15
0,1714089,7,phononTF,0.00101649,-0.00199703,-0.00200339,0.000262498,2693.15,0.00101649,1,-0.00223894,-0.00174509,-0.0002625,2871.61
0,1720688,9,phononTF,0.000414753,0.000219755,0.00185928,-0.0002625,1806.22,0.000382,1,-1.57684e-06,0.00199635,0.0002625,3775.15
0,1730370,5,phononTS,0.000451668,-0.00307667,0.000432548,-0.000262498,1755.98,0.000382,1,-0.00100158,-0.00100099,0.0002625,2567.28
0,1730370,2,phononTS,0.00146022,-0.00322755,5.56767e-05,0.000262498,4.75242,0.000817245,1,-0.00371426,-0.000997838,-0.0002625,426.094
0,1738878,6,phononTS,0.000759126,3.3949e-05,0.0019888,-0.000262498,5838.47,0.000382,1,3.22864e-06,0.00200054,0.0002625,5995.98
0,1765358,6,phononTS,0.00170053,-0.00291886,-0.00105777,-0.000262498,786.071,0.000382,1,-0.00300441,-0.00100405,0.0002625,947.675
0,1765358,7,phononTF,0.000580658,-0.00300441,-0.00100405,0.000262498,947.675,0.000580658,1,-0.00307201,-0.000940981,-0.0002625,1097.92
0,1775955,3,phononTS,0.000865454,0.000127396,-0.00274269,-0.0002625,23.6756,0.000382,1,0.0009995,-0.00299826,0.0002625,3195.45
0,1775955,5,phononTF,0.000383178,0.0009995,-0.00299826,0.000262498,3195.45,0.000383178,1,-5.55477e-05,-0.00381774,-0.0002625,3610.87
0,1775955,2,phononTS,0.000680847,-0.00320459,5.86527e-05,0.000262498,23.6756,0.000680847,1,-0.00347317,4.94356e-05,-0.0002625,221.115
0,1777313,5,phononTS,0.000553655,-0.00255886,6.30868e-05,-0.000262498,721.302,0.000382,1,-0.00299601,-0.00100103,0.0002625,1142.09
0,1777313,3,phononTF,0.00267503,-0.00321455,4.16201e-05,0.000262498,28.4799,0.00165052,1,-0.00324448,5.4567e-05,-0.0002625,176.869
0,1778607,8,phononTS,0.000470464,0.00134436,0.005,-2.04646e-06,1611.63,0.000470464,1,0.00105221,0.00422565,-0.0002625,3718.76
0,1782887,2,phononTS,0.00248756,-0.00203166,-0.00177431,-7.0547e-05,71.549,0.000764,1,-0.00199783,-0.00199546,0.0002625,1109.44
0,1790234,8,phononTS,0.00047521,-4.10174e-06,-0.00200077,0.000262498,3324.46,0.00047521,1,4.12638e-05,-0.00207287,-0.0002625,3484.3
0,1854271,5,phononL,0.00192435,-0.00300299,-0.000997427,0.0002625,20.66,0.000919782,1,-0.00290257,-0.00153918,-0.0002625,440.292
0,1862165,4,phononTS,0.00210995,-0.0031133,-0.00047088,-0.0002625,4.00589,0.000382,1,-0.00300487,-0.00099921,0.0002625,528.926
0,1888842,6,phononTS,0.000512074,-0.0014604,0.00190139,-0.000262498,1095.21,0.000382,1,-0.00200008,0.00200124,0.0002625,1359.42
0,1972145,7,phononL,0.000542626,-0.00182883,-0.00103389,-0.000262498,845.114,0.000382,1,-0.000999814,-0.0010041,0.0002625,1023.99
0,1974888,5,phononTS,0.000709755,-0.00108348,-0.000943364,-0.000262499,2906.84,0.000382,1,-0.000999985,-0.000999602,0.0002625,3068.02
0,1987132,5,phononTS,0.00115001,-0.00299565,-0.00100282,0.0002625,177.37,0.000975596,1,-0.00294012,-0.00148033,-0.0002625,892.14
0,1987132,4,phononTF,0.000767236,-0.00310671,-4.78122e-05,0.000262498,177.37,0.000767236,1,-0.00357014,0.000464728,-0.0002625,426.164
0,1990783,6,phononTS,0.000546184,-0.00198129,-0.00138465,-0.0002625,212.671,0.000382,1,-0.00200404,-0.00200298,0.0002625,2397.58
0,1991215,10,phononTS,0.000401186,-0.00199875,0.00200444,0.0002625,1889.21,0.000401186,1,-0.00165987,0.00225879,-0.0002625,2372.71
0,1995774,2,phononTS,0.000683346,-0.00262138,3.12978e-05,-0.0002625,12.6219,0.000382,1,-0.00200012,-9.72001e-07,0.0002625,546.743
0,1999819,5,phononTS,0.000852624,-0.00310481,-0.00045838,-0.0002625,58.1162,0.000382,1,-0.00299951,-0.000996115,0.0002625,586.736
0,2047087,7,phononTS,0.000563619,-0.00230142,-0.000283661,-0.000262498,440.686,0.000382,1,-0.000999745,-0.000995265,0.0002625,968.783
0,2049334,4,phononTS,0.000637836,-0.002603,2.86789e-05,-0.0002625,6.95332,0.000382,1,-0.00200176,3.40842e-06,0.0002625,531.941
0,2056272,2,phononTF,0.00297258,-0.00215836,-1.81215e-05,-3.35143e-05,19.6212,0.000764,1,-0.00200071,-3.85439e-06,0.0002625,714.814
0,2056272,9,phononTF,0.000540896,-0.00200071,-3.85439e-06,0.000262498,714.814,0.000540896,1,-0.00218544,1.19732e-05,-0.0002625,877.101
0,2056272,8,phononTF,0.00116047,-0.00200071,-3.85439e-06,0.000262498,714.814,0.000548586,1,-0.00209274,8.17073e-05,-0.0002625,866.949
0,2061258,5,phononTS,0.000622588,-0.00232081,0.00273768,-0.000262498,2604.64,0.000382,1,0.00200241,3.27528e-06,0.0002625,4273.12
0,2061258,3,phononTS,0.00274225,-0.00256904,0.000434098,5.07941e-05,12.6633,0.00160238,1,-0.00242691,0.000426266,-0.0002625,475.843
0,2061679,2,phononTF,0.00189158,-0.00302544,-0.000986508,0.000237376,5.68991,0.000382,1,-0.00300292,-0.00100183,0.0002625,613.045
0,2061679,12,phononTS,0.000762001,-0.00300292,-0.00100183,0.000262498,613.045,0.000762001,1,-0.00203652,-0.00151262,-0.0002625,1030.58
0,2061923,9,phononL,0.000405431,0.00211267,0.00130787,-0.0002625,9529.85,0.000382,1,0.00200481,0.00199774,0.0002625,10568.9
0,2070334,3,phononL,0.00250911,-0.00263128,0.000398098,-0.0002625,30.0757,0.000764,1,-0.0030018,-0.00099987,0.0002625,712.865
0,2070334,5,phononTF,0.000749797,-0.0030018,-0.00099987,0.000262498,712.865,0.000749797,1,-0.00391452,-1.5338e-05,-0.0002625,1122.96
0,2077165,3,phononTS,0.00274945,-0.00274981,-0.00113586,0.000150681,5.69094,0.000382,1,-0.00299522,-0.000996161,0.0002625,1945.02
0,2077165,5,phononTF,0.000672823,-0.00299522,-0.000996161,0.000262498,1945.02,0.000672823,1,-0.00324788,-0.000730506,-0.0002625,2127.1
0,2078602,3,phononL,0.00134243,-0.00199905,-2.91007e-06,0.0002625,10.6947,0.00122112,1,-0.00154153,0.000170113,-0.0002625,667.206
0,2078602,2,phononTS,0.00158553,-0.00322172,5.3687e-05,0.000262498,10.6947,0.000652909,1,-0.00324337,-0.000180733,-0.0002625,199.224
0,2088874,4,phononTS,0.000651479,-0.00100292,-0.00100184,0.0002625,3.12035,5.82713e-05,1,-0.000452022,-0.000986528,-0.0002625,1667.48
0,2118749,9,phononTS,0.000631645,-0.00302782,-7.88047e-05,-0.000262498,175.392,0.000382,1,-0.00299791,-0.000996957,0.0002625,528.656
0,2121969,8,phononTF,0.00068037,-0.00173941,0.0002869,-0.000262498,2003,0.000382,1,-0.002005,-5.3307e-07,0.0002625,2187.33
0,2147268,4,phononTS,0.00284249,-0.0019913,0.00200527,0.000215598,288.774,0.000382,1,-0.00199876,0.00200031,0.0002625,2528.56
0,2147268,10,phononTS,0.000552748,-0.00199876,0.00200031,0.000262498,2528.56,0.000552748,1,-0.00197596,0.0010035,-0.0002625,2895.41
0,2149781,6,phononTS,0.000864986,-0.00299675,-0.00100112,0.000262498,3132.38,0.000864986,1,-0.00301619,-0.000964327,-0.0002625,3293.65
0,2180734,6,phononTS,0.00178271,-0.00434283,0.0034244,1.11287e-05,2473.23,0.00132513,1,-0.00431802,0.00341379,-0.0002625,3731.65
0,2208830,7,phononTF,0.000478134,-0.0013673,0.000602223,-0.0002625,1842.8,0.000382,1,-0.00100204,0.000998279,0.0002625,2477.57
0,2220921,3,phononTS,0.000510223,-0.00203115,-2.36732e-05,-0.0002625,788.496,0.000382,1,-0.00199822,-3.11127e-07,0.0002625,1231.17
0,2245475,6,phononTS,0.00156866,4.81943e-06,-0.00200314,0.000262498,1476.91,0.00156866,1,5.60982e-05,-0.00204177,-0.0002625,1624.3
0,2245475,2,phononL,0.000813724,-0.0032149,5.33664e-05,0.000262498,12.5634,0.000261083,1,-0.00350012,0.000167141,-0.0002625,129.633
0,2248535,4,phononTS,0.00142078,-0.00200245,-6.75183e-07,0.0002625,8.30223,0.000892032,1,-0.0019748,0.000959205,-0.0002625,935.641
0,2251190,3,phononTF,0.00244889,-0.00226549,0.00225726,-0.0002625,2.89537,0.000382,1,-0.00200055,0.00200202,0.0002625,1356.01
0,2251190,4,phononTS,0.00185138,-0.00200055,0.00200202,0.000262498,1356.01,0.000903816,1,-0.00206368,0.00194748,-0.0002625,1514.47
0,2251190,5,phononTS,0.00064779,0.000459702,0.005,0.000259405,1514.47,0.00064779,1,0.00171806,0.00443337,-0.0002625,3254.53
0,2251190,2,phononTF,0.00108729,-0.00321876,5.60478e-05,0.000262498,2.89537,0.000841406,1,-0.00380806,-0.000556981,-0.0002625,284.391
0,2288230,7,phononTS,0.000534092,-0.00300095,-0.00100045,0.000262498,536.959,0.000534092,1,-0.00309666,-0.00169471,-0.0002625,828.596
0,2294404,6,phononTF,0.000474944,-0.00200256,-2.19402e-06,0.0002625,877.791,0.000474944,1,-0.00167337,-0.000271486,-0.0002625,1378.11
0,2314104,2,phononTS,0.00122564,-0.00311372,0.000302899,-0.0002625,22.2978,0.000764,1,-0.00200457,0.00199847,0.0002625,1610.78
0,2328769,5,phononTS,0.000905374,-0.00200094,2.53706e-07,0.0002625,1260.83,0.000905374,1,-0.00223549,-5.16633e-05,-0.0002625,2008.04
0,2331439,2,phononTF,0.00195526,-0.00226498,-0.00175841,-0.000145386,197.378,0.000764,1,-0.00200069,-0.00200193,0.0002625,1056.44
0,2331439,5,phononL,0.000504932,-0.00200069,-0.00200193,0.000262499,1056.44,0.000504932,1,-0.00219119,-0.00231149,-0.0002625,1177.74
0,2345739,9,phononTS,0.000595293,-1.88738e-05,0.00200133,-3.30865e-05,1986.52,0.000382,1,-4.29208e-06,0.00200418,0.0002625,3106.73
0,2345739,2,phononTF,0.00199072,-0.00322516,4.06262e-05,0.000262498,49.7662,0.00199072,1,-0.0032305,0.000252245,-0.0002625,216.239
0,2346950,9,phononTS,0.000540871,-0.00299657,-0.000999682,0.0002625,4237.34,0.000540871,1,-0.00298068,-0.00102865,-0.0002625,4532.69
0,2349018,3,phononTS,0.00478119,-0.00305399,-0.000951157,0.000246998,12.7552,0.000382,1,-0.00299693,-0.0010005,0.0002625,3694.38
0,2363361,4,phononL,0.00279705,-0.00307669,-0.000790627,2.99702e-05,6.43817,0.000764,1,-0.00299878,-0.000996712,0.0002625,1666.6
0,2380706,3,phononL,0.00306781,-0.0020889,-3.45375e-05,0.000205201,2.19858,0.000382,1,-0.00200318,-3.21344e-07,0.0002625,664.051
0,2400049,3,phononTS,0.00239686,-0.00199713,2.68676e-06,0.0002625,8.39348,0.00237484,1,-0.00173453,-2.56812e-05,-0.0002625,1372.18
0,2405069,2,phononTS,0.00293453,-0.00199944,4.31907e-06,0.0002625,9.81217,0.0027138,1,-0.00183137,0.000282275,-0.0002625,1588.61
0,2405244,6,phononTF,0.000421388,-0.00199671,-3.11247e-06,0.000262498,577.546,0.000421388,1,-0.00223287,0.000221341,-0.0002625,751.634
0,2423277,7,phononL,0.000487838,-0.0029964,-0.000999887,0.0002625,1718.51,0.000487838,1,-0.00231556,-0.00116176,-0.0002625,2039.73
0,2447912,4,phononTS,0.00082254,-0.00227193,-4.74891e-05,-0.000262498,450.904,0.000382,1,-0.00199544,2.88721e-06,0.0002625,645.902
0,2465688,8,phononTS,0.000555383,-0.00199636,-0.00199631,0.000262498,4504.84,0.000555383,1,-0.00194914,-0.00225003,-0.0002625,4695.45
0,2470396,6,phononTS,0.000474703,-0.00199584,-1.12603e-06,0.000262499,2192.93,0.000474703,1,-0.00179797,-0.000558507,-0.0002625,2472.13
0,2474797,6,phononTS,0.00059784,-0.00300219,-0.00100274,0.000262498,675.8,0.00059784,1,-0.00292158,-0.00119946,-0.0002625,867.408
0,2491294,8,phononTS,0.000400759,-0.00300077,-0.000997432,0.000262498,1069.32,0.000400759,1,-0.00300427,-0.00101802,-0.0002625,1226.45
0,2506753,4,phononTS,0.00254046,-0.00178371,0.000915275,-0.000149485,15.3099,0.000382,1,-0.00200028,-4.18779e-06,0.0002625,1149.32
0,2506753,8,phononTS,0.000911247,-0.00204084,-0.000232218,6.66538e-05,1204.87,0.000911247,1,-0.00184886,-0.00073654,-0.0002625,1424.66
0,2516715,5,phononTS,0.000493843,-0.00235765,-0.000288168,-0.0002625,699.581,0.000382,1,-0.00200257,3.85302e-06,0.0002625,1243.28
0,2526975,5,phononTF,0.00087909,-0.00254457,-0.00148413,-0.0002625,47.6023,0.000382,1,-0.00199977,-0.00200081,0.0002625,1305.38
0,2535127,4,phononTS,0.00061149,-0.000602136,0.000288381,-0.0002625,151.399,0.000382,1,0.00100442,0.00100233,0.0002625,3359.23
0,2536380,7,phononTF,0.000408833,-0.00272269,0.000974024,-0.000262498,627.865,0.000382,1,-0.00300111,-0.000998342,0.0002625,1258.82
0,2593583,7,phononL,0.000433058,-0.005,-0.000885211,-0.000108752,4580.2,0.000382,1,-0.00300067,-0.000996659,0.0002625,6623.97
0,2600178,3,phononL,0.00204053,-0.00162782,-0.00195169,-0.0002625,15.2653,0.000382,1,-0.00199867,-0.00199902,0.0002625,4040.02
0,2634453,2,phononTS,0.00492976,-0.00296426,-0.000990861,0.000234671,33.4064,0.000764,1,-0.00300216,-0.000998363,0.0002625,1410.53
0,2638696,8,phononTS,0.000986731,-0.00261299,2.29481e-05,-0.0002625,9.67844,0.000382,1,-0.00200152,4.95479e-06,0.0002625,540.622
0,2640456,4,phononTS,0.00204122,-0.00299945,-0.00100293,0.0002625,21.2975,0.000364789,1,-0.0038455,-0.00105117,-0.0002625,1553.85
0,2644958,3,phononL,0.00153549,-0.00260978,2.80843e-05,-0.0002625,5.17758,0.000764,1,-0.00199538,-3.21781e-08,0.0002625,300.399
0,2654680,7,phononTF,0.000426338,0.00200023,-2.11664e-06,0.0002625,4956.5,0.000426338,1,0.00127331,0.00143511,-0.0002625,5965.58
0,2681910,8,phononTS,0.000654443,-0.00299826,-0.00100187,0.0002625,623.523,0.000235225,1,-0.00230134,-0.00277871,-0.0002625,1919.08
0,2684178,4,phononTF,0.000502846,-0.00249619,-0.000503755,-0.000262498,337.275,0.000382,1,-0.00199893,2.82819e-06,0.0002625,586.103
0,2684178,2,phononTS,0.000627473,-0.0032264,3.31118e-05,0.000262498,16.9762,0.000550735,1,-0.0032742,7.45047e-05,-0.0002625,163.916
0,2685730,5,phononTS,0.000866819,-0.00335069,-0.000968153,-0.0002625,1148.52,0.000382,1,-0.00299862,-0.000997546,0.0002625,1796.7
0,2695968,4,phononL,0.00177507,-0.00260727,1.64916e-05,-0.0002625,27.6312,0.000382,1,-0.00199518,4.90119e-06,0.0002625,322.039
0,2695968,6,phononTS,0.00065185,-0.00199518,4.90119e-06,0.000262498,322.039,0.00065185,1,-0.00202186,-0.000659371,-0.0002625,602.784
0,2695968,5,phononL,0.000701693,-0.00199518,4.90119e-06,0.000262498,322.039,0.0005968,1,-0.00206079,-0.000842599,-0.0002625,504.345
0,2709200,6,phononTS,0.00058586,-0.00183402,0.00200145,-0.0002625,785.434,0.000382,1,-0.00200398,0.00200034,0.0002625,1641.16
0,2709456,8,phononTS,0.000642331,-0.00257368,0.000563312,-0.000262498,766.269,0.000382,1,-0.00199618,3.70385e-06,0.0002625,1107.47
0,2717590,4,phononTS,0.00209551,-0.00261491,3.23191e-05,-0.0002625,6.51405,0.000382,1,-0.00200411,2.38305e-06,0.0002625,537.221
0,2717590,5,phononTS,0.000889459,-0.00200411,2.38305e-06,0.000262498,537.221,0.000565317,1,-0.00265503,-6.08875e-05,-0.0002625,815.102
0,2728445,5,phononTS,0.000472154,-0.00262395,4.07355e-05,-0.0002625,256.826,0.000382,1,-0.00200052,-2.95932e-06,0.0002625,795.483
0,2758494,8,phononTS,0.000613243,-0.00236748,5.80713e-06,-0.0002625,514.629,0.000382,1,-0.00199674,-1.2592e-06,0.0002625,1114.47
0,2760509,2,phononTF,0.00265427,-0.000939764,0.00105223,0.00023361,9.17373,0.000764,1,-0.000995651,0.00099988,0.0002625,3380.7
0,2760509,4,phononTF,0.0011616,-0.000995651,0.00099988,0.000262498,3380.7,0.000820053,1,-0.00116029,0.000771844,-0.0002625,3552.4
0,2762314,2,phononTF,0.00127225,-0.00129229,0.00137535,-0.0002625,3.89677,0.000382,1,-0.0020016,0.00199902,0.0002625,3102.21
0,2772425,3,phononTS,0.00134033,-0.00260823,2.78466e-05,-0.0002625,4.31226,0.000382,1,-0.00199926,-1.3284e-06,0.0002625,533.976
0,2782632,5,phononTS,0.000539774,-0.00199864,-2.55538e-06,0.000262498,723.202,0.000539774,1,-0.00157148,-0.000236216,-0.0002625,979.104
0,2788445,4,phononTS,0.00256178,-0.00109407,0.000787269,-4.29294e-05,4.93343,0.000764,1,-0.00100279,0.001004,0.0002625,1145.72
0,2803880,2,phononL,0.00083168,-0.00300885,-0.00039632,-0.0002625,101.54,0.000382,1,0.00100018,-0.00100197,0.0002625,1254.71
0,2818734,5,phononTS,0.00060856,-0.00261963,-0.000971028,-0.0002625,53.038,0.000382,1,-0.00199936,-0.00199517,0.0002625,948.831
0,2853231,5,phononTF,0.000714155,-0.0029994,-0.000997518,0.000262498,3445.05,0.000714155,1,-0.00194664,7.68011e-05,-0.0002625,3894.26
0,2866204,12,phononTF,0.000594549,-0.005,0.00434704,7.20221e-05,6622.19,0.000594549,1,-0.00425665,0.00473755,-0.0002625,8388.18
0,2878010,5,phononTS,0.00063639,-0.00193026,3.66403e-05,-0.000262498,1770.87,0.000382,1,-0.00199559,4.117e-06,0.0002625,1918.4
0,2889156,5,phononTS,0.00047025,-0.00200044,-0.000135413,-0.0002625,579.308,0.000382,1,-0.00199988,-2.00246e-06,0.0002625,1097.54
0,2889847,8,phononL,0.000805088,-0.00159559,-0.000985368,-0.000227547,3660.43,0.000382,1,-0.00100196,-0.00100246,0.0002625,4156.91
0,2894207,4,phononL,0.00095492,-0.00305606,0.000218025,-0.000262498,475.196,0.000382,1,-0.00199909,3.44792e-07,0.0002625,697.677
0,2894207,2,phononTS,0.00282036,-0.00440955,-0.000470928,-0.000241131,34.8289,0.00250064,1,-0.00430455,-0.000580471,-0.0002625,577.873
0,2896617,14,phononTF,0.000420206,-0.00225137,0.0017533,-0.000262498,2055.32,0.000382,1,-0.000995337,0.00299902,0.0002625,2575.42
0,2918212,7,phononTF,0.000781247,-0.00199589,-1.8503e-06,0.000262498,1083.11,0.000781247,1,-0.0023026,-0.000285018,-0.0002625,1271.93
0,2936912,2,phononL,0.000722208,-0.00311114,-0.000469147,-0.0002625,6.37083,0.000382,1,-0.00300197,-0.000996715,0.0002625,283.315
0,2937662,4,phononTF,0.00146521,-0.00299898,-0.00100326,0.0002625,623.109,0.00139731,1,-0.00304953,-0.000949023,-0.0002625,1220.87
0,2937662,2,phononTS,0.000595559,-0.00323399,5.07065e-05,0.000262498,3.42519,0.000595559,1,-0.00294741,0.00109725,-0.0002625,412.265
0,2943654,8,phononTF,0.000473517,-0.00299788,-0.000999633,0.000262498,990.499,0.000473517,1,-0.00328249,-0.000728934,-0.0002625,1175.21
0,2955285,4,phononL,0.00116259,-0.00260675,1.88822e-05,-0.0002625,12.7334,0.000382,1,-0.00199864,1.82707e-07,0.0002625,306.168
0,2955285,5,phononTS,0.000462217,-0.00199864,1.82707e-07,0.000262498,306.168,0.000462217,1,-0.00196734,6.00952e-05,-0.0002625,460.331
0,2967848,5,phononTS,0.00104306,-0.000818072,-0.0033787,-0.0002625,460.473,0.000764,1,-0.00100114,-0.00100127,0.0002625,4081.41
0,2995050,4,phononTS,0.00211035,0.00102806,0.000692743,4.42101e-06,52.6157,0.000764,1,0.000995531,0.00100025,0.0002625,1921.25
0,2995050,5,phononTS,0.00117129,0.000995531,0.00100025,0.000262498,1921.25,0.000377763,1,-0.000499332,0.00177136,-0.0002625,2496.56
0,3000555,5,phononTF,0.00139505,-0.00181669,-0.00181059,-0.000262498,3989.93,0.000382,1,-0.00200226,-0.00199722,0.0002625,4155.96
0,3000555,7,phononTS,0.000767931,-0.00409327,-0.005,-0.000192936,4155.96,0.000767931,1,-0.00426043,-0.00476251,-0.0002625,5432.87
0,3004126,4,phononTS,0.000390958,-0.00321962,0.0001608,-0.000262498,170.004,0.000382,1,-0.00100045,0.0029993,0.0002625,1289.2
0,3014884,2,phononTS,0.000807091,-0.00261386,3.41666e-05,-0.0002625,15.7745,0.000764,1,-0.00199806,-3.20128e-06,0.0002625,549.7
0,3014885,5,phononL,0.00379135,-0.00344724,-0.00030458,-0.000210115,814.306,0.00081027,1,-0.0034982,-0.000299602,-0.0002625,934.284
0,3023410,9,phononL,0.000622428,-0.00295228,0.00173634,-0.0002625,376.494,0.000382,1,-0.00199851,0.0020024,0.0002625,1231.82
0,3032783,7,phononTS,0.000473901,-0.00300427,-0.000999425,0.0002625,1872.03,0.000473901,1,-0.00420659,-0.00302739,-0.0002625,3435.07
0,3032969,7,phononTS,0.000844244,-0.000995388,0.00299944,0.000262498,5857.12,0.000844244,1,-0.00245373,0.00194411,-0.0002625,6478.29
0,3042381,3,phononTF,0.0013831,-0.000742605,-0.000949271,0.000259549,16.7122,0.000382,1,-0.000997998,-0.000997224,0.0002625,3660.05
0,3042381,2,phononTS,0.00061559,-0.00320573,5.80631e-05,0.000262498,16.7122,0.00061559,1,-0.00225733,0.000458962,-0.0002625,400.315
0,3058520,3,phononTS,0.00300811,-0.00200001,-3.44257e-06,0.0002625,14.1404,0.000872237,1,-0.00198906,-0.000207395,-0.0002625,2709.43
0,3059722,3,phononTF,0.00320197,-0.00197925,2.59402e-05,0.00018188,22.46,0.000382,1,-0.00200305,1.2627e-06,0.0002625,706.391
0,3065848,8,phononTS,0.000439871,-0.000619242,0.000139295,-0.0002625,5578.88,0.000382,1,-2.59437e-06,3.6589e-06,0.0002625,7008.22
0,3104389,4,phononTS,0.00283611,-0.00153609,-0.00200314,-9.60916e-05,10.1408,0.000764,1,-0.00200153,-0.00199562,0.0002625,1278.82
0,3110398,12,phononTS,0.000494254,-0.00104198,-0.00104776,-0.0002625,1715.71,0.000382,1,-0.000997061,-0.00100348,0.0002625,2277.98
0,3114957,2,phononTF,0.00283403,-0.00314812,-0.000627408,-0.0002625,18.3878,0.000382,1,-0.00300361,-0.000998185,0.0002625,551.366
0,3114957,4,phononTF,0.00182551,-0.00240561,-0.000517414,-0.000105141,551.366,0.000505457,1,-0.00231854,-0.00042222,-0.0002625,903.532
0,3121017,7,phononTS,0.000449403,-0.00273298,0.000153389,-0.000262498,1950.9,0.000382,1,-0.00199621,1.82403e-06,0.0002625,2257.23
0,3121887,2,phononTS,0.00159649,0.000817283,-0.000872193,0.000187943,5.89409,0.000382,1,0.00100203,-0.000995014,0.0002625,2596.9
0,3130709,4,phononTF,0.000384807,-0.00137208,-0.000832027,-0.0002625,47.3279,0.000382,1,-0.00100085,-0.00100359,0.0002625,1254.05
0,3166765,6,phononL,0.000745776,-0.00101724,-0.000954281,-0.000262498,2715.23,0.000382,1,-0.00100346,-0.00100284,0.0002625,2823.37
0,3180852,6,phononL,0.00123118,-0.00261946,4.37242e-05,-0.0002625,36.9865,0.000382,1,-0.00199743,2.10088e-07,0.0002625,334.57
0,3181392,6,phononTS,0.000475011,-0.005,-0.00244548,-0.000247771,1551.54,0.000382,1,0.00199893,0.00199614,0.0002625,4254.11
0,3181392,8,phononTF,0.00337968,-0.0029252,0.000385613,0.000167652,611.557,0.000926953,1,-0.0027191,0.000232966,-0.0002625,772.867
0,3188148,3,phononTS,0.000633447,-0.00300318,-0.00100008,0.0002625,2527.08,0.000633447,1,-0.00244085,-0.000996378,-0.0002625,3028.89
0,3207494,10,phononTF,0.00053799,-0.000142587,-0.00192692,-0.0002625,3289.38,0.000382,1,-1.94567e-06,-0.002002,0.0002625,3760.31
0,3207494,2,phononTS,0.00113046,-0.00322747,4.94485e-05,0.000262498,3.88911,0.00113046,1,-0.00346336,9.89332e-05,-0.0002625,191.017
0,3220093,7,phononTS,0.000730359,-0.00199883,0.00200465,0.000262498,2316.3,0.000730359,1,-0.00105372,0.00171519,-0.0002625,2693.38
0,3220093,3,phononTF,0.00111842,-0.00322615,5.08319e-05,0.000262498,3.6777,0.00111842,1,-0.00307702,-8.51606e-05,-0.0002625,162.126
0,3220093,2,phononTS,0.00045721,-0.00322615,5.08319e-05,0.000262498,3.6777,0.00045721,1,-0.00301596,0.000152354,-0.0002625,200.168
0,3222528,6,phononL,0.000645201,-0.00300164,-0.000998064,0.0002625,308.326,0.000645201,1,-0.00280985,-0.00155698,-0.0002625,600.125
0,3224054,4,phononTF,0.00207385,-0.000477415,0.000786957,5.61281e-05,3.78644,0.00155308,1,-0.000822922,0.000567517,-0.0002625,4463.2
0,3225041,3,phononTF,0.00160308,-0.000764966,-0.000626993,-0.0002625,1.08396,0.000764,1,0.00100173,-0.000996574,0.0002625,2365.37
0,3225041,2,phononTF,0.000638647,-0.00322408,5.07074e-05,0.000262498,1.08396,0.000638647,1,-0.00373435,-0.000499594,-0.0002625,262.773
0,3225900,5,phononTS,0.000434631,-0.0039029,-0.00118469,-0.000262498,3178.06,0.000382,1,-0.00299808,-0.0010041,0.0002625,3519.55
0,3234949,3,phononL,0.000492344,-0.00312113,-0.000479116,-0.0002625,43.7157,0.000382,1,-0.00300468,-0.00100439,0.0002625,320.603
0,3238475,9,phononTF,0.000507724,-0.00285749,0.00116854,-0.0002625,1381.74,0.000382,1,-0.0019967,0.00200296,0.0002625,2565.55
0,3243462,8,phononL,0.000432113,-0.00299889,-0.0010036,0.0002625,703.409,0.000432113,1,-0.00240189,-0.000919428,-0.0002625,996.017
0,3268846,2,phononTS,0.00202885,-0.00260905,2.66763e-05,-0.0002625,6.39527,0.001146,1,-0.00199538,1.4715e-06,0.0002625,557.16
0,3268846,7,phononTF,0.000403893,-0.005,0.000802083,-0.000156308,557.16,0.000403893,1,-0.00493463,0.000843324,-0.0002625,1543.32
0,3271993,8,phononTS,0.000661292,0.00100672,0.00100473,0.00023586,583.085,0.000382,1,0.00100436,0.00100249,0.0002625,1828.94
0,3291075,4,phononTF,0.000469381,-0.00186615,-0.00204035,-0.0002625,209.683,0.000382,1,-0.000997659,-0.00100097,0.0002625,3394.42
0,3293769,5,phononTF,0.000811122,0.00200398,3.89137e-06,0.0002625,1293.34,0.000811122,1,0.00190973,0.000247209,-0.0002625,6075.14
0,3307027,7,phononTS,0.000397095,0.000846027,-0.00290684,-0.000262498,3899.7,0.000382,1,0.00100246,-0.00299969,0.0002625,4086.23
0,3342356,5,phononTS,0.000840406,-0.00301002,-6.01086e-05,-0.000262498,244.098,0.000382,1,-0.000997963,0.00299718,0.0002625,1408.14
0,3346848,5,phononTF,0.000641181,-0.00300376,-0.0010001,0.0002625,1627.25,0.000568716,1,-0.00293174,-0.00108023,-0.0002625,2231.34
0,3347516,5,phononL,0.000436195,-0.00230243,-0.000289069,-0.000262498,387.925,0.000382,1,-0.00199719,1.21477e-06,0.0002625,514.683
0,3369628,5,phononTS,0.000932923,-0.00200379,-8.66442e-07,0.0002625,801.525,0.000932923,1,-0.00205574,-0.000434617,-0.0002625,1186.74
0,3374244,2,phononTS,0.000987155,-0.00211024,0.000522946,-0.0002625,2.77989,0.000382,1,-0.000995924,0.000996505,0.0002625,879.514
0,3374244,6,phononTS,0.000569783,-0.000995924,0.000996505,0.000262498,879.514,0.000569783,1,-0.00108316,0.000902552,-0.0002625,1056.14
0,3394321,6,phononTS,0.000901256,-0.00199789,-0.00200055,0.0002625,1923.9,0.000727593,1,-0.00197716,-0.00295671,-0.0002625,2649.67
0,3408182,5,phononL,0.000504688,0.00200397,-0.00199547,0.000262498,3859.5,0.000504688,1,0.00153266,-0.00201976,-0.0002625,3990.15
0,3414931,3,phononTF,0.000665388,-0.00212311,-0.000468598,-0.0002625,28.4957,0.000382,1,-0.000996228,-0.00100331,0.0002625,847.428
0,3442016,3,phononL,0.0030204,-0.00205286,0.000155483,0.000128849,28.6037,0.001146,1,-0.00200103,-4.44094e-06,0.0002625,649.432
0,3442082,3,phononTF,0.00266437,-0.00212908,-0.00174838,-0.00010872,4.73234,0.000382,1,-0.00199817,-0.00200171,0.0002625,1873.56
0,3457042,10,phononTS,0.000499177,0.000944112,-0.00312851,-0.0002625,1409.95,0.000382,1,0.00099874,-0.00300424,0.0002625,8503.82
0,3461525,3,phononL,0.00194807,0.000339175,-0.000211613,-0.000255811,50.7533,0.001146,1,6.00288e-07,-1.15591e-06,0.0002625,2112.59
0,3475146,6,phononTF,0.000784122,-0.00390355,-0.000528674,-0.000262498,549.02,0.000382,1,-0.00299626,-0.00100021,0.0002625,897.108
0,3479184,6,phononTF,0.000458133,-0.00199988,0.00199861,0.0002625,1479.95,0.000458133,1,-0.000459902,0.00366721,-0.0002625,3112.44
0,3515409,2,phononTS,0.00089137,-0.00230991,1.51228e-05,-0.0002625,1.73185,0.000764,1,-0.00200475,2.142e-06,0.0002625,813.715
0,3519600,3,phononTS,0.00274998,-0.00203403,1.07772e-05,0.000203442,68.6448,0.00191,1,-0.00199976,3.33203e-07,0.0002625,645.923
0,3526349,7,phononL,0.000556219,-0.00185524,0.000231159,-0.0002625,1438.11,0.000382,1,-0.00200223,-2.95178e-06,0.0002625,1783.95
0,3526349,2,phononTS,0.0048956,-0.00308674,0.000700284,-0.00012988,17.8952,0.0040702,1,-0.00307709,0.000715485,-0.0002625,975.465
0,3536948,3,phononTS,0.00218283,-0.00262341,2.69916e-05,-0.0002625,29.9234,0.000382,1,-0.00200353,-1.30608e-06,0.0002625,574.036
0,3536948,4,phononTF,0.00127101,-0.00200353,-1.30608e-06,0.000262498,574.036,0.000746854,1,-0.00259572,0.000252328,-0.0002625,832.195
0,3549789,5,phononTS,0.00125595,-0.00200091,-4.89308e-06,0.0002625,2.32843,0.000747459,1,-0.00140001,-1.64891e-05,-0.0002625,799.144
0,3577929,3,phononTS,0.000643355,-0.0026204,2.36817e-05,-0.0002625,11.1634,0.000382,1,-0.00199969,3.64271e-06,0.0002625,559.442
0,3577929,2,phononTF,0.00123111,-0.0032411,4.37207e-05,0.000262498,11.1634,0.00087858,1,-0.00270121,0.000549653,-0.0002625,266.437
0,3589069,3,phononTS,0.00172342,-0.00201,0.00199821,6.66157e-05,1.92327,0.000382,1,-0.00200117,0.00199532,0.0002625,4148.04
0,3610025,3,phononL,0.00208453,-0.00298592,-0.000115991,-0.0002625,2.73279,0.000382,1,-0.00200065,3.04355e-06,0.0002625,811.405
0,3648125,3,phononTS,0.00222142,-0.00104175,0.00106225,-0.0002625,2.14636,0.000764,1,-0.00099648,0.000998144,0.0002625,2110.66
0,3648125,4,phononTS,0.00051437,-0.00099648,0.000998144,0.000262499,2110.66,0.00051437,1,-0.000762432,0.000990217,-0.0002625,2300.12
0,3653356,10,phononTF,0.000391469,0.000997924,-0.000997674,0.000262498,2660.82,0.000391469,1,0.000812825,-0.000908637,-0.0002625,2823.88
0,3653356,2,phononTF,0.00203612,-0.00322554,5.1774e-05,0.000262498,1.82274,0.00203612,1,-0.00348562,0.000468217,-0.0002625,216.033
0,3668769,10,phononTF,0.000401918,-0.00238972,0.00158483,-0.0002625,2190.27,0.000382,1,-0.00199813,0.0019975,0.0002625,2844.29
0,3670367,2,phononL,0.00250302,-0.0029242,-0.000943403,8.66566e-05,69.8551,0.000382,1,-0.00300385,-0.00100229,0.0002625,587.576
0,3670367,10,phononTS,0.000477105,-0.00300385,-0.00100229,0.000262498,587.576,0.000477105,1,-0.00304607,-0.000999285,-0.0002625,747.815
0,3692315,5,phononTS,0.000407763,-0.00336017,-0.00131412,-0.0002625,153.305,0.000382,1,-0.00199769,-2.6559e-06,0.0002625,1240.15
0,3703604,3,phononTS,0.00289744,-0.00350828,-0.000962436,-0.000209692,17.192,0.000382,1,-0.00299844,-0.000997593,0.0002625,875.559
0,3709060,7,phononTF,0.000463941,0.00100062,-0.00300019,0.0002625,8135.31,0.000463941,1,0.000545921,-0.0025133,-0.0002625,8612.61
0,3709060,3,phononTS,0.00212887,-0.00321681,5.23418e-05,0.000262498,5.51089,0.00209047,1,-0.00298022,4.31274e-05,-0.0002625,193.309
0,3709060,2,phononL,0.000513055,-0.00321681,5.23418e-05,0.000262498,5.51089,0.000513055,1,-0.00384178,0.000252155,-0.0002625,160.449
0,3715852,2,phononTS,0.000634108,-0.00261359,3.03014e-05,-0.0002625,3.98153,0.000382,1,-0.00199621,2.79979e-06,0.0002625,549.801
0,3716617,2,phononTS,0.00206095,-0.00345357,-0.00140699,-0.000180142,4.07687,0.001146,1,-0.00299912,-0.000995646,0.0002625,952.018
0,3717797,7,phononTS,0.00041681,-0.0024244,0.00217449,-0.000262498,2108.98,0.000382,1,-0.000997795,0.00300247,0.0002625,2673.33
0,3725618,2,phononL,0.00129537,-0.00199565,0.00200102,0.0002625,27.2176,0.00129537,1,-0.00203291,0.00277181,-0.0002625,1130.23
0,3726053,3,phononTS,0.000847694,-0.00211479,0.000527583,-0.0002625,4.52339,0.000382,1,-0.00100429,0.00100047,0.0002625,878.907
0,3726610,6,phononTS,0.00132531,-0.00300044,-0.00100166,0.0002625,431.551,0.00101254,1,-0.00297672,-0.000941851,-0.0002625,728.365
0,3729996,8,phononTS,0.00290472,-0.0019771,-1.7243e-05,-2.30375e-05,1000.84,0.000764,1,-0.00199503,3.89099e-06,0.0002625,3643.26
0,3729996,12,phononTF,0.000422565,-0.00199503,3.89099e-06,0.000262498,3643.26,0.000422565,1,-0.00121513,0.00248012,-0.0002625,4430.96
0,3729996,11,phononTF,0.000425869,-0.00199503,3.89099e-06,0.000262498,3643.26,0.000425869,1,-0.00193191,-0.000170987,-0.0002625,3804.46
0,3737162,5,phononTS,0.00210679,-0.000228322,-0.00332553,-1.55909e-05,1098.54,0.000548877,1,-0.000281305,-0.00294003,-0.0002625,2124.84
0,3747952,2,phononTF,0.000606523,-0.00161197,-0.000972589,-0.0002625,1.48012,0.000382,1,4.8892e-06,-0.00200078,0.0002625,1160.14
0,3781327,2,phononTS,0.0016882,-0.00322688,0.000100198,-0.0002625,5.76737,0.000382,1,-0.00299935,-0.000996517,0.0002625,572.51
0,3787367,11,phononTF,0.000475352,-7.99245e-07,0.00200363,0.000262498,1686.65,0.000475352,1,-0.000682922,0.00271689,-0.0002625,2001.53
0,3789718,8,phononTS,0.000892166,-0.00299532,-0.00100279,0.000262499,1801.94,0.000892166,1,-0.00268726,-0.000976083,-0.0002625,2008.7
0,3812708,6,phononTS,0.000924393,-0.00199939,-3.82942e-06,0.0002625,223.632,0.000924393,1,-0.00152002,-6.24677e-05,-0.0002625,1177.91
0,3812708,4,phononTF,0.00210442,-0.00323443,6.03475e-05,0.000262498,27.0314,0.00108901,1,-0.00471664,0.00173563,-0.0002625,680.374
0,3817058,3,phononTS,0.00103082,0.00112839,1.04886e-05,-0.0002625,5.82981,0.000382,1,0.00199879,-6.1246e-07,0.0002625,2031.64
0,3826554,7,phononTF,0.000422553,1.05769e-06,-0.00200303,0.000262498,3361.42,0.000422553,1,0.000251552,-0.00218197,-0.0002625,3537.52
0,3843600,4,phononTS,0.00122652,-0.00200059,-3.88873e-07,0.0002625,1298.63,0.000805989,1,-0.00198085,5.8247e-05,-0.0002625,1881.02
0,3843703,7,phononTS,0.000502429,-0.00193253,0.00012458,-0.0002625,1994.08,0.000382,1,-0.00199925,8.14282e-07,0.0002625,4786.86
0,3858074,6,phononTS,0.000532076,-0.00393672,0.00116419,-0.000262498,3410.98,0.000382,1,-0.00199806,0.00199509,0.0002625,4117.73
0,3870717,5,phononTF,0.00302229,-0.000924504,0.00110145,0.000121181,1.81967,0.000764,1,-0.00100014,0.0010022,0.0002625,2516.36
0,3870717,6,phononL,0.00170653,-0.0011367,0.00105525,-0.000249147,2516.36,0.00123725,1,-0.00109287,0.00104171,-0.0002625,2691.14
0,3870717,4,phononTS,0.00186384,-0.00322448,5.15164e-05,0.000262498,1.81967,0.00186384,1,-0.00319959,6.41882e-05,-0.0002625,154.407
0,3888284,6,phononTS,0.000591561,-0.0020606,1.67451e-05,-0.000262498,1057.2,0.000382,1,-0.00200147,5.70788e-07,0.0002625,1209.62
0,3888284,3,phononL,0.00246722,-0.00352741,7.07226e-05,0.000238436,39.9936,0.00186203,1,-0.00440425,-4.47316e-05,-0.0002625,309.816
0,3910628,2,phononTS,0.00246092,3.16922e-06,0.00200018,0.0002625,5.55539,0.00195556,1,-3.88417e-05,0.00196863,-0.0002625,6757.21
0,3915334,7,phononL,0.000940658,-0.00195751,-0.000575954,-0.0002625,205.817,0.000382,1,-0.00199992,4.01621e-06,0.0002625,1281.43
0,3923384,3,phononTS,0.00160898,-0.000330626,0.0010991,-0.0002625,19.7304,0.000382,1,0.00199525,0.00200373,0.0002625,2051.77
0,3932738,6,phononTS,0.00129318,-0.00299758,-0.000999715,0.000262498,297.55,0.000347503,1,-0.00301652,-0.00105287,-0.0002625,446.839
0,3935746,13,phononTF,0.000800408,-0.00199873,-1.44179e-07,0.0002625,395.855,0.000344162,1,-0.00106133,0.000578346,-0.0002625,1121.6
0,3936109,3,phononTS,0.00244374,-0.00288521,-0.000715183,0.000154196,1.40286,0.000382,1,-0.00300033,-0.00100369,0.0002625,384.421
0,3936109,7,phononTS,0.00053692,-0.00300033,-0.00100369,0.000262498,384.421,0.00053692,1,-0.00297754,-0.00101085,-0.0002625,542.837
0,3937251,3,phononTS,0.00301665,-0.00277665,-0.0010104,0.000158219,5.24764,0.000382,1,-0.00299683,-0.000997136,0.0002625,1291.88
0,3939449,5,phononTF,0.000543715,-0.00252268,0.00143051,-0.000262498,2663.98,0.000382,1,-0.00199648,0.00199596,0.0002625,2930.68
0,3943570,4,phononL,0.000412955,-0.00221066,0.00162077,-0.0002625,745.348,0.000382,1,-0.00199917,0.00199602,0.0002625,1397.75
0,3959621,6,phononTS,0.000682295,-0.00236819,-3.87231e-06,-0.0002625,169.432,0.000382,1,-0.00200308,-2.53671e-06,0.0002625,810.991
0,3959621,3,phononTS,0.00138719,-0.00322294,4.79333e-05,0.000262498,1.98385,0.00123291,1,-0.00304624,-0.000684441,-0.0002625,320.001
0,3964152,4,phononTS,0.000579524,-0.000641306,0.00393507,-0.0002625,553.485,0.000382,1,-0.000998132,0.00299736,0.0002625,3739.77
0,4006758,8,phononTS,0.000534292,-0.00300259,-0.00100419,0.0002625,727.378,0.000534292,1,-0.00296302,-0.000914711,-0.0002625,1052.24
0,4009966,8,phononTF,0.000388413,0.000662133,-0.00148662,-0.000262498,7179.91,0.000382,1,0.00100404,-0.00100483,0.0002625,7413.19
0,4059693,9,phononTS,0.000880165,-4.74802e-07,-3.90448e-06,0.0002625,2126.74,0.000545198,1,-0.000193247,3.15968e-05,-0.0002625,3854.93
0,4069062,7,phononTF,0.000434567,-0.00299957,-0.00100274,0.000262498,643.134,0.000434567,1,-0.00258846,-0.00144619,-0.0002625,868.394
0,4076820,9,phononTS,0.000448333,-0.00384358,6.11913e-06,-0.000262498,850.971,0.000382,1,-0.00199798,-0.00200148,0.0002625,1690.26
0,4076820,7,phononTS,0.00060253,-0.00350725,-0.000122719,0.000262498,627.552,0.00060253,1,-0.00373351,-7.20434e-05,-0.0002625,812.845
0,4123837,9,phononTF,0.000851191,-0.00381334,-7.28741e-06,-0.000262498,376.76,0.000382,1,0.00300465,0.00100289,0.0002625,2380.39
0,4171120,5,phononTS,0.000570755,-0.00279379,-0.00060464,-0.0002625,10.8157,0.000382,1,-0.0029961,-0.000995588,0.0002625,853.267
0,4217238,2,phononTF,0.00256638,-0.00311594,-0.00205233,-0.000113285,136.361,0.00165627,1,-0.00301188,-0.0019407,-0.0002625,1663.13
0,4231061,8,phononL,0.000639969,0.00253864,0.00113577,-0.0002625,1681.89,0.000382,1,0.00300005,0.00100391,0.0002625,2341.7
0,4235737,3,phononTS,0.00234696,-0.00194721,-0.000147748,0.00011411,4.73103,0.000382,1,-0.00200211,1.04048e-06,0.0002625,493.366
0,4241127,6,phononTS,0.00104456,-0.00199738,-3.954e-06,0.0002625,724.907,0.000188331,1,-0.00201146,0.000197873,-0.0002625,1087.53
0,4276864,8,phononTF,0.000759841,-0.00224531,-0.00145791,-0.0002625,1242.45,0.000382,1,-0.00199659,-0.00199704,0.0002625,1974.34
0,4280373,6,phononTF,0.000507823,-0.0020027,0.00200364,0.0002625,936.557,0.000507823,1,-0.00240237,0.00243071,-0.0002625,1821.69
0,4280373,4,phononTS,0.00112016,-0.00290612,-0.00018048,0.000253466,419.113,0.000742518,1,-0.00327613,0.000450634,-0.0002625,736.572
0,4313754,2,phononL,0.00136835,-0.00314193,-0.000940655,0.000135582,12.267,0.000764,1,-0.00299654,-0.000997998,0.0002625,2097.71
0,4336583,4,phononTS,0.000472624,-0.00299731,-0.00100128,0.0002625,42.8793,0.000472624,1,-0.00295027,-0.00127975,-0.0002625,1020.27
0,4340670,4,phononTS,0.00038511,-0.00205536,-0.0016323,-0.0002625,718.838,0.000382,1,-0.00200328,-0.00199863,0.0002625,1786.68
0,4349810,3,phononTS,0.0026896,-0.00199854,-4.96454e-06,0.0002625,192.35,0.00151116,1,-0.00203508,-4.98785e-05,-0.0002625,2807.66
0,4353418,4,phononTS,0.000474474,-0.00161256,0.000850439,-0.0002625,804.55,0.000382,1,-0.000997503,0.00100442,0.0002625,1438.45
0,4388603,10,phononTF,0.000520452,-0.00313174,-0.000897957,-0.0002625,221.388,0.000382,1,-0.00299639,-0.00100411,0.0002625,692.323
0,4422032,5,phononTF,0.0019061,-0.00105832,0.00104372,0.000149216,2697.75,0.00128926,1,-0.00123711,0.00129197,-0.0002625,2894.91
0,4422772,3,phononTS,0.00273252,-0.00305697,-0.000983141,0.000142023,15.0182,0.000382,1,-0.0029956,-0.000997737,0.0002625,540.157
0,4422772,4,phononL,0.00219476,-0.0029956,-0.000997737,0.000262498,540.157,0.000482262,1,-0.00242549,-0.00109671,-0.0002625,683.458
0,4434987,7,phononTS,0.000468589,-1.51142e-06,-0.00199743,0.000262498,2998.08,0.000468589,1,-0.000461891,-0.00226646,-0.0002625,3266
0,4438356,6,phononTS,0.000404235,-3.32235e-06,-2.46541e-06,0.000262498,5271.65,0.000404235,1,0.000224013,-1.3105e-05,-0.0002625,5461.39
0,4439807,3,phononTS,0.00301016,-0.0038437,0.000142226,-0.000111793,56.0086,0.0013067,1,-0.00376618,0.000279481,-0.0002625,2818.32
0,4444207,5,phononTS,0.00115592,-0.00261027,2.83468e-05,-0.0002625,18.7082,0.000382,1,-0.00199562,9.60591e-07,0.0002625,551.719
0,4445656,4,phononL,0.00165267,-0.00261767,-0.000888284,-0.0002625,23.7353,0.001146,1,-0.00300386,-0.000996323,0.0002625,2135.49
0,4450521,5,phononTS,0.00083098,-0.00205403,-6.9074e-05,-0.000262498,778.106,0.000382,1,-0.00199654,2.87107e-07,0.0002625,937.261
0,4455999,4,phononL,0.00200426,-0.00136814,0.00182051,-0.0002625,8.19133,0.000382,1,7.24804e-07,0.00200029,0.0002625,1537.48
0,4455999,6,phononTF,0.000408455,7.24804e-07,0.00200029,0.000262498,1537.48,0.000408455,1,-0.000232106,0.00175289,-0.0002625,1713.8
0,4455999,5,phononTF,0.000726063,7.24804e-07,0.00200029,0.000262498,1537.48,0.000409375,1,0.000189665,0.00183581,-0.0002625,1703.06
0,4457053,8,phononTS,0.00113273,-0.00164972,0.00101243,-0.0002625,101.367,0.000382,1,2.07923e-07,0.00199863,0.0002625,1411.49
0,4462869,7,phononTS,0.000387983,0.00100225,-0.00299899,0.0002625,7358.7,0.000387983,1,0.00106263,-0.00295839,-0.0002625,7661.92
0,4464596,6,phononTS,0.000924918,-0.00200409,3.76954e-06,0.0002625,1298.99,0.000553123,1,-0.00202359,0.000238652,-0.0002625,1793.37
0,4489237,4,phononTS,0.000557224,0.00100267,0.000995387,0.0002625,1296.25,0.000557224,1,0.00131829,0.00101368,-0.0002625,1711.38
0,4490123,4,phononL,0.00220607,-0.00199753,-0.00199605,0.0002625,10.8913,0.00166254,1,-0.00170124,-0.00175677,-0.0002625,1917.87
0,4490123,3,phononTS,0.000500123,-0.00322375,5.02721e-05,0.000262498,10.8913,0.000500123,1,-0.0040437,-4.54638e-05,-0.0002625,332.044
0,4490123,2,phononTS,0.00102688,-0.00322375,5.02721e-05,0.000262498,10.8913,0.00102688,1,-0.00325976,-0.000747589,-0.0002625,328.837
0,4497156,12,phononTS,0.000445519,-0.00300155,-0.00100317,0.000262498,3071.61,0.000445519,1,-0.00350854,-0.00100377,-0.0002625,3319.85
0,4497156,2,phononTS,0.00194741,-0.00322185,5.65769e-05,0.000262498,2.18032,0.000981776,1,-0.00325402,-0.000538137,-0.0002625,269.314
0,4514731,2,phononTF,0.00116804,-0.00261542,0.00102465,-0.0002625,4.36717,0.000764,1,-0.00200221,0.0020049,0.0002625,757.526
0,4521549,7,phononTS,0.000399246,-0.00251917,0.00265307,-0.000262498,2149.46,0.000382,1,-0.00200119,0.0019975,0.0002625,2498.72
0,4521549,3,phononTS,0.00124075,-0.00323099,4.31712e-05,0.000262498,9.29096,0.00111274,1,-0.00329635,3.12634e-06,-0.0002625,156.275
0,4521549,2,phononTF,0.00138973,-0.00323099,4.31712e-05,0.000262498,9.29096,0.00138973,1,-0.00331759,-4.09281e-05,-0.0002625,161.129
0,4526742,4,phononTS,0.000575944,-0.000945385,-0.00152672,-0.000262498,3308.72,0.000382,1,-0.00100468,-0.000995221,0.0002625,3559.42
0,4526742,2,phononTF,0.00116315,-0.00323733,5.00702e-05,0.000262498,7.00358,0.00116315,1,-0.00369787,-0.000785639,-0.0002625,335.846
0,4533164,5,phononTS,0.0013091,-0.00261142,2.16053e-05,-0.0002625,8.58075,0.000382,1,-0.00199595,-3.54092e-06,0.0002625,542.04
0,4533164,6,phononTF,0.000683773,-0.00199595,-3.54092e-06,0.000262498,542.04,0.000683773,1,-0.00167413,7.66071e-05,-0.0002625,730.468
0,4538223,6,phononTF,0.000552108,-0.00284084,-0.00118626,-0.000262499,995.705,0.000382,1,-0.00300491,-0.00100444,0.0002625,1158.8
0,4538223,2,phononTS,0.00226435,-0.0033284,-3.23468e-05,-0.000167649,205.642,0.00164585,1,-0.0033166,-3.74199e-05,-0.0002625,426.004
0,4539302,4,phononTF,0.00193587,-0.0013847,0.00267466,-0.0002625,1.76144,0.000382,1,-0.00099568,0.00300233,0.0002625,1587.27
0,4540169,3,phononTS,0.00102961,-0.00311374,-0.000484182,-0.0002625,48.2947,0.000382,1,-0.00299722,-0.000995953,0.0002625,567.35
0,4540169,2,phononTS,0.000990985,-0.00323026,2.75877e-05,0.000262498,48.2947,0.000851649,1,-0.00223675,0.00102639,-0.0002625,558.282
0,4545400,6,phononL,0.000427947,-0.00200413,-4.15616e-06,0.000262498,1603.78,0.000427947,1,-0.0021681,-0.000248444,-0.0002625,1720.13
0,4548343,4,phononL,0.00178381,-0.0019686,0.00164501,-0.0002625,4.8237,0.000382,1,-0.001999,0.00200203,0.0002625,643.724
0,4580532,7,phononTS,0.000595286,-0.00100681,-0.00102539,-0.000262498,1330.3,0.000382,1,-0.000995612,-0.000998695,0.0002625,1484.6
0,4581653,6,phononTF,0.000793365,-0.00180599,0.000209358,-0.000262498,1168.37,0.000382,1,-0.00199849,2.75578e-07,0.0002625,1336.53
0,4600089,5,phononTF,0.00071739,-0.005,-0.000137582,-0.000174073,1384.82,0.000273023,1,-0.00494958,-8.34625e-05,-0.0002625,2619.82
0,4600089,6,phononL,0.000444367,-0.00494958,-8.34625e-05,-0.000262498,2619.82,0.000444367,1,-0.005,-0.000101591,-0.000187748,2637.21
0,4607513,3,phononL,0.00250324,-0.0020015,4.41399e-05,0.000204027,171.159,0.000382,1,-0.0019954,-2.9389e-07,0.0002625,1124.04
0,4608145,4,phononL,0.00104392,-0.000491716,-0.000535886,-0.0002625,15.6119,0.000764,1,0.000996146,-0.0010028,0.0002625,1701.18
0,4609709,6,phononTS,0.000847137,-0.00161424,0.000904954,-0.0002625,1273.22,0.000764,1,-0.000997087,0.000995375,0.0002625,2117.98
0,4612957,4,phononTF,0.00277426,-0.00191008,7.59293e-05,4.28538e-05,166.122,0.000764,1,-0.0020026,4.35992e-06,0.0002625,981.481
0,4612957,7,phononTS,0.0011461,-0.0020026,4.35992e-06,0.000262498,981.481,0.000350021,1,-0.00201917,-2.73837e-05,-0.0002625,1138.7
0,4614619,2,phononTS,0.00261302,-0.00298634,-0.000986522,5.86606e-05,18.4419,0.000382,1,-0.0029972,-0.000997672,0.0002625,472.378
0,4614619,12,phononTF,0.000618854,-0.0029972,-0.000997672,0.000262498,472.378,0.000618854,1,-0.00309495,-0.00109234,-0.0002625,625.503
0,4614619,11,phononTS,0.000506045,-0.0029972,-0.000997672,0.000262498,472.378,0.000506045,1,-0.00304866,-0.000807827,-0.0002625,650.971
0,4614619,10,phononL,0.00103787,-0.0029972,-0.000997672,0.000262498,472.378,0.000601625,1,-0.00306924,-0.00180251,-0.0002625,648.163
0,4632895,9,phononTS,0.000512094,6.50105e-05,-1.82296e-05,-0.000262498,3719.11,0.000382,1,1.93314e-06,-2.86219e-06,0.0002625,3868.17
0,4649474,3,phononTS,0.00250217,-0.00330754,-0.00123642,-2.3258e-05,4.92271,0.001146,1,-0.0029976,-0.00100357,0.0002625,672.631
0,4649474,4,phononTS,0.000844338,-0.0029976,-0.00100357,0.000262498,672.631,0.000844338,1,-0.00367842,-0.0024986,-0.0002625,1250.34
0,4705247,3,phononTF,0.00222942,-0.00238913,-0.0015843,-0.000191934,1.3514,0.000382,1,-0.00200354,-0.00199688,0.0002625,2045.64
0,4705247,4,phononTS,0.00125209,-0.005,0.00283419,-4.63415e-06,2045.64,0.00125209,1,-0.00473933,0.00284389,-0.0002625,3984.1
0,4705247,2,phononTF,0.00144118,-0.00322437,5.08887e-05,0.000262498,1.3514,0.00104144,1,-0.00270439,0.00065715,-0.0002625,276.948
0,4719846,2,phononTS,0.000660155,0.00112589,7.13201e-06,-0.0002625,6.63279,0.000382,1,0.00199772,-1.64532e-06,0.0002625,2040.07
0,4719910,3,phononTF,0.00247397,-0.00301579,-0.000987464,0.000189013,6.10327,0.001146,1,-0.00300118,-0.00100069,0.0002625,1521.28
0,4719910,2,phononTF,0.00127408,-0.00489595,-0.000137754,0.00024185,6.10327,0.00105836,1,-0.00481592,-0.000494156,-0.0002625,909.581
0,4728091,3,phononTF,0.00231626,-0.0021203,-0.00189361,5.81105e-05,17.0621,0.000382,1,-0.00200493,-0.00200327,0.0002625,2576.82
0,4728091,6,phononTS,0.00172896,-0.00200493,-0.00200327,0.000262499,2576.82,0.00172896,1,-0.00228888,-0.00204957,-0.0002625,2780.65
0,4728091,2,phononTF,0.00214329,-0.00323547,4.71575e-05,0.000262498,17.0621,0.00149814,1,-0.00331422,-7.65177e-06,-0.0002625,168.06
0,4733076,5,phononTS,0.00220703,-0.00319381,-0.000529825,8.26179e-05,148.303,0.000764,1,-0.00300365,-0.000996084,0.0002625,554.25
0,4733076,7,phononTS,0.000853673,-0.00300365,-0.000996084,0.000262498,554.25,0.000464726,1,-0.00295088,-0.000677988,-0.0002625,757.623
0,4750381,8,phononL,0.000462973,-0.00200283,-2.38657e-07,0.000262498,949.851,0.000462973,1,-0.00246233,-3.12102e-05,-0.0002625,1079.34
0,4761546,7,phononTF,0.000587494,-0.00100099,0.000997123,0.0002625,1017.56,0.000587494,1,-0.00123486,0.00123696,-0.0002625,1392.2
0,4761546,5,phononTS,0.00236104,-0.00321733,9.90901e-05,0.000262498,125.905,0.00236104,1,-0.00325654,7.27868e-05,-0.0002625,274.45
0,4761546,4,phononTF,0.000875199,-0.00321733,9.90901e-05,0.000262498,125.905,0.000346915,1,-0.00282742,0.000471492,-0.0002625,337.888
0,4762222,4,phononTS,0.000621054,-0.003003,-0.0010045,0.0002625,824.28,0.000621054,1,-0.00307907,-0.00083524,-0.0002625,1256.87
0,4763489,3,phononTS,0.000745217,-0.00261455,2.39181e-05,-0.0002625,10.5211,0.000382,1,-0.00200051,-3.45489e-06,0.0002625,554.723
0,4781916,6,phononL,0.000457568,0.000501221,0.00163497,-0.0002625,2045.69,0.000382,1,0.00200456,0.00199846,0.0002625,3538.49
0,4789001,2,phononTS,0.00289137,-0.00201415,0.000102636,0.000201819,3.31805,0.000764,1,-0.00200146,4.84726e-06,0.0002625,1498.15
0,4789001,9,phononTS,0.00103976,-0.00200146,4.84726e-06,0.000262498,1498.15,0.00103976,1,-0.00229891,0.000337975,-0.0002625,1745.91
0,4789001,8,phononTS,0.000448543,-0.00200146,4.84726e-06,0.000262498,1498.15,0.000448543,1,-0.0021962,5.46842e-05,-0.0002625,1677.65
0,4796560,4,phononTS,0.00185852,-0.00287615,-0.000878117,5.95781e-06,77.0639,0.000764,1,-0.0030027,-0.000997931,0.0002625,1742
0,4796560,5,phononTF,0.000564295,-0.0030027,-0.000997931,0.000262499,1742,0.000564295,1,-0.00317251,-0.0011856,-0.0002625,1906.09
0,4828916,6,phononTS,0.000388007,0.00199949,-0.00200394,0.0002625,7109.12,0.000388007,1,0.00201449,-0.00198399,-0.0002625,7743.29
0,4833506,2,phononTS,0.00241979,-0.00200912,0.000112284,0.000194699,4.27696,0.000764,1,-0.00200099,-2.57094e-06,0.0002625,1448.32
0,4854827,5,phononTS,0.00282501,-0.00308424,-0.00100685,-0.000109868,165.87,0.000382,1,-0.00300396,-0.000996196,0.0002625,1209.36
0,4854827,10,phononTS,0.000505138,-0.00300396,-0.000996196,0.000262498,1209.36,0.000505138,1,-0.00352186,8.60322e-05,-0.0002625,1655.79
0,4854827,9,phononTS,0.00102815,-0.00300396,-0.000996196,0.000262498,1209.36,0.00102815,1,-0.00296492,-0.00096685,-0.0002625,1356.72
0,4867426,5,phononL,0.00193645,-0.00072404,0.00172885,5.11442e-05,11.6883,0.00176308,1,-0.00268302,0.00193159,-0.0002625,1829.84
0,4867426,4,phononTS,0.00202758,-0.00323143,4.05999e-05,0.000262498,11.6883,0.000742093,1,-0.00318261,-0.000242725,-0.0002625,208.141
0,4882561,7,phononTS,0.000605578,0.00109611,-0.00204027,-0.0002625,459.533,0.000382,1,0.00200411,-0.0020006,0.0002625,8146.6
0,4883647,3,phononL,0.0012061,-0.000778326,0.00197138,-0.0002625,22.1073,0.000382,1,1.74821e-06,0.00200287,0.0002625,1393.69
0,4883647,5,phononTS,0.000697742,1.74821e-06,0.00200287,0.000262498,1393.69,0.000325048,1,-2.3198e-05,0.0020148,-0.0002625,1545.64
0,4883647,2,phononTF,0.00128273,-0.00320221,4.51421e-05,0.000262498,22.1073,0.00109521,1,-0.00301095,0.000241524,-0.0002625,189.031
0,4887029,4,phononTS,0.000708713,-0.00199657,-1.4871e-06,0.0002625,806.762,0.000708713,1,-0.00197555,-5.83142e-05,-0.0002625,1126.59
0,4887029,2,phononTF,0.000767426,-0.00322782,6.16653e-05,0.000262498,3.51663,0.000767426,1,-0.00319906,3.20271e-05,-0.0002625,151.963
0,4893636,5,phononTS,0.000461721,-0.00300461,-0.000996094,0.000262498,525.089,0.000461721,1,-0.00309559,-0.00123745,-0.0002625,725.797
0,4893636,3,phononL,0.00171605,-0.00322641,5.10836e-05,0.000262498,1.85321,0.000533265,1,-0.00300324,-0.000337479,-0.0002625,131.109
0,4894505,7,phononTF,0.000553532,-0.00200222,-1.07531e-06,0.0002625,332.174,0.000553532,1,-0.00157676,-0.00042133,-0.0002625,3177.38
0,4912798,8,phononTS,0.000391564,-0.00304772,0.000459969,-0.000262498,238.962,0.000382,1,-0.00200324,0.00200479,0.0002625,855.804
0,4916118,4,phononTF,0.0028512,-0.00302992,-0.000968111,0.000217043,13.6273,0.000764,1,-0.00299733,-0.00100338,0.0002625,364.311
0,4916118,6,phononTF,0.00116704,-0.00299733,-0.00100338,0.000262498,364.311,0.00116704,1,-0.00221161,-0.000241048,-0.0002625,708.651
0,4916118,5,phononTF,0.000513896,-0.00299733,-0.00100338,0.000262498,364.311,0.000513896,1,-0.00475533,-0.00332923,-0.0002625,1211.97
0,4949565,4,phononTS,0.00047335,-0.0029372,-0.00102277,-0.000262498,695.382,0.000382,1,-0.00300236,-0.0010001,0.0002625,843.73
0,4950509,9,phononTS,0.000505645,-0.00195297,-6.0635e-05,-0.000262498,3691.01,0.000382,1,-0.00200156,2.43749e-06,0.0002625,3837.53
0,4950509,3,phononL,0.000855275,-0.00319995,6.8532e-05,0.000262498,72.5031,0.000855275,1,-0.0027077,0.000537499,-0.0002625,234.619
0,4950509,2,phononTF,0.00149264,-0.00319995,6.8532e-05,0.000262498,72.5031,0.00149264,1,-0.00304201,0.000239648,-0.0002625,234.285
0,4953169,3,phononL,0.00177499,-0.00238144,-4.67841e-05,-0.0002625,24.0737,0.000382,1,-0.00200191,-3.32142e-06,0.0002625,476.173
0,4975021,8,phononTS,0.00070764,-0.00130766,0.000872075,-0.0002625,960.366,0.000382,1,1.14806e-07,3.92802e-06,0.0002625,3977.49
0,4975021,6,phononTS,0.00346177,-0.00399556,-8.47993e-05,-0.000220359,45.5919,0.00272672,1,-0.00400326,3.08449e-06,-0.0002625,534.837
0,4992508,5,phononTS,0.000437088,-7.8719e-05,4.47888e-05,-0.0002625,619.098,0.000382,1,-1.1034e-06,7.66332e-07,0.0002625,1925.18
0,4999837,10,phononTF,0.000822705,-0.00200072,1.10756e-06,0.000262498,346.068,0.000822705,1,-0.00249706,-0.000527778,-0.0002625,598.057
0,4999837,2,phononTS,0.000421639,-0.00323659,5.78136e-05,0.000262498,41.1041,0.000421639,1,-0.00317757,7.36394e-05,-0.0002625,190.344
0,5020200,3,phononTS,0.00184586,-0.00261487,2.58716e-05,-0.0002625,17.9364,0.000382,1,-0.00200153,9.34035e-08,0.0002625,561.98
0,5020200,5,phononTF,0.00102146,-0.00200153,9.34035e-08,0.000262498,561.98,0.00102146,1,-0.00157316,0.000460659,-0.0002625,792.468
0,5020200,2,phononTF,0.00065822,-0.00322821,5.16497e-05,0.000262498,17.9364,0.00065822,1,-0.00333683,-6.90731e-05,-0.0002625,172.742
0,5045343,3,phononTF,0.00239634,-0.00332592,-0.000708271,-0.000132068,22.7429,0.001146,1,-0.00299745,-0.000995388,0.0002625,975.59
0,5045343,6,phononTF,0.000639501,-0.00299745,-0.000995388,0.000262498,975.59,0.000639501,1,-0.00251715,-0.00144237,-0.0002625,1211.98
0,5058995,4,phononTF,0.00263267,-0.00303502,-0.00103587,9.25349e-05,20.8884,0.000382,1,-0.00299912,-0.000997097,0.0002625,1229.06
0,5058995,6,phononL,0.00144158,-0.00299912,-0.000997097,0.000262498,1229.06,0.000969233,1,-0.00290418,-0.00057215,-0.0002625,1356.3
0,5058995,5,phononTS,0.000545763,-0.00299912,-0.000997097,0.000262498