Run ID,Event ID,Track ID,Particle Name,Start Energy [eV],Start X [m],Start Y [m],Start Z [m],Start Time [ns],Energy Deposited [eV],Track Weight,End X [m],End Y [m],End Z [m],Final Time [ns]
0,5635,11,phononTF,0.000558204,0.000998787,0.00100391,0.000262498,1334.64,0.000558204,1,0.000459454,0.000499307,-0.0002625,1589.58
0,30214,6,phononL,0.00099017,-0.00386924,0.00381686,-0.0002625,226.062,0.000382,1,-0.000995228,0.00300326,0.0002625,1564.06
0,30214,7,phononTS,0.000497537,-0.000995228,0.00300326,0.000262498,1564.06,0.000497537,1,-0.00175257,0.00308875,-0.0002625,1869.44
0,34036,6,phononTS,0.000468759,0.000997524,-0.000998435,0.0002625,2975.37,0.000468759,1,0.00106054,-0.000952146,-0.0002625,3348.63
0,39820,8,phononTF,0.000525979,-0.00236388,0.005,9.2146e-06,1353.06,0.000382,1,-0.00199731,2.11111e-06,0.0002625,3440.52
0,42356,8,phononTF,0.000563188,0.0010031,0.000995562,0.000262498,3716.74,0.000563188,1,0.00084927,0.00105147,-0.0002625,3875.06
0,42356,4,phononTS,0.00061062,-0.00222866,0.00383692,0.000262498,46.2955,0.00061062,1,-0.00216815,0.00378451,-0.0002625,192.693
0,52226,9,phononTS,0.00130039,-0.0011205,0.000967769,-0.0002625,1114.48,0.000382,1,-0.000998963,0.00100108,0.0002625,6020.51
0,52226,10,phononTF,0.000821254,-0.000998963,0.00100108,0.000262498,6020.51,0.00014257,1,-0.00101706,0.000981823,-0.0002625,6168.68
0,56805,13,phononTS,0.00151352,0.00294134,0.000947647,-0.0002625,533.953,0.000382,1,0.00300313,0.000996219,0.0002625,2881.17
0,56805,14,phononTS,0.000873373,0.00300313,0.000996219,0.000262498,2881.17,0.000715197,1,0.00294407,0.000992952,-0.0002625,3032.18
0,56840,6,phononTS,0.000387366,-0.000996617,0.00299566,0.000262498,1233.88,0.000387366,1,-0.00095,0.00304636,-0.0002625,1380.76
0,66647,2,phononTF,0.00131369,-0.00299536,-0.000996173,0.0002625,12.5838,0.00110865,1,0.00059664,-0.00458964,-0.0002625,3731.97
0,72637,9,phononTS,0.00126293,-0.00100307,0.00299632,0.0002625,457.682,0.000681249,1,-0.000959613,0.00299258,-0.0002625,1637.15
0,165405,8,phononTF,0.000765738,-0.000998787,0.00300264,0.000262498,1023.74,0.00049508,1,-0.000551385,0.00345776,-0.0002625,1256.65
0,165405,2,phononTS,0.00204888,-0.00220074,0.0038824,0.000262498,13.6884,0.00204888,1,-0.00323278,0.00377568,-0.0002625,402.622
0,203308,8,phononTF,0.000614317,-0.00264942,0.00268085,-0.0002625,2028.99,0.000382,1,-0.00199912,0.00199846,0.0002625,2940.4
0,219649,12,phononTF,0.000382417,0.000996593,-0.00300217,0.000262498,5699.65,0.000382417,1,0.00118949,-0.00246952,-0.0002625,5941.51
0,219649,6,phononL,0.000413314,-0.00220228,0.00387371,0.000262498,5.78784,0.000413314,1,-0.00167836,0.00351235,-0.0002625,160.375
0,243580,6,phononTS,0.000429621,-0.0012349,0.00285428,-0.0002625,620.998,0.000382,1,-0.00099673,0.00300054,0.0002625,1265.18
0,294349,5,phononTF,0.000504576,-0.0011197,0.00298992,-0.0002625,4.12516,0.000382,1,4.85297e-06,0.0020023,0.0002625,2025.65
0,322453,9,phononTS,0.00132383,-0.000605137,0.0023375,-0.000251671,943.556,0.000382,1,2.13939e-06,0.00200103,0.0002625,3703.92
0,337781,6,phononTS,0.00103213,-0.0022663,0.00365643,-0.000106615,210.512,0.000382,1,-0.000997338,0.00299757,0.0002625,733.251
0,349147,9,phononL,0.000617352,0.00253155,0.00132334,-0.0002625,2093.9,0.000382,1,0.00300396,0.00100219,0.0002625,3078.84
0,362311,9,phononTS,0.000993313,-0.00109319,0.00289345,-0.0002625,460.277,0.000382,1,-0.00100375,0.00299606,0.0002625,3258.42
0,362311,8,phononTS,0.00139198,-0.00252157,0.00392956,0.000262498,460.277,0.00139198,1,-0.00256351,0.00351477,-0.0002625,684.609
0,380926,10,phononTF,0.000416305,0.00147563,0.000552519,-0.0002625,309.844,0.000382,1,0.0019975,4.19742e-06,0.0002625,2125.68
0,380926,4,phononTS,0.000794418,-0.00216935,0.0038789,0.000262498,62.2606,0.000310645,1,-0.00206759,0.00384116,-0.0002625,226.553
0,380926,3,phononTS,0.00187526,-0.00267756,0.00397394,-0.00021848,62.2606,0.000588605,1,-0.00268038,0.00397775,-0.0002625,320.842
0,394586,12,phononTS,0.000398668,1.50928e-06,0.00199793,0.0002625,1481.94,0.000398668,1,0.000254939,0.00195462,-0.0002625,3063.39
0,399290,10,phononTS,0.000539188,0.005,0.00203231,7.80532e-05,2752.7,0.000539188,1,0.00499438,0.0020642,-0.0002625,8869.19
0,402177,2,phononTS,0.00343053,-0.00200407,0.00200483,0.000258798,13.759,0.000382,1,-0.00200437,0.00200439,0.0002625,1607.77
0,402177,6,phononTS,0.00235357,-0.00198595,0.00342137,-0.000178833,1607.77,0.00205206,1,-0.00201831,0.00341778,-0.0002625,2115.24
0,402177,5,phononTF,0.000548675,-0.00200437,0.00200439,0.000262498,1607.77,0.000548675,1,-0.00204757,0.00204336,-0.0002625,1756.65
0,423195,4,phononTS,0.000746088,-0.000102128,0.00193852,-0.0002625,6.44295,0.000382,1,0.00200494,-1.49395e-06,0.0002625,1869.37
0,426157,6,phononTS,0.000619876,-4.45994e-07,-3.79017e-06,0.000262498,3205.82,0.000619876,1,-5.56882e-05,-8.4767e-05,-0.0002625,3366.67
0,480714,7,phononTF,0.000871437,0.00100013,0.000999192,0.000262498,1414.41,0.000871437,1,0.00125473,0.000757293,-0.0002625,1593.96
0,495024,10,phononTS,0.000758695,4.47779e-06,0.00203681,-0.0002625,1944.77,0.000382,1,-2.29663e-06,0.00200336,0.0002625,2742.66
0,499268,9,phononL,0.000611372,-0.000614922,-0.00163251,-0.0002625,448.205,0.000382,1,-0.000998225,-0.00100073,0.0002625,3378.52
0,507454,9,phononTF,0.000432129,-3.01318e-06,0.00199615,0.0002625,159.731,0.000432129,1,0.000837554,0.00117578,-0.0002625,1611.16
0,507454,2,phononTS,0.000435126,0.005,-0.00100435,-0.000132499,2.64398,0.000435126,1,0.0042088,-0.0017991,-0.0002625,2954.51
0,509765,6,phononL,0.00108097,-0.0021066,0.0029365,-0.0002625,8.58318,0.000382,1,-0.00199946,0.00199729,0.0002625,404.779
0,513998,6,phononTS,0.000750548,-0.00299598,-0.00100369,0.000262498,2998.58,0.000750548,1,-0.00240149,-0.000971927,-0.0002625,3269.81
0,513998,4,phononTF,0.000895561,-0.00220358,0.00387852,0.000262498,22.4796,0.000533416,1,-0.00201504,0.00368701,-0.0002625,188.715
0,513998,3,phononTF,0.00176575,-0.00220358,0.00387852,0.000262498,22.4796,0.00158926,1,-0.00154407,0.00452547,-0.0002625,321.944
0,513998,2,phononTS,0.000653608,-0.00220358,0.00387852,0.000262498,22.4796,0.000653608,1,-0.00216621,0.00384149,-0.0002625,169.822
0,569567,4,phononTF,0.00133925,0.00162406,0.000400566,-0.0002625,1650.14,0.000382,1,0.00200486,6.21169e-08,0.0002625,3799.69
0,597359,2,phononTS,0.00139037,-0.00216443,0.00360135,-0.0002625,8.86073,0.000764,1,-0.00100446,0.0029971,0.0002625,668.957
0,621575,8,phononTF,0.000918927,0.00199925,0.00199938,0.000262498,2462.41,0.00051148,1,0.00233367,0.00365294,-0.0002625,3006.96
0,621575,6,phononTS,0.00127459,-0.00219336,0.00392886,0.000262498,28.4196,0.00127459,1,-0.00190166,0.0035012,-0.0002625,293.199
0,621575,5,phononL,0.000481808,-0.00219336,0.00392886,0.000262498,28.4196,0.000481808,1,-0.00228007,0.00331516,-0.0002625,176.974
0,649141,7,phononTS,0.000557711,0.00299212,0.00204777,-0.000262498,4176.12,0.000382,1,0.00200287,0.00199712,0.0002625,4549.75
0,649141,4,phononL,0.00105964,0.00457039,0.000743776,-1.71049e-05,8.33424,0.000819366,1,0.00479044,0.00105181,-0.0002625,2217.8
0,649141,3,phononTF,0.000866301,-0.00219892,0.00388047,0.000262498,8.33424,0.000210401,1,-0.00215084,0.00380528,-0.0002625,159.019
0,690114,7,phononTS,0.000992594,-0.00336799,0.000577289,-0.0002625,782.067,0.000382,1,-0.00199602,-2.40385e-06,0.0002625,3257.95
0,710353,4,phononTS,0.000794764,-0.000631178,0.0014486,-0.0002625,28.952,0.000382,1,0.000999379,-0.00100434,0.0002625,1937.25
0,722564,7,phononTF,0.000818155,-0.00100169,-0.00100287,0.000262498,4357.68,0.000206096,1,-0.00165433,-0.00165691,-0.0002625,4658.31
0,758410,6,phononL,0.00100488,-0.00100085,0.000994837,0.000245509,61.8506,0.00100488,1,-0.000554867,0.00101398,-0.0002625,2457.59
0,786842,7,phononTS,0.00113829,-0.000995224,-0.00100035,0.000262498,2063.79,0.000716742,1,-0.0032917,0.000498985,-0.0002625,2958.43
0,794277,9,phononTF,0.00133904,-0.00336631,0.005,-0.000230913,801.251,0.000382,1,-0.00199645,0.00199899,0.0002625,2022.09
0,796315,5,phononTS,0.0007956,-0.000999458,0.00300081,0.0002625,3.79517,0.000749429,1,0.000168865,0.0019083,-0.0002625,1314.15
0,802992,3,phononTF,0.00107338,-0.00160219,0.00344284,-0.0002625,1.41808,0.000764,1,-0.00100053,0.00300135,0.0002625,538.005
0,804047,6,phononTS,0.000452605,-0.00200458,0.00226378,-0.0002625,763.574,0.000382,1,-0.00200106,0.00200409,0.0002625,1349.31
0,841866,5,phononTS,0.000466501,-0.00205867,0.0028785,-0.0002625,426.895,0.000382,1,-0.00199842,0.00200131,0.0002625,1125.47
0,841866,4,phononTS,0.00106499,-0.00211891,0.00375569,0.000262498,426.895,0.000121837,1,-0.00103286,0.00400829,-0.0002625,842.571
0,860212,11,phononTS,0.000508337,-0.00100089,0.00299627,0.0002625,2260.43,0.000508337,1,-0.000959206,0.00295085,-0.0002625,2589.96
0,884672,5,phononTS,0.000900864,-0.00161141,0.00344173,-0.0002625,30.2269,0.000764,1,-0.00100279,0.0029983,0.0002625,683.48
0,884672,4,phononTF,0.00103496,-0.00222004,0.00388516,0.000262498,30.2269,0.000458254,1,-0.00240849,0.00374385,-0.0002625,194.968
0,896683,9,phononTS,0.000450607,0.000540685,0.000136751,-0.0002625,2114.33,0.000382,1,-4.81643e-06,0.00199974,0.0002625,9133.95
0,905962,5,phononTF,0.000469355,-0.00224054,0.00176617,-0.000262498,1206.52,0.000382,1,-0.00200306,0.00199506,0.0002625,1381.25
0,939316,11,phononTF,0.000762098,0.00130362,0.00273246,-0.0002625,1339.45,0.000382,1,0.00200235,0.00200282,0.0002625,2622.3
0,982408,11,phononTF,0.000541652,-0.000996611,0.00300337,0.0002625,1268.46,0.000541652,1,-0.00107078,0.0029244,-0.0002625,1873.72
0,983381,2,phononTS,0.00276029,-0.00109075,0.00124383,-0.000221054,4.4336,0.002188,1,-0.000999616,0.00128817,-0.0002625,1975.34
0,990240,10,phononTS,0.000733946,-0.00104386,0.0031296,-0.0002625,859.968,0.000382,1,-0.00099939,0.00300444,0.0002625,1621.14
0,990240,9,phononTF,0.000583905,-0.00180861,0.00334717,0.000262498,859.968,0.000583905,1,-0.00266219,0.00369414,-0.0002625,1188.84
0,995774,8,phononTS,0.00123107,2.5578e-06,0.00200204,0.000262498,3330.79,0.000805393,1,2.79288e-05,0.00201168,-0.0002625,3482.91
0,1003856,8,phononTF,0.000570399,0.005,0.00334459,-7.05299e-05,999.157,0.000570399,1,0.00441619,0.00306969,-0.0002625,4220.06
0,1003856,5,phononTF,0.000482137,-0.0022018,0.00388821,0.000262498,2.76043,0.000482137,1,-0.00106284,0.00141743,-0.0002625,815.057
0,1003856,4,phononTS,0.000822871,-0.0022018,0.00388821,0.000262498,2.76043,0.000498296,1,-0.00227433,0.00323581,-0.0002625,282.233
0,1003856,3,phononL,0.00065654,-0.00114075,0.005,-0.000242418,2.76043,0.00065654,1,-0.00115007,0.00493792,-0.0002625,340.323
0,1003856,2,phononTF,0.000987881,-0.0022018,0.00388821,0.000262498,2.76043,0.000987881,1,-0.0015078,0.00459608,-0.0002625,319.45
0,1012763,5,phononTS,0.000666991,-0.000995747,0.00299669,0.0002625,1621.01,0.000666991,1,-0.00107343,0.00381797,-0.0002625,2619.85
0,1039975,8,phononTF,0.000718741,0.00112161,-0.000881447,-0.0002625,129.566,0.000382,1,0.00100049,-0.00100493,0.0002625,2507.41
0,1044028,4,phononL,0.00067855,-0.00203589,0.000647016,-0.0002625,10.2978,0.000382,1,-0.00200272,-1.86883e-06,0.0002625,924.079
0,1056944,7,phononTF,0.00116678,-0.00248682,-0.000374353,-0.0002625,46.5457,0.000764,1,-0.00200251,-3.80297e-06,0.0002625,4786.51
0,1056944,6,phononTF,0.000844223,-0.00220091,0.00391916,0.000262498,46.5457,0.000374215,1,-0.00201501,0.00405534,-0.0002625,210.767
0,1056981,7,phononTF,0.000389009,0.00199571,0.00200473,0.000262498,1487.62,0.000389009,1,0.00178525,0.00241998,-0.0002625,1700.07
0,1056981,3,phononTF,0.000532142,-0.00220945,0.00389097,0.000262498,7.64421,0.000532142,1,0.000788841,0.00266263,-0.0002625,968.005
0,1056981,2,phononTS,0.00278311,-0.00300359,0.00171554,-0.000234356,7.64421,0.00116913,1,-0.00300993,0.00172351,-0.0002625,1141.24
0,1059883,9,phononTS,0.00111035,-0.005,0.00302829,-0.000174627,356.456,0.000764,1,-0.000999989,-0.000995394,0.0002625,3481.87
0,1059883,8,phononTS,0.000526273,-0.00219141,0.00401243,0.000262498,356.456,0.000526273,1,-0.00181624,0.00421201,-0.0002625,596.99
0,1059883,7,phononTF,0.00102526,-0.00219141,0.00401243,0.000262498,356.456,0.000730441,1,-0.00224615,0.00401226,-0.0002625,505.745
0,1065297,6,phononTS,0.000760816,-0.00168085,0.00207066,-0.0002625,820.32,0.000382,1,2.79304e-06,1.24521e-06,0.0002625,3633.71
0,1086172,9,phononTF,0.000499051,0.00200379,-0.0019996,0.000262498,5580.57,0.000499051,1,0.00156059,-0.00154753,-0.0002625,5813.13
0,1086172,6,phononTS,0.00151264,-0.00327418,0.0041258,0.000262498,2796.81,0.00105521,1,-0.00333925,0.00416906,-0.0002625,2943.59
0,1095422,6,phononTF,0.00040243,-0.000997146,0.0029979,0.000262498,1863.58,0.00040243,1,-0.00119834,0.00277695,-0.0002625,2033.64
0,1100491,10,phononTF,0.000438898,-0.000771269,0.000786774,-0.0002625,2032.39,0.000382,1,-0.0010036,0.00100084,0.0002625,2895.24
0,1115559,6,phononTS,0.000472768,-0.00139986,0.005,2.12722e-05,1140.63,0.000382,1,0.00200266,-6.39691e-07,0.0002625,8015.64
0,1131566,9,phononTS,0.000434186,0.000997853,-0.00299621,0.0002625,4023.46,0.000434186,1,0.000962766,-0.00293065,-0.0002625,4623.16
0,1148586,5,phononTS,0.000750312,2.02249e-06,0.00199608,0.0002625,45.2038,0.000750312,1,0.000531481,0.00151671,-0.0002625,1629.86
0,1150676,5,phononTS,0.00116627,-0.00211067,0.00292545,-0.0002625,45.5461,0.000382,1,-0.00200019,0.00199548,0.0002625,743.718
0,1169603,4,phononTS,0.000586043,0.00160579,0.00196578,-0.0002625,1255.44,0.000382,1,0.00200369,0.00199885,0.0002625,3159.14
0,1218580,11,phononTF,0.000545211,-0.00200175,0.00199641,0.0002625,258.04,0.000545211,1,-0.00152155,0.00153191,-0.0002625,2887.01
0,1218580,9,phononTS,0.00228561,-0.00224859,0.00384354,0.000219458,221.341,0.00102018,1,-0.0022452,0.00378773,-0.0002625,359.317
0,1239684,7,phononTS,0.0013725,-0.00206238,0.00246538,-0.0002625,109.243,0.000382,1,-0.00200375,0.00200096,0.0002625,1049.8
0,1239684,8,phononTS,0.000983248,-0.0040792,0.005,-2.59637e-06,1049.8,0.000653251,1,-0.00404997,0.00498976,-0.0002625,2241.2
0,1250395,4,phononTF,0.00038499,-0.00186133,0.00350937,-0.0002625,209.388,0.000382,1,-0.000999844,0.00300097,0.0002625,757.68
0,1256945,5,phononTS,0.000715881,-0.00330195,-0.00116526,-0.0002625,390.461,0.000382,1,-0.00200241,-0.00199874,0.0002625,6792.57
0,1259659,5,phononTS,0.000450144,-0.0016054,0.00243899,-0.0002625,58.3555,0.000382,1,-0.00100075,0.000995987,0.0002625,1147.89
0,1259910,5,phononL,0.00109092,4.3704e-06,0.00200283,0.000262498,1719.74,0.00066264,1,-0.000547294,0.00195815,-0.0002625,1859.6
0,1264791,8,phononTF,0.00041223,-0.00100264,0.00100221,0.000262498,1097.42,0.00041223,1,0.000269811,0.000537238,-0.0002625,1542.34
0,1297464,3,phononTF,0.000479658,-0.00110234,0.000935699,-0.0002625,11.0738,0.000382,1,3.25826e-06,-0.00199951,0.0002625,1878.61
0,1309353,10,phononTS,0.000718906,-0.00187286,0.00296085,-0.000207963,2343.31,0.000382,1,-0.00100144,0.00299563,0.0002625,3220.97
0,1319661,5,phononTS,0.000904365,-0.00160283,0.00243978,-0.0002625,1.51349,0.000382,1,-0.00100321,0.00099889,0.0002625,1088.91
0,1319661,4,phononTF,0.00130046,-0.00220244,0.00388066,0.000262498,1.51349,0.000783335,1,-0.00200521,0.00378038,-0.0002625,166.589
0,1363123,4,phononTF,0.00133348,-0.00164568,0.00141861,-0.0002625,1016.88,0.000764,1,-0.00100209,-0.001004,0.0002625,2549
0,1366900,11,phononTS,0.000495589,0.00299637,0.00100262,0.0002625,3199.42,0.000495589,1,0.00352284,0.00255582,-0.0002625,3915.87
0,1387882,9,phononL,0.000397239,-0.00153071,-0.0019083,-0.000262498,4032.74,0.000382,1,-0.00200014,-0.00200221,0.0002625,4164.34
0,1396818,4,phononTS,0.00134904,-0.00194718,0.00288614,-0.0002625,310.169,0.000764,1,-0.00200373,0.00199935,0.0002625,1003.65
0,1458032,8,phononTF,0.000614427,-0.005,-0.00244066,1.98389e-05,1765.63,0.000614427,1,-0.00304708,-0.00274539,-0.0002625,7159.54
0,1458032,6,phononTS,0.000569743,-0.0022753,0.00423754,0.000262498,990.557,0.000148759,1,-0.00222824,0.00474668,-0.0002625,1236.21
0,1507236,12,phononTS,0.000601387,-0.00199582,0.00200185,0.000262498,946.07,0.000601387,1,-0.00193968,0.0020518,-0.0002625,1092.69
0,1516461,4,phononTS,0.000559873,-0.00199771,0.00199612,0.000262498,1365.68,0.000559873,1,-0.00155666,0.00197671,-0.0002625,1596.09
0,1528220,7,phononL,0.000533272,-0.00100058,0.00300315,0.0002625,779.955,0.000533272,1,-0.000684491,0.00325641,-0.0002625,1030.18
0,1535427,7,phononTS,0.000496287,-0.00100065,0.00100024,0.0002625,1138.65,0.000496287,1,-0.0024286,0.000552389,-0.0002625,6722.61
0,1535427,4,phononTS,0.000542342,-0.00224259,0.00388727,0.000262498,83.3024,0.000542342,1,-0.00229915,0.00396424,-0.0002625,253.778
0,1551119,8,phononTS,0.00124499,-0.00132673,0.00109676,-0.0002625,1775.45,0.000382,1,-0.000996641,0.00099523,0.0002625,2768.31
0,1551119,9,phononTS,0.00076218,-0.000996641,0.00099523,0.000262498,2768.31,0.000188772,1,-0.00105012,0.000933898,-0.0002625,2914.62
0,1572558,5,phononL,0.00286451,-0.00165996,0.0034603,-0.0002625,106.186,0.000382,1,-0.00100361,0.00300468,0.0002625,457.429
0,1582337,8,phononTS,0.0004952,0.00186644,0.000133305,-0.0002625,2155.76,0.000382,1,0.00199642,2.97816e-06,0.0002625,4700.07
0,1590640,7,phononL,0.000787702,-0.000372209,0.00232055,-0.0002625,48.0091,0.000382,1,-2.44133e-06,0.00200262,0.0002625,852.919
0,1607119,7,phononL,0.00077892,0.00199719,0.00199625,0.000262498,4712.33,0.000417875,1,0.00217897,0.00245603,-0.0002625,4846.29
0,1661288,5,phononTS,0.00101975,-0.000136057,0.000505374,-0.0002625,1276.06,0.000382,1,-1.40149e-06,-4.74682e-06,0.0002625,2059.41
0,1661288,6,phononTF,0.000525809,-1.40149e-06,-4.74682e-06,0.000262498,2059.41,0.000525809,1,0.000840953,-0.000978788,-0.0002625,2457.91
0,1668129,8,phononTF,0.000625269,-0.000997776,0.003003,0.0002625,1813.26,0.000625269,1,-0.000966354,0.00298268,-0.0002625,2798.12
0,1685674,5,phononTF,0.00102346,-0.0012975,0.00321811,-0.0002625,8.82989,0.000382,1,-0.00099926,0.00299548,0.0002625,756.04
0,1692041,4,phononTS,0.00251056,-0.00183749,0.00200021,-0.0002625,235.719,0.000764,1,-0.00199981,0.00200085,0.0002625,1669.82
0,1695549,9,phononTS,0.000463492,-0.00178485,0.00284698,-0.000262498,459.105,0.000382,1,-0.00199583,0.00199921,0.0002625,802.111
0,1715372,7,phononTS,0.000699785,-0.00113075,0.0026866,-0.0002625,898.626,0.000382,1,-0.000999149,0.00300044,0.0002625,1422.91
0,1715372,5,phononTS,0.00127761,-0.00221078,0.00370681,0.000262498,433.083,0.000701047,1,-0.0021939,0.00358458,-0.0002625,605.628
0,1732358,10,phononTS,0.00104775,-0.00105532,0.00310159,-0.0002625,680.987,0.000764,1,-0.00100117,0.00300289,0.0002625,1580.3
0,1747369,12,phononTS,0.000617735,-0.00100229,0.00299735,0.000262498,2934.57,0.000237033,1,0.000808747,-0.000265076,-0.0002625,4119.97
0,1782063,9,phononTS,0.000523688,-0.000997908,-0.00100346,0.0002625,3870.87,0.000523688,1,-0.0011845,-0.000787495,-0.0002625,4289.78
0,1828232,8,phononL,0.000635549,-0.00114277,0.00302337,-0.0002625,223.589,0.000382,1,-0.000995305,0.00299534,0.0002625,929.048
0,1828232,7,phononTF,0.00132527,-0.00212133,0.00389931,0.000262498,223.589,0.00132527,1,-0.00198989,0.00376088,-0.0002625,381.016
0,1828232,6,phononTS,0.000482809,-0.00212133,0.00389931,0.000262498,223.589,0.000482809,1,-0.00196811,0.00384536,-0.0002625,395.74
0,1841524,7,phononTS,0.000720474,-0.000216322,0.00115997,-0.0002625,231.841,0.000382,1,-5.13043e-07,-9.83491e-07,0.0002625,3084.02
0,1856752,5,phononTF,0.00129276,-7.7016e-05,0.00194296,0.00013433,99.9765,0.000382,1,-1.51827e-06,0.00199653,0.0002625,1432.78
0,1862266,8,phononTF,0.000384208,-0.00168805,-0.00171414,-0.000262498,4853.73,0.000382,1,-0.00200059,-0.00200472,0.0002625,5044.19
0,1869355,6,phononTS,0.000685915,-0.00259141,0.00365274,-0.000262498,430.747,0.000382,1,-0.00100165,0.00300328,0.0002625,1023.21
0,1900466,7,phononTS,0.000424675,0.00158024,-0.00359623,-0.000262498,4823,0.000382,1,0.00100493,-0.00299545,0.0002625,5171.7
0,1995203,8,phononTS,0.00140425,-0.000705609,0.00294533,-0.0002625,335.892,0.000382,1,-0.0010003,0.00299682,0.0002625,2036.18
0,2003850,8,phononTF,0.000441069,-0.00200363,8.31843e-07,0.0002625,1657.79,0.000441069,1,-0.00157,-0.00126101,-0.0002625,3421.19
0,2056745,10,phononTS,0.000577757,-0.000999216,0.00299623,0.000262498,681.953,0.000577757,1,-0.00121556,0.00298545,-0.0002625,865.949
0,2064084,8,phononTF,0.00176376,-0.00100202,0.00299983,0.000262498,653.047,0.00141388,1,-0.00124831,0.00326503,-0.0002625,832.683
0,2094756,4,phononTF,0.000460558,-0.00100239,0.00236784,-0.0002625,7.20698,0.000382,1,-0.00199754,0.00200389,0.0002625,946.75
0,2105809,6,phononTF,0.000955513,-0.00100392,0.00299504,0.0002625,44.4263,0.000955513,1,0.000993155,0.00297767,-0.0002625,1876.76
0,2105809,5,phononL,0.00118306,-0.00221833,0.00388091,0.000262498,44.4263,0.00045438,1,-0.00166527,0.00432826,-0.0002625,211.523
0,2122630,14,phononTS,0.000507365,-0.000999361,0.000996922,0.000262498,2190.31,0.000507365,1,-0.00101191,0.000202813,-0.0002625,2508.54
0,2134377,9,phononTS,0.000753369,0.00307606,0.005,-0.000220256,1419.98,0.000488953,1,0.00283016,0.0047308,-0.0002625,2839.28
0,2158023,2,phononTF,0.000908122,-0.000601335,0.000441883,-0.0002625,2.80461,0.000382,1,0.00100063,-0.00299738,0.0002625,2225.11
0,2177812,11,phononTS,0.000416398,-0.000999554,0.00299586,0.000262498,1209.75,0.000416398,1,-0.000952669,0.00301652,-0.0002625,1356.89
0,2184618,9,phononTF,0.000408553,0.00200283,0.00200103,0.000262498,5099.86,0.000408553,1,0.00194489,0.00205297,-0.0002625,5249.43
0,2191006,3,phononTS,0.00108713,-0.00210433,0.00293937,-0.0002625,3.48738,0.000382,1,-0.00199984,0.00199965,0.0002625,706.857
0,2196124,9,phononTS,0.0019119,-0.00105575,0.00301157,-0.0002625,94.2595,0.000382,1,-0.000996522,0.00300475,0.0002625,700.749
0,2196124,11,phononTF,0.00134456,-0.000996522,0.00300475,0.000262498,700.749,0.00103508,1,-0.00091639,0.00307787,-0.0002625,851.83
0,2234217,10,phononTS,0.000417819,-0.00087288,0.00222177,-0.0002625,838.867,0.000382,1,-0.00100057,0.00299869,0.0002625,2257.46
0,2238945,6,phononTS,0.000534946,-0.0010124,0.00242782,-0.000262498,3435.17,0.000382,1,-2.72089e-06,0.0020006,0.0002625,3851.45
0,2263843,3,phononTS,0.000739012,-0.00160277,0.00344069,-0.0002625,2.25682,0.000382,1,-0.00100413,0.00299676,0.0002625,651.499
0,2263843,2,phononTF,0.000488019,-0.00220142,0.00388461,0.000262498,2.25682,0.000488019,1,-0.00226922,0.00402823,-0.0002625,159.475
0,2264088,5,phononL,0.000938571,-0.00207163,0.00289073,-0.0002625,215.776,0.000382,1,-0.00199895,0.00200391,0.0002625,593.191
0,2264088,7,phononTF,0.000442326,-0.00199895,0.00200391,0.000262498,593.191,0.000442326,1,-0.00167436,0.00231323,-0.0002625,788.001
0,2264088,4,phononTS,0.000666273,-0.00214431,0.00377756,0.000262498,215.776,0.000666273,1,-0.00218657,0.00382811,-0.0002625,362.932
0,2269535,4,phononTS,0.00108335,-0.00209238,0.00422137,-0.000262498,280.401,0.000382,1,-0.00200406,0.00199895,0.0002625,1095.08
0,2283374,10,phononTS,0.00039423,-0.00164192,0.00338447,-0.0002625,1062.04,0.000382,1,-0.00100407,0.0029969,0.0002625,2033.4
0,2286915,12,phononTS,0.000446763,0.00384311,0.000226505,-0.0002625,486.57,0.000382,1,-2.45136e-06,-0.00199911,0.0002625,10244
0,2321516,11,phononTF,0.000780955,-0.00199769,0.00199645,0.000262498,2117.78,0.000183158,1,-0.00118576,0.00279434,-0.0002625,2471.59
0,2360040,7,phononTF,0.000531257,-0.00100437,0.00299629,0.0002625,590.678,0.000531257,1,-0.000249458,0.00227846,-0.0002625,1247.47
0,2407597,9,phononTF,0.000728687,-0.00180158,0.00214712,-0.0002625,610.053,0.000382,1,-0.001997,0.00200126,0.0002625,1754.16
0,2430178,11,phononTS,0.000771874,3.47274e-05,0.00299427,-0.0002625,239.235,0.000382,1,-3.49316e-06,0.00199559,0.0002625,2273.85
0,2442491,7,phononTF,0.000658762,-0.00232179,0.00165381,-0.000262498,429.967,0.000382,1,-0.00200392,0.00199651,0.0002625,627.8
0,2442491,5,phononTF,0.000614795,-0.00219804,0.00387968,0.000262498,3.76051,0.000614795,1,-0.00181312,0.00352234,-0.0002625,212.728
0,2451235,12,phononTF,0.000699135,-0.00200196,0.00199796,0.000262498,2891.88,0.000699135,1,-0.00244826,0.00158328,-0.0002625,3121.74
0,2451235,2,phononTS,0.000399953,-0.00219862,0.00388545,0.000262498,9.1723,0.000399953,1,-0.00252797,0.00393568,-0.0002625,214.955
0,2453291,9,phononTF,0.000471076,-0.00130981,0.00333086,-0.0002625,628.606,0.000382,1,-0.00100329,0.00299938,0.0002625,1213.2
0,2458369,5,phononTS,0.000559292,-0.00200075,0.00200032,0.0002625,836.72,0.000559292,1,-0.00198556,0.00196305,-0.0002625,1133.71
0,2458369,3,phononTF,0.00213062,-0.00220429,0.00388123,0.000262498,1.07601,0.00183781,1,-0.0023417,0.00400523,-0.0002625,157.873
0,2458369,2,phononTS,0.00167048,-0.005,0.00225185,0.000212773,1.07601,0.00109589,1,-0.00392257,0.00175833,-0.0002625,1519.8
0,2469244,5,phononL,0.0004854,-0.00200405,0.00199648,0.0002625,6.86133,0.0004854,1,-0.00190084,0.00104974,-0.0002625,604.469
0,2474474,7,phononTF,0.00116516,-0.00100493,0.0029964,0.0002625,583.891,0.00116516,1,-0.000556146,0.00256119,-0.0002625,1273.98
0,2504896,4,phononTF,0.000511008,-0.00158516,0.00345349,-0.0002625,18.0351,0.000382,1,-0.000999628,0.00300201,0.0002625,548.15
0,2520203,6,phononTS,0.000816339,-0.00207541,0.00261587,-0.0002625,193.031,0.000764,1,-0.00200463,0.00199981,0.0002625,1004.83
0,2525606,4,phononTF,0.000714222,-0.0010009,0.00100306,0.0002625,1.43941,0.000714222,1,-0.00128827,0.000741169,-0.0002625,3433.77
0,2597977,12,phononTS,0.000507467,-3.3191e-06,0.00199835,0.000262498,2806.51,0.000507467,1,-0.000182195,0.00195378,-0.0002625,2983.51
0,2599817,4,phononTS,0.000769367,-0.00213401,0.00284038,-0.0002625,334.803,0.000382,1,-0.00200035,0.00199942,0.0002625,985.473
0,2603468,9,phononTF,0.000610082,-0.00163082,0.00234339,-0.0002625,208.771,0.000382,1,-0.00200445,0.00199943,0.0002625,985.648
0,2606474,7,phononTS,0.000540798,0.00101155,-0.00162166,-0.0002625,1758.66,0.000382,1,0.002,-0.0019991,0.0002625,12976.3
0,2606474,3,phononTS,0.00157805,-0.00219909,0.00388144,0.000262498,8.57467,0.000961467,1,-0.00247418,0.00392594,-0.0002625,203.44
0,2615782,8,phononTF,0.00273657,-0.0020178,0.00202596,0.000235021,1369.09,0.000764,1,-0.00199726,0.00200405,0.0002625,2130.83
0,2639969,9,phononTS,0.00113865,-0.005,0.00335555,-0.000206682,1072.47,0.000382,1,-0.000999985,-0.000997643,0.0002625,4209.74
0,2676515,11,phononTS,0.000476399,0.00300091,0.00100152,0.0002625,8380.53,0.000476399,1,0.00297699,0.00102309,-0.0002625,9002.3
0,2703043,10,phononTS,0.000544279,-0.00100195,0.00299901,0.000262498,1312.75,0.000544279,1,0.00018113,0.00229327,-0.0002625,1790.5
0,2723392,5,phononL,0.000747909,-0.00210691,0.00293254,-0.0002625,103.299,0.000382,1,-0.00200293,0.00200047,0.0002625,496.965
0,2737116,9,phononTF,0.000401437,0.00100204,-0.00299704,0.000262498,7098.83,0.000401437,1,0.00149852,-0.00251813,-0.0002625,7343.05
0,2741364,11,phononTF,0.00040746,0.00259449,0.00062581,-0.0002625,1743.72,0.000382,1,0.00199996,-4.45055e-06,0.0002625,5843.57
0,2770359,8,phononTS,0.000757194,0.00131835,0.000151363,-0.0002625,3009.96,0.000382,1,0.0010016,0.000996967,0.0002625,4620.35
0,2770359,6,phononTS,0.000623012,-0.00221027,0.00387101,0.000262498,6.06036,0.000623012,1,-0.0027039,0.00471904,-0.0002625,393.414
0,2796166,9,phononTF,0.000386003,-0.00112868,0.00319021,-0.0002625,510.804,0.000382,1,-0.000997833,0.00300185,0.0002625,1332.97
0,2804346,4,phononTS,0.000734078,-0.00300268,-0.00100124,0.0002625,422.534,0.00071246,1,-0.00291379,-0.00124996,-0.0002625,2426.85
0,2817194,9,phononTF,0.00122916,-0.00099748,0.00299928,0.0002625,251.313,0.00114849,1,-0.00126929,0.00275054,-0.0002625,1145.93
0,2850059,15,phononL,0.000982045,-0.00100285,0.000997336,0.000262498,1667.46,0.000982045,1,-0.00120409,0.000964979,-0.0002625,1779.21
0,2881573,5,phononL,0.000395362,-0.00126989,0.00267461,-0.000262498,1693.98,0.000382,1,-0.00100184,0.00299706,0.0002625,1820.51
0,2907736,11,phononTF,0.00115307,-0.00112106,0.00316693,-0.0002625,193.073,0.000764,1,-0.000997839,0.00299652,0.0002625,722.489
0,2907736,10,phononTS,0.00150822,-0.00206078,0.00379796,0.000262498,193.073,0.000737951,1,-0.00199808,0.00379934,-0.0002625,343.504
0,2912753,8,phononTS,0.00106823,-0.00103365,0.00130631,-0.000182567,281.933,0.000382,1,-0.000995172,0.00100174,0.0002625,1179.57
0,2916934,10,phononTS,0.0005163,-0.00202482,8.25887e-05,-0.0002625,172.367,0.000382,1,-0.00199817,-3.98246e-06,0.0002625,1868.63
0,2916934,9,phononTS,0.000471281,-0.00249548,0.00389767,0.000262498,172.367,0.000471281,1,-0.00246658,0.00378745,-0.0002625,339.154
0,2937373,6,phononTS,0.000864454,-0.0010547,0.00307615,-0.000262498,3408.69,0.000764,1,-0.000997404,0.00299718,0.0002625,3569.19
0,2949209,8,phononTF,0.000695881,-0.00216493,0.00374515,-0.000262498,166.338,0.000382,1,6.25938e-07,0.00199991,0.0002625,973.988
0,2957407,2,phononTS,0.00114956,-0.00242893,0.00338668,-0.0002625,11.9048,0.000382,1,-0.00200096,0.00199912,0.0002625,1564.22
0,2985239,9,phononTS,0.000702734,3.98916e-05,0.00203979,-0.000262498,2567.93,0.000382,1,-4.08978e-06,0.00200258,0.0002625,2715.07
0,3024958,11,phononTF,0.000557424,-0.00199998,3.65114e-06,0.000262498,3059.62,0.000557424,1,-0.00382726,-0.00124358,-0.0002625,3717.25
0,3024958,5,phononTS,0.000454519,-0.00373572,0.005,-0.000106184,57.8676,0.000454519,1,-0.00373492,0.00472408,-0.0002625,774.474
0,3030892,9,phononTS,0.000587321,-0.00199509,0.00199511,0.000262498,671.321,0.000587321,1,-0.00180742,0.0020286,-0.0002625,849.892
0,3068744,5,phononTF,0.000571625,-0.00160098,0.00343641,-0.0002625,3.15547,0.000382,1,-0.000995429,0.00299568,0.0002625,541.539
0,3082772,10,phononTS,0.000734479,-0.000404858,0.000762284,-0.0002625,293.569,0.000382,1,3.10809e-06,-3.31355e-06,0.0002625,2070.92
0,3108557,4,phononL,0.000515208,-0.00135002,0.00333548,-0.0002625,464.845,0.000382,1,-0.00100451,0.00299724,0.0002625,865.918
0,3125680,6,phononTF,0.000629534,-9.50134e-06,0.0018336,-0.000262498,1006.44,0.000382,1,4.85434e-06,0.00199602,0.0002625,1165.6
0,3146995,7,phononTS,0.000442852,-0.000996189,0.000977868,-0.000262498,1337.06,0.000382,1,-0.000998712,0.000999853,0.0002625,1488.56
0,3146995,5,phononTS,0.0034487,-0.00157308,0.00233927,-0.000251348,23.7087,0.00207651,1,-0.00157427,0.00233703,-0.0002625,894.208
0,3146995,8,phononTF,0.00105463,0.005,0.00101292,-0.000237569,894.208,0.000969749,1,0.00184023,-0.00148169,-0.0002625,3929.81
0,3164857,11,phononTS,0.000565163,0.00100132,0.00100124,0.000262498,1546.71,0.000565163,1,0.00206441,0.00048632,-0.0002625,1973.02
0,3164857,2,phononTS,0.00182628,-0.0029185,0.0042606,3.07998e-05,57.975,0.00109692,1,-0.00293823,0.00371611,-0.0002625,1094.31
0,3169306,2,phononL,0.000444312,-0.00123326,0.00337335,-0.0002625,23.3504,0.000382,1,-0.00100012,0.00300016,0.0002625,516.397
0,3171597,5,phononTS,0.000532757,-0.000995695,0.00300342,0.000262498,826.338,0.000532757,1,-0.000931274,0.00296421,-0.0002625,973.417
0,3174202,5,phononTF,0.00123169,-0.00135083,0.00116051,-0.0002625,1.8294,0.000382,1,-0.000996852,0.00100253,0.0002625,1736.99
0,3190059,8,phononTS,0.000751086,0.00252509,0.000254676,-0.000262498,1591.19,0.000382,1,0.0020046,1.17157e-06,0.0002625,1869.56
0,3190059,3,phononTS,0.000955685,-0.00219869,0.00387608,0.000262498,3.52167,0.000419393,1,-0.0029353,0.00433144,-0.0002625,359.718
0,3195351,13,phononTS,0.00066558,-0.00195167,0.00194395,-0.000262498,2659.15,0.000382,1,-0.00199755,0.00200401,0.0002625,2805.9
0,3199186,4,phononTF,0.00068245,0.00100129,-0.0010014,0.0002625,4.33655,0.00068245,1,0.00155426,-0.00158011,-0.0002625,2642.57
0,3216191,9,phononTF,0.000422389,0.00337824,0.000624542,-0.0002625,5190.92,0.000382,1,0.00299828,0.00100203,0.0002625,7731.98
0,3216191,7,phononTF,0.000948404,-0.0022342,0.00388745,0.000262498,1683.42,0.000324546,1,-0.00232314,0.00392816,-0.0002625,1835
0,3217531,4,phononTS,0.00207671,-0.00212828,2.98268e-05,0.000161357,142.308,0.000764,1,-0.00200088,3.08991e-07,0.0002625,1266.78
0,3229738,11,phononTF,0.000385762,-0.00200052,0.00200411,0.0002625,398.496,0.000385762,1,-0.000959381,0.000260695,-0.0002625,1624.55
0,3253865,8,phononTS,0.000543484,-0.00100189,0.00100198,0.000262498,4719.73,0.000543484,1,-0.00102602,0.00108422,-0.0002625,4882.8
0,3253865,2,phononTS,0.00103499,-0.00220893,0.00388492,0.000262498,3.85236,0.000516029,1,-0.00349466,0.00355938,-0.0002625,479.636
0,3266086,4,phononL,0.00130815,-0.000607982,0.00410968,-0.0002625,8.63224,0.000382,1,-0.00100079,0.00300155,0.0002625,2652.92
0,3266086,8,phononTS,0.00075648,-0.00100079,0.00300155,0.000262498,2652.92,0.00075648,1,9.31058e-05,0.00245602,-0.0002625,3090.85
0,3266086,3,phononTF,0.00239827,-0.00233572,0.00353285,-0.000238287,8.63224,0.00129545,1,-0.0023253,0.00352216,-0.0002625,243.404
0,3288601,9,phononTS,0.00068416,0.000998942,0.00100025,0.000262498,2905.05,0.00068416,1,0.00105409,0.000947623,-0.0002625,3051.72
0,3288601,4,phononTS,0.00136607,-0.005,0.000480902,9.35884e-05,92.2188,0.000562547,1,-0.00328548,-0.00128533,-0.0002625,2145.52
0,3305752,10,phononTS,0.000885756,-0.000997444,0.00299762,0.000262498,1732.02,0.000885756,1,-0.00194798,0.00327429,-0.0002625,2110.37
0,3309270,7,phononTF,0.00240821,-0.00419757,0.00208446,8.26935e-05,2150.13,0.00183043,1,-0.00398471,0.00228841,-0.0002625,4008.5
0,3316602,4,phononTF,0.000521291,-0.00151435,0.00341164,-0.0002625,230.919,0.000382,1,-0.00100362,0.00299594,0.0002625,720.176
0,3342322,7,phononL,0.000885358,-0.00199889,0.00200345,0.000262498,708.27,0.000885358,1,-0.00127666,0.00222199,-0.0002625,878.041
0,3345030,11,phononTS,0.000668888,-0.00100335,0.00299934,0.0002625,2162.86,0.000668888,1,-0.00226109,0.00398003,-0.0002625,3287.93
0,3346265,6,phononTS,0.000490544,-0.000367842,0.000651638,-0.0002625,18.5239,0.000382,1,1.88642e-07,1.42887e-06,0.0002625,1959.49
0,3346265,5,phononTF,0.000651868,-0.00220799,0.00390268,0.000262498,18.5239,0.000538259,1,-0.00249392,0.00358983,-0.0002625,208.327
0,3350162,5,phononTS,0.00123205,-4.9848e-05,0.00235453,-0.0002625,146.443,0.000382,1,3.7173e-06,0.00199998,0.0002625,1210.74
0,3350162,6,phononTS,0.000405057,3.7173e-06,0.00199998,0.000262498,1210.74,0.000405057,1,-3.77468e-05,0.00151806,-0.0002625,1450.2
0,3350915,13,phononTF,0.000536364,-0.000333555,0.00163234,-0.0002625,1766.57,0.000382,1,-3.39251e-06,0.0019975,0.0002625,2733.2
0,3379360,7,phononL,0.00130591,-0.000391631,0.00287619,-0.0002625,222.457,0.000764,1,-4.21231e-06,0.00199549,0.0002625,1201.32
0,3379360,6,phononTS,0.00134471,-0.00216885,0.00367157,0.000262498,222.457,0.00118186,1,-0.00215762,0.0038475,-0.0002625,403.133
0,3379360,2,phononTF,0.0010917,-0.00219513,0.00388934,0.000262498,7.13091,0.000575438,1,-0.00224453,0.00392989,-0.0002625,156.361
0,3383585,7,phononTF,0.00139074,-0.00186226,0.00189625,-0.0002625,954.077,0.000382,1,-0.00100064,0.000996223,0.0002625,2233.13
0,3383585,12,phononTS,0.000394207,-0.00100064,0.000996223,0.000262498,2233.13,0.000394207,1,-0.00206542,0.000465418,-0.0002625,2661.17
0,3383585,11,phononTF,0.000382706,-0.00100064,0.000996223,0.000262498,2233.13,0.000382706,1,-0.000755296,0.000754231,-0.0002625,2410.77
0,3395292,3,phononTS,0.000943099,-0.00204815,0.00247014,-0.0002625,30.4611,0.000382,1,-0.00199651,0.00200495,0.0002625,972.803
0,3397963,6,phononTS,0.000560236,-0.00207524,0.00262535,-0.0002625,2.96085,0.000382,1,-0.00200382,0.00199895,0.0002625,978.756
0,3411413,7,phononTF,0.000498008,-0.00159476,0.00356626,-0.000262498,374.26,0.000382,1,-0.000996389,0.00300263,0.0002625,648.755
0,3421640,2,phononTF,0.00160057,-0.00164613,0.00346802,-0.0002625,176.295,0.000764,1,-0.000999562,0.00300354,0.0002625,692.348
0,3430935,8,phononTS,0.00121074,-4.86766e-06,-2.05611e-06,0.000262498,1923.51,0.00121074,1,0.000263721,0.000289504,-0.0002625,2159.02
0,3477478,2,phononTS,0.00043502,-0.00197134,0.00235981,-0.0002625,9.55127,0.000382,1,-0.00200295,0.00199713,0.0002625,1050.27
0,3552138,12,phononTF,0.000536126,-0.00300117,-0.000999326,0.000262498,3058.73,0.000536126,1,-0.000698823,-0.000468488,-0.0002625,3787.13
0,3563100,6,phononTF,0.00056651,-0.000945864,0.000969812,-0.000262498,2321.8,0.000382,1,-3.29305e-06,1.85676e-06,0.0002625,2730.21
0,3591467,13,phononTS,0.000648179,-0.00200113,0.0019974,0.0002625,1565.21,0.000648179,1,-0.000536337,0.00105968,-0.0002625,6332.7
0,3603288,6,phononTS,0.000419598,-0.005,0.00391606,4.25032e-05,239.518,0.000382,1,-0.00100052,-0.00100385,0.0002625,3079.61
0,3603288,4,phononTF,0.00401232,-0.00190452,0.00402872,-7.80981e-05,39.7597,0.00221055,1,-0.00197734,0.00397258,-0.0002625,462.48
0,3606582,7,phononTS,0.00049888,-0.00100175,0.0030035,0.000262498,3714.54,0.00049888,1,-0.00091676,0.00306035,-0.0002625,3875.91
0,3607331,6,phononTF,0.000615146,-0.00100434,0.00300123,0.000262498,2919.14,0.000615146,1,-0.00197069,0.00395746,-0.0002625,3330.48
0,3640738,9,phononTS,0.00042322,-0.0010739,0.000905661,-0.0002625,2873.96,0.000382,1,-0.000997148,0.00100356,0.0002625,3401.39
0,3648885,12,phononTF,0.000453943,0.0020021,0.00200499,0.0002625,11669.2,0.000453943,1,0.00179278,0.00178651,-0.0002625,12693.7
0,3658859,9,phononTS,0.000543161,-0.00200147,0.00199592,0.0002625,1393.68,0.000543161,1,-0.00196584,0.00194272,-0.0002625,1708.55
0,3660072,12,phononTF,0.000459441,-0.00099919,0.00300038,0.000262498,2317.23,0.000459441,1,-0.000917209,0.0030896,-0.0002625,2469.07
0,3700599,6,phononTS,0.00109594,-0.00213988,0.00289875,-0.0002625,102.862,0.000382,1,-0.00199577,0.00200372,0.0002625,781.903
0,3747168,7,phononL,0.00126242,-0.00336502,-0.00138461,-0.0002625,809.663,0.000764,1,-0.00299637,-0.000998605,0.0002625,6878.98
0,3749141,10,phononTS,0.000596696,-1.08032e-07,-2.29543e-07,0.000262498,4444.42,0.000596696,1,-6.16058e-06,-3.36504e-05,-0.0002625,4599.56
0,3753361,8,phononTF,0.000472786,0.00200275,0.00199511,0.000262498,1843.15,0.000472786,1,0.00171883,0.00226427,-0.0002625,2029.47
0,3753361,4,phononTS,0.000563765,-0.00218569,0.00392675,0.000262498,313.214,0.000563765,1,-0.00302951,0.00416061,-0.0002625,655.788
0,3765197,9,phononTF,0.000451488,0.00239434,0.00254382,-0.0002625,2816.94,0.000382,1,0.00200458,0.00199602,0.0002625,4634.4
0,3765197,5,phononTS,0.000866561,-0.00101395,0.005,6.84693e-05,8.23848,0.000607448,1,-0.00146788,0.0040134,-0.0002625,863.2
0,3765197,4,phononTS,0.00210426,-0.00221148,0.00388435,0.000221565,8.23848,0.00186409,1,-0.00233464,0.00390733,-0.0002625,182.137
0,3773536,2,phononTS,0.000443179,-0.0018574,0.000893094,-0.0002625,14.9843,0.000382,1,-0.00199776,-4.0084e-08,0.0002625,4577.16
0,3775243,5,phononL,0.0012883,0.000374123,0.00143918,-0.0002625,8.80404,0.000382,1,0.00100109,0.000996509,0.0002625,1334.57
0,3785772,7,phononTS,0.000512474,0.00093911,0.000948195,-0.0002625,4111.16,0.000382,1,0.000997843,0.000999284,0.0002625,4749.13
0,3785772,5,phononTS,0.000513175,-0.00236776,0.00387302,0.000262498,1059.67,0.000513175,1,-0.00233599,0.00369667,-0.0002625,1237
0,3790883,12,phononL,0.000471667,0.00320236,-0.00133006,-0.000262498,4348.17,0.000382,1,0.00200067,-0.00199771,0.0002625,4635.5
0,3814758,4,phononL,0.00112925,-0.00115192,0.00339597,-0.0002625,514.691,0.000382,1,-0.000995288,0.00299559,0.0002625,1537.2
0,3820799,6,phononTF,0.000663085,-0.00200045,0.00199585,0.0002625,2916.91,0.000663085,1,-0.00199184,0.00200373,-0.0002625,3212.94
0,3821684,3,phononTS,0.00116981,-2.85649e-06,0.0020045,0.0002625,17.2068,0.00116981,1,-0.000156959,0.0012455,-0.0002625,2176.31
0,3821684,2,phononTS,0.00105769,-0.00221979,0.00388645,0.000262498,17.2068,0.00105769,1,-0.00219533,0.00444289,-0.0002625,275.552
0,3837671,9,phononTF,0.000986317,-0.000827265,0.000885863,-0.0002625,2704.62,0.000382,1,-1.1475e-06,3.89204e-06,0.0002625,7344.85
0,3871490,7,phononTS,0.000425354,-0.00193854,0.00260869,-0.0002625,594.668,0.000382,1,-0.00199967,-1.8561e-06,0.0002625,3123.39
0,3871490,5,phononTF,0.000428107,-0.00220076,0.00389102,0.000262498,7.93201,0.000428107,1,-0.00174914,0.00431748,-0.0002625,236.912
0,3871490,4,phononTS,0.00100673,-0.00220076,0.00389102,0.000262498,7.93201,0.000927021,1,-0.00228269,0.00384732,-0.0002625,177.555
0,3871490,3,phononL,0.00112313,-0.00220076,0.00389102,0.000262498,7.93201,0.000933368,1,-0.00245291,0.0042151,-0.0002625,133.57
0,3901744,9,phononTF,0.00051961,-0.000996649,0.00299954,0.0002625,1992.66,0.00051961,1,-0.00107797,0.00279026,-0.0002625,2326
0,3912528,8,phononTF,0.000568603,-0.00130866,-0.000528744,-0.0002625,336.939,0.000382,1,-0.000999571,-0.000999731,0.0002625,4157.21
0,3912528,4,phononTF,0.000509861,-0.0022328,0.00385531,0.000262498,43.7593,0.000509861,1,-0.00184628,0.00343721,-0.0002625,261.606
0,3912528,3,phononTF,0.000943196,-0.0022328,0.00385531,0.000262498,43.7593,0.000943196,1,-0.0027901,0.00440288,-0.0002625,309.803
0,3914667,12,phononTS,0.000463707,-0.00155894,0.00421302,-0.000262498,2549.6,0.000382,1,-0.00100002,0.00299821,0.0002625,3024.4
0,3974605,11,phononTS,0.000982994,-0.005,-0.00202312,-0.000120669,3054.99,0.000684966,1,-0.00421454,-0.00247473,-0.0002625,4885.91
0,3974605,4,phononTS,0.00130932,-0.00224814,0.00388578,0.000262498,196.145,0.000865036,1,-0.00227015,0.00383835,-0.0002625,352.974
0,4016357,7,phononTF,0.000477361,-0.000999057,-0.00099526,0.000262498,2853.75,0.000477361,1,0.000586928,0.00168749,-0.0002625,3767.35
0,4064083,8,phononTS,0.000451345,1.87305e-06,-0.00200237,0.000262498,4343.47,0.000451345,1,2.73185e-05,-0.00199718,-0.0002625,4491.24
0,4106914,2,phononTF,0.00401266,-0.00107546,0.00307431,0.000145699,58.315,0.000382,1,-0.000995376,0.0029956,0.0002625,1734.74
0,4128166,5,phononTS,0.000722606,-0.00140751,0.00335186,-0.0002625,230.623,0.000382,1,0.00200312,1.22194e-06,0.0002625,1870.28
0,4164192,9,phononTS,0.000386279,-3.14183e-06,-0.00199682,0.000262498,4764.51,0.000386279,1,0.000274998,-0.00184345,-0.0002625,4979.99
0,4164192,5,phononTF,0.00115368,-0.00220422,0.00388502,0.000262498,10.8126,0.000938513,1,-0.00178603,0.00424589,-0.0002625,230.467
0,4164192,4,phononTS,0.000546099,-0.00220422,0.00388502,0.000262498,10.8126,0.000546099,1,-0.00206556,0.00400402,-0.0002625,198.128
0,4191014,7,phononTF,0.000704757,-0.0019956,0.00199816,0.000262498,3294.3,0.000704757,1,-0.0018124,0.00216638,-0.0002625,3457.92
0,4195859,4,phononTS,0.000391266,-0.00160943,0.00344041,-0.0002625,12.5974,0.000382,1,-0.000996615,0.00299683,0.0002625,667.654
0,4244882,4,phononTS,0.000777463,-0.00112288,0.00357058,-0.0002625,385.727,0.000382,1,-0.00100406,0.00300093,0.0002625,904.311
0,4277776,8,phononL,0.0011399,-0.00103329,0.00341761,-0.000262499,1256.97,0.000382,1,-0.00100462,0.00299837,0.0002625,1382.59
0,4284685,9,phononTF,0.000548081,2.74506e-06,-0.0020046,0.000262498,3459.82,0.000548081,1,-0.000534073,-0.00359093,-0.0002625,3992.66
0,4297586,10,phononTF,0.000736941,-1.28288e-06,0.00199896,0.000262498,2652.04,0.000529398,1,0.00126312,0.000999926,-0.0002625,3140.15
0,4309395,9,phononTS,0.000901979,0.00200164,1.19753e-06,0.000262498,8061.31,0.000901979,1,0.00201333,-4.0859e-05,-0.0002625,8211.97
0,4387515,5,phononTF,0.000726437,-4.34865e-06,0.00199551,0.0002625,1406.43,0.000726437,1,9.73462e-05,0.00190354,-0.0002625,2093.58
0,4391795,7,phononTS,0.000589806,-0.00217342,0.00381799,-0.000262498,161.41,0.000382,1,-0.00199597,0.00200448,0.0002625,832.567
0,4391795,5,phononTF,0.00154541,-0.00220918,0.00388294,0.000262498,14.1025,0.00154541,1,-0.000719004,0.0016613,-0.0002625,800.169
0,4391795,4,phononTF,0.00158505,-0.00302499,0.005,1.48523e-05,14.1025,0.000673315,1,-0.00242436,0.00442756,-0.0002625,908.248
0,4394647,7,phononTS,0.00124819,0.00243112,0.000137145,9.75341e-05,163.653,0.000382,1,0.0020012,-9.96346e-07,0.0002625,2668.97
0,4394647,8,phononTS,0.00084923,0.0020012,-9.96346e-07,0.000262498,2668.97,0.00084923,1,0.00194353,4.11397e-05,-0.0002625,2824.56
0,4409963,9,phononTS,0.000860872,-0.005,-0.00050103,-0.000143837,1582.18,0.000860872,1,-0.00467247,-0.000677228,-0.0002625,5237.28
0,4422685,7,phononTS,0.00122796,-0.000998665,0.000998441,0.000262498,1405.18,0.000522075,1,-0.00154668,0.000937663,-0.0002625,1659.69
0,4444894,15,phononTF,0.000694738,-0.00168012,0.00166896,-0.000262498,8757.03,0.000382,1,-0.00199897,0.00200222,0.0002625,8953.91
0,4467192,7,phononTF,0.000887329,-0.00100016,0.00299674,0.000262498,1464.95,0.000626611,1,-0.000455977,0.00366086,-0.0002625,1756.54
0,4473500,5,phononTS,0.00124301,-0.00100428,0.00300143,0.0002625,12.6015,0.00124301,1,-0.00130236,0.00327202,-0.0002625,2304.63
0,4473500,4,phononL,0.00049949,-0.00221153,0.003883,0.000262498,12.6015,0.00049949,1,-0.0017939,0.00348418,-0.0002625,158.828
0,4473500,3,phononTS,0.0011645,-0.00221153,0.003883,0.000262498,12.6015,0.000732234,1,-0.00220193,0.00382552,-0.0002625,164.334
0,4475832,5,phononTS,0.000920939,0.00199838,0.00200306,0.000262498,4228.45,0.000920939,1,0.0014172,0.00323617,-0.0002625,4713.82
0,4512036,4,phononTF,0.0013167,-0.00167253,0.0010289,-0.0002625,22.1032,0.000382,1,-4.65821e-06,-4.31867e-07,0.0002625,2743.07
0,4512036,7,phononTS,0.000440296,-4.65821e-06,-4.31867e-07,0.000262498,2743.07,0.000440296,1,-1.55216e-05,6.15526e-06,-0.0002625,2900.15
0,4512036,3,phononTS,0.000715242,-0.00219743,0.00389041,0.000262498,22.1032,0.000715242,1,-0.00208518,0.00394008,-0.0002625,187.762
0,4512036,2,phononTS,0.00102721,-0.00219743,0.00389041,0.000262498,22.1032,0.000859823,1,-0.0014658,0.00390861,-0.0002625,324.47
0,4519742,12,phononL,0.000513195,-0.000998272,0.00300018,0.000262499,2650.65,0.000513195,1,-0.000769233,0.00308161,-0.0002625,2764.13
0,4540888,9,phononTS,0.000397219,-0.00017244,0.000304295,-0.000262498,1674.87,0.000382,1,-0.00100201,-0.000997369,0.0002625,2199.13
0,4556973,9,phononL,0.00111023,-0.000366221,-0.00104032,-0.0002625,1504.44,0.000382,1,1.7686e-07,-0.00200373,0.0002625,2595.95
0,4569352,10,phononTF,0.000646711,-0.00199796,0.0019983,0.000262498,1928.56,0.000646711,1,-0.00053039,-0.00303004,-0.0002625,3457.14
0,4569352,7,phononTS,0.000627002,-0.00208546,0.00383489,0.000262498,842.643,0.000627002,1,-0.000670708,0.00329487,-0.0002625,1373.46
0,4572210,8,phononTS,0.000609739,-0.00116115,0.00386936,-0.0002625,681.88,0.000382,1,-0.00100494,0.00299674,0.0002625,1348.52
0,4579524,5,phononTF,0.00038658,-0.00200495,0.00199604,0.000262498,731.377,0.00038658,1,-0.00222089,0.00181204,-0.0002625,901.788
0,4604487,4,phononTS,0.000907122,-0.00210454,0.00293841,-0.0002625,17.3269,0.000382,1,-0.00200056,0.00199707,0.0002625,746.434
0,4604487,8,phononTF,0.000420744,-0.00200056,0.00199707,0.000262498,746.434,0.000420744,1,-0.00171727,0.0022583,-0.0002625,929.785
0,4604487,3,phononTF,0.000578689,-0.00220851,0.00387975,0.000262498,17.3269,0.000578689,1,-0.00249179,0.00344099,-0.0002625,237.692
0,4604487,2,phononTS,0.00237007,-0.00364316,0.00448672,-0.000199138,17.3269,0.00158572,1,-0.00331512,0.00416302,-0.0002625,697.88
0,4656479,3,phononTS,0.000803517,9.4842e-07,0.00200237,0.0002625,2.64344,0.000778231,1,2.36986e-05,0.00206376,-0.0002625,3019.77
0,4656479,2,phononTF,0.000421862,-0.00219915,0.00387776,0.000262498,2.64344,0.000421862,1,-0.00300335,-0.000321789,-0.0002625,1267.25
0,4667215,2,phononTF,0.000960234,0.000639136,4.49834e-05,-0.0002625,45.0561,0.000382,1,0.000997571,-0.000999096,0.0002625,2948.41
0,4684308,11,phononTF,0.000973058,-0.00200143,0.00199613,0.000262498,1036.86,0.000599178,1,-0.00200069,0.00178949,-0.0002625,1202.52
0,4684308,9,phononTS,0.00100012,-0.0024167,0.00403585,0.000262498,491.745,0.000927924,1,-0.00232055,0.00309311,-0.0002625,862.925
0,4688331,11,phononTF,0.00114287,-0.000998455,0.00100128,0.000262498,3865.58,0.000472905,1,-0.00166923,0.00170869,-0.0002625,4177.25
0,4702763,6,phononTS,0.000714902,-0.00202575,0.00284924,-0.0002625,168.037,0.000382,1,-0.00199681,0.00200376,0.0002625,984.714
0,4752639,8,phononTS,0.00128147,0.000997983,0.000998114,0.0002625,102.13,0.00128147,1,0.000348748,-0.0004816,-0.0002625,4470.82
0,4753055,4,phononTF,0.00131538,-0.00163437,0.00241584,-0.0002625,235.087,0.000764,1,4.61706e-06,0.00199821,0.0002625,2061.06
0,4771710,5,phononTF,0.00065516,4.05398e-06,-0.00200038,0.000262499,4001.76,0.00065516,1,-0.000271182,-0.00226495,-0.0002625,4184.67
0,4772667,11,phononTF,0.000527101,-0.00184467,0.0038146,-0.000262498,746.36,0.000382,1,-0.000997288,0.00299988,0.0002625,1109.02
0,4776710,6,phononTF,0.000429036,-0.00300353,-0.000999945,0.000262498,3359.09,0.000429036,1,-0.00328882,-0.00127534,-0.0002625,3544.49
0,4792620,9,phononTS,0.000979576,1.94223e-05,0.00130356,-0.000262498,1086.52,0.000382,1,8.11395e-07,0.00200012,0.0002625,1381.88
0,4795546,11,phononTF,0.00100094,0.00114425,-0.00283925,6.26929e-05,5257.43,0.00100094,1,0.00132662,-0.00300558,-0.0002625,5455.55
0,4888554,8,phononTF,0.000446271,-0.000997359,0.0029971,0.0002625,149.531,0.000446271,1,-0.000334623,0.00233956,-0.0002625,755.155
0,4892805,4,phononTF,0.000838968,-0.00111498,0.005,-0.00021026,4.10708,0.000382,1,-0.000996064,0.0030003,0.0002625,1478.92
0,4938592,2,phononTS,0.000918502,-0.00122056,0.00364156,-0.0002625,20.7422,0.000382,1,-0.000995664,0.00299856,0.0002625,3070.77
0,4959495,5,phononTF,0.000740481,-0.00118655,0.00316022,-0.0002625,946.549,0.000382,1,-0.00100479,0.0029953,0.0002625,1925.65
0,4959495,4,phononTF,0.00101575,-0.00209535,0.00398481,0.000262498,946.549,0.000682613,1,-0.00171679,0.00407791,-0.0002625,1148.24
0,5000869,9,phononTF,0.000533316,-0.00200228,0.00200257,0.000262498,1357.24,0.000533316,1,-0.00209183,0.00215771,-0.0002625,1516.21
0,5085856,9,phononTF,0.000569824,-0.00200305,0.00199585,0.0002625,3708.42,0.000569824,1,-0.00229196,0.00230232,-0.0002625,4087.55
0,5098947,8,phononTS,0.00124651,-0.00210914,0.00303259,-0.0002625,275.17,0.000382,1,-0.00199747,0.00199894,0.0002625,1054.63
0,5098947,9,phononTF,0.000586851,-0.00199747,0.00199894,0.000262498,1054.63,0.000586851,1,-0.00348758,0.00130403,-0.0002625,1570.82
0,5098947,7,phononTS,0.00118638,-0.00222081,0.00406623,0.000262498,275.17,0.000888372,1,-0.00142629,0.00393033,-0.0002625,597.869
0,5098947,6,phononTF,0.00142579,-0.00222081,0.00406623,0.000262498,275.17,0.000905006,1,-0.00156803,0.00230509,-0.0002625,861.332
0,5098997,6,phononTF,0.000657174,0.00237365,0.00162521,-0.0002625,357.075,0.000382,1,0.00299679,0.00100268,0.0002625,2797.58
0,5121937,8,phononTF,0.00138212,-0.00099965,0.00299678,0.0002625,508.808,0.000356185,1,-0.000920715,0.00307662,-0.0002625,1602.37
0,5129166,12,phononTS,0.000685827,0.000661072,-0.00309924,-0.000262498,8011.78,0.000382,1,0.001003,-0.00300386,0.0002625,8232.36
0,5135370,8,phononTS,0.00202217,-0.00191053,0.00288432,-0.0002625,104.552,0.000382,1,-0.000995304,0.00300041,0.0002625,1153
0,5135370,10,phononTF,0.000703393,-0.000995304,0.00300041,0.000262498,1153,0.000426356,1,-0.00121288,0.00280317,-0.0002625,1322.32
0,5168349,9,phononTS,0.000786717,-0.000999614,0.000995054,0.0002625,1972.15,0.000786717,1,-0.00194727,0.00101412,-0.0002625,2693.16
0,5181629,14,phononTS,0.000897936,-0.00100051,0.00299554,0.000262498,1886.83,0.000438529,1,-0.000430098,0.00292907,-0.0002625,2146.54
0,5272381,6,phononTF,0.000798269,0.000407785,0.0024379,-0.0002625,13.7954,0.000382,1,0.00300008,0.0010034,0.0002625,1760.45
0,5272381,5,phononTF,0.0010801,-0.0021845,0.00387239,0.000262498,13.7954,0.000973365,1,-0.00151068,0.00448278,-0.0002625,314.223
0,5272381,4,phononTS,0.00125458,-0.0021845,0.00387239,0.000262498,13.7954,0.00077873,1,-0.00254267,0.00391606,-0.0002625,226.012
0,5288863,9,phononTS,0.000678903,-0.00147484,0.00424051,-0.000262498,522.726,0.000382,1,-0.001,0.00299796,0.0002625,1003.62
0,5309459,4,phononTF,0.000530267,-0.000995515,0.00300179,0.0002625,176.378,0.000530267,1,-0.00165724,0.00365649,-0.0002625,1093.19
0,5309459,2,phononTS,0.000384906,-0.00220566,0.00387842,0.000262498,14.1884,0.000384906,1,-0.00221101,0.00382059,-0.0002625,164.475
0,5322837,8,phononTS,0.00060285,1.43329e-05,0.00283362,-0.000262498,1697.38,0.000382,1,-3.80707e-06,0.00200376,0.0002625,2031.06
0,5360625,13,phononTS,0.000453684,-0.00382403,0.005,-0.000192434,727.15,0.000382,1,-0.00199759,0.00200286,0.0002625,4938.43
0,5380193,7,phononTS,0.00110532,-0.000370911,0.000650341,-0.0002625,19.2773,0.000382,1,1.49213e-06,2.84274e-06,0.0002625,1960.59
0,5387463,7,phononTS,0.000415436,-0.00199744,-0.00200243,0.000262498,2510.83,0.000415436,1,-0.00118038,-0.00191744,-0.0002625,2831.62
0,5387463,2,phononTS,0.000831944,-0.00220824,0.00388614,0.000262498,5.48865,0.000154166,1,-0.00226542,0.00379735,-0.0002625,167.398
0,5411791,9,phononTS,0.000416454,0.0029954,0.000995272,0.0002625,2611.15,0.000416454,1,0.00440129,0.00218228,-0.0002625,3877.89
0,5411791,4,phononTF,0.000928099,-0.00218766,0.00387301,0.000262498,12.4677,0.000928099,1,-0.00152229,0.00322373,-0.0002625,315.364
0,5418132,5,phononL,0.000404611,-0.00287135,-0.000842168,-0.0002625,15.8161,0.000382,1,-0.00299633,-0.000995776,0.0002625,2043.8
0,5437129,3,phononTS,0.000668368,-0.0016164,0.00344305,-0.0002625,50.5614,0.000382,1,-0.00100452,0.00299843,0.0002625,705.576
0,5462215,7,phononTS,0.000846529,0.000200695,-0.00127424,-0.0002625,18.8795,0.000382,1,0.000998046,-0.00299862,0.0002625,2604.47
0,5462215,6,phononL,0.00120178,-0.00219136,0.00389891,0.000262498,18.8795,0.00120178,1,-0.00246347,0.00366822,-0.0002625,139.733
0,5462215,5,phononTF,0.00164582,-0.0023126,0.00401034,-0.000150495,18.8795,0.00151501,1,-0.00220665,0.00391123,-0.0002625,195.705
0,5462215,4,phononTF,0.00184715,-0.00219136,0.00389891,0.000262498,18.8795,0.000841767,1,-0.00199574,0.00408877,-0.0002625,185.6
0,5483193,10,phononL,0.00057213,0.0010016,0.00100223,0.000262498,2124.81,0.00057213,1,0.00121883,0.00174749,-0.0002625,2297.88
0,5521069,7,phononTF,0.000630477,0.00101765,-0.000486949,-0.0002625,3251.64,0.000382,1,0.00200163,2.81719e-06,0.0002625,5562.31
0,5565754,7,phononTF,0.000651272,-0.00202849,0.00166631,-0.000262498,514.282,0.000382,1,-0.000997545,0.000998239,0.0002625,908.44
0,5565754,2,phononTF,0.00309978,-0.00199253,0.00378289,2.2167e-05,17.4865,0.0013873,1,-0.00190627,0.00370509,-0.0002625,217.438
0,5580616,7,phononTF,0.000519416,0.00146154,-0.000413699,-0.0002625,1096.42,0.000382,1,0.00200006,-0.00200427,0.0002625,4421.26
0,5616173,6,phononL,0.000487295,-0.00220695,0.00257952,-0.0002625,184.409,0.000382,1,-0.0019995,0.00199524,0.0002625,1148.42
0,5619294,11,phononTS,0.000389871,-0.001,0.00299585,0.000262498,698.087,0.000389871,1,-0.00165899,0.00295391,-0.0002625,980.502
0,5619294,3,phononTF,0.00130513,-0.0022064,0.0038805,0.000262498,2.23213,0.000702632,1,-0.00183484,0.00425348,-0.0002625,213.062
0,5632057,7,phononTS,0.000483551,-0.00164334,0.005,-9.79319e-05,1572.99,0.000483551,1,-0.00178846,0.00499199,-0.0002625,2526.19
0,5644264,11,phononTF,0.000386071,-0.00100028,0.00300285,0.000262498,1033.64,0.000386071,1,-0.00104389,0.00317151,-0.0002625,1193.79
0,5644443,10,phononTS,0.00104891,-0.00162101,0.0041671,-0.0002625,1197.33,0.000382,1,-0.00100356,0.0029995,0.0002625,2966.11
0,5677523,8,phononTS,0.000760579,-0.00110963,0.00158797,-0.0002625,1064.91,0.000382,1,-0.00100273,0.00100448,0.0002625,3341.77
0,5679701,6,phononTS,0.000509826,8.10551e-07,0.00199971,0.000262498,885.538,0.000509826,1,-3.16527e-05,0.00206319,-0.0002625,1033.16
0,5679701,4,phononTS,0.00131209,-0.002199,0.00387846,0.000262498,3.89242,0.00109182,1,-0.00209736,0.00427444,-0.0002625,236.376
0,5730548,8,phononTF,0.000385455,-0.000996587,0.00299972,0.0002625,872.89,0.000385455,1,-0.000790479,0.00318699,-0.0002625,1207.51
0,5732231,7,phononTS,0.000451865,-0.00200315,0.0020001,0.0002625,3473.78,0.000451865,1,-0.00206096,0.00205679,-0.0002625,7042.69
0,5732231,5,phononTS,0.000701937,-0.00219786,0.00388152,0.000262498,3.95557,0.000701937,1,-0.00215752,0.00394637,-0.0002625,150.938
0,5766994,12,phononTF,0.000625749,0.000999494,-0.00300449,0.0002625,6082.92,0.000625749,1,-0.000219957,-0.00171868,-0.0002625,7917.8
0,5766994,14,phononTS,0.0024854,-0.00207388,0.0033147,6.29146e-07,455.858,0.00211411,1,-0.00196468,0.00349619,-0.0002625,576.449
0,5785431,11,phononTS,0.000542558,-0.00199624,0.00199709,0.000262498,3651.89,0.000542558,1,-0.00193362,0.00254606,-0.0002625,3906.58
0,5843398,3,phononTF,0.00384434,-0.00126208,0.00327446,8.72443e-05,9.25671,0.001528,1,-0.00100449,0.00300239,0.0002625,1149.57
0,5853428,14,phononTS,0.000556435,-0.000997381,0.00299842,0.000262498,1004.39,0.000556435,1,-0.00101049,0.00304615,-0.0002625,1157.17
0,5888615,5,phononL,0.000534871,-0.0016833,0.0030701,-0.0002625,122.51,0.000382,1,-0.000996001,0.00299669,0.0002625,587.569
0,5891562,9,phononTS,0.000394907,0.00100028,0.000996795,0.000262498,1989.19,0.000394907,1,0.00123541,0.00183485,-0.0002625,2329.71
0,5939592,10,phononTF,0.00077477,-0.00141938,0.00345359,-0.0002625,782.284,0.000382,1,-0.000998738,0.0030032,0.0002625,2360.67
0,5967478,12,phononTS,0.000559856,-0.001938,0.0028507,-0.0002625,494.748,0.000382,1,-0.00199778,0.00200137,0.0002625,1155.24
0,6017943,7,phononTS,0.000739885,-0.00099914,0.000996629,0.000262498,2659.01,0.000739885,1,-0.000961632,0.00106182,-0.0002625,2806.18
0,6017943,5,phononTF,0.00140544,-0.00442401,0.005,9.22054e-05,25.7736,0.00128789,1,-0.00415333,0.00465877,-0.0002625,900.627
0,6017943,4,phononTF,0.0011745,-0.00220602,0.00388497,0.000262498,25.7736,0.00066757,1,-0.00257845,0.00347401,-0.0002625,244.649
0,6017943,3,phononTF,0.00118476,-0.00220602,0.00388497,0.000262498,25.7736,0.000668571,1,-0.00184826,0.00427001,-0.0002625,234.823
0,6037226,8,phononTS,0.000823677,0.000132195,0.00402957,-0.0002625,1826.84,0.000382,1,0.00199957,0.00199917,0.0002625,5368.07
0,6049699,2,phononTS,0.00131775,-0.00210581,0.00294049,-0.0002625,2.34952,0.000764,1,-0.002003,0.00199668,0.0002625,730.066
0,6055866,4,phononTS,0.00125116,-0.000910155,0.00388959,-0.0002625,7.45405,0.000382,1,-0.000996297,0.00300025,0.0002625,1352.6
0,6055866,8,phononTF,0.000728381,-0.000996297,0.00300025,0.000262498,1352.6,0.000728381,1,-0.000482785,0.0034795,-0.0002625,1599.31
0,6061503,2,phononTF,0.00159263,-0.00124679,0.00277426,1.05212e-06,89.6113,0.000764,1,-0.00199847,0.00199715,0.0002625,1257.94
0,6065576,10,phononTF,0.000837525,-0.00100024,0.0029982,0.0002625,1003.33,0.000719829,1,-0.000661487,0.00293729,-0.0002625,1771.58
0,6118041,9,phononTS,0.00226307,-0.00099641,0.000996455,0.000262498,3428.97,0.00135153,1,-0.000969632,0.00127058,-0.0002625,3629.03
0,6129913,7,phononTS,0.00047984,-0.00200243,0.00199668,0.000262498,429.797,0.00047984,1,-0.00199155,0.00199137,-0.0002625,582.283
0,6129913,4,phononTF,0.00115166,-0.00219738,0.00388861,0.000262498,31.9766,0.000639755,1,-0.00196592,0.00367517,-0.0002625,204.348
0,6152705,9,phononTF,0.000494904,-0.0020045,0.00200147,0.000262498,870.526,0.000494904,1,-0.00179142,0.00219459,-0.0002625,1039.02
0,6158998,7,phononTS,0.000995854,-0.00287165,-0.000645984,-0.0002625,184.808,0.000382,1,-0.00299895,-0.00100094,0.0002625,2700.56
0,6233345,6,phononTS,0.000573863,-0.00103848,0.00364909,-0.0002625,347.891,0.000382,1,-0.00099792,0.00300397,0.0002625,1800.33
0,6233345,2,phononTS,0.00123032,-0.00220551,0.00388564,0.000262498,3.30739,0.00123032,1,-0.00201528,0.00384524,-0.0002625,182.546
0,6234155,12,phononTS,0.000475424,0.000998365,0.0010005,0.000262498,5830.19,0.000475424,1,0.00097582,0.000965698,-0.0002625,5987.26
0,6234155,2,phononL,0.00453485,-0.00106705,0.00380605,-0.000176181,19.0198,0.0026412,1,-0.00108388,0.0037963,-0.0002625,2433.59
0,6246873,13,phononTF,0.000551916,-0.00121142,0.00120702,-0.000262498,2122.15,0.000382,1,-0.000998169,0.00100222,0.0002625,2291.95
0,6246873,2,phononTF,0.00145918,-0.00220284,0.00388948,0.000255727,27.7436,0.00105058,1,-0.00175567,0.003474,-0.0002625,253.003
0,6259417,3,phononTS,0.000392819,0.00199697,-0.00199671,0.0002625,5.26676,0.000392819,1,0.00225853,-0.000705003,-0.0002625,7898.03
0,6259417,2,phononTS,0.00089237,-0.00220231,0.00389319,0.000262498,5.26676,0.000643632,1,-0.00218926,0.00383748,-0.0002625,165.7
0,6338532,10,phononTS,0.000545244,-0.00180489,0.00285022,-0.0002625,725.9,0.000382,1,-0.00200041,0.00200074,0.0002625,1577.88
0,6342611,8,phononTS,0.000746457,-0.00304341,-0.00105838,-0.000262498,5397.75,0.000382,1,-0.002997,-0.000997016,0.0002625,5544.44
0,6389045,5,phononTS,0.000752169,-0.00122569,0.00300459,-0.000262498,831.18,0.000382,1,-0.00100458,0.00300131,0.0002625,1018.61
0,6389045,3,phononTS,0.00245002,-0.00220284,0.00389038,0.000262498,4.12605,0.00129249,1,-0.00221518,0.00333674,-0.0002625,262.522
0,6392692,3,phononL,0.000916252,-0.00159898,0.00344267,-0.0002625,2.07464,0.000382,1,-0.000998678,0.00300014,0.0002625,347.369
0,6392692,2,phononTF,0.000760024,-0.00219928,0.00388519,0.000262498,2.07464,0.000760024,1,0.00257146,0.00151388,-0.0002625,1540.87
0,6414040,10,phononTS,0.000521668,-0.000997728,0.00300072,0.0002625,1349.82,0.000521668,1,-0.000951502,0.00304466,-0.0002625,1643.77
0,6422562,6,phononTF,0.00086573,-0.00187336,-0.00166949,-0.0002625,50.9344,0.000382,1,-0.000995411,-0.000998361,0.0002625,10026
0,6422562,7,phononTF,0.000426482,-0.000995411,-0.000998361,0.000262498,10026,0.000426482,1,-0.0011625,-0.000715917,-0.0002625,10207.7
0,6439123,10,phononL,0.00119941,0.00200463,0.00200117,0.000262498,3364.56,0.000601048,1,0.00246124,0.00191196,-0.0002625,3494.73
0,6446707,8,phononTF,0.000454395,-0.00136592,-0.00134924,-0.0002625,2529.26,0.000382,1,-0.00199991,-0.00199639,0.0002625,3414.5
0,6483293,7,phononTF,0.0011181,-0.00156608,0.00338703,-0.0002625,53.2227,0.000382,1,-0.000996132,0.00300406,0.0002625,579.593
0,6483293,9,phononTS,0.000723615,-0.000996132,0.00300406,0.000262498,579.593,0.000723615,1,-0.000985692,0.00298574,-0.0002625,732.237
0,6483293,2,phononTS,0.00060439,-0.0021963,0.00387613,0.000262498,6.4019,0.00060439,1,-0.00224629,0.00393513,-0.0002625,152.952
0,6488590,2,phononTS,0.000569568,-0.00210432,0.00293472,-0.0002625,49.2111,0.000382,1,-0.00200119,0.00200088,0.0002625,749.556
0,6489648,12,phononTS,0.00132666,-0.00010346,0.00294107,-0.0002625,82.917,0.000382,1,0.00200273,0.00200048,0.0002625,1612.98
0,6491384,6,phononTS,0.000552747,-0.000592732,-0.00161513,-0.0002625,300.977,0.000382,1,-2.4135e-06,4.87462e-06,0.0002625,6139.63
0,6491384,2,phononTS,0.000584111,-0.00220174,0.00388282,0.000262498,1.7362,0.000584111,1,-0.00223218,0.00444865,-0.0002625,253.209
0,6496970,2,phononL,0.000812608,-0.00210175,0.00194321,-0.0002625,0.971422,0.000382,1,-0.00199985,4.11789e-06,0.0002625,747.974
0,6560496,9,phononTS,0.000449137,-0.00100036,0.000999969,0.0002625,290.344,0.000449137,1,-0.00104758,0.000936578,-0.0002625,1627.68
0,6569670,7,phononTS,0.00129832,-0.000999138,0.002998,0.0002625,97.0644,0.0010224,1,-0.000992882,0.00300808,-0.0002625,919.383
0,6569670,9,phononTS,0.00305576,-0.00301613,0.00365988,-7.74338e-05,371.876,0.00241522,1,-0.00265725,0.00357649,-0.0002625,804.43
0,6640865,9,phononTF,0.00078453,0.00103109,-0.005,0.000114971,3287.24,0.000621113,1,0.000249482,-0.00419017,-0.0002625,7406.54
0,6660798,2,phononTF,0.000788016,0.00234191,-0.000395778,-0.0002625,82.1907,0.000382,1,0.00199682,-3.95877e-06,0.0002625,3485.66
0,6660799,3,phononTF,0.00352356,-0.00287892,0.00419999,5.05056e-05,43.8789,0.00252221,1,-0.00292697,0.00424513,-0.0002625,471.252
0,6666323,8,phononTS,0.000463354,-0.00149613,0.00289212,-0.0002625,2736.47,0.000382,1,-0.000995944,0.00299766,0.0002625,3503.72
0,6722334,6,phononL,0.000526034,-0.00100139,0.00299538,0.0002625,1610.01,0.000526034,1,-0.000264467,0.00302993,-0.0002625,1941.99
0,6723246,2,phononTS,0.00136149,-0.000989665,0.00239347,-0.0002625,2.07268,0.000382,1,-0.000995847,0.00100445,0.0002625,2074.76
0,6749017,4,phononTF,0.000886601,-0.00109875,0.005,1.27978e-05,15.5869,0.000382,1,-0.000998808,0.00300136,0.0002625,1408.39
0,6749808,6,phononTS,0.000719656,-0.00098996,0.00286497,-0.0002625,1491.4,0.000382,1,-0.00100437,0.00300419,0.0002625,1841.28
0,6874077,7,phononTS,0.000672699,0.00200082,0.00199556,0.000262498,1553,0.000672699,1,0.00205022,0.00203445,-0.0002625,1710.62
0,6925238,8,phononTS,0.000512526,-0.0029826,0.00209756,-0.0002625,767.424,0.000512526,1,-0.005,0.00364328,-0.000155715,1850.67
0,6933506,6,phononTS,0.000416065,-0.00100241,0.000998905,0.0002625,186.467,0.000416065,1,-0.000945207,0.000983555,-0.0002625,2260.15
0,6949576,11,phononTS,0.00046913,-0.00132213,0.00377273,-0.000262498,349.194,0.000382,1,0.00100496,0.00100289,0.0002625,1501.36
0,6981466,13,phononTF,0.000442974,0.00299753,0.00100107,0.000262498,3447.79,0.000442974,1,0.00342057,0.000705989,-0.0002625,3664.93
0,7029541,4,phononTS,0.0015695,-0.00210668,0.00294969,-0.0002625,55.6886,0.000764,1,-0.00200471,0.00200478,0.0002625,786.381
0,7040295,8,phononTF,0.00051537,0.00214015,0.00213482,-0.0002625,816.575,0.000382,1,0.00199561,0.00199948,0.0002625,10392.8
0,7045911,7,phononTF,0.000457282,0.000995943,0.000996499,0.0002625,1457.25,0.000457282,1,0.00231661,0.000767321,-0.0002625,4091.58
0,7045911,4,phononTS,0.000569028,-0.00220048,0.00388881,0.000262498,7.74328,0.000569028,1,-0.00215234,0.00393428,-0.0002625,154.689
0,7045911,3,phononTS,0.000643743,-0.00220048,0.00388881,0.000262498,7.74328,0.000643743,1,-0.00226223,0.00392419,-0.0002625,155.222
0,7045911,2,phononTS,0.00328835,-0.00311094,0.00328357,-0.000196472,7.74328,0.000677285,1,-0.00315174,0.00323335,-0.0002625,454.132
0,7055169,6,phononTS,0.000682485,-0.00334134,0.00235722,-0.0002625,10.8941,0.000382,1,-0.000998027,0.000999119,0.0002625,2690.65
0,7055169,5,phononTF,0.000623841,-0.00221313,0.00387663,0.000262498,10.8941,0.000623841,1,-0.005,0.00298818,0.000241824,839.587
0,7059702,2,phononTF,0.000669861,-0.00299551,-0.000995552,0.0002625,19.513,0.000669861,1,-0.00134931,0.005,0.000110177,5515.23
0,7086833,4,phononTF,0.000821537,-0.00125482,0.00327505,-0.000218804,8.7187,0.000382,1,-0.00099984,0.00299641,0.0002625,598.712
0,7102426,4,phononTS,0.000909125,-0.0024754,0.005,-0.000259164,24.4599,0.000909125,1,-0.00244093,0.00497134,-0.0002625,2339.51
0,7118861,5,phononTS,0.00107849,-0.00161515,0.00348832,-0.0002625,24.7769,0.000382,1,-0.00100091,0.00299975,0.0002625,680.959
0,7206257,8,phononTS,0.000611696,-0.00259969,0.00361751,-0.0002625,529.541,0.000382,1,-0.000998609,0.00300024,0.0002625,1607.87
0,7273907,7,phononTS,0.00261843,-0.00102203,0.00302386,-0.000248351,375.699,0.000764,1,-0.0010003,0.00300466,0.0002625,1008.66
0,7311994,8,phononTF,0.000906728,-0.000157733,0.00185742,-0.0002625,18.2785,0.000382,1,1.54379e-06,0.00200096,0.0002625,1001.5
0,7311994,7,phononTS,0.00098016,-0.00220665,0.00387371,0.000262498,18.2785,0.000440543,1,-0.00226673,0.00392081,-0.0002625,165.027
0,7314373,9,phononTS,0.000398857,0.00200329,1.32652e-06,0.000262498,1868.43,0.000398857,1,0.00400589,-0.00122996,-0.0002625,2636.58
0,7316485,4,phononTS,0.00107105,-0.00100266,-0.000996731,0.0002625,5.50971,0.00107105,1,-0.00231082,-0.00169734,-0.0002625,7276.42
0,7352641,2,phononTF,0.000549321,-0.00131942,0.00337794,-0.0002625,3.2945,0.000382,1,-0.000999754,0.0029971,0.0002625,809.79
0,7377859,6,phononTF,0.000529505,-0.00142468,0.00340335,-0.0002625,218.183,0.000382,1,-0.00100057,0.00300147,0.0002625,881.768
0,7377859,4,phononTS,0.00113646,-0.00220689,0.00387847,0.000262498,3.46539,0.00113646,1,-0.00201747,0.00426433,-0.0002625,244.728
0,7377859,3,phononTS,0.00264208,-0.00171253,0.00460112,4.18509e-05,3.46539,0.00153711,1,-0.00174741,0.00420511,-0.0002625,638.201
0,7396206,3,phononL,0.000883456,-0.001225,0.00331576,-0.0002625,4.62333,0.000382,1,-0.000995845,0.00299961,0.0002625,511.542
0,7396206,2,phononTS,0.00230689,-0.00219848,0.00389056,0.000262498,4.62333,0.00163719,1,-0.00301426,0.0039896,-0.0002625,324.469
0,7409119,8,phononTS,0.000562994,-0.00136251,0.00427691,-0.0002625,406.575,0.000382,1,-0.00100075,0.00299827,0.0002625,1353.11
0,7409119,4,phononTS,0.00140026,-0.00220864,0.00387781,0.000262498,13.0713,0.00125746,1,-0.00227178,0.00383296,-0.0002625,159.823
0,7454790,5,phononTS,0.000887874,3.86862e-06,-0.00199628,0.0002625,9.6114,0.000465612,1,0.000705702,-0.00206452,-0.0002625,3415.92
0,7470712,2,phononTS,0.000675597,0.000956622,0.000992204,-0.0002625,18.5906,0.000382,1,0.000996659,0.00100319,0.0002625,2310.53
0,7480872,10,phononTS,0.000574841,-4.66712e-06,-3.09552e-06,0.0002625,7766.76,0.000574841,1,5.58661e-05,3.78525e-05,-0.0002625,8077.38
0,7480872,3,phononTS,0.0012407,-0.00220243,0.00387871,0.000262498,9.36245,0.0010892,1,-0.00215439,0.00319334,-0.0002625,298.063
0,7480872,2,phononTF,0.000875342,-0.00220243,0.00387871,0.000262498,9.36245,0.000875342,1,-0.00275787,0.00327348,-0.0002625,288.115
0,7495582,3,phononTS,0.000495306,-0.00162161,0.00205157,-0.0002625,1.72848,0.000382,1,-0.00199964,0.00200176,0.0002625,1224.42
0,7508032,5,phononTS,0.00326328,-0.000996077,0.00300446,0.000188939,4.62678,0.000764,1,-0.000997168,0.00299937,0.0002625,765.512
0,7508032,7,phononTS,0.00138908,-0.000997168,0.00299937,0.000262498,765.512,0.00138908,1,-0.00121388,0.002956,-0.0002625,949.186
0,7516189,4,phononTS,0.000856075,-0.0021156,0.00296199,-0.0002625,70.4037,0.000382,1,-0.00199631,0.00199745,0.0002625,811.7
0,7516189,10,phononTS,0.000398739,-0.00199631,0.00199745,0.000262498,811.7,0.000398739,1,-0.00243607,0.0020442,-0.0002625,1041.51
0,7533676,5,phononTF,0.00105139,0.00352361,0.000516666,0.000190421,31.0768,0.000382,1,-0.00100498,-0.00100385,0.0002625,3485.48
0,7568306,4,phononL,0.000501083,-0.00100105,0.00099641,0.0002625,8.18729,0.000501083,1,0.000250088,-0.003076,-0.0002625,1883.61
0,7580752,3,phononTS,0.00060198,-0.00244542,-0.00439219,-0.0002625,33.8195,0.000382,1,-2.57445e-06,-0.00200024,0.0002625,6747.58
0,7580752,2,phononTS,0.00101489,-0.00217407,0.00386671,0.000262498,33.8195,0.00101489,1,-0.00272436,0.00270694,-0.0002625,491.719
0,7581872,5,phononTF,0.00129627,-0.00200026,-0.0020035,0.000262498,4662.6,0.000511527,1,-0.00271395,-0.00275402,-0.0002625,4989.48
0,7595901,9,phononTF,0.000531208,-0.00130852,0.00267569,-0.000262498,1529.17,0.000382,1,-0.00200455,0.00200459,0.0002625,1839.31
0,7613633,7,phononTS,0.000737961,-0.00200097,0.00199889,0.0002625,2176.79,0.000737961,1,-0.0017734,0.00143672,-0.0002625,2744.86
0,7619070,7,phononTS,0.00125163,-0.0019329,2.71105e-05,-0.0002625,65.0102,0.000382,1,-0.00199768,-3.07795e-06,0.0002625,2344.32
0,7672476,7,phononTS,0.000686185,-0.00132845,0.00424779,-0.000262498,336.365,0.000382,1,-0.000998767,0.00300131,0.0002625,802.152
0,7672476,4,phononTS,0.000642394,-0.00220282,0.00388348,0.000262498,1.49435,0.000642394,1,-0.00119631,0.00344808,-0.0002625,418.084
0,7733206,2,phononTF,0.0004636,-0.00110571,0.00294228,-0.0002625,8.10904,0.000382,1,8.76879e-07,0.00200155,0.0002625,893.294
0,7740822,8,phononTS,0.000690567,-0.0010043,0.00299646,0.0002625,488.487,0.000690567,1,-0.00166759,0.0029191,-0.0002625,1052.5
0,7740822,2,phononTS,0.000780531,-0.00221009,0.00388667,0.000262498,9.93321,0.000680933,1,-0.00254068,0.00277536,-0.0002625,440.255
0,7746624,7,phononTS,0.00127735,0.00107426,-0.000525442,-8.74699e-05,9.88976,0.000764,1,6.59282e-07,3.95242e-06,0.0002625,3994.4
0,7746624,6,phononTF,0.000490115,-0.00219857,0.00388826,0.000262498,9.88976,0.000490115,1,-0.0025932,0.00359048,-0.0002625,220.642
0,7754681,2,phononL,0.00155296,-0.00126402,0.00319415,5.65892e-05,14.9448,0.000382,1,-0.00100114,0.00299683,0.0002625,1070.31
0,7769036,8,phononTF,0.000538503,-0.00199604,0.00199732,0.000262498,1317.05,0.000538503,1,-0.0021657,0.00184051,-0.0002625,1478.62
0,7769036,5,phononTF,0.000793331,-0.00124127,0.005,0.000105137,12.7136,0.000563679,1,-0.00180283,0.00443702,-0.0002625,755.288
0,7779837,8,phononTS,0.000473154,-0.00200218,0.00199759,0.0002625,1844.81,0.000473154,1,-0.00205035,0.00205048,-0.0002625,2725.38
0,7779837,5,phononTF,0.00121423,-0.00225764,0.0039169,0.000262498,47.8298,0.00121423,1,-0.00252321,0.00366852,-0.0002625,227.818
0,7781396,7,phononTF,0.000459248,-0.00125925,0.00127886,-0.000262498,791.048,0.000382,1,-0.000997712,0.000998206,0.0002625,974.245
0,7806636,8,phononL,0.000420797,-0.000996677,0.00299505,0.000262498,1262.38,0.000420797,1,-0.00171436,0.0030002,-0.0002625,1424.26
0,7817469,8,phononTF,0.000961982,-0.00315112,-0.000819658,-0.0002625,91.2379,0.000382,1,-0.00299751,-0.00100251,0.0002625,3030.53
0,7862224,6,phononTS,0.000495184,-0.000595058,0.000791399,-0.0002625,498.665,0.000382,1,-0.00100157,0.00100288,0.0002625,2103.14
0,7862224,4,phononTS,0.00111548,-0.00220306,0.00388555,0.000262498,5.58262,0.00102337,1,-0.00173963,0.00343446,-0.0002625,304.673
0,7887516,3,phononTF,0.00117617,-0.00369175,-0.000319214,-0.0002625,23.6833,0.000382,1,-0.00300155,-0.000997824,0.0002625,2134.61
0,7887516,6,phononTS,0.000671029,-0.00300155,-0.000997824,0.000262498,2134.61,0.000671029,1,-0.00303611,-0.0017727,-0.0002625,2450.87
0,7887516,2,phononTS,0.00136625,-0.00120728,0.005,-0.000214093,23.6833,0.000504436,1,-0.00100338,0.00471872,-0.0002625,1455.61
0,7924788,9,phononTS,0.000554238,0.000997628,-0.000999399,0.000262498,8516.1,0.000554238,1,1.1909e-05,-0.00282717,-0.0002625,9215.12
0,7972354,10,phononTS,0.000475735,-0.00100047,0.00299975,0.000262498,1212.8,0.000475735,1,-0.00109851,0.00325445,-0.0002625,1416.8
0,7975293,5,phononL,0.00116551,-0.00195106,0.000985668,-0.0002625,4.00785,0.000382,1,-0.00199622,4.91613e-06,0.0002625,825.689
0,7992970,7,phononTF,0.000631535,-0.00183892,0.0040585,-0.000262499,289.641,0.000382,1,-0.00100148,0.0029996,0.0002625,708.062
0,7993368,7,phononTS,0.000504986,-0.00100461,0.00099602,0.0002625,1772.29,0.000504986,1,-0.000989323,0.00101596,-0.0002625,2076.42
0,8010084,10,phononTS,0.00120478,-0.00135005,0.00319423,-0.0002625,892.243,0.000382,1,-0.00100193,0.00299808,0.0002625,1831.17
0,8010084,11,phononTF,0.000627391,-0.00100193,0.00299808,0.000262498,1831.17,0.000627391,1,-0.000538114,0.00348406,-0.0002625,2071.55
0,8010084,9,phononTF,0.000679311,-0.00239438,0.00378268,0.000262498,892.243,0.000679311,1,-0.00183368,0.00444084,-0.0002625,1183.95
0,8037206,7,phononTS,0.000660503,-0.00191546,0.00362886,-0.000171027,196.517,0.000382,1,0.00200413,-7.42565e-07,0.0002625,2011.93
0,8037206,6,phononTF,0.00118525,-0.00215343,0.00395384,0.000262498,196.517,0.000650584,1,-0.0017446,0.00434353,-0.0002625,413.715
0,8048786,8,phononTF,0.000392301,-0.00182211,0.00217042,-0.000262498,367.165,0.000382,1,-0.0019969,0.00199954,0.0002625,530.39
0,8048786,5,phononTS,0.000862714,-0.00328755,0.005,0.000201191,33.0996,0.000420292,1,-0.000741725,0.00246118,-0.0002625,1524.94
0,8059454,8,phononTS,0.000513289,-0.00224881,0.00266199,-0.0002625,1012.17,0.000382,1,-0.00200484,0.00200447,0.0002625,1935.93
0,8074153,5,phononTF,0.000600917,-0.00180625,0.00384856,-0.000262498,248.119,0.000382,1,-0.00099761,0.00300498,0.0002625,608.882
0,8074153,3,phononTF,0.00093569,-0.00219811,0.00390335,0.000262498,29.0998,0.000344039,1,-0.00207894,0.00368986,-0.0002625,197.151
0,8120554,6,phononTS,0.00135087,-0.00305132,-0.000641599,-0.0002625,6.77308,0.000382,1,-0.00299733,-0.00100374,0.0002625,2118.78
0,8120554,7,phononL,0.000501933,-0.00299733,-0.00100374,0.000262498,2118.78,0.000501933,1,-0.00294966,-0.000159,-0.0002625,2300.34
0,8120554,5,phononTF,0.00137535,-0.00158818,0.00392722,-0.000234601,6.77308,0.000384125,1,-0.00151686,0.00402384,-0.0002625,303.931
0,8167713,6,phononTS,0.000962842,-0.00199539,0.00199626,0.0002625,337.729,0.000826792,1,-0.00195888,0.00199892,-0.0002625,2148.69
0,8170963,6,phononTS,0.000998706,-0.00161435,0.00342832,-0.0002625,34.7734,0.000382,1,-0.00100001,0.00300306,0.0002625,684.357
0,8179434,14,phononTS,0.00127023,-0.00199629,0.0020006,0.0002625,2212.95,0.00127023,1,-0.00191427,0.0024222,-0.0002625,2729.88
0,8185471,5,phononTS,0.000693927,0.000309282,0.005,0.000128685,1.15626,0.000693927,1,0.00132369,0.00323414,-0.0002625,4030.97
0,8217635,6,phononL,0.00101463,-0.000995249,0.00299918,0.0002625,2277.65,0.000819607,1,-0.00126338,0.00144987,-0.0002625,2723.36
0,8220049,3,phononTF,0.000738631,-0.000995169,0.00100129,0.0002625,5.5052,0.000738631,1,-0.00171041,0.000310161,-0.0002625,1984
0,8237562,7,phononTS,0.00053017,0.00160414,0.00300009,-0.0002625,573.623,0.000382,1,0.00199861,0.00200176,0.0002625,6880.47
0,8242706,2,phononTF,0.000773926,-0.00127873,0.00313563,-0.0002625,10.752,0.000382,1,-0.000999808,0.00300336,0.0002625,758.39
0,8247398,7,phononTF,0.00112561,-0.0019993,0.00200443,0.000262498,555.298,0.000836278,1,-0.00252307,0.00150591,-0.0002625,806.931
0,8261162,15,phononTS,0.000848914,-0.00100456,0.000996725,0.000262498,4309.59,0.000261663,1,-0.001934,0.00143818,-0.0002625,4708.32
0,8268585,4,phononTS,0.000711509,0.000979478,-0.00363725,-0.0002625,6707.76,0.000382,1,0.000996277,-0.00299863,0.0002625,7537.71
0,8291430,8,phononTS,0.000472586,-0.000998973,0.00300133,0.0002625,1443.24,0.000472586,1,-3.26596e-06,0.00318632,-0.0002625,2433.21
0,8303248,7,phononL,0.000398621,-0.00193269,0.00233103,-0.000262498,3534.51,0.000382,1,-0.00200465,0.00199656,0.0002625,3653.86
0,8326430,7,phononTF,0.00124812,-0.00107559,0.00301811,-0.0002625,12.7978,0.000764,1,-0.00100088,0.0030046,0.0002625,781.607
0,8330381,8,phononTF,0.000793105,1.41599e-06,0.00200127,0.000262498,1254.28,0.00034244,1,-0.00092343,0.00295921,-0.0002625,1657.45
0,8344498,8,phononTS,0.00107525,-0.00211419,0.00287645,-0.0002625,2557.98,0.000382,1,-0.00199804,0.00200459,0.0002625,4086.74
0,8370874,6,phononTF,0.000445363,0.000832094,-0.000848279,-0.0002625,6095.23,0.000382,1,0.00100149,-0.00100222,0.0002625,6901.73
0,8370874,2,phononL,0.00302792,-0.00230534,0.00351171,2.07685e-05,2.73272,0.00234391,1,-0.00257131,0.00353885,-0.0002625,281.249
0,8420465,9,phononTS,0.000927495,-0.000937027,0.000971421,-0.000262498,1183.13,0.000382,1,-0.000999299,0.000995211,0.0002625,1331.47
0,8420465,7,phononTS,0.000860125,-0.00220802,0.00389057,0.000262498,5.16618,0.000597068,1,-0.00216418,0.00452868,-0.0002625,278.897
0,8420465,6,phononTF,0.00108889,-0.00220802,0.00389057,0.000262498,5.16618,0.00108889,1,-0.00230407,0.00367742,-0.0002625,172.706
0,8456018,2,phononTS,0.0011552,-0.00200231,0.00199529,0.0002625,10.4033,0.00077234,1,-0.00191954,0.00194897,-0.0002625,1166.28
0,8494758,8,phononTF,0.000547948,-0.0021119,0.0022107,-0.0002625,199.427,0.000382,1,-0.00200284,0.00200448,0.0002625,1032.72
0,8518325,9,phononTS,0.000390299,-0.00199323,0.00272184,-0.000262498,691.476,0.000382,1,-0.00199924,0.00200303,0.0002625,989.797
0,8528727,3,phononL,0.0010824,-0.00199645,0.00200194,0.0002625,52.3637,0.000606419,1,-0.00209482,0.00144304,-0.0002625,609.905
0,8570029,3,phononTF,0.000492374,0.000381218,0.00155759,-0.0002625,5.57638,0.000382,1,0.00100033,0.000997975,0.0002625,1570.82
0,8570029,2,phononTS,0.00129062,-0.00219727,0.00389445,0.000262498,5.57638,0.000885659,1,-0.0021514,0.00369736,-0.0002625,185.74
0,8582997,8,phononTF,0.000476558,-0.00117647,0.00289466,-0.0002625,837.064,0.000382,1,-0.00100036,0.00300225,0.0002625,1297.68
0,8583532,8,phononTS,0.0010921,-0.000783949,0.00267917,-0.000262498,487.967,0.000382,1,-0.00200177,0.00200066,0.0002625,990.77
0,8583532,9,phononTF,0.000487306,-0.00200177,0.00200066,0.000262498,990.77,0.000487306,1,-0.00195014,0.00194365,-0.0002625,1140.31
0,8583532,6,phononTF,0.00110684,-0.00221501,0.00388153,0.000262498,14.4521,0.000869242,1,-0.000784516,0.00247417,-0.0002625,600.435
0,8586369,8,phononTS,0.000901976,-0.00241908,0.00276609,-0.000262498,369.754,0.000382,1,-0.00199934,0.00200431,0.0002625,726.097
0,8611683,7,phononTS,0.000794865,-0.00187521,0.0029612,-0.0002625,779.677,0.000382,1,-0.00100142,0.00300094,0.0002625,2721.73
0,8611683,5,phononTS,0.000813416,-0.00215342,0.00394926,0.000262498,74.4641,0.000813416,1,-0.00183612,0.00392033,-0.0002625,278.901
0,8611683,4,phononTS,0.000726285,-0.00300966,0.005,-6.80973e-05,74.4641,0.000726285,1,-0.0031611,0.00494519,-0.0002625,595.62
0,8631169,9,phononTF,0.000537588,-0.000999201,0.00100109,0.000262498,1258.72,0.000537588,1,-0.00121987,0.00128197,-0.0002625,1442.05
0,8632152,4,phononTS,0.000631236,0.00202084,-0.00200347,-0.000262499,4622.59,0.000382,1,0.00199527,-0.00199809,0.0002625,4776.17
0,8690844,4,phononTF,0.00129781,-0.00340003,-0.000778027,8.6326e-05,6.89196,0.000382,1,-0.00299619,-0.000995425,0.0002625,3130.5
0,8694794,6,phononTS,0.0004808,-0.00099982,0.000998282,0.000262498,5756,0.0004808,1,-0.000948744,0.000820376,-0.0002625,5941.02
0,8706033,11,phononTS,0.000424694,0.0021229,-0.00133767,-0.0002625,1301.89,0.000382,1,0.00200249,-0.00200406,0.0002625,6072.4
0,8748965,13,phononTS,0.000586219,-0.00230483,0.00375135,-0.000262498,171.288,0.000382,1,4.38025e-06,0.00199954,0.0002625,1112.28
0,8755770,7,phononTS,0.000402089,-0.000999266,0.000999074,0.000262498,2821.21,0.000402089,1,-0.000559024,0.00204106,-0.0002625,3247.18
0,8765705,7,phononTF,0.000653614,-2.12277e-06,1.56856e-06,0.000262498,4431.1,0.000653614,1,0.000342175,8.02358e-05,-0.0002625,4624.58
0,8787711,5,phononTS,0.000463461,-0.00236718,0.00332915,-0.0002625,344.155,0.000382,1,-0.00200355,0.00199717,0.0002625,1328.31
0,8787711,2,phononTS,0.000915723,-0.00221594,0.00391043,0.000262498,66.7724,0.000567231,1,-0.00294695,0.00399767,-0.0002625,365.413
0,8796878,5,phononTS,0.000462456,-0.00204766,0.00246822,-0.0002625,16.6006,0.000382,1,-0.00200055,0.00200267,0.0002625,960.069
0,8815526,4,phononTS,0.000736018,-0.000476046,-0.00341557,-0.0002625,6.76518,0.000382,1,-2.53162e-06,-0.00200279,0.0002625,4541.96
0,8843253,7,phononTF,0.000902135,-0.00145694,0.00239047,-0.0002625,103.43,0.000382,1,-0.00200324,0.00199877,0.0002625,1832.46
0,8851834,4,phononTS,0.00131187,-0.00099541,0.000997726,0.0002625,1844.01,0.000839452,1,-0.000523607,-0.000441806,-0.0002625,3605.49
0,8895474,3,phononTF,0.000615022,-0.00114519,0.00312371,-0.0002625,1.54305,0.000382,1,-0.000998644,0.00300277,0.0002625,860.189
0,8900645,10,phononL,0.000945064,-0.000128445,-0.000883588,-0.0002625,139.796,0.000382,1,0.00100212,-0.00299798,0.0002625,2494
0,8919157,8,phononTF,0.000730012,-0.000995123,0.00299697,0.000262498,1516.85,0.000439796,1,-0.000464381,0.00353112,-0.0002625,1776.64
0,8919157,3,phononTF,0.000552699,-0.00348016,0.005,0.000229925,2.55524,0.000552699,1,-0.00375668,0.00100255,-0.0002625,2790.67
0,8926186,5,phononTS,0.000723813,-0.00225104,0.00246149,-0.0002625,37.7,0.000382,1,-0.00200246,0.00199727,0.0002625,1930.05
0,8930310,6,phononTF,0.00171929,-0.000958395,0.00303685,0.000171051,243.648,0.000764,1,-0.000995498,0.0030013,0.0002625,3005.83
0,8944767,10,phononTS,0.000418027,0.00100022,0.000998834,0.000262498,9109.87,0.000418027,1,0.000472117,0.00105946,-0.0002625,9359.73
0,8944767,2,phononTS,0.000807311,-0.00220166,0.00386701,0.000262498,8.50841,0.000460743,1,-0.00250108,0.00391372,-0.0002625,208.306
0,9004620,10,phononTF,0.000655723,-0.00155633,0.00355162,-0.000262498,2083.44,0.000382,1,0.00199566,4.41807e-06,0.0002625,3506.09
0,9013654,7,phononTF,0.000951112,-0.00100269,0.00299524,0.000262498,1003.26,0.000951112,1,-0.00107673,0.00307215,-0.0002625,1154.26
0,9026000,5,phononTS,0.00115,-0.00200116,-2.4604e-06,0.000262498,1690.39,0.000500886,1,-0.00209987,3.19715e-05,-0.0002625,1854.28
0,9031725,11,phononTS,0.00105785,-0.000285398,-0.00237363,-0.0002625,215.141,0.000764,1,0.00099593,-0.00299689,0.0002625,5625.39
0,9045973,8,phononTS,0.000508978,-3.3861e-05,-0.0020059,-0.0002625,3247.95,0.000382,1,-4.89097e-06,-0.0020029,0.0002625,3705.35
0,9045973,6,phononTF,0.000783783,-0.00217691,0.00392556,0.000262498,89.3563,0.000161267,1,-0.00366228,0.00499164,-0.0002625,640.017
0,9055945,2,phononTS,0.0014623,-0.005,0.0014524,1.90448e-05,3.40185,0.000382,1,-0.00100379,0.0010005,0.0002625,3507.28
0,9055945,9,phononTF,0.000675508,-0.00100379,0.0010005,0.000262498,3507.28,0.000248044,1,-0.00124412,0.000776861,-0.0002625,3681.76
0,9076986,9,phononL,0.000421335,-0.00133399,0.00207963,-0.000262498,2076.88,0.000382,1,-0.00200195,0.00199978,0.0002625,2232.64
0,9076986,4,phononTS,0.00124013,-0.00221724,0.00387247,0.000262498,11.6237,0.00118394,1,-0.00173763,0.00426397,-0.0002625,303.187
0,9147762,2,phononTF,0.00119579,-0.00189628,0.00391418,-0.0002625,2.56782,0.000382,1,-0.00099929,0.00299986,0.0002625,1395.7
0,9154654,3,phononTS,0.000884844,0.000202256,0.00172108,-0.0002625,8.43711,0.000382,1,0.001003,0.00100127,0.0002625,1673.08
0,9160592,9,phononTF,0.000446386,-0.00105763,0.00293705,-0.000262498,1346.82,0.000382,1,-0.000996887,0.00299514,0.0002625,1496.71
0,9197297,8,phononTF,0.000573256,0.00100048,0.000996796,0.0002625,2950.46,0.000573256,1,0.00102538,0.00125467,-0.0002625,4181.12
0,9199867,7,phononTS,0.000882143,-0.00131294,0.00329941,-0.0002625,1772.02,0.000382,1,-0.000999968,0.003005,0.0002625,2808.36
0,9199867,4,phononTS,0.000791326,-0.00230393,0.00385285,0.000262498,1299.2,0.000415996,1,-0.00155411,0.000564766,-0.0002625,2503.77
0,9203559,10,phononTS,0.0010939,-0.00204316,0.00239574,-0.0002625,463.235,0.000382,1,-0.00199826,0.0019961,0.0002625,1347.01
0,9206380,8,phononTS,0.000576651,-0.00213976,0.00246201,-0.0002625,58.7977,0.000382,1,-0.00200413,0.00200425,0.0002625,1353.89
0,9223172,3,phononL,0.000735649,-0.00137189,0.00311535,-0.0002625,17.4192,0.000382,1,-0.00100351,0.00299934,0.0002625,508.478
0,9223172,2,phononTS,0.000787197,-0.00221278,0.00387929,0.000262498,17.4192,0.000787197,1,-0.00220709,0.00369343,-0.0002625,198.34
0,9224667,6,phononTS,0.000584699,-0.0015942,0.00201557,-0.000262498,769.635,0.000382,1,-0.00200058,0.00199756,0.0002625,993.798
0,9224845,9,phononTF,0.000426725,0.00199857,0.00200406,0.0002625,2275.46,0.000426725,1,0.00168418,0.00171193,-0.0002625,2657.23
0,9233906,13,phononTF,0.000522792,0.00199927,-0.00200443,0.000262498,6185.77,0.000522792,1,0.00155109,-0.00247684,-0.0002625,6421.31
0,9307088,6,phononTF,0.000629922,-0.00199502,0.00200019,0.000262498,436.6,0.000244039,1,-0.00208765,0.00203863,-0.0002625,588.449
0,9355454,5,phononTS,0.000471962,-0.00235714,0.0034407,-0.0002625,187.909,0.000382,1,-0.000999288,0.0030038,0.0002625,8832.71
0,9355454,3,phononTF,0.000567384,-0.00219722,0.00387806,0.000262498,6.38057,0.000567384,1,-0.00200068,0.00367925,-0.0002625,174.029
0,9367495,5,phononTS,0.00129569,-0.00160414,0.00340176,-0.0002625,141.314,0.000382,1,-0.000996064,0.00300463,0.0002625,779.05
0,9369579,9,phononL,0.00102358,-0.00100479,0.00299728,0.0002625,498.881,0.00102358,1,-0.00070062,0.00343927,-0.0002625,1646.42
0,9450274,7,phononTS,0.00118559,0.00100004,0.000998634,0.000262498,1996.03,0.000869147,1,0.000952252,0.000961735,-0.0002625,2143.02
0,9451640,10,phononTS,0.000411917,0.00253691,0.0010808,-0.000262498,7118.8,0.000382,1,0.00300121,0.00100234,0.0002625,7363.76
0,9451640,5,phononL,0.000517837,-0.00219524,0.00389177,0.000262498,9.32133,0.000517837,1,-0.00219967,0.00354445,-0.0002625,128.979
0,9491194,11,phononTS,0.00111272,-0.00202626,0.00288973,-0.0002625,113.059,0.000382,1,-0.00200442,0.00200457,0.0002625,795.576
0,9495477,7,phononTF,0.000563982,-0.00192808,0.00224521,-0.0002625,2219.96,0.000382,1,-0.00200122,0.00199788,0.0002625,2739.51
0,9510804,4,phononTF,0.00060636,-0.00113784,0.00312639,-0.0002625,362.772,0.000382,1,-0.00100378,0.00300189,0.0002625,1621.48
0,9519215,10,phononTS,0.00142623,-0.000973524,0.00300919,9.05774e-05,117.891,0.000764,1,-0.000997566,0.00300244,0.0002625,1469.67
0,9526891,10,phononTF,0.000449527,0.00200039,-3.45507e-06,0.000262498,4552.44,0.000449527,1,0.0030106,0.00104541,-0.0002625,4988.43
0,9545381,9,phononTF,0.000593971,0.00162483,-0.005,9.28915e-05,1393.72,0.000272477,1,0.00346494,-0.00223742,-0.0002625,4395.7
0,9551195,10,phononTS,0.000515914,-0.00126377,-0.000754399,-0.000262498,3760.4,0.000382,1,-0.000998335,-0.00100374,0.0002625,3988.19
0,9567023,8,phononTS,0.0005357,0.000938767,-0.00168624,-0.000262498,5528.58,0.000382,1,-1.34607e-06,-0.00200281,0.0002625,5905.22
0,9567114,10,phononTF,0.00055659,-0.000632125,0.00261714,-0.0002625,3978.46,0.000382,1,-0.00100173,0.00300388,0.0002625,5033.21
0,9574644,7,phononL,0.000906305,-0.000983136,0.00312427,-0.0002625,213.29,0.000382,1,-0.0010042,0.00300128,0.0002625,1053.68
0,9574644,6,phononTF,0.000579493,-0.00233368,0.00394641,0.000262498,213.29,0.000579493,1,0.00100699,0.00401507,-0.0002625,1222.04
0,9586403,10,phononTS,0.000453128,-0.00137612,0.0029446,-0.0002625,570.775,0.000382,1,-1.78805e-06,0.00200254,0.0002625,1683.62
0,9598020,6,phononTS,0.000843753,-0.00101955,0.0020281,-0.0002625,218.742,0.000382,1,-2.50357e-06,2.30651e-06,0.0002625,2559.04
0,9618272,9,phononTF,0.000419396,-0.00173571,0.00228997,-0.000262498,888.258,0.000382,1,-0.00100366,0.0029975,0.0002625,1213.4
0,9625139,10,phononTF,0.000569599,-0.00231767,0.00236062,-0.0002625,97.7763,0.000382,1,-0.000999276,0.00100322,0.0002625,1597.61
0,9625139,9,phononL,0.000566248,-0.00226315,0.00384374,0.000262498,97.7763,0.000566248,1,-0.00250794,0.00356162,-0.0002625,220.038
0,9625139,8,phononTS,0.00134325,-0.00226315,0.00384374,0.000262498,97.7763,0.000667023,1,-0.0023427,0.00398996,-0.0002625,281.029
0,9625781,8,phononTS,0.000455729,-0.00200101,0.00200357,0.0002625,5893.16,0.000455729,1,-0.0032884,0.00108807,-0.0002625,7008.55
0,9627558,4,phononTS,0.0012095,-0.000957251,0.00313907,-0.0002625,750.046,0.000764,1,-0.000995002,0.00300008,0.0002625,1580.5
0,9661138,6,phononTS,0.000587689,-0.00100185,0.003004,0.0002625,1741.81,0.000587689,1,-0.00106506,0.00297215,-0.0002625,2037.11
0,9690082,5,phononL,0.000744945,-0.005,7.68744e-05,-0.000161299,15.8249,0.000382,1,0.00199524,0.00200484,0.0002625,3447.31
0,9690082,4,phononTS,0.000839056,-0.0022167,0.00389056,0.000262498,15.8249,0.000567958,1,-0.00225289,0.00470093,-0.0002625,334.919
0,9693962,4,phononTF,0.00131312,-0.00337312,-0.00074535,-0.0002625,2.51621,0.000764,1,-0.00300214,-0.000999476,0.0002625,3004.05
0,9693962,3,phononTS,0.00260387,-0.00220296,0.00387906,0.000262498,2.51621,0.00135347,1,-0.00223871,0.00390662,-0.0002625,150.409
0,9742367,2,phononTS,0.000396986,-0.00203614,0.00236857,-0.0002625,17.5454,0.000382,1,-0.00199623,0.00199581,0.0002625,1868.8
0,9748427,5,phononL,0.000538152,-0.00202259,0.000387805,-0.0002625,4.85719,0.000382,1,-0.00200254,-1.28822e-06,0.0002625,1234.37
0,9784167,4,phononL,0.000547294,-0.00199731,0.00200142,0.0002625,1032.15,0.000547294,1,-0.00220599,0.00151657,-0.0002625,1594.81
0,9818451,6,phononTS,0.000582808,-0.00204361,0.000622765,-0.0002625,434.633,0.000382,1,-0.00200376,2.61938e-07,0.0002625,2070.29
0,9818451,4,phononTS,0.00145655,-0.00243078,0.00392194,0.000262498,337.608,0.000801201,1,-0.00258264,0.00391288,-0.0002625,514.074
0,9839116,6,phononTS,0.000604995,0.00303179,-0.005,0.000225795,1914.14,0.000604995,1,0.00304004,-0.00308415,-0.0002625,4106.72
0,9839116,4,phononTS,0.000477147,-0.00227159,0.00411585,0.000262498,138.579,0.000477147,1,-0.0030548,0.00365672,-0.0002625,505.812
0,9839442,5,phononTS,0.0013353,-0.00100022,0.00300432,0.0002625,6.75,0.00111494,1,-0.000945683,0.00342943,-0.0002625,1068.86
0,9839442,4,phononTF,0.00122671,-0.00220564,0.00388002,0.000262498,6.75,0.000674572,1,-0.00241065,0.00409871,-0.0002625,177.05
0,9849302,10,phononTS,0.000476001,-0.00206518,0.00112854,-0.0002625,6167.07,0.000382,1,-0.00199638,0.0019993,0.0002625,10824.9
0,9866258,8,phononTF,0.000941819,-0.0016925,0.00351143,-0.0002625,727.422,0.000382,1,-0.000996482,0.00299704,0.0002625,1204.35
0,9866258,7,phononTS,0.00117084,-0.00195813,0.00376125,0.000262498,727.422,0.00117084,1,-0.00120036,0.00370496,-0.0002625,1033.17
0,9866258,6,phononTS,0.000707026,-0.00195813,0.00376125,0.000262498,727.422,0.000707026,1,-0.00182468,0.00397977,-0.0002625,929.561
0,9871478,9,phononTS,0.000580454,-0.00100032,0.00299637,0.000262498,1842.1,0.000580454,1,0.00456536,-0.00194301,-0.0002625,3983.42
0,9899844,8,phononTS,0.000457491,-0.000953869,0.00306502,-0.000262498,691.752,0.000382,1,-0.00100447,0.00300252,0.0002625,838.176
0,9900606,8,phononTS,0.00044254,-0.00300476,-0.000995036,0.000262498,5677.25,0.00044254,1,-0.00302655,-0.000948791,-0.0002625,5839.89
