Run ID,Event ID,Track ID,Particle Name,Start Energy [eV],Start X [m],Start Y [m],Start Z [m],Start Time [ns],Energy Deposited [eV],Track Weight,End X [m],End Y [m],End Z [m],Final Time [ns]
0,5065,6,phononTS,0.000653688,0.00200473,-0.00199989,0.0002625,215.316,0.000443212,1,0.00203563,-0.00152543,-0.0002625,691.087
0,14332,3,phononTS,0.00079754,0.00183905,-0.00240136,-0.0002625,6.54369,0.000382,1,0.00199927,-0.00200357,0.0002625,486.215
0,14332,2,phononTF,0.000774304,0.00167884,-0.00279915,0.000262498,6.54369,0.000774304,1,0.00169288,-0.00266297,-0.0002625,162.468
0,16285,4,phononL,0.000952044,0.00277754,0.000362702,-0.0002625,9.7238,0.000382,1,0.0029985,0.000997488,0.0002625,955.178
0,16285,10,phononTS,0.000566989,0.0029985,0.000997488,0.000262498,955.178,0.000566989,1,0.00175599,-5.6635e-05,-0.0002625,1527.96
0,16285,3,phononTF,0.000419632,0.00167275,-0.00281123,0.000262498,9.7238,0.000419632,1,0.00151145,0.00100834,-0.0002625,1153.01
0,16285,2,phononTS,0.000576957,0.00167275,-0.00281123,0.000262498,9.7238,0.000576957,1,0.00121942,-0.00294677,-0.0002625,258.358
0,18794,7,phononTS,0.00106849,0.0012378,-0.00301193,-0.0002625,147.499,0.000764,1,0.00100432,-0.00300292,0.0002625,1071.97
0,26780,2,phononL,0.000467404,0.00207871,-0.00233991,-0.0002625,4.34123,0.000382,1,0.00199836,-0.00199632,0.0002625,275.534
0,54871,3,phononTS,0.000870684,0.00194092,-0.00212947,-0.0002625,14.0902,0.000382,1,0.00199583,-0.00199573,0.0002625,1027.53
0,54871,6,phononTS,0.000391761,0.00199583,-0.00199573,0.000262498,1027.53,0.000391761,1,0.00198133,-0.00180248,-0.0002625,1209.05
0,54871,2,phononTF,0.00174603,0.00166637,-0.00279818,0.000262498,14.0902,0.00158988,1,0.00134208,-0.00309532,-0.0002625,206.761
0,66790,4,phononTF,0.00138262,0.0010314,-0.00308173,-7.72822e-05,60.7428,0.000382,1,0.00100489,-0.00300122,0.0002625,420.996
0,68510,10,phononTF,0.000509706,-2.01119e-06,-0.00199612,0.0002625,583.803,0.000509706,1,-0.00226418,-0.000302334,-0.0002625,2230.31
0,68510,3,phononTS,0.0011968,0.00169244,-0.00279412,0.000262498,26.7615,0.0011968,1,0.00173627,-0.00253526,-0.0002625,218.449
0,68510,2,phononTF,0.00107657,0.00169244,-0.00279412,0.000262498,26.7615,0.00035423,1,0.00146048,-0.00269405,-0.0002625,197.565
0,68632,8,phononTF,0.00056695,-0.000259579,-0.00176753,-0.000262498,3048.48,0.000382,1,-0.0010044,-0.00100367,0.0002625,3383.54
0,74924,9,phononTS,0.000410272,-0.000809253,-0.00177713,-0.0002625,8933.8,0.000382,1,4.4253e-06,-0.00200252,0.0002625,11540.6
0,74924,6,phononTF,0.00073212,0.00170373,-0.00271276,0.000262498,274.098,0.00073212,1,0.00270743,-0.00334707,-0.0002625,658.413
0,74924,5,phononTS,0.000419361,0.00170373,-0.00271276,0.000262498,274.098,0.000419361,1,0.00204334,-0.0029729,-0.0002625,516.898
0,79146,9,phononTS,0.000571656,0.00200016,-0.00199756,0.0002625,491.974,0.00030808,1,0.00196055,-0.00120357,-0.0002625,1011.4
0,81770,5,phononTS,0.000384633,0.00154086,-0.00301263,-0.0002625,10.7533,0.000382,1,0.000996566,-0.0030013,0.0002625,1643.51
0,110586,5,phononTF,0.000406526,1.53254e-06,-0.00200287,0.000262498,2173.03,0.000406526,1,-0.000271459,-0.00225616,-0.0002625,2354.34
0,113948,6,phononTF,0.000822497,0.00300036,0.00100477,0.000262498,2804.54,0.000655025,1,0.00324573,0.000952372,-0.0002625,2977.14
0,113948,4,phononTF,0.000715067,0.00168274,-0.00280881,0.000262498,9.34596,0.000715067,1,0.00120382,-0.00231889,-0.0002625,252.591
0,116643,6,phononTF,0.00282476,0.00252656,-0.00126536,8.67169e-05,1164.64,0.0025369,1,0.00291133,-0.000901434,-0.0002625,1769.86
0,117316,7,phononTS,0.000817357,0.00100055,-0.00300022,0.000262498,440.713,0.000817357,1,0.0010547,-0.00282349,-0.0002625,625.883
0,128968,7,phononTS,0.000523972,0.00170753,-0.00273478,-0.000262498,231.876,0.000382,1,0.00100482,-0.00300414,0.0002625,553.577
0,132035,2,phononTS,0.00145408,0.00115372,-0.00102163,3.90819e-05,0.968758,0.000764,1,0.000997016,-0.000999979,0.0002625,473.391
0,134052,9,phononTS,0.000408479,0.00206305,-0.00194404,-0.000262498,832.759,0.000382,1,0.00200454,-0.00200234,0.0002625,990.376
0,139494,12,phononTF,0.00043534,0.0010031,-0.00300067,0.0002625,568.387,0.00043534,1,0.000528821,-0.00327023,-0.0002625,1025.41
0,142523,11,phononTS,0.00129378,0.000999208,-0.00299598,0.000262498,564.914,0.000698221,1,0.00103538,-0.00300314,-0.0002625,712.446
0,152488,8,phononTS,0.00106152,0.00200237,-0.00199913,0.000262498,906.425,0.00106152,1,0.00195839,-0.00200813,-0.0002625,1053.72
0,154083,9,phononTS,0.00039205,-2.3697e-06,-4.11787e-06,0.000262498,5533.41,0.00039205,1,9.07816e-05,4.1967e-07,-0.0002625,5700.49
0,154083,3,phononL,0.00162232,0.00171341,-0.00286664,0.000262498,105.556,0.00142212,1,0.00182807,-0.00225294,-0.0002625,254.969
0,167531,5,phononTF,0.00113811,0.00133622,-0.00289917,-0.0002625,2.14143,0.000764,1,0.00100391,-0.00299832,0.0002625,384.088
0,203330,11,phononTS,0.000435394,0.000995314,-0.000998367,0.0002625,1508.26,0.000435394,1,0.00105041,-0.000558271,-0.0002625,2457.7
0,219711,10,phononTS,0.00108478,-0.000144566,0.00174548,-0.0002625,1337.95,0.000382,1,-3.61864e-06,0.0019992,0.0002625,3838.7
0,233282,11,phononTF,0.00100215,0.00200184,-0.00199502,0.000262498,986.521,0.00026291,1,0.00226713,-0.00173758,-0.0002625,1167.47
0,258494,6,phononTF,0.000935764,0.00224631,-0.00223837,-0.000262498,367.426,0.000382,1,0.00199543,-0.00199853,0.0002625,545.068
0,280956,5,phononTF,0.00123771,0.0021037,0.0021306,-0.0002625,266.076,0.000382,1,0.00200118,0.00200178,0.0002625,2433.06
0,287532,7,phononTF,0.00100019,0.00182834,-0.00231197,-0.0002625,304.404,0.000764,1,0.00199576,-0.00200053,0.0002625,679.838
0,287532,6,phononTF,0.000560389,0.00166092,-0.00262341,0.000262498,304.404,0.000560389,1,0.0015299,-0.00249721,-0.0002625,461.002
0,322270,8,phononTF,0.000876255,0.000996892,-0.000996822,0.0002625,1187.28,0.000876255,1,0.00153948,-0.00153764,-0.0002625,1710.82
0,322554,10,phononTF,0.000854237,0.00163243,-0.00238165,-0.0002625,241.699,0.000382,1,0.0019987,-0.0020026,0.0002625,980.45
0,335303,5,phononTF,0.000665414,0.00189066,0.0023234,-0.0002625,33.0022,0.000382,1,0.00199712,0.00199752,0.0002625,2286.74
0,335303,4,phononTF,0.00181011,0.000223286,-0.00378061,-1.24234e-05,33.0022,0.00100373,1,0.000188145,-0.00390904,-0.0002625,829.387
0,344930,4,phononL,0.0033161,0.000801427,-0.00350174,-0.000224198,2.6404,0.00269643,1,0.000726776,-0.00367634,-0.0002625,2373.76
0,344930,3,phononTS,0.000872075,0.00167207,-0.00279639,0.000262498,2.6404,0.000872075,1,0.00167386,-0.00341721,-0.0002625,278.147
0,348180,9,phononTS,0.000544179,0.00199524,-0.00199542,0.000262498,1292.93,0.000544179,1,0.00052603,-0.00299724,-0.0002625,1884.32
0,348180,5,phononTS,0.000730516,0.00166179,-0.00277795,0.000262498,225.262,0.000730516,1,0.00169505,-0.00281097,-0.0002625,372.74
0,354316,5,phononTS,0.000877652,0.00111912,-0.00176979,-0.0002625,1448.62,0.000382,1,0.000998728,-0.00100273,0.0002625,2090.83
0,358603,9,phononTF,0.00115668,0.00080439,-0.000715393,-0.000262498,3276.15,0.000382,1,0.00100261,-0.000996899,0.0002625,3458.73
0,410844,3,phononL,0.00120941,0.00184165,-0.00239435,-0.0002625,36.2492,0.000764,1,0.00199878,-0.00200006,0.0002625,289.268
0,417716,5,phononL,0.00211866,0.0019127,-0.00222433,0.000103956,418.271,0.000382,1,0.00199903,-0.002001,0.0002625,471.763
0,417716,6,phononTF,0.00116443,0.00199903,-0.002001,0.000262498,471.763,0.00116443,1,0.00182581,-0.00200847,-0.0002625,632.377
0,427390,7,phononTS,0.000551137,0.00223086,-0.0022225,-0.000262498,377.063,0.000382,1,0.00200142,-0.00199581,0.0002625,595.098
0,427390,3,phononTS,0.000631365,0.00163594,-0.0027922,0.000262498,101.76,0.000631365,1,0.00166752,-0.00280045,-0.0002625,252.068
0,427390,2,phononTF,0.000682011,0.00163594,-0.0027922,0.000262498,101.76,0.000682011,1,0.00148505,-0.00282369,-0.0002625,259.507
0,432892,5,phononL,0.00139861,-0.00203318,0.000226564,0.000156663,65.7574,0.000382,1,-0.00200285,-4.50795e-07,0.0002625,2876.95
0,432892,6,phononTS,0.00092566,-0.00200285,-4.50795e-07,0.000262498,2876.95,0.00092566,1,-0.00149003,-0.000213247,-0.0002625,3148.14
0,434018,14,phononTS,0.000410532,0.00104146,-0.00111302,-0.0002625,1945.54,0.000382,1,0.00100143,-0.00100459,0.0002625,3208.73
0,437138,6,phononTS,0.000548778,0.00192925,-0.00186719,-0.0002625,174.099,0.000382,1,0.00199594,-0.00199555,0.0002625,1152.81
0,440254,9,phononTF,0.00045697,0.000403096,-0.000387899,-0.0002625,2227.55,0.000382,1,-2.09081e-06,-2.99265e-06,0.0002625,2875.41
0,442508,3,phononTS,0.000697359,0.000839817,-0.00239836,-0.0002625,18.6466,0.000382,1,1.63114e-06,-0.00200068,0.0002625,760.385
0,445037,2,phononTF,0.000567807,0.00209504,-0.00213926,-0.0002625,3.3876,0.000382,1,0.00199852,-0.00200474,0.0002625,974.025
0,464260,6,phononTS,0.000623353,0.00102795,-0.00297341,-0.000262498,1053.82,0.000382,1,0.00100056,-0.0029967,0.0002625,1209.18
0,464261,5,phononTS,0.00310996,0.0018012,-0.00327086,-0.000250605,575.282,0.000947507,1,0.00180251,-0.00327198,-0.0002625,640.972
0,469533,6,phononL,0.000857823,0.00143142,-0.00289452,-0.0002625,585.573,0.000382,1,0.00099703,-0.00299691,0.0002625,842.226
0,469533,4,phononTS,0.00376821,0.00188752,-0.00292573,-8.68161e-05,554.875,0.00252363,1,0.00190385,-0.00291605,-0.0002625,766.469
0,498451,3,phononTS,0.00387394,0.000998312,-0.0029929,0.000252418,0.0943846,0.000382,1,0.000997652,-0.00300476,0.0002625,574.12
0,504359,7,phononTF,0.000462857,0.00266321,0.00118872,-0.000262498,8408.3,0.000382,1,0.00299657,0.00100311,0.0002625,8601.2
0,506812,9,phononL,0.00132461,0.000998393,-0.00300497,0.000262498,1304.23,0.000922259,1,0.00073832,-0.00253725,-0.0002625,1443.8
0,506812,7,phononTS,0.000778307,0.0016763,-0.00283676,0.000262498,54.3222,0.000349436,1,0.00152484,-0.0022526,-0.0002625,334.248
0,518107,5,phononL,0.00137349,0.000315886,-0.00245297,-0.0002625,88.9554,0.000382,1,-1.4857e-06,-0.00199517,0.0002625,650.676
0,534746,2,phononL,0.000610364,0.0011009,-0.00144046,-0.0002625,2.9235,0.000382,1,0.00100154,-0.00100441,0.0002625,534.249
0,537249,5,phononTS,0.000563928,-0.00033504,0.000683545,-0.0002625,45.4353,0.000382,1,2.1941e-06,0.00200277,0.0002625,1802.77
0,537249,4,phononTF,0.000422341,0.00167146,-0.00280249,0.000262498,45.4353,0.000422341,1,0.00180785,-0.00291804,-0.0002625,202.767
0,537249,3,phononTF,0.000969577,0.00167146,-0.00280249,0.000262498,45.4353,0.000969577,1,0.00220171,-0.00330261,-0.0002625,301.603
0,542006,8,phononL,0.000773327,0.00129547,-0.00185441,-0.0002625,183.309,0.000382,1,0.0010007,-0.00100259,0.0002625,572.885
0,548951,5,phononL,0.0010994,0.0019226,-0.000375558,-0.0002625,10.678,0.000382,1,0.00199739,-2.57762e-06,0.0002625,981.347
0,550075,9,phononTS,0.000638255,0.000997432,-0.00299779,0.000262498,523.486,0.000638255,1,0.00105846,-0.00301317,-0.0002625,675.756
0,550817,6,phononTS,0.00181888,0.002008,-0.00199731,0.000134302,1391.77,0.000382,1,0.00200354,-0.00200178,0.0002625,1797.48
0,550817,9,phononTS,0.0012662,0.00201743,-0.00213191,0.000159803,1797.48,0.0012662,1,0.000573155,-0.00274012,-0.0002625,2382.94
0,564286,7,phononTS,0.000718716,0.00099955,-0.00300447,0.000262498,429.284,0.000718716,1,0.0010683,-0.00365625,-0.0002625,708.74
0,569311,9,phononTF,0.00133162,0.00190346,-0.00212583,-0.0002625,174.746,0.000382,1,0.00199548,-0.00200041,0.0002625,1419.59
0,569311,10,phononTF,0.000869696,0.00199548,-0.00200041,0.000262498,1419.59,0.000310251,1,0.00207052,-0.00207345,-0.0002625,1570.63
0,577130,7,phononL,0.00167844,0.00203796,-0.00204055,-0.000256746,157.567,0.00163821,1,0.00203893,-0.00203876,-0.0002625,1246.82
0,577130,6,phononTS,0.00274905,0.000711134,-0.0022593,-0.000165506,157.567,0.000914312,1,0.000711985,-0.00224905,-0.0002625,709.507
0,577601,11,phononTF,0.00039977,-0.00039058,-0.00233548,-0.0002625,1636.19,0.000382,1,-1.98094e-06,-0.0019979,0.0002625,2271.14
0,579579,3,phononL,0.00110123,0.00183588,-0.00239611,-0.0002625,11.182,0.000382,1,0.00200193,-0.00199609,0.0002625,265.972
0,585226,12,phononTF,0.000490158,0.00182948,-0.00219986,-0.000262498,265.597,0.000382,1,0.00200198,-0.00200404,0.0002625,432.479
0,616209,6,phononTS,0.00071158,0.00233882,-0.000203233,-0.0002625,8.33333,0.000382,1,0.00199793,3.53896e-06,0.0002625,2712.35
0,627569,2,phononTS,0.00135386,0.000995445,-0.00300176,0.0002625,10.3158,0.00101464,1,0.000711927,-0.0030461,-0.0002625,892.649
0,633203,8,phononTS,0.000578744,-1.63031e-06,-0.00200415,0.000262498,1977.6,0.000578744,1,-0.00244996,0.00147717,-0.0002625,3317.31
0,633203,2,phononTS,0.000628283,0.00167195,-0.0028038,0.000262498,3.80974,0.000366954,1,0.00321996,-0.00403274,-0.0002625,676.405
0,635471,9,phononL,0.0011353,0.00186589,-0.00243457,-0.0002625,153.752,0.000382,1,0.00200063,-0.00200348,0.0002625,411.837
0,641565,2,phononTS,0.00261441,0.000971489,-0.00071393,5.20303e-05,13.9334,0.000764,1,0.001005,-0.000998217,0.0002625,998.114
0,641565,11,phononTS,0.000587657,0.001005,-0.000998217,0.000262498,998.114,0.000587657,1,0.00143135,-0.000967076,-0.0002625,1225.16
0,660415,9,phononTS,0.00115457,0.00199884,-0.00199633,0.000262498,4474.24,0.00115457,1,0.00204995,-0.00205354,-0.0002625,4620.78
0,664345,7,phononTS,0.000683718,0.00205848,-0.00266794,-0.000262498,617.748,0.000382,1,0.00100018,-0.00100308,0.0002625,1270.85
0,666243,6,phononTF,0.000993947,0.00113008,-0.00287848,-0.0002625,78.6391,0.000382,1,0.00100393,-0.00299559,0.0002625,1297.86
0,669587,10,phononTF,0.000824738,0.00199928,-0.0020007,0.000262498,500.319,0.000258917,1,0.00181297,-0.0018202,-0.0002625,665.357
0,677682,6,phononL,0.000499201,0.00200181,-0.00199693,0.0002625,11.9456,0.000499201,1,0.00217264,-0.00159738,-0.0002625,394.633
0,682999,6,phononTF,0.000471807,0.00115111,-0.00275429,-0.0002625,225.846,0.000382,1,0.000997844,-0.00299696,0.0002625,1071.93
0,695725,10,phononTS,0.000428801,0.00200188,-0.00199972,0.000262498,1060.17,0.000428801,1,0.000722008,-0.00376241,-0.0002625,1765.02
0,703603,10,phononTS,0.000562933,0.00199976,-0.00199952,0.000262498,1167.81,0.000562933,1,0.00204571,-0.00244567,-0.0002625,1405.7
0,706995,10,phononTS,0.00240518,0.000980969,-0.00307042,2.34476e-05,68.5295,0.000764,1,0.000995992,-0.00300225,0.0002625,781.341
0,706995,12,phononTS,0.000917087,0.000995992,-0.00300225,0.000262498,781.341,0.000685496,1,0.000409896,-0.00300007,-0.0002625,1039.21
0,717423,6,phononTS,0.00107195,0.00199979,-2.58652e-07,0.0002625,61.6723,0.00107195,1,0.00207782,0.000690811,-0.0002625,1506.14
0,726240,4,phononTS,0.000819016,0.00112622,-0.00295792,-0.0002625,136.399,0.000382,1,0.0010015,-0.00300238,0.0002625,1135.99
0,733998,5,phononTS,0.000490797,0.00285358,-0.00373847,-0.0002625,2088.44,0.000382,1,0.00100043,-0.000999774,0.0002625,3860.99
0,736408,12,phononL,0.000399864,0.00182108,-0.00236007,-0.0002625,691.538,0.000382,1,0.00199669,-0.0020047,0.0002625,939.601
0,746374,8,phononTS,0.00119325,0.00100266,-0.000998294,0.000262498,1234.82,0.00119325,1,0.00048724,-0.000286315,-0.0002625,1595.53
0,758278,3,phononL,0.00216281,0.000995167,-0.00300392,0.0002625,5.35409,0.00103068,1,-0.000664325,-0.00420746,-0.0002625,902.878
0,764459,6,phononTS,0.000876825,0.00117423,-0.00295277,-0.0002625,32.9844,0.000382,1,0.00100463,-0.00300392,0.0002625,733.105
0,765174,6,phononTF,0.000737132,0.00134621,-0.00288595,-0.0002625,101.382,0.000382,1,0.00100425,-0.00299595,0.0002625,487.988
0,765174,5,phononTS,0.000919957,0.00168818,-0.00277595,0.000262498,101.382,0.000919957,1,0.000837956,-0.00250018,-0.0002625,447.777
0,769386,6,phononTS,0.000772089,0.00197509,-0.00229039,-0.0002625,173.47,0.000382,1,0.00199637,-0.00200174,0.0002625,571.657
0,773908,9,phononTS,0.00128327,0.00200094,-0.00199593,0.000262498,273.361,0.00128327,1,0.00200383,-0.00205997,-0.0002625,423.594
0,773908,4,phononTF,0.000518289,0.001676,-0.00280038,0.000262498,18.4798,0.000518289,1,0.00152766,-0.00276568,-0.0002625,175.934
0,775218,6,phononTS,0.000536928,0.00199854,-0.00199955,0.0002625,512.371,0.000536928,1,0.00198197,-0.00195135,-0.0002625,1393.79
0,775843,2,phononTS,0.000560936,0.000996318,-0.00299678,0.0002625,3.20358,0.000560936,1,0.000657156,-0.00309517,-0.0002625,664.29
0,782527,10,phononTF,0.000666264,0.000815331,-0.00281383,-0.000262498,708.873,0.000382,1,0.000995642,-0.00300168,0.0002625,874.021
0,787119,6,phononTS,0.000920076,0.00154841,-0.00267703,-0.000262498,977.77,0.000382,1,0.00199714,-0.00199805,0.0002625,1320.25
0,798765,4,phononL,0.00116709,0.00237437,0.0012425,-0.0002625,41.5129,0.000764,1,0.00299507,0.00100382,0.0002625,2252.99
0,799429,11,phononL,0.000416268,0.000997761,-0.00300008,0.000262498,2868.29,0.000416268,1,0.00095851,-0.00290449,-0.0002625,2977.16
0,810229,8,phononTF,0.000567174,0.000995391,-0.00100358,0.0002625,522.309,0.000567174,1,0.00152667,-0.000441315,-0.0002625,1048.75
0,832521,7,phononTS,0.000409017,-0.00106442,0.00214934,-0.0002625,409.644,0.000382,1,2.26105e-06,0.00200105,0.0002625,4827.69
0,832521,2,phononTF,0.0019736,0.00213226,-0.00343408,-6.66812e-06,163.877,0.000787226,1,0.00204316,-0.00349999,-0.0002625,591.411
0,838096,2,phononTS,0.00281788,0.000965459,-0.00298381,0.000133972,2.3274,0.001146,1,0.0010039,-0.00299602,0.0002625,187.079
0,838096,9,phononTS,0.00108089,0.0010039,-0.00299602,0.000262498,187.079,0.00059365,1,0.00119536,-0.00303541,-0.0002625,373.166
0,840021,5,phononTS,0.00134236,0.00194193,-0.00213302,-0.0002625,40.3706,0.000764,1,0.00199699,-0.0020041,0.0002625,1049.14
0,840021,4,phononTF,0.000620993,0.00166661,-0.00277766,0.000262498,40.3706,6.50921e-05,1,0.00182081,-0.00291664,-0.0002625,199.355
0,842940,5,phononTS,0.00100371,0.00299726,0.001,0.0002625,7.06433,0.00100371,1,0.00295065,0.000992439,-0.0002625,10732.6
0,842940,4,phononTS,0.00102887,-0.00108939,-0.005,3.05639e-05,7.06433,0.000749233,1,-0.00423953,-0.00118109,-0.0002625,2512.93
0,864967,8,phononTF,0.000406962,0.00060549,-0.0024437,-0.0002625,990.733,0.000382,1,1.47068e-06,-0.00199511,0.0002625,1798.82
0,868216,5,phononTF,0.000656649,3.71864e-06,4.8349e-06,0.0002625,15.6095,0.000461502,1,-0.000832989,0.00140454,-0.0002625,1528.34
0,868216,4,phononTF,0.00137949,0.00167713,-0.00279457,0.000262498,15.6095,0.000815139,1,0.00208697,-0.00321026,-0.0002625,238.476
0,868998,4,phononTF,0.000478396,0.000995877,-0.00299537,0.0002625,132.583,0.000478396,1,0.000928974,-0.00267417,-0.0002625,800.71
0,868998,2,phononTS,0.00488574,0.00154178,-0.00302806,-0.000193606,59.621,0.0026566,1,0.00153578,-0.00302237,-0.0002625,573.434
0,870667,16,phononTF,0.000433779,-0.00126422,0.00323696,-0.000262498,5071.64,0.000382,1,-0.0010048,0.00299705,0.0002625,5249.87
0,872050,6,phononTS,0.000741399,0.00109683,-0.00294026,-0.000262498,925.006,0.000382,1,0.00100229,-0.00299501,0.0002625,1087.84
0,873450,5,phononL,0.00344409,0.00194018,-0.00209512,0.000179451,18.3571,0.001146,1,0.00200322,-0.00200265,0.0002625,831.328
0,883422,8,phononTF,0.000517773,-0.00199925,0.00200245,0.000262498,4172.69,0.000517773,1,-0.0022975,0.00229178,-0.0002625,4361.37
0,914200,5,phononTF,0.00372319,0.000969112,-0.00297357,0.000203263,1307.59,0.001146,1,0.000998288,-0.00300024,0.0002625,1991.34
0,914200,7,phononTF,0.000547307,0.000998288,-0.00300024,0.000262498,1991.34,0.000547307,1,0.00324006,0.00145932,-0.0002625,3435.39
0,914200,6,phononTF,0.00093236,0.000998288,-0.00300024,0.000262498,1991.34,0.000794599,1,-0.000501365,-0.00434731,-0.0002625,2583.55
0,914792,3,phononTS,0.000386845,0.00133477,-0.00189974,-0.0002625,1.70632,0.000382,1,0.000996328,-0.000997252,0.0002625,733.262
0,914792,2,phononTS,0.000929264,0.0016732,-0.00280221,0.000262498,1.70632,0.000929264,1,0.00171225,-0.00243692,-0.0002625,215.311
0,928133,11,phononTS,0.000503442,0.00100409,-0.00299932,0.000262499,1027.74,0.000503442,1,0.000947098,-0.00305101,-0.0002625,1174.26
0,928875,10,phononTF,0.000484947,0.00200265,-0.00200077,0.0002625,475.395,0.000484947,1,0.00249039,-0.00150312,-0.0002625,967.149
0,928875,3,phononTF,0.00171206,0.00167438,-0.00280379,0.000262498,17.1512,0.00131741,1,0.0019188,-0.00290225,-0.0002625,190.156
0,930275,6,phononTF,0.000559997,0.00112762,-0.00284111,-0.0002625,164.914,0.000382,1,0.0010035,-0.00299541,0.0002625,973.592
0,930275,3,phononTF,0.000536132,0.00166053,-0.00279023,0.000262498,10.0727,0.000536132,1,0.00156292,-0.00275075,-0.0002625,162.334
0,930275,2,phononTS,0.000407775,0.00166053,-0.00279023,0.000262498,10.0727,0.000407775,1,0.00170561,-0.00223168,-0.0002625,267.326
0,949362,9,phononTS,0.000593303,0.00100425,-0.00100097,0.000262498,2316.71,0.000593303,1,0.00106242,-0.00104936,-0.0002625,2463.35
0,949857,15,phononTF,0.000554368,0.0011704,-0.00283951,-0.000262498,1197.84,0.000382,1,0.000999906,-0.00299514,0.0002625,1359.36
0,971363,2,phononTF,0.00325056,0.00100971,-0.00301659,0.000206849,114.082,0.000382,1,0.00099678,-0.0030038,0.0002625,415.322
0,971363,9,phononL,0.00271677,0.00116265,-0.00301313,0.000120087,415.322,0.00184083,1,0.00129235,-0.00272091,-0.0002625,580.671
0,973284,9,phononTF,0.000700842,0.00329317,0.00105401,-0.0002625,1191.43,0.000382,1,0.00299984,0.000998309,0.0002625,2613.13
0,978619,8,phononTS,0.000530819,0.00199845,-0.00199873,0.0002625,276.362,0.000530819,1,0.00175768,-0.00125171,-0.0002625,933.861
0,991152,9,phononTF,0.0014783,0.000447539,-0.00284289,0.000197901,1472.43,0.000764,1,0.000999707,-0.00299945,0.0002625,1640.74
0,1007895,10,phononTS,0.000537874,-0.000996274,0.0029953,0.000262498,5112.6,0.000537874,1,-0.00101867,0.00297444,-0.0002625,5268.38
0,1025741,4,phononL,0.000679775,0.00183804,-0.00239684,-0.0002625,8.08317,0.000382,1,0.00199741,-0.00199548,0.0002625,262.547
0,1025741,3,phononTF,0.000491184,0.00167867,-0.00279821,0.000262498,8.08317,0.000491184,1,0.00118153,-0.00226797,-0.0002625,260.383
0,1025741,2,phononTS,0.00251568,0.00223806,-0.00344766,-0.000180119,8.08317,0.000910466,1,0.00215205,-0.00349438,-0.0002625,1073.08
0,1041874,8,phononTS,0.000406519,0.00335818,0.0021212,-0.0002625,1971.66,0.000382,1,0.0009994,0.000996472,0.0002625,5454.18
0,1044576,13,phononTS,0.000440161,4.74025e-06,-1.88791e-06,0.0002625,1228.83,0.000440161,1,-0.0015102,0.00279889,-0.0002625,4627.45
0,1056192,3,phononTF,0.00068795,0.00145202,-0.00255849,-0.0002625,4.35891,0.000382,1,0.000999947,-0.00299958,0.0002625,691.27
0,1076061,3,phononTS,0.000990924,0.00110877,-0.0029677,-0.0002625,6.12528,0.000382,1,0.00099732,-0.00300287,0.0002625,1001.02
0,1076061,11,phononTS,0.000574826,0.00161838,-0.005,-3.37388e-05,1001.02,0.000574826,1,0.00281362,-0.00368655,-0.0002625,2236.34
0,1077429,12,phononTS,0.000632849,8.14983e-07,-0.00200438,0.000262498,1909.09,0.000632849,1,-5.98178e-05,-0.00199714,-0.0002625,2060.52
0,1081185,4,phononTS,0.000643862,0.0020751,0.00262789,-0.0002625,9.90494,0.000382,1,0.0020015,0.00199702,0.0002625,5898.42
0,1091190,7,phononTF,0.000676479,2.4636e-06,-0.00199534,0.000262498,2058.27,0.000676479,1,-9.8533e-05,-0.00209618,-0.0002625,2211.82
0,1096859,7,phononTS,0.000414029,0.000995249,-0.00300498,0.000262498,465.437,0.000414029,1,0.00104272,-0.00305612,-0.0002625,612.258
0,1097069,2,phononTF,0.00122818,0.00111546,-0.00312488,-0.0002625,1.44844,0.000382,1,0.00100177,-0.00300002,0.0002625,658.81
0,1104790,3,phononTS,0.0041026,0.000990053,-0.00346049,-0.00016185,6.83847,0.00219977,1,0.00109602,-0.00344216,-0.0002625,1636.45
0,1113965,6,phononL,0.000474046,0.00210049,-0.002426,-0.0002625,819.903,0.000382,1,0.00199699,-0.00199743,0.0002625,1649.13
0,1113965,4,phononTF,0.0013737,0.0011937,-0.00310679,-0.000128235,485.945,0.000830643,1,0.000452331,-0.00230266,-0.0002625,944.681
0,1121780,4,phononTS,0.00126354,0.00199201,-0.00235483,-0.0002625,3.47633,0.000382,1,0.00200446,-0.00200466,0.0002625,726.837
0,1121780,6,phononTF,0.000645875,0.00200446,-0.00200466,0.000262498,726.837,0.000645875,1,0.00230961,-0.00166233,-0.0002625,926.704
0,1125309,10,phononTS,0.000396064,-0.000360578,-0.00161708,-0.0002625,233.516,0.000382,1,-0.00200452,-3.94233e-07,0.0002625,1941.96
0,1125309,2,phononTS,0.00111407,0.0016588,-0.00280585,0.000262498,28.2624,0.000552094,1,-0.00343905,-0.000839922,-0.0002625,1917.33
0,1126090,3,phononTS,0.00330098,0.00071157,-0.00301603,-0.000227045,50.0358,0.00210657,1,0.000710405,-0.00301299,-0.0002625,884.569
0,1135044,10,phononTS,0.000901205,0.000995501,-0.00300104,0.0002625,462.571,0.000901205,1,0.000574059,-0.00305119,-0.0002625,913.887
0,1143864,4,phononTS,0.000680719,0.00200441,-0.00199705,0.0002625,3.57366,0.000576067,1,0.00216932,-0.00159501,-0.0002625,727.525
0,1146749,5,phononTS,0.000853485,0.00100197,-0.00299785,0.0002625,2.32463,0.000456127,1,0.000667834,-0.00309584,-0.0002625,660.219
0,1167589,6,phononTS,0.00054842,0.00199911,-0.00200042,0.000262498,890.326,0.00054842,1,0.00300114,-0.00382033,-0.0002625,1589.76
0,1167589,2,phononL,0.00135212,0.00167165,-0.00279781,0.000262498,1.37942,0.00135212,1,0.00183418,-0.0026861,-0.0002625,112.905
0,1172703,2,phononTS,0.00263022,0.00193391,-0.00206277,0.000248645,124.854,0.001528,1,0.00199527,-0.00200365,0.0002625,568.412
0,1191965,8,phononTS,0.000643115,0.000958265,-0.0029466,-0.000262498,584.009,0.000382,1,0.000997204,-0.0029997,0.0002625,742.097
0,1191965,6,phononTS,0.000645875,0.00167186,-0.00279501,0.000262498,14.7398,0.000645875,1,0.00169443,-0.00272787,-0.0002625,174.202
0,1191965,5,phononTF,0.000726036,0.00167186,-0.00279501,0.000262498,14.7398,0.000627044,1,0.00181708,-0.00294243,-0.0002625,174.088
0,1191965,4,phononTS,0.00117914,0.00167186,-0.00279501,0.000262498,14.7398,0.000890934,1,0.00146427,-0.00274958,-0.0002625,204.269
0,1191965,3,phononTF,0.000832854,0.00167186,-0.00279501,0.000262498,14.7398,0.000832854,1,0.00194585,-0.00225031,-0.0002625,261.065
0,1203682,9,phononTF,0.00042335,0.000170694,-0.00172002,-0.000262498,4024.25,0.000382,1,3.85274e-06,-0.00200206,0.0002625,4205.95
0,1206406,8,phononTF,0.000447567,0.00170625,-0.00232086,-0.0002625,226.004,0.000382,1,0.00199748,-0.00200462,0.0002625,1088.3
0,1219427,4,phononTF,0.000791785,0.00183289,-0.00239014,-0.0002625,10.9041,0.000382,1,0.00199856,-0.0019971,0.0002625,423.199
0,1225844,8,phononTS,0.00163358,0.000103562,-0.00200605,0.000197508,4076.58,0.000764,1,4.15122e-06,-0.00200082,0.0002625,4177.1
0,1225844,9,phononTF,0.000546808,4.15122e-06,-0.00200082,0.000262498,4177.1,0.000546808,1,-0.000309768,-0.00229055,-0.0002625,4367.62
0,1226960,8,phononTF,0.00274198,0.00199597,-0.00199925,0.000262498,460.79,0.00226096,1,0.00249408,-0.00249063,-0.0002625,707.337
0,1227287,6,phononTS,0.000581081,0.0020082,-0.00198493,-0.000262498,901.445,0.000382,1,0.00199748,-0.00200037,0.0002625,1054.32
0,1231212,8,phononTS,0.00136781,0.00133839,-0.0028901,-0.0002625,32.3223,0.000382,1,0.000996727,-0.0029964,0.0002625,475.886
0,1231212,11,phononTF,0.000848942,0.000996727,-0.0029964,0.000262498,475.886,0.000848942,1,0.000763427,-0.00306681,-0.0002625,646.496
0,1233620,6,phononTS,0.00052327,0.00300268,0.000998464,0.000262498,5828.32,0.00052327,1,0.00297889,0.000930355,-0.0002625,5987.91
0,1233620,4,phononTF,0.000974239,0.00167146,-0.00280114,0.000262498,4.82183,0.000974239,1,0.00180492,-0.00267533,-0.0002625,161.537
0,1244549,4,phononTS,0.0012377,-0.00197229,9.34338e-05,0.000213425,41.2814,0.000382,1,-0.00199623,-2.57719e-06,0.0002625,1571.14
0,1244549,8,phononTS,0.00048927,-0.00199623,-2.57719e-06,0.000262498,1571.14,0.00048927,1,-0.00195993,-3.68343e-05,-0.0002625,1718.93
0,1254965,4,phononTS,0.00252056,0.000933249,-0.00129972,5.68629e-05,660.987,0.000382,1,0.00100472,-0.000998671,0.0002625,1879.65
0,1254965,10,phononTF,0.0016788,0.00100472,-0.000998671,0.000262498,1879.65,0.000895371,1,0.000770036,-0.00123255,-0.0002625,2055.44
0,1258885,10,phononTF,0.000852766,0.00100253,-0.00299895,0.0002625,268.167,0.000622086,1,0.000292176,-0.00370928,-0.0002625,909.393
0,1270502,4,phononTF,0.00320229,0.00115371,-0.00285497,4.73224e-05,2.01628,0.001146,1,0.000996109,-0.00299867,0.0002625,405.706
0,1281975,6,phononTF,0.00119726,0.00214741,-0.00184364,9.03089e-05,479.049,0.000382,1,0.00200366,-0.00199744,0.0002625,1036.83
0,1282958,8,phononTF,0.00075495,0.000996826,-0.0030023,0.0002625,634.547,0.000273544,1,0.00117891,-0.00319238,-0.0002625,966.027
0,1299194,8,phononTS,0.000446099,1.16621e-07,-0.00199615,0.0002625,2900.61,0.000446099,1,1.32541e-05,-0.00193204,-0.0002625,3199.09
0,1299194,4,phononTF,0.0022406,0.00178938,-0.0029396,-0.000213722,1158.79,0.0022406,1,0.00182028,-0.00297323,-0.0002625,1177.58
0,1307907,9,phononTS,0.000406289,0.00182643,-0.00195239,-0.000262498,203.354,0.000382,1,0.00199687,-0.00199891,0.0002625,378.649
0,1321991,7,phononTF,0.0012689,0.00099612,-0.00299559,0.0002625,1304.2,0.000859571,1,0.000941093,-0.00294623,-0.0002625,1752.46
0,1340064,10,phononTF,0.000502679,0.000997873,-0.00299527,0.000262498,3081.42,0.000502679,1,0.000815031,-0.00296599,-0.0002625,3243.49
0,1344478,8,phononTF,0.00039638,0.00300369,0.00099869,0.000262498,7415.32,0.00039638,1,0.00355412,0.00152421,-0.0002625,7675.7
0,1344478,2,phononTS,0.00133461,0.0016672,-0.00279781,0.000262498,2.971,0.000787575,1,0.0029659,-0.00247947,-0.0002625,481.754
0,1366306,6,phononTF,0.00259536,0.00185175,-0.0021548,-0.0002625,1022.22,0.000382,1,0.00199885,-0.00199834,0.0002625,1341.87
0,1368463,2,phononTF,0.00390125,0.000970492,-0.00297084,0.00020108,16.1737,0.001146,1,0.00100005,-0.00299643,0.0002625,372.737
0,1368463,8,phononTF,0.000746335,0.00100005,-0.00299643,0.000262498,372.737,0.000746335,1,0.000816206,-0.0031964,-0.0002625,539.243
0,1375771,12,phononTS,0.000570467,0.00200012,-1.36076e-06,0.000262498,1740.87,0.000570467,1,0.00195636,0.000920875,-0.0002625,2096.1
0,1378285,4,phononTS,0.000784695,0.00443078,0.000899042,-0.0002625,146.204,0.000382,1,0.00199898,-1.46114e-06,0.0002625,3091.35
0,1388236,9,phononTF,0.00112492,-0.00100418,0.00100159,0.000262498,6093.75,0.000960852,1,-0.000432535,0.000460147,-0.0002625,6360.23
0,1388236,2,phononTS,0.00410652,0.00172088,-0.00278795,-0.000239063,31.2654,0.0026997,1,0.00171944,-0.00278959,-0.0002625,704.264
0,1389628,8,phononTS,0.000470921,-4.53887e-06,-0.0019979,0.000262498,1432.63,0.000470921,1,-6.61207e-05,-0.00182062,-0.0002625,1618.73
0,1389628,4,phononTS,0.00127106,0.0013823,-0.0028572,0.000262498,220.072,0.00102807,1,0.00227453,-0.00291237,-0.0002625,561.91
0,1396601,5,phononL,0.00053616,0.00133946,-0.00289482,-0.0002625,10.4879,0.000382,1,0.000996182,-0.00299658,0.0002625,251.694
0,1396601,4,phononTF,0.000813962,0.00168274,-0.00279307,0.000262498,10.4879,0.000813962,1,0.00172096,-0.00300091,-0.0002625,176.47
0,1398623,13,phononTS,0.000541208,0.000640604,-0.005,-0.000249927,486.602,0.000541208,1,0.000657044,-0.00496769,-0.0002625,1237.75
0,1398623,3,phononTS,0.00124271,0.00167239,-0.00279038,0.000262498,10.6244,0.00124271,1,0.00151171,-0.00309747,-0.0002625,232.521
0,1398623,2,phononTS,0.000430293,0.00167239,-0.00279038,0.000262498,10.6244,0.000430293,1,0.00169951,-0.00274137,-0.0002625,169.06
0,1401200,12,phononTS,0.000647408,0.00100102,-0.00299846,0.000262498,1086.83,0.000647408,1,0.0010396,-0.00300516,-0.0002625,1237.21
0,1410147,5,phononL,0.00125133,0.00100065,-0.00299986,0.000262498,373.504,0.00125133,1,0.00154971,-0.00308744,-0.0002625,513.904
0,1410694,11,phononL,0.0005482,3.24461e-07,0.00200292,0.000262498,1981.16,0.0005482,1,-0.000174669,0.00240438,-0.0002625,2109.08
0,1414865,3,phononTS,0.00180611,0.000983633,-0.000995449,0.00025401,2.55548,0.000382,1,0.000998564,-0.000997585,0.0002625,1639.47
0,1414865,5,phononTF,0.000754609,0.000998564,-0.000997585,0.000262498,1639.47,0.000527348,1,0.00121844,-0.000774142,-0.0002625,1812.35
0,1423771,7,phononTS,0.000492667,0.00200396,-0.00199988,0.000262498,459.684,0.000492667,1,0.00231377,-0.00199133,-0.0002625,663.947
0,1423771,3,phononTS,0.000675773,0.00167128,-0.00279719,0.000262498,2.8465,0.000675773,1,0.000970513,-0.00450402,-0.0002625,632.39
0,1437288,9,phononTS,0.000385933,0.00100266,-0.00299963,0.000262498,2343.81,0.000385933,1,0.00265737,-0.0014931,-0.0002625,3092.63
0,1455949,8,phononTS,0.000435807,0.000998495,-0.00299997,0.0002625,569.034,0.000435807,1,0.00118979,-0.00305292,-0.0002625,926.612
0,1459346,6,phononTS,0.000397143,0.000999197,-0.00299643,0.0002625,181.878,0.000397143,1,0.000179448,-0.0032396,-0.0002625,852.787
0,1470454,6,phononTF,0.00137551,0.00200178,-0.00199933,0.000262498,696.926,0.00137551,1,0.00129763,-0.00130749,-0.0002625,1013.79
0,1470454,2,phononTS,0.0005836,0.00165481,-0.00280852,0.000262498,33.5791,0.0005836,1,0.00151817,-0.00353226,-0.0002625,335.426
0,1472170,6,phononTS,0.00048915,0.00243581,-0.00356481,-0.000262498,1499.23,0.000382,1,0.00199943,-0.00199965,0.0002625,2089.83
0,1472170,3,phononTS,0.00195686,0.00168412,-0.002781,0.000262498,12.7803,0.0015348,1,0.000705034,-0.00432494,-0.0002625,641.137
0,1472170,7,phononTS,0.00042206,-0.005,0.00306967,-0.000163069,641.137,0.00042206,1,-0.0046756,0.00294859,-0.0002625,3353.37
0,1472170,2,phononTS,0.000895552,0.00168412,-0.002781,0.000262498,12.7803,0.000322778,1,0.00293368,-0.00247651,-0.0002625,476.72
0,1484531,10,phononTS,0.000581719,0.000999035,-0.00299664,0.0002625,1088.52,0.000518867,1,0.000979716,-0.00301191,-0.0002625,1398.79
0,1486960,8,phononTF,0.000516305,0.00118239,-0.00322867,-0.000262498,832.676,0.000382,1,3.01746e-06,-0.00200397,0.0002625,1336.48
0,1486960,6,phononTS,0.000409802,0.00165192,-0.00278104,0.000262498,70.2537,0.000409802,1,0.00157148,-0.00282944,-0.0002625,231.418
0,1486960,5,phononTS,0.00107042,-0.0016897,-0.00401792,-0.000226579,70.2537,0.00107042,1,-0.00168925,-0.0040029,-0.0002625,1567.27
0,1489193,11,phononTS,0.000528309,0.00200404,-0.00200474,0.0002625,434.822,0.000528309,1,0.00216018,-0.00206468,-0.0002625,799.738
0,1495982,9,phononTS,0.00049989,0.00301206,0.00125181,-0.000262498,1518.2,0.000382,1,0.00299883,0.00100308,0.0002625,1710.04
0,1527833,3,phononTF,0.00411201,0.0019465,-0.00195551,6.82745e-05,2.05273,0.000382,1,0.00200321,-0.00200485,0.0002625,546.594
0,1527833,6,phononTF,0.00271666,0.00200321,-0.00200485,0.000262498,546.594,0.0018051,1,0.00232987,-0.00166507,-0.0002625,745.381
0,1541713,3,phononTF,0.0010376,0.0015652,-0.00261892,-0.0002625,27.7078,0.000764,1,0.000995141,-0.00300264,0.0002625,448.316
0,1541713,2,phononTS,0.00416372,0.00181433,-0.00270432,-0.000117639,27.7078,0.00216784,1,0.00183409,-0.00272029,-0.0002625,347.966
0,1555606,11,phononTF,0.000454265,0.00100244,-0.00299857,0.000262498,644.054,0.000454265,1,0.000759471,-0.00274889,-0.0002625,821.629
0,1564875,4,phononTF,0.000389242,0.000222266,-0.00160629,-0.0002625,1186.6,0.000382,1,3.87944e-07,-0.00199932,0.0002625,1910.37
0,1569309,8,phononTF,0.000432461,-0.00130702,-0.00264984,-0.0002625,1714.07,0.000382,1,-0.00199739,-0.00199518,0.0002625,2641.74
0,1573085,9,phononTF,0.000623555,0.000997076,-0.00299803,0.000262498,454.042,0.000623555,1,0.000504604,-0.00243815,-0.0002625,716.29
0,1577540,11,phononL,0.000416339,0.00150685,-0.00311099,-0.0002625,73.6017,0.000382,1,0.000999217,-0.00300067,0.0002625,330.869
0,1577540,10,phononTF,0.00102342,0.00174822,-0.00284527,0.000262498,73.6017,0.000657451,1,0.00200914,-0.00255935,-0.0002625,257.117
0,1577540,9,phononTS,0.00189794,0.00260098,-0.00232529,-0.000227498,73.6017,0.001408,1,0.00274219,-0.00232349,-0.0002625,578.215
0,1602674,11,phononTS,0.000913604,-0.00100076,-0.00100012,0.000262498,2952.41,0.000393919,1,-0.00173273,0.00083569,-0.0002625,3620.09
0,1606362,4,phononL,0.00356714,0.00103996,-0.00300797,0.000225255,178.713,0.001146,1,0.000996481,-0.00299556,0.0002625,643.104
0,1608697,5,phononL,0.000614008,0.00184706,-0.00239926,-0.0002625,154.597,0.000382,1,0.00200217,-0.00199749,0.0002625,408.786
0,1662406,14,phononL,0.000400626,0.00200085,-0.00200442,0.000262498,480.957,0.000400626,1,0.0018002,-0.00151165,-0.0002625,619.505
0,1683634,5,phononTF,0.000723005,0.00138063,-0.00336317,-0.0002625,578.366,0.000382,1,0.00100188,-0.00299648,0.0002625,1260.11
0,1709617,10,phononTF,0.000470508,0.000999888,0.00100231,0.000262498,3158.91,0.000470508,1,0.00106183,0.000954286,-0.0002625,3308.82
0,1709617,4,phononTF,0.000849946,0.00166498,-0.0028347,0.000262498,22.3939,0.000849946,1,0.0017022,-0.00279464,-0.0002625,171.175
0,1709617,3,phononL,0.00105021,0.00166498,-0.0028347,0.000262498,22.3939,0.000774962,1,0.00209993,-0.00257028,-0.0002625,158.79
0,1716839,3,phononTS,0.00391601,0.00200289,-0.00198686,0.000121897,271.176,0.001146,1,0.0020032,-0.0020017,0.0002625,1279.82
0,1716839,5,phononTS,0.000940458,0.0020032,-0.0020017,0.000262498,1279.82,0.000719089,1,0.00198192,-0.00204075,-0.0002625,1429.84
0,1718227,4,phononTS,0.0019712,0.00114074,-0.00284194,-0.0002625,13.405,0.000764,1,0.00100098,-0.00300055,0.0002625,460.906
0,1718227,7,phononTF,0.000422748,0.00100098,-0.00300055,0.000262498,460.906,0.000422748,1,0.00128303,-0.00271173,-0.0002625,648.161
0,1718227,3,phononTF,0.000515742,0.00168639,-0.00279609,0.000262498,13.405,0.000515742,1,0.00123093,-0.00243736,-0.0002625,241.4
0,1726178,6,phononTS,0.000642353,0.000995601,-0.0030002,0.000262498,456.079,0.000270299,1,0.00100647,-0.00232157,-0.0002625,745.082
0,1729794,12,phononTS,0.000535292,-0.00221378,-0.005,-4.77669e-05,928.065,0.000535292,1,0.000303827,-0.00270022,-0.0002625,3462.19
0,1735404,8,phononTS,0.000593318,0.000995601,-0.00299786,0.0002625,1044.37,0.000593318,1,0.000845707,-0.00305175,-0.0002625,1730.76
0,1739233,5,phononTS,0.00215736,0.00105253,-0.00298592,0.000125105,1205.31,0.000382,1,0.00100428,-0.00299521,0.0002625,1710.75
0,1743969,9,phononTS,0.00073054,-4.03176e-06,4.40947e-06,0.000262498,1243.33,0.00073054,1,0.000922201,-0.00144483,-0.0002625,1820.42
0,1743969,2,phononTF,0.000876847,0.00166532,-0.00279048,0.000262498,29.4669,0.000411388,1,0.000703132,-0.00377218,-0.0002625,444.458
0,1747418,5,phononTS,0.00115183,0.00104252,-0.00299407,-0.000262498,585.224,0.000382,1,0.00100267,-0.00299668,0.0002625,736.001
0,1747418,6,phononTF,0.000531309,0.00100267,-0.00299668,0.000262498,736.001,0.000531309,1,0.00145042,-0.00252787,-0.0002625,970.959
0,1749898,5,phononTS,0.00257341,0.00150193,-0.00239885,0.000179519,9.37973,0.000382,1,0.00199596,-0.00200252,0.0002625,398.295
0,1751952,6,phononTF,0.00132276,0.00100109,-0.00300328,0.000262498,454.733,0.00132276,1,0.00104927,-0.00305575,-0.0002625,604.062
0,1751952,3,phononTF,0.00117953,0.00168327,-0.00280401,0.000262498,9.53832,0.00117953,1,0.00166555,-0.00282155,-0.0002625,157.692
0,1751952,2,phononL,0.00154163,0.00168327,-0.00280401,0.000262498,9.53832,0.000555254,1,0.00147705,-0.00225715,-0.0002625,154.781
0,1753710,12,phononL,0.00103659,0.0017576,-0.00255985,7.24524e-06,487.487,0.000382,1,0.00200243,-0.00199585,0.0002625,696.52
0,1758631,12,phononTS,0.000398097,0.000996597,-0.00299905,0.0002625,598.658,0.000398097,1,0.000935111,-0.00294959,-0.0002625,891.684
0,1767672,5,phononTF,0.00393033,0.00201401,-0.00199308,0.000256685,972.89,0.00191,1,0.00199837,-0.00200331,0.0002625,1229.17
0,1777161,6,phononTS,0.000516122,0.00100411,-0.00304295,-0.000262498,1773.94,0.000382,1,0.00100452,-0.00300251,0.0002625,1925.88
0,1777161,4,phononTS,0.000457664,0.00118955,-0.00295527,0.000262499,1583.37,0.000457664,1,0.00224996,-0.00330267,-0.0002625,1996.48
0,1811227,9,phononTS,0.000682611,-0.000998491,0.00300456,0.000262498,4927.03,0.000682611,1,-0.000990472,0.00305144,-0.0002625,5077.15
0,1811227,6,phononTS,0.00100506,0.00166004,-0.00275647,0.000262498,113.075,0.000485165,1,0.00171502,-0.00273319,-0.0002625,261.882
0,1817650,5,phononTS,0.00052128,0.00133859,-0.0018957,-0.0002625,4.53518,0.000382,1,0.00100444,-0.000996501,0.0002625,733.642
0,1842925,6,phononTF,0.000801742,0.00200028,-0.00200445,0.000262498,588.348,0.000682672,1,0.00183951,-0.00183147,-0.0002625,750.524
0,1842980,8,phononTF,0.000869814,-0.00290843,-0.000907814,-0.0002625,269.226,0.000382,1,-0.00299626,-0.00100232,0.0002625,3761.89
0,1860695,4,phononTF,0.00093409,0.00133064,-0.00285743,-0.0002625,116.108,0.000382,1,0.00100196,-0.00299547,0.0002625,497.685
0,1869291,4,phononTF,0.000982518,0.0021412,-0.00215503,-0.0002625,53.453,0.000382,1,0.00200453,-0.00200491,0.0002625,1014.78
0,1869291,3,phononTS,0.00054469,0.00165656,-0.00280498,0.000262498,53.453,0.00054469,1,0.00172851,-0.00276981,-0.0002625,220.784
0,1884305,5,phononTS,0.001137,0.00134104,-0.00191121,-0.0002625,198.057,0.000382,1,0.000996697,-0.00100095,0.0002625,935.137
0,1892417,5,phononTS,0.00112242,0.00116672,4.66453e-05,-0.0002625,4.47273,0.000382,1,0.000998512,0.000996743,0.0002625,1504.08
0,1892417,6,phononTF,0.000517588,0.000998512,0.000996743,0.000262498,1504.08,0.000517588,1,0.00082237,0.00080214,-0.0002625,1669.32
0,1892417,4,phononTS,0.000687747,0.00167136,-0.00280364,0.000262498,4.47273,0.000687747,1,0.00176621,-0.00275993,-0.0002625,167.623
0,1907120,6,phononTF,0.000539335,0.00106689,-0.00293818,-0.0002625,351.087,0.000382,1,0.00100347,-0.00299647,0.0002625,800.916
0,1919606,9,phononTF,0.000797199,-2.62473e-06,-0.00199859,0.000262498,938.494,0.000797199,1,-0.00100319,-0.00130272,-0.0002625,1327.48
0,1920976,4,phononTF,0.00203779,0.000921764,-0.0030698,0.00013047,18.2284,0.000382,1,0.00100173,-0.00299586,0.0002625,593.996
0,1920976,7,phononTF,0.000407771,0.00100173,-0.00299586,0.000262498,593.996,0.000407771,1,0.00125294,-0.00317892,-0.0002625,770.363
0,1920976,6,phononL,0.000887662,0.00100173,-0.00299586,0.000262498,593.996,0.000665297,1,0.000725637,-0.00320975,-0.0002625,714.234
0,1921175,6,phononTS,0.000633314,0.00134703,-0.00291617,-0.000262498,409.171,0.000382,1,-2.14843e-06,-0.00200071,0.0002625,955.674
0,1921582,7,phononTF,0.000902028,0.00199639,-0.00200087,0.0002625,83.3739,0.000902028,1,0.00227517,-0.001705,-0.0002625,958.928
0,1930440,8,phononTS,0.000432335,0.00206551,-0.00204778,-0.000262498,1325.65,0.000382,1,0.00200072,-0.00200374,0.0002625,1472.39
0,1930440,6,phononTF,0.00131745,0.00168333,-0.00276179,0.000262498,177.828,0.00118791,1,0.00121357,-0.0022606,-0.0002625,421.156
0,1930440,5,phononTS,0.00145992,0.00168333,-0.00276179,0.000262498,177.828,0.00068945,1,0.00232708,-0.00280209,-0.0002625,451.047
0,1940703,5,phononTS,0.00142285,-0.00198457,0.00225052,4.95492e-05,37.4574,0.000382,1,-0.00199807,0.00200012,0.0002625,4289.02
0,1942789,11,phononTF,0.000634285,1.46725e-06,-0.00200012,0.000262498,2203.22,0.000634285,1,-0.000686925,-0.00134772,-0.0002625,2508.36
0,1976006,7,phononTS,0.000426813,0.000983712,-0.00296759,-0.000262499,684.703,0.000382,1,0.00100062,-0.0029997,0.0002625,845.164
0,1993440,3,phononTF,0.00348184,0.00196756,-0.00203443,0.000184072,214.133,0.000382,1,0.00199915,-0.00199975,0.0002625,488.654
0,1993440,6,phononTS,0.000684108,0.00199915,-0.00199975,0.000262498,488.654,0.000607512,1,0.00198629,-0.00229456,-0.0002625,691.562
0,2022413,8,phononTS,0.00124309,0.000997531,0.00100426,0.000221011,101.766,0.000382,1,0.00100124,0.000999996,0.0002625,1558.37
0,2023587,9,phononTF,0.000689392,0.00100423,-0.00299918,0.000262498,857.056,0.000689392,1,0.00169034,-0.00429162,-0.0002625,1320.41
0,2027922,3,phononTS,0.00154793,0.00113582,-0.00206672,-0.0002625,1.32635,0.000382,1,0.00099533,-0.000999888,0.0002625,1108.11
0,2027922,6,phononTF,0.000966718,0.00099533,-0.000999888,0.000262499,1108.11,0.000366971,1,0.00118275,-0.00116965,-0.0002625,1272.18
0,2035381,6,phononTF,0.000451094,0.00163217,-0.00365218,-0.0002625,1015.4,0.000382,1,0.00100355,-0.00300248,0.0002625,1937.2
0,2055706,4,phononTF,0.00308813,0.00108349,-0.0026872,-9.27304e-05,16.4447,0.00118493,1,0.00105344,-0.00271609,-0.0002625,749.368
0,2059895,9,phononTS,0.000526948,2.49069e-07,0.00199825,0.0002625,2669.56,0.000526948,1,0.000281039,0.00316365,-0.0002625,3546.31
0,2059895,2,phononL,0.00374269,0.00214581,-0.00298192,-0.000148017,38.2754,0.00255463,1,0.00224376,-0.00293261,-0.0002625,268.959
0,2072015,6,phononTS,0.000560012,0.00135583,-0.00199016,-0.0002625,344.124,0.000382,1,0.00100346,-0.00300239,0.0002625,1857.67
0,2073367,10,phononTF,0.000422517,-0.000234781,-0.00225402,-0.000262498,1823.21,0.000382,1,-1.5735e-06,-0.00199759,0.0002625,2000.23
0,2074367,10,phononTS,0.00109128,-0.00199855,-0.0020005,0.000262498,2721.5,0.000267736,1,-0.00227216,-0.00105257,-0.0002625,3103.71
0,2076716,2,phononTS,0.000625229,0.0012152,-0.00295233,-0.0002625,15.0333,0.000382,1,0.00100238,-0.00299631,0.0002625,712.586
0,2081694,4,phononTF,0.000974862,0.00174848,-0.00223758,-0.0002625,33.7153,0.000382,1,0.00200387,-0.00200013,0.0002625,998.355
0,2081694,3,phononTF,0.00132692,0.00166066,-0.00281215,0.000262498,33.7153,0.00131085,1,0.00199545,-0.00245075,-0.0002625,236.339
0,2081694,2,phononTF,0.00379375,0.00163487,-0.00387203,1.98429e-05,33.7153,0.00194339,1,0.0020409,-0.00429406,-0.0002625,3003.85
0,2092147,5,phononTS,0.000539196,0.00148488,-0.00298376,-0.000262498,184.218,0.000382,1,-0.000995748,-0.00100026,0.0002625,1206.72
0,2105570,4,phononTS,0.00044483,-0.00162885,0.00103491,-0.0002625,16.8458,0.000382,1,-0.0010002,0.00100445,0.0002625,5693.72
0,2105570,3,phononTS,0.000617938,0.00166196,-0.00279111,0.000262498,16.8458,0.000617938,1,0.00177741,-0.00280217,-0.0002625,183.516
0,2105810,7,phononTF,0.00109649,0.00099958,-0.00300131,0.0002625,860.615,0.000375144,1,0.00121489,-0.0028023,-0.0002625,1199.31
0,2113677,6,phononTF,0.0012563,-0.00162208,-0.00227455,-0.0002625,312.229,0.000382,1,-0.00199713,-0.00199925,0.0002625,2720.29
0,2113677,7,phononTS,0.000500181,-0.00199713,-0.00199925,0.000262498,2720.29,0.000500181,1,-0.00159097,-0.00196586,-0.0002625,2948.26
0,2113677,4,phononTS,0.000980807,0.00167407,-0.00285621,0.000262498,65.5059,0.000382065,1,0.00100961,-0.00277707,-0.0002625,347.807
0,2122048,2,phononTS,0.00354974,-0.000111471,-0.00237991,-0.000172771,103.702,0.00282251,1,-0.000235367,-0.0024037,-0.0002625,1331.59
0,2126778,8,phononTS,0.000581019,0.00120081,-0.003035,-0.0002625,1034.19,0.000382,1,0.00100498,-0.00300123,0.0002625,1937.39
0,2138968,8,phononTS,0.000391267,0.00200325,-0.00200021,0.000262498,2347.59,0.000391267,1,0.00204656,-0.00206151,-0.0002625,2494.46
0,2146931,5,phononTS,0.00503071,0.00200299,-0.00201229,0.000189055,143.714,0.001146,1,0.00199741,-0.00200474,0.0002625,1856.32
0,2149471,7,phononTF,0.000876127,0.00199838,-0.00199607,0.000262498,522.094,0.000740141,1,0.00141732,-0.00229138,-0.0002625,778.292
0,2155870,2,phononL,0.00180075,-0.0011113,-0.00179236,-0.0002625,19.3951,0.000764,1,-0.000997285,-0.00100476,0.0002625,2730.05
0,2158924,7,phononTS,0.00084648,-0.000221793,-0.005,4.89422e-05,534.479,0.000329064,1,-7.01887e-05,-0.00450257,-0.0002625,1462.83
0,2181430,6,phononTS,0.000415285,0.00200237,-0.00200064,0.0002625,354.427,0.000415285,1,0.00204687,-0.00199382,-0.0002625,656.333
0,2199692,7,phononTS,0.000415699,0.00129323,-0.00294615,-0.000262498,172.613,0.000382,1,0.00100048,-0.00299793,0.0002625,370.838
0,2199692,5,phononTF,0.00065867,0.00168479,-0.00282568,0.000262498,47.6519,0.000119829,1,0.00192871,-0.00256073,-0.0002625,226.864
0,2207750,2,phononTS,0.000588761,0.00183342,-0.00239331,-0.0002625,60.1545,0.000382,1,0.00200197,-0.00199782,0.0002625,541.033
0,2216154,10,phononTS,0.000682594,0.00195509,-0.00195808,-0.000262498,1634.94,0.000382,1,0.00199911,-0.00200088,0.0002625,1782.04
0,2226678,2,phononTS,0.000738715,0.00132749,-0.00189049,-0.0002625,19.5468,0.000382,1,0.000996079,-0.00100123,0.0002625,768.288
0,2227164,10,phononL,0.000393864,0.0017266,-0.00233966,-0.000262498,2886.85,0.000382,1,0.00200158,-0.00200192,0.0002625,3015.04
0,2227309,7,phononTS,0.000714192,0.001961,-0.000352188,-0.0002625,62.1041,0.000382,1,0.00200094,-1.20325e-07,0.0002625,1750.92
0,2234181,6,phononTS,0.00124791,0.00200731,-0.00200664,0.000141254,525.747,0.000382,1,0.00200201,-0.00200136,0.0002625,559.868
0,2235281,10,phononTF,0.00100104,0.000995307,-0.00299957,0.000262498,1294.01,0.000861989,1,0.000416771,-0.00342682,-0.0002625,1555.7
0,2236760,7,phononTF,0.000940775,0.00116971,-0.00280545,-0.000262498,219.122,0.000382,1,0.000995469,-0.00299839,0.0002625,384.041
0,2236760,4,phononTS,0.000770745,0.00169041,-0.00287979,0.000262498,82.3804,0.000770745,1,0.0015188,-0.00322923,-0.0002625,313.957
0,2242070,7,phononTF,0.00150268,0.00216973,0.00219485,-0.000244328,1367.29,0.001146,1,0.00200477,0.0020033,0.0002625,4107.56
0,2242070,6,phononTS,0.000586174,0.00161008,-0.00249503,0.000262498,1367.29,0.000586174,1,0.00165381,-0.00271758,-0.0002625,1552.04
0,2244403,8,phononTS,0.000914581,0.00199601,-0.0020026,0.000262498,1017.71,0.000519089,1,0.0019346,-0.00197987,-0.0002625,1170.81
0,2246416,3,phononTF,0.0013011,0.00202097,-0.00201055,0.000259351,50.9938,0.000382,1,0.00200034,-0.00200225,0.0002625,1123.91
0,2246416,2,phononTS,0.00115606,0.00166915,-0.00277632,0.000262498,50.9938,0.00115606,1,0.000813273,-0.00301905,-0.0002625,406.652
0,2247121,7,phononTF,0.00115138,0.00119638,-0.00296574,-0.0002625,165.1,0.000382,1,0.00100303,-0.00300281,0.0002625,819.848
0,2282571,2,phononTF,0.00109146,0.000924225,-0.00307291,0.000160389,39.6862,0.00109146,1,0.00109594,-0.00294102,-0.0002625,617.212
0,2287614,5,phononTS,0.000682841,0.00134815,-0.00192781,-0.0002625,89.7501,0.000382,1,0.00100308,-0.00100109,0.0002625,837.244
0,2287614,4,phononTF,0.00131906,0.00169322,-0.00285453,0.000262498,89.7501,0.000761041,1,0.000819779,-0.00197941,-0.0002625,469.433
0,2291429,5,phononTF,0.00388979,0.00083217,-0.00316609,0.000244798,684.833,0.000382,1,0.000996567,-0.00300255,0.0002625,1788.22
0,2303849,10,phononTS,0.000527166,-0.00323747,-0.00100673,-0.000262498,4621.92,0.000382,1,-0.00299522,-0.000999232,0.0002625,4814.17
0,2317343,5,phononTS,0.000603271,0.00111664,-0.00297597,-0.0002625,8.0112,0.000382,1,0.000995542,-0.00299575,0.0002625,1835.68
0,2347869,4,phononTF,0.00104335,0.00144357,-0.0025238,-0.0002625,57.1333,0.000382,1,0.000998174,-0.00300019,0.0002625,1038.7
0,2403493,6,phononL,0.000786215,-4.21791e-06,-0.00199926,0.000262498,866.749,0.000230722,1,0.000525095,-0.00193334,-0.0002625,1004.31
0,2410463,8,phononTF,0.000534897,0.000830267,-0.0029637,-0.000262498,351.511,0.000382,1,0.000995287,-0.00299765,0.0002625,511.098
0,2410726,5,phononTF,0.000382917,0.00169952,0.000337461,-0.0002625,877.665,0.000382,1,0.000996263,0.00100388,0.0002625,2428.54
0,2417825,9,phononTS,0.000461924,0.000999249,-0.00300492,0.0002625,228.514,0.000461924,1,0.000273087,-0.00325086,-0.0002625,877.223
0,2420246,11,phononTF,0.000766173,0.00152575,-0.00250002,-0.000262498,438.445,0.000382,1,0.000999996,-0.00299747,0.0002625,690.272
0,2440673,9,phononTS,0.00126298,0.00099864,-0.00300461,0.0002625,678.693,0.000707566,1,0.000956472,-0.00306,-0.0002625,972.849
0,2445674,12,phononTF,0.00044905,0.000996924,-0.00299689,0.000262498,9818.92,0.00044905,1,0.0014172,-0.00398894,-0.0002625,10187
0,2466592,3,phononTS,0.000555546,0.00199609,-0.0019996,0.0002625,4.67413,0.000555546,1,0.00215802,-0.00159898,-0.0002625,726.592
0,2466592,2,phononTS,0.00368488,0.00169662,-0.00290985,0.000116864,4.67413,0.00257043,1,0.00170559,-0.00295249,-0.0002625,655.539
0,2471788,7,phononTS,0.000820752,0.0019997,-0.00200444,0.0002625,2016.08,0.00019639,1,0.00182468,-0.000943989,-0.0002625,2818.5
0,2483999,7,phononTF,0.000722766,0.000998893,-0.00299734,0.0002625,274.529,0.000722766,1,0.000321665,-0.00332943,-0.0002625,838.74
0,2500408,8,phononTS,0.00102106,0.00200767,-0.00203048,-0.000262498,209.898,0.000382,1,0.00199739,-0.00199898,0.0002625,364.784
0,2511326,10,phononL,0.000881326,0.00099538,-0.00299671,0.0002625,364.712,0.000881326,1,0.000923896,-0.00272056,-0.0002625,605.934
0,2512479,8,phononTS,0.000979394,-0.00258924,0.00286246,-0.000229395,192.469,0.000764,1,-0.000997644,0.00299535,0.0002625,3348.65
0,2514469,6,phononTS,0.000465512,0.000997448,-0.00299748,0.000262498,730.567,0.000465512,1,0.00100188,-0.00299325,-0.0002625,882.326
0,2514825,8,phononTF,0.000444173,0.00199778,-0.00199799,0.000262498,1039.32,0.000444173,1,0.00181772,-0.00183514,-0.0002625,1202.18
0,2516553,5,phononTS,0.000992854,0.000996548,-0.00299945,0.0002625,364.534,0.000482946,1,0.000450547,-0.00331877,-0.0002625,951.451
0,2516553,3,phononTF,0.00112146,0.00177596,-0.00267264,0.000262498,175.157,0.00112146,1,0.00204841,-0.00242146,-0.0002625,356.047
0,2522534,5,phononL,0.00118195,0.00116767,-0.00145379,-0.0002625,50.6745,0.000382,1,0.00100399,-0.00100114,0.0002625,580.111
0,2522534,7,phononTS,0.000687596,0.00100399,-0.00100114,0.000262498,580.111,0.000687596,1,0.00108688,-0.00174221,-0.0002625,881.436
0,2522534,4,phononL,0.00186815,0.00165871,-0.00281174,0.000262498,50.6745,0.00134902,1,0.00202304,-0.00283612,-0.0002625,171.671
0,2526969,6,phononTS,0.00081719,-0.000792011,-0.005,0.000177673,337.769,0.000382,1,0.000996214,-0.00299882,0.0002625,13101
0,2536834,4,phononTS,0.000620488,0.0018718,-0.000818627,-0.0002625,26.597,0.000382,1,0.00199664,4.42815e-06,0.0002625,8289.84
0,2536834,3,phononTS,0.00269276,0.0012009,-0.00212536,-0.00023998,26.597,0.00230326,1,0.0012269,-0.002072,-0.0002625,415.736
0,2537972,3,phononTS,0.0017925,0.000974186,-0.00299661,0.000129214,224.862,0.000764,1,0.000997268,-0.003003,0.0002625,693.709
0,2549786,4,phononTS,0.000913838,0.005,0.00397471,-3.06315e-05,5.66622,3.67557e-05,1,0.00218633,0.00145435,-0.0002625,3903.38
0,2558483,7,phononL,0.0012329,0.0020047,-0.00200363,0.000262498,714.618,0.0012329,1,0.0021849,-0.00243291,-0.0002625,845.409
0,2561070,14,phononTF,0.000418951,0.00122123,0.00133847,-0.000262499,6073.71,0.000382,1,0.00200271,0.002004,0.0002625,6405.58
0,2573745,8,phononTF,0.000510574,0.00194797,-0.00221157,-0.0002625,169.183,0.000382,1,0.00199628,-0.00200493,0.0002625,1330.21
0,2588776,5,phononTF,0.000442108,0.00145014,0.000517911,-0.000262498,1459.71,0.000382,1,0.000998624,0.00100167,0.0002625,1697.37
0,2590693,4,phononTS,0.000816585,0.00132457,-0.00209333,-0.0002625,8.37511,0.000382,1,0.000999007,-0.00299916,0.0002625,1385.33
0,2604778,11,phononTS,0.00038446,-0.000998379,-0.00100278,0.000262498,2137.06,0.00038446,1,-0.00097855,-0.00105485,-0.0002625,2285.97
0,2635399,7,phononTS,0.000386814,0.00200105,-0.00200386,0.0002625,189.188,0.000386814,1,0.00208021,-0.00144461,-0.0002625,722.784
0,2635399,2,phononTS,0.000757483,0.00168536,-0.00278509,0.000262498,15.3528,0.000151166,1,8.80253e-05,-0.00155564,-0.0002625,666.639
0,2643221,5,phononTS,0.000696228,0.00133591,-0.00289808,-0.0002625,6.6984,0.000382,1,0.000995716,-0.00300405,0.0002625,449.592
0,2664568,8,phononTF,0.000873477,0.00199541,-0.00199818,0.0002625,234.693,0.000873477,1,0.00259069,-0.00142176,-0.0002625,787.441
0,2670327,8,phononTS,0.000548389,0.000684307,-0.00247291,-0.000262498,1548.18,0.000382,1,0.000999273,-0.00300397,0.0002625,1837.8
0,2681262,13,phononTS,0.00111621,0.00165283,-0.00245436,0.000216418,1056.14,0.000382,1,0.00199869,-0.00199587,0.0002625,1313.43
0,2686164,3,phononL,0.00116557,0.00184577,-0.00239744,-0.0002625,19.3892,0.000382,1,0.00200474,-0.00200342,0.0002625,272.51
0,2700613,6,phononTF,0.000487298,0.00100483,-0.00300092,0.0002625,481.601,0.000487298,1,0.00068023,-0.00333332,-0.0002625,1274.57
0,2703578,8,phononTS,0.000426586,0.00154757,-0.00293395,-0.000262498,453.879,0.000382,1,0.00100091,-0.00299766,0.0002625,708.019
0,2708134,4,phononTS,0.00189993,0.00196267,-0.00252565,-0.0002625,1.98025,0.000382,1,0.00199644,-0.00199878,0.0002625,739.548
0,2725304,7,phononTS,0.000664548,4.32795e-06,0.00199692,0.000262498,5048.66,0.000664548,1,-8.63089e-05,0.00291405,-0.0002625,5411.35
0,2725304,4,phononL,0.00139521,0.00166493,-0.0027972,0.000262498,22.6838,0.0013265,1,0.00115098,-0.00295087,-0.0002625,161.275
0,2725304,3,phononTF,0.00109306,0.00100536,-0.005,-0.000108099,22.6838,0.00109306,1,0.000800301,-0.00480363,-0.0002625,801.191
0,2735650,11,phononTF,0.000531694,-0.00199677,-0.00200074,0.000262498,8931.7,0.000531694,1,-0.00170416,-0.00169269,-0.0002625,9122.23
0,2735650,12,phononTS,0.000578832,0.00340098,-0.005,5.89447e-06,174.523,0.000578832,1,0.00328709,-0.00483842,-0.0002625,1249.45
0,2735650,3,phononTS,0.000766806,0.00166794,-0.00280113,0.000262498,4.38264,0.000766806,1,0.00172972,-0.00273339,-0.0002625,174.307
0,2747442,7,phononTF,0.000561585,0.00100369,0.000998853,0.000262498,2301.59,0.000561585,1,0.00050654,0.000533455,-0.0002625,2543.58
0,2770851,8,phononTF,0.000453074,0.00213191,-0.00188161,0.000200353,210.599,0.000382,1,0.00199553,-0.00199861,0.0002625,592.754
0,2793043,9,phononTF,0.000712064,0.0018069,-0.0022031,-0.000262498,1022.31,0.000382,1,0.00200247,-0.00199513,0.0002625,1190.82
0,2794039,6,phononTS,0.000458467,0.000943818,-0.00309816,-0.000262498,335.61,0.000382,1,0.00100482,-0.00299599,0.0002625,510.058
0,2797960,8,phononTS,0.000393521,0.005,0.00385091,0.000119677,3609.09,0.000393521,1,0.00117566,0.00459706,-0.0002625,6476.9
0,2805946,2,phononTF,0.00100942,0.00060267,-0.00261047,-0.0002625,9.5073,0.000382,1,-1.55979e-06,-0.00200317,0.0002625,1786.24
0,2810227,8,phononTS,0.000611973,0.00108508,-0.00226199,-0.000262498,563.925,0.000382,1,0.00100183,-0.00100447,0.0002625,1040.94
0,2814324,12,phononTF,0.000561669,0.00100271,-0.00299668,0.000262498,1302.97,0.000561669,1,0.00194868,-0.00201714,-0.0002625,1714.13
0,2814324,10,phononTS,0.00107744,0.00174488,-0.00279553,0.000262498,362.141,0.00107744,1,0.00178325,-0.00275722,-0.0002625,509.735
0,2814324,9,phononTF,0.000932151,-0.00475308,-0.005,-0.000177717,362.141,0.000932151,1,-0.00472737,-0.00192148,-0.0002625,3544.67
0,2817839,4,phononTS,0.00166226,0.00114395,-0.00207224,-0.0002625,2356.04,0.000382,1,0.00199794,-0.002004,0.0002625,3015.91
0,2817839,7,phononTS,0.000448252,0.00199794,-0.002004,0.000262498,3015.91,0.000448252,1,0.00199608,-0.00107136,-0.0002625,3371.41
0,2818221,5,phononTS,0.000800757,0.00116145,-0.0029555,-0.0002625,100.135,0.000382,1,0.000998496,-0.00300452,0.0002625,795.914
0,2818221,4,phononTS,0.000625826,0.0016503,-0.00280841,0.000262498,100.135,0.000219636,1,0.000913485,-0.00283894,-0.0002625,402.688
0,2828233,3,phononTS,0.000760917,0.00199696,1.33497e-07,0.0002625,29.4902,0.000164461,1,0.00207948,0.000702498,-0.0002625,1487.37
0,2834378,4,phononTF,0.000774116,0.00179594,-0.00235601,-0.0002625,184.79,0.000382,1,0.00199977,-0.00200135,0.0002625,581.066
0,2859686,10,phononTS,0.000889604,0.000947885,-0.00338787,-0.0002625,775.276,0.000382,1,0.00100265,-0.00299792,0.0002625,1685.14
0,2859686,5,phononTF,0.00244333,0.00164419,-0.00246146,0.000230612,284.846,0.00117155,1,0.00127664,-0.00281796,-0.0002625,821.308
0,2872843,7,phononTS,0.000404025,0.00102394,-0.000751864,-0.0002625,840.053,0.000382,1,0.000998673,-0.00100144,0.0002625,1410.56
0,2874449,7,phononL,0.000386583,0.00103122,-0.0033342,-0.0002625,293.865,0.000382,1,0.000997368,-0.00300091,0.0002625,547.287
0,2877833,8,phononTF,0.000528324,0.00100089,-0.00299656,0.0002625,237.416,0.000528324,1,0.000953972,-0.0029481,-0.0002625,1132.74
0,2877833,6,phononTF,0.00101369,0.00166845,-0.0028132,0.000262498,10.357,0.000483711,1,0.0014852,-0.00296869,-0.0002625,174.808
0,2922885,11,phononTS,0.000607474,0.000992353,-0.00288549,-0.0002625,589.075,0.000382,1,0.00100359,-0.00299735,0.0002625,1094.32
0,2927290,7,phononTS,0.000439059,0.0009995,-0.000996596,0.000262498,810.866,0.000439059,1,0.000458906,-0.00104439,-0.0002625,1064.22
0,2934820,8,phononTS,0.000514376,-0.000996229,-0.00100089,0.000262498,4076.1,0.000514376,1,-0.00101237,-0.00104979,-0.0002625,4225.41
0,2940180,6,phononTF,0.00051002,0.00200476,-0.0020009,0.000262498,262.42,0.00051002,1,0.00180035,-0.00181287,-0.0002625,429.68
0,2944992,7,phononTF,0.00112858,0.00213476,-0.00214586,-0.0002625,848.502,0.000382,1,0.00199699,-0.00200137,0.0002625,1325.24
0,2944992,4,phononTS,0.00122813,0.00150348,-0.00261743,0.000262498,268.775,0.00122813,1,0.00156377,-0.00259073,-0.0002625,422.381
0,2944992,9,phononTF,0.00438868,0.00166727,-0.00237637,-0.000244043,891.235,0.00264111,1,0.0016978,-0.00240555,-0.0002625,1133.1
0,2954226,14,phononTS,0.000402586,-0.00199547,2.1948e-06,0.000262498,3935.16,0.000402586,1,-0.00182049,1.13413e-05,-0.0002625,4111.71
0,2956675,4,phononTF,0.000800434,0.00100434,-0.00299536,0.0002625,7.17807,0.000566835,1,0.000951334,-0.00293633,-0.0002625,817.055
0,2957059,6,phononTS,0.000425802,0.00199923,-0.00199608,0.000262498,1018.02,0.000425802,1,0.00194849,-0.00230831,-0.0002625,1220.27
0,2961769,3,phononL,0.00393166,0.00111092,-0.00298966,0.000133171,36.9064,0.000764,1,0.00100062,-0.0029951,0.0002625,810.336
0,2961894,6,phononTF,0.000470517,0.000650241,-0.000782679,-0.000262498,759.928,0.000382,1,0.00100023,-0.00100436,0.0002625,957.592
0,2966351,5,phononTS,0.000963364,0.00135477,-0.00296756,-0.0002625,422.62,0.000382,1,0.00100382,-0.0030042,0.0002625,844.707
0,2966351,4,phononTS,0.00286403,0.0015665,-0.00307177,-1.04465e-05,422.62,0.00158203,1,0.00153958,-0.00304346,-0.0002625,759.678
0,2968047,9,phononTS,0.00098195,-0.000838653,-0.00212685,-0.0002625,1075.49,0.000382,1,4.69795e-06,-0.00199583,0.0002625,4337.44
0,2972844,3,phononTF,0.00446124,0.000996643,-0.00299385,0.000242589,0.585049,0.001146,1,0.00100329,-0.00299852,0.0002625,3011.98
0,2972844,5,phononTS,0.00122142,0.00100329,-0.00299852,0.000262498,3011.98,0.000996383,1,0.00129399,-0.00292039,-0.0002625,3220.47
0,2972844,4,phononTF,0.00121585,0.00100329,-0.00299852,0.000262498,3011.98,0.00082057,1,0.00128132,-0.00274357,-0.0002625,3193.93
0,2977638,11,phononTS,0.00042496,-0.0015078,-0.005,-9.96664e-05,2885.53,0.00042496,1,-0.0025144,-0.00443762,-0.0002625,4236.58
0,2987967,3,phononTF,0.00260547,0.00192711,-0.00206746,0.00012245,33.1027,0.001146,1,0.00199812,-0.00199894,0.0002625,610.029
0,3013594,3,phononTF,0.00140466,0.0018389,-0.00239768,-0.0002625,2.53291,0.000764,1,0.00200273,-0.00199796,0.0002625,418.002
0,3017451,10,phononTS,0.000728109,0.00123496,-0.00295581,-0.0002625,144.695,0.000382,1,0.000998929,-0.00299692,0.0002625,519.92
0,3017451,9,phononTS,0.000493922,0.001471,-0.00291469,0.000262498,144.695,0.000493922,1,0.00127185,-0.00317493,-0.0002625,363.606
0,3017451,8,phononL,0.00173784,0.001471,-0.00291469,0.000262498,144.695,0.000400825,1,0.00075058,-0.0030559,-0.0002625,310.054
0,3042764,5,phononTS,0.00342885,0.000979977,-0.00300366,0.000201134,141.111,0.001146,1,0.000999027,-0.00300286,0.0002625,603.875
0,3042764,6,phononTF,0.00103639,0.000999027,-0.00300286,0.000262498,603.875,0.00103639,1,0.00167787,-0.00371895,-0.0002625,918.481
0,3045910,10,phononTS,0.00143681,-0.000276221,-0.005,-0.000146071,1155.44,0.000801406,1,0.000191369,-0.00431017,-0.0002625,3586.67
0,3054385,4,phononTF,0.000487331,0.00114523,-0.00283853,-0.0002625,873.142,0.000382,1,0.000999305,-0.00299736,0.0002625,1352.79
0,3056302,6,phononTF,0.000383193,-0.00200328,-0.00199862,0.0002625,2026.17,0.000383193,1,-0.00280684,-0.00196564,-0.0002625,2654.26
0,3071919,5,phononTF,0.00124184,0.000839535,-0.00290569,-0.000262498,340.434,0.000382,1,0.00100368,-0.00299795,0.0002625,500.618
0,3071919,6,phononTF,0.000673654,0.00100368,-0.00299795,0.000262498,500.618,0.000327302,1,0.000416676,-0.00355181,-0.0002625,771.625
0,3071919,3,phononTS,0.000796456,0.00167111,-0.00280386,0.000262498,4.56962,0.000796456,1,0.00175795,-0.00208652,-0.0002625,299.774
0,3088863,6,phononTS,0.000598024,0.00080718,-0.00105247,-0.0002625,4073.14,0.000382,1,0.000997865,-0.00100199,0.0002625,4609.5
0,3093122,8,phononTS,0.000839686,0.00182428,-0.00201504,-0.000262498,3124.18,0.000382,1,0.0020036,-0.00199925,0.0002625,3301.46
0,3114728,9,phononTS,0.000496922,0.00144267,-0.00293895,-0.000262498,211.709,0.000382,1,0.00100215,-0.00299536,0.0002625,441.49
0,3122962,11,phononTF,0.000410587,0.00100452,-0.00299644,0.000262498,494.57,0.000410587,1,0.00118706,-0.003166,-0.0002625,659.446
0,3131427,9,phononTF,0.000537744,-0.00300038,-0.00100046,0.000262498,3589.58,0.000537744,1,-0.0031838,-0.000808795,-0.0002625,3755.58
0,3131427,3,phononTF,0.000805466,0.00166698,-0.00279963,0.000262498,7.58304,0.000805466,1,0.00149921,-0.00295956,-0.0002625,169.483
0,3131427,2,phononTS,0.00114862,0.0002425,-0.005,-0.000253373,7.58304,0.00114862,1,0.000242828,-0.00499489,-0.0002625,879.789
0,3132773,7,phononTS,0.000494566,0.00106547,-0.00304957,-0.000262498,299.255,0.000382,1,0.00100327,-0.00300019,0.0002625,445.752
0,3141551,9,phononTS,0.000516685,0.000575881,0.00309269,-0.000262498,3486.78,0.000382,1,2.42745e-06,0.0019961,0.0002625,3944.68
0,3142525,7,phononTS,0.000744511,0.00199793,-0.00200409,0.000262498,1233.33,0.000744511,1,0.00130314,-0.00200048,-0.0002625,1527.26
0,3146496,5,phononTS,0.000993546,0.00115115,-0.000559856,-0.0002625,22.587,0.000382,1,1.65331e-06,3.5065e-06,0.0002625,1944.78
0,3149037,3,phononTF,0.00381727,0.000825261,-0.00322079,-3.48412e-05,3.46952,0.000764,1,0.000995907,-0.00299909,0.0002625,1495.86
0,3149037,5,phononTS,0.000844596,0.000995907,-0.00299909,0.000262498,1495.86,0.000844596,1,0.001034,-0.00307328,-0.0002625,1663.81
0,3149037,4,phononTF,0.00128749,0.000995907,-0.00299909,0.000262498,1495.86,0.000619841,1,0.00134306,-0.00330798,-0.0002625,1696.94
0,3154234,6,phononTS,0.000824044,0.000995889,-0.000995297,0.0002625,12.6955,0.000824044,1,0.00066031,-9.34189e-05,-0.0002625,1109.07
0,3159008,8,phononTS,0.000441131,0.00200118,4.25542e-06,0.0002625,165.154,0.000441131,1,0.00223624,0.000207766,-0.0002625,2221.18
0,3164578,3,phononTF,0.0022148,0.00134339,-0.00304412,0.000237013,6.40709,0.000382,1,0.000997837,-0.00300018,0.0002625,291.14
0,3186608,5,phononTS,0.000989169,0.00129371,-0.00310866,-0.0002625,14.651,0.000382,1,0.00100229,-0.00300105,0.0002625,2249.21
0,3186608,4,phononL,0.00124174,0.00169024,-0.00281646,0.000262498,14.651,0.00124174,1,0.00174006,-0.00246926,-0.0002625,134.595
0,3186608,3,phononTS,0.000622171,0.00169024,-0.00281646,0.000262498,14.651,0.000510318,1,0.00169841,-0.00232747,-0.0002625,244.718
0,3188444,8,phononTS,0.000632344,-4.15101e-06,-3.08156e-06,0.0002625,1140.59,0.000632344,1,-0.000969307,0.00192906,-0.0002625,2622.77
0,3194052,11,phononTS,0.000464982,0.00100497,-0.0030004,0.0002625,657.031,0.000464982,1,0.000957581,-0.00304206,-0.0002625,951.52
0,3202425,10,phononTS,0.00038306,0.000997699,0.00100295,0.000262498,5536.48,0.00038306,1,0.00042326,0.000754794,-0.0002625,5825.98
0,3202426,3,phononTF,0.00361102,0.00114195,-0.00136608,-8.25875e-05,0.576111,0.00189447,1,0.00118866,-0.00141584,-0.0002625,2843.22
0,3206087,5,phononL,0.000613472,0.0013566,-0.00346563,-0.0002625,27.2572,0.000382,1,0.000998832,-0.00300101