Run ID,Event ID,Track ID,Particle Name,Start Energy [eV],Start X [m],Start Y [m],Start Z [m],Start Time [ns],Energy Deposited [eV],Track Weight,End X [m],End Y [m],End Z [m],Final Time [ns]
0,18536,6,phononTS,0.000685131,0.00132596,-0.00289661,-0.0002625,59.3319,0.000382,1,0.00099821,-0.00299891,0.0002625,496.376
0,37783,2,phononTF,0.00278407,0.00106812,-0.00104969,0.000151816,44.9207,0.000382,1,0.000997158,-0.000998716,0.0002625,1647.62
0,37783,13,phononTS,0.000451987,0.000997158,-0.000998716,0.000262498,1647.62,0.000451987,1,-0.00025408,-0.000731326,-0.0002625,2125.74
0,38817,8,phononTS,0.000603156,0.00348407,-0.00174273,-0.0002625,614.421,0.000382,1,0.0020022,-1.35561e-06,0.0002625,4108.8
0,58939,4,phononTF,0.00293906,0.000990279,-0.00300932,0.000212121,751.638,0.000382,1,0.000996717,-0.00300246,0.0002625,2081.07
0,59269,9,phononTS,0.000860906,0.00203747,-0.00197959,-0.000262498,1280.43,0.000382,1,0.00199898,-0.00200205,0.0002625,1437.95
0,81683,7,phononTS,0.00117259,0.00112107,-0.00295504,-0.0002625,179.766,0.000382,1,0.00099561,-0.00300469,0.0002625,855.308
0,87283,2,phononTS,0.00448158,0.00100172,-0.00303794,0.000224873,103.19,0.002292,1,0.000997187,-0.00299837,0.0002625,1137.96
0,87283,10,phononTF,0.000424102,0.000997187,-0.00299837,0.000262498,1137.96,0.000424102,1,0.00119223,-0.00279357,-0.0002625,1306.22
0,96281,2,phononTS,0.000511106,-0.000428616,-0.00220194,-0.0002625,13.5607,0.000382,1,-0.000999069,-0.00100213,0.0002625,4330.79
0,99012,6,phononTS,0.000394469,0.005,0.000671288,-0.000222992,3465.56,0.000382,1,0.00199835,-0.00200329,0.0002625,5257.98
0,107672,4,phononTF,0.00116089,0.00112015,-0.00286619,-0.0002625,121.006,0.000382,1,0.000997731,-0.00300035,0.0002625,777.444
0,125290,7,phononTF,0.00054017,0.00100106,-0.00300461,0.0002625,216.258,0.00054017,1,0.000698447,-0.00317876,-0.0002625,588.356
0,129651,3,phononL,0.00439662,0.00211509,-0.00204125,9.92729e-05,13.3931,0.001528,1,0.00199596,-0.00200277,0.0002625,890.812
0,131190,3,phononTS,0.00104177,-0.00210534,-0.00179867,-0.0002625,4.97261,0.000382,1,3.56685e-06,3.34618e-06,0.0002625,7821.51
0,149928,17,phononTS,0.000781014,0.00199884,-0.00199867,0.000262498,587.921,0.000781014,1,0.00205973,-0.00249803,-0.0002625,831.036
0,156503,14,phononTF,0.00048648,0.00199868,-0.00200067,0.000262498,555.264,0.00048648,1,0.00453962,-0.001411,-0.0002625,1351.64
0,181830,6,phononTS,0.000388666,0.000999511,-0.00299584,0.0002625,367.94,0.000388666,1,0.00100668,-0.00295675,-0.0002625,662.842
0,221039,6,phononTS,0.000453094,0.00103034,-0.00158748,-0.0002625,1150.01,0.000382,1,0.00100009,-0.000998507,0.0002625,1924
0,224450,4,phononTS,0.000436061,0.00200152,-0.00200232,0.0002625,326.917,0.000436061,1,0.00270755,-0.00198462,-0.0002625,911.777
0,229813,3,phononTF,0.00384023,0.0019503,-0.00207696,0.000226699,2.35694,0.000382,1,0.00200465,-0.00200232,0.0002625,732.905
0,229813,6,phononTS,0.00143471,0.00200465,-0.00200232,0.000262498,732.905,0.000890832,1,0.00149848,-0.00195788,-0.0002625,977.906
0,244518,5,phononTS,0.000856948,0.000825222,-0.0024028,-0.0002625,12.8767,0.000382,1,-3.76886e-06,-0.00200239,0.0002625,751.044
0,260836,4,phononTF,0.000630386,-1.90915e-06,0.0020048,0.0002625,11.5522,0.000630386,1,-0.000278804,0.00280522,-0.0002625,2205.66
0,269018,6,phononTS,0.000451178,0.000997548,-0.00300354,0.000262498,2953.64,0.000451178,1,0.00102056,-0.00303376,-0.0002625,3104.18
0,283537,9,phononTS,0.000510504,0.00128576,-0.00277801,-0.000262498,494.521,0.000382,1,0.00200223,-0.00200259,0.0002625,904.879
0,284072,6,phononTS,0.0010678,0.00117829,-0.00288665,-0.0002625,319.724,0.000764,1,0.00100425,-0.00300221,0.0002625,704.374
0,284072,5,phononTS,0.00107397,0.00135234,-0.00277108,0.000262498,319.724,0.00102759,1,0.000481347,-0.00301215,-0.0002625,678.985
0,285167,8,phononTS,0.000436964,0.00204486,-0.00196378,-0.000262498,648.748,0.000382,1,0.00200192,-0.0019995,0.0002625,795.935
0,290064,5,phononTS,0.00082034,0.000859735,-0.00106975,-0.0002625,823.719,0.000382,1,0.00099588,-0.000995277,0.0002625,1366.95
0,290377,5,phononTS,0.000435469,0.00101858,-0.00297726,-0.000262498,413.832,0.000382,1,0.000995487,-0.00300428,0.0002625,564.621
0,291755,9,phononTS,0.000385001,0.00105064,-0.00294357,-0.000262498,699.42,0.000382,1,0.000999965,-0.00299613,0.0002625,866.103
0,291755,7,phononTF,0.0038494,0.0014258,-0.00303375,0.000121209,159.401,0.00234059,1,0.0015445,-0.00318838,-0.0002625,750.255
0,301497,11,phononTS,0.000400506,0.000998709,-0.00300372,0.0002625,769.289,0.000400506,1,0.000664325,-0.00304953,-0.0002625,1183.43
0,305601,2,phononTS,0.000662717,0.0011638,-0.00295066,-0.0002625,34.7484,0.000382,1,0.000995466,-0.00300406,0.0002625,733.709
0,320023,11,phononTF,0.00113593,0.000781823,-0.00280816,-0.000262498,2093.33,0.000382,1,0.00100178,-0.0030038,0.0002625,2264.86
0,320023,9,phononTS,0.000954408,0.000980019,-0.00259368,0.000262498,1924.15,0.000418377,1,0.000936115,-0.00244687,-0.0002625,2095.49
0,329963,9,phononTF,0.000383967,0.00145717,-0.0024462,-0.000262498,148.729,0.000382,1,0.0010021,-0.00299986,0.0002625,406.408
0,329963,4,phononL,0.00139174,0.00166916,-0.00280288,0.000262498,22.8323,0.000300142,1,0.00198322,-0.00229549,-0.0002625,171.16
0,330164,10,phononTF,0.00045581,0.00230331,-0.00169599,-0.0002625,682.661,0.000382,1,0.00199891,-0.00199509,0.0002625,1256.9
0,344702,5,phononTS,0.000844397,0.000999258,-0.00300458,0.000262498,3237.73,0.000844397,1,0.000983857,-0.00302002,-0.0002625,3385.6
0,345553,6,phononTF,0.000907882,0.00235555,0.00217821,-0.0002625,30.2045,0.000382,1,0.00200096,0.00199857,0.0002625,7545.96
0,356357,7,phononTS,0.000559466,0.00099683,-0.00300373,0.000262498,883.213,0.000559466,1,0.0010544,-0.00304068,-0.0002625,1038.17
0,356357,4,phononTS,0.00201708,-0.00030902,-0.00466935,-2.37347e-05,69.723,0.00155708,1,-0.000525001,-0.00443066,-0.0002625,1092.09
0,357199,7,phononTS,0.000566372,0.000998818,-0.00100132,0.000262498,4902.02,0.000402661,1,0.00102644,-0.00098025,-0.0002625,5056.38
0,365157,7,phononTF,0.000645937,0.000360309,-0.0016165,-0.0002625,167.591,0.000382,1,-2.62108e-06,-0.00199833,0.0002625,1048.71
0,365157,6,phononTF,0.001246,0.00166461,-0.00284519,0.000262498,167.591,0.000857602,1,0.00197748,-0.00317461,-0.0002625,363.434
0,366894,5,phononTS,0.00109622,0.00104852,-0.00299895,-0.0002625,250.778,0.000382,1,0.001,-0.00300165,0.0002625,987.151
0,367795,10,phononTS,0.000873344,0.00104038,-0.00313304,-0.0002625,1348.36,0.000382,1,0.0010047,-0.00300433,0.0002625,1888.47
0,367795,11,phononTF,0.000481352,0.0010047,-0.00300433,0.000262498,1888.47,0.000481352,1,0.0015927,-0.00355886,-0.0002625,2159.75
0,367795,2,phononTS,0.00253548,0.000575646,-0.00311947,0.000180627,28.5343,0.00237805,1,0.000464869,-0.00251574,-0.0002625,699.154
0,377265,5,phononTF,0.00120754,0.00200494,-0.00199789,0.0002625,113.505,0.00120754,1,0.00231651,-0.00168424,-0.0002625,561.378
0,377265,4,phononTS,0.00137415,0.00169219,-0.00279434,0.000262498,113.505,0.000332271,1,0.00183667,-0.00198871,-0.0002625,446.513
0,378572,13,phononTS,0.000826068,0.000100984,-0.000472351,-0.0002625,541.818,0.000764,1,-0.00100012,0.00100232,0.0002625,2347.29
0,390874,7,phononL,0.00119359,0.00182775,-0.00239868,-0.0002625,12.0576,0.000382,1,0.00199611,-0.00199613,0.0002625,267.506
0,390874,6,phononTF,0.000615565,0.00165939,-0.00280122,0.000262498,12.0576,0.000615565,1,0.00305665,-0.00184605,-0.0002625,527.859
0,399768,2,phononTF,0.0013004,0.00209734,-0.00210312,-0.0002625,2.68423,0.000382,1,0.00199893,-0.0019974,0.0002625,942.102
0,405110,9,phononTF,0.00107081,-0.00199723,-2.09467e-06,0.000262498,3453.54,0.00107081,1,-0.00276651,0.000732698,-0.0002625,3787.58
0,405870,8,phononTS,0.000415382,0.00133465,-0.00189694,-0.0002625,46.7122,0.000382,1,0.000999933,-0.00100186,0.0002625,773.306
0,411789,8,phononTF,0.000830788,0.00126916,-0.00324287,-0.000262498,292.426,0.000382,1,0.000997454,-0.00299552,0.0002625,472.721
0,411789,4,phononTF,0.00141526,-0.00458179,0.00173653,0.000225946,56.3587,0.00141526,1,-0.005,0.0016387,0.000234114,2927.47
0,413124,6,phononL,0.00191534,0.000943111,-0.00313975,-0.000111986,1046.78,0.000764,1,0.00100105,-0.00299961,0.0002625,1202.02
0,420528,9,phononTS,0.000742558,0.00184358,-0.00238333,-0.0002625,35.9472,0.000382,1,0.00200325,-0.00199933,0.0002625,509.828
0,420528,8,phononTF,0.000504903,0.0016839,-0.00276733,0.000262498,35.9472,0.000504903,1,0.000909312,-0.00354326,-0.0002625,378.582
0,420528,7,phononTF,0.00123608,0.0016839,-0.00276733,0.000262498,35.9472,0.00123608,1,0.00173836,-0.00278032,-0.0002625,185.24
0,426889,8,phononTS,0.00222704,-0.000877263,-0.00139448,-5.63527e-05,192.821,0.00131231,1,-0.000663589,-0.00150608,-0.0002625,2151.93
0,433082,7,phononTF,0.00108442,0.0020033,-0.00200269,0.000262498,257.49,0.00108442,1,0.0021573,-0.00182618,-0.0002625,420.958
0,433082,5,phononTS,0.000532709,0.00167397,-0.00280292,0.000262498,2.80101,0.000532709,1,0.00169571,-0.00276322,-0.0002625,151.74
0,435391,4,phononTF,0.00341187,0.00103183,-0.00303372,0.000226675,122.303,0.001146,1,0.00100274,-0.00299638,0.0002625,914.572
0,447428,4,phononTS,0.00110997,0.000880521,-0.003849,-0.0002625,42.7303,0.000764,1,0.00099651,-0.00300152,0.0002625,1782.96
0,453805,7,phononTS,0.00050398,-0.000609053,-0.0021449,-0.0002625,322.525,0.000382,1,-0.00100467,-0.00100149,0.0002625,4928.53
0,455281,5,phononTS,0.00233543,0.00198432,-0.00220804,0.000103567,1429.87,0.000382,1,0.0019993,-0.00200106,0.0002625,1516.96
0,455281,6,phononTF,0.000998316,0.0019993,-0.00200106,0.000262498,1516.96,0.000828847,1,-0.000773618,-0.00118718,-0.0002625,2387.69
0,457542,4,phononTF,0.00280372,0.000880605,-0.00310461,-0.000188782,5.09422,0.000382,1,0.00100156,-0.00299616,0.0002625,381.999
0,457542,7,phononTF,0.00151128,0.00100156,-0.00299616,0.000262498,381.999,0.00146801,1,0.00325229,-0.000714735,-0.0002625,1297.33
0,468839,4,phononTS,0.000395651,0.00133547,-0.00189878,-0.0002625,1.50669,0.000382,1,0.00100136,-0.000998177,0.0002625,731.472
0,475388,5,phononTS,0.0012325,0.000995741,-0.00300074,0.0002625,403.945,0.000154784,1,0.00104894,-0.00303042,-0.0002625,866.36
0,480146,5,phononTS,0.000853019,0.00188194,-0.00272405,-0.0002625,5.53676,0.000382,1,0.00200077,-0.00200438,0.0002625,789.618
0,485059,7,phononTF,0.00043278,-0.00199701,-0.00200478,0.0002625,1645.26,0.00043278,1,-0.00170204,-0.00222112,-0.0002625,1999.26
0,485059,4,phononTS,0.000854687,0.00169259,-0.00278289,0.000262498,40.0961,0.000854687,1,0.00252415,-0.00290307,-0.0002625,363.22
0,489876,11,phononTF,0.000398398,0.00183566,-0.00214437,-0.0002625,461.104,0.000382,1,0.00199559,-0.00200012,0.0002625,940.497
0,492020,3,phononTF,0.000392465,-0.00141232,-0.00262372,-0.0002625,3.55624,0.000382,1,-0.00199642,-0.00200413,0.0002625,8026.72
0,493896,3,phononL,0.00196067,0.00130578,-0.00292685,-0.0002625,2.22699,0.000764,1,0.00100304,-0.00300279,0.0002625,510.054
0,493896,10,phononTF,0.000733151,0.00100304,-0.00300279,0.000262498,510.054,0.000733151,1,0.000462663,-0.00249197,-0.0002625,766.376
0,493896,2,phononTS,0.00219256,0.00120707,-0.00457129,-4.47981e-06,2.22699,0.00203184,1,0.00095763,-0.00430404,-0.0002625,831.156
0,511411,8,phononTS,0.000584015,0.000550166,-0.0031155,-0.0002625,260.772,0.000382,1,-3.82568e-06,-0.00200006,0.0002625,1339.43
0,511411,5,phononL,0.000417342,0.00165065,-0.0027966,0.000262498,51.0032,0.000417342,1,0.0011837,-0.00307474,-0.0002625,191.812
0,511411,4,phononTS,0.000440532,0.00165065,-0.0027966,0.000262498,51.0032,0.000440532,1,0.0010429,-0.00232708,-0.0002625,381.899
0,511411,3,phononTF,0.000644894,0.00165065,-0.0027966,0.000262498,51.0032,0.000644894,1,0.00177762,-0.00259566,-0.0002625,217.235
0,518441,6,phononTF,0.000802753,0.00199659,-0.00199755,0.0002625,289.164,0.000460429,1,0.00225476,-0.00176244,-0.0002625,821.457
0,519230,7,phononL,0.000571656,-0.000438307,0.00173514,-0.0002625,486.901,0.000382,1,-0.000998467,0.00100238,0.0002625,1781.54
0,542359,14,phononTF,0.000511606,0.000996693,-0.000998501,0.0002625,4796.26,0.000511606,1,0.000768182,-0.000747859,-0.0002625,5148.07
0,551596,7,phononTF,0.000387147,0.00163764,-0.00166938,-0.0002625,850.441,0.000382,1,0.00199854,-0.00200115,0.0002625,1457.8
0,568859,2,phononTS,0.00321394,0.00205311,-0.00201378,-0.00020204,34.3551,0.000764,1,0.00199591,-0.00200016,0.0002625,1572.43
0,600413,7,phononTS,0.00279989,0.0014875,-0.00281954,-2.09575e-05,263.43,0.000382,1,0.000996929,-0.00300168,0.0002625,557.044
0,604778,6,phononL,0.000910119,0.00114619,-0.00281186,-0.0002625,615.414,0.000382,1,0.000996847,-0.00300157,0.0002625,1442.45
0,604778,4,phononTF,0.00213374,0.00121287,-0.00139167,0.000217176,90.0815,0.0010204,1,0.00193416,-0.00179691,-0.0002625,1113.87
0,606973,2,phononTF,0.00372571,0.00116075,-0.00287152,-0.0002625,27.9808,0.000382,1,0.00100347,-0.00300397,0.0002625,2378.75
0,608995,7,phononTF,0.0012358,0.00122885,-0.00136753,-0.0002625,626.766,0.000764,1,0.0010001,-0.00100107,0.0002625,1836.2
0,610677,7,phononL,0.000419499,4.63653e-06,1.43398e-06,0.000262498,4946.39,0.000419499,1,-2.31553e-05,-0.000552725,-0.0002625,5086.38
0,626297,7,phononTF,0.000468373,-0.005,-0.000857974,6.31007e-05,229.439,0.000468373,1,-0.0047177,-0.0010968,-0.0002625,5275.77
0,626506,7,phononTS,0.000574026,0.0011466,-0.00168548,-0.0002625,181.35,0.000382,1,0.00100232,-0.00099955,0.0002625,1091.48
0,626506,3,phononL,0.000723458,0.00166793,-0.0028032,0.000262498,4.58884,0.000723458,1,0.00219088,-0.00306142,-0.0002625,150.363
0,632471,6,phononTS,0.000594511,-0.00199804,-2.56278e-06,0.0002625,441.171,0.000594511,1,-0.0039041,0.00084877,-0.0002625,2696.63
0,632471,2,phononTF,0.00145433,0.00221112,-0.00269794,-0.00016281,9.57828,0.000575735,1,0.00219309,-0.00267903,-0.0002625,282.394
0,636106,8,phononTF,0.000638794,5.92115e-07,-0.00200387,0.000262498,1231.29,0.000638794,1,0.000434232,-0.0024644,-0.0002625,1465.86
0,639606,11,phononTF,0.000509481,2.67352e-06,0.00199871,0.0002625,5388.22,0.000509481,1,0.00149033,0.0045508,-0.0002625,7126.2
0,639606,8,phononTS,0.00128567,0.00235825,-0.00353718,0.000262498,3037.96,0.000791846,1,0.00215864,-0.00404291,-0.0002625,3305.88
0,641985,7,phononTF,0.000582374,0.00145914,-0.00256229,-0.000262498,1650.03,0.000382,1,0.000996414,-0.002997,0.0002625,1881.92
0,662894,6,phononTS,0.000501732,0.000996453,-0.00299681,0.0002625,173.884,0.000501732,1,0.000157634,-0.00304923,-0.0002625,841.798
0,680942,3,phononTS,0.00115021,0.00199892,-0.0019973,0.0002625,0.773476,0.000625673,1,0.00216188,-0.00159609,-0.0002625,723.451
0,686145,7,phononL,0.00168045,-0.000224841,-0.00102833,0.000124922,615.641,0.000382,1,-0.00100098,-0.000999209,0.0002625,1527.38
0,696077,2,phononTS,0.000831512,-0.005,-0.00475103,-0.000220503,10.9936,0.000382,1,-0.00199737,-0.00200406,0.0002625,3704.38
0,699652,5,phononTF,0.00137621,0.00132336,-0.00282093,-0.000262498,210.386,0.000382,1,0.000995252,-0.00299789,0.0002625,401.917
0,721920,7,phononTF,0.000460039,0.00223019,-0.00225366,-0.000262498,271.499,0.000382,1,0.00199554,-0.00199636,0.0002625,451.139
0,726836,17,phononTF,0.000713316,0.000998911,-0.00300323,0.000262498,1655.39,0.000713316,1,0.000811138,-0.00333524,-0.0002625,1848.07
0,736701,2,phononTF,0.00429697,0.00100282,-0.00300635,0.000244676,32.6606,0.001528,1,0.000995586,-0.00300154,0.0002625,753.728
0,736701,9,phononTS,0.00104433,0.000995586,-0.00300154,0.000262498,753.728,0.000586407,1,-0.00023591,-0.00122374,-0.0002625,1457.73
0,737110,11,phononTF,0.000448832,0.000398666,0.00039818,-0.0002625,1674.55,0.000382,1,3.93481e-06,-3.55106e-06,0.0002625,2365.08
0,737110,5,phononTF,0.000415432,0.00166074,-0.00281274,0.000262498,12.3016,0.000415432,1,0.00208921,-0.00250561,-0.0002625,231.267
0,737250,5,phononTS,0.000690006,0.00133774,-0.00189996,-0.0002625,2.18268,0.000382,1,0.000999162,-0.00100043,0.0002625,757.746
0,740588,10,phononTS,0.00053506,0.000831402,-0.0012059,-0.000262498,2138.66,0.000382,1,0.00100102,-0.00100365,0.0002625,2343.28
0,743073,11,phononTF,0.000420752,0.000900409,-0.000872866,-0.0002625,2769.78,0.000382,1,-3.5935e-06,2.29163e-06,0.0002625,5462.78
0,743074,3,phononTF,0.00395201,0.00172792,-0.00328898,-2.02211e-05,44.9295,0.0026002,1,0.00184854,-0.00315779,-0.0002625,631.642
0,744995,4,phononL,0.00480217,0.00100919,-0.00300053,0.000196445,160.402,0.000382,1,0.000995542,-0.00300263,0.0002625,1448
0,744995,9,phononTS,0.00157865,0.000995542,-0.00300263,0.000262498,1448,0.00133294,1,0.000998399,-0.00265204,-0.0002625,1658.77
0,748617,2,phononTS,0.00306494,0.00117436,-0.00311814,-3.60033e-05,9.22699,0.000382,1,0.0010033,-0.00299831,0.0002625,932.619
0,762790,11,phononTF,0.000435758,0.00044613,0.005,0.000120225,2234.5,0.000382,1,0.00200016,-0.00199536,0.0002625,6733.01
0,776614,6,phononTS,0.000448591,0.0019958,-0.00199515,0.0002625,887.421,0.000448591,1,0.00194353,-0.002077,-0.0002625,1198.74
0,778680,6,phononTS,0.000749134,0.000999754,-0.00299799,0.0002625,177.045,0.000749134,1,0.000190842,-0.00307181,-0.0002625,815.239
0,779494,10,phononTF,0.000553544,0.000997275,-0.00100259,0.0002625,6139.48,0.000553544,1,0.00126761,-0.000719125,-0.0002625,6551.24
0,805850,4,phononTS,0.000794876,0.00114869,-0.00302584,-0.0002625,4.35919,0.000382,1,0.00100176,-0.00299826,0.0002625,737.691
0,816694,7,phononTS,0.000421922,-1.77313e-07,0.00199965,0.000262498,2631.37,0.000421922,1,-0.000420415,0.00178241,-0.0002625,2883.52
0,826265,6,phononTS,0.0011916,0.00171598,-0.00285418,-0.0002625,16.6457,0.000382,1,0.00100187,-0.00300051,0.0002625,486.256
0,845973,13,phononTS,0.00053433,0.00152208,-0.00315087,-0.000262498,1863.13,0.000382,1,0.00100101,-0.00299967,0.0002625,2128.58
0,846030,6,phononTF,0.0011568,0.00264407,0.000660337,-5.91475e-05,54.8782,0.000382,1,0.00299939,0.000996246,0.0002625,4478.76
0,853398,9,phononTS,0.000721663,0.0015173,-0.00200408,-0.000262498,587.281,0.000382,1,0.00199701,-0.00199859,0.0002625,829.555
0,856364,3,phononTS,0.00068458,0.00104717,-0.0029549,-0.0002625,8.47641,0.000382,1,0.000995115,-0.00300131,0.0002625,696.497
0,857370,7,phononTF,0.000434598,-1.5375e-06,-0.00199964,0.000262498,1081.19,0.000434598,1,8.06433e-05,-0.001917,-0.0002625,1232.77
0,858924,4,phononTS,0.00139279,0.00313953,-0.000643618,-0.0002625,335.308,0.000764,1,0.00199782,-4.24303e-06,0.0002625,2079.53
0,858924,2,phononTS,0.00399699,0.00163516,-0.00276958,0.000167472,6.79464,0.00320234,1,0.00158897,-0.00268578,-0.0002625,177.404
0,860254,9,phononTS,0.00054461,-0.00163693,0.00218167,-0.0002625,1122.93,0.000382,1,-0.00200225,0.00199978,0.0002625,6391.94
0,860254,5,phononTF,0.000742146,0.00167496,-0.0027993,0.000262498,3.73512,0.000742146,1,0.0015696,-0.00270619,-0.0002625,157.455
0,860287,5,phononTF,0.000619799,0.000995282,-0.00299641,0.0002625,1121.74,0.000619799,1,0.00131235,-0.00265078,-0.0002625,1490.5
0,860287,3,phononL,0.000695211,0.00167237,-0.00280107,0.000262498,2.48336,0.00033984,1,0.0014802,-0.0024434,-0.0002625,127.458
0,867374,2,phononL,0.00352259,0.00198167,-0.00212948,-0.000112046,27.9324,0.001146,1,0.00199682,-0.00200069,0.0002625,679.313
0,867374,6,phononTF,0.000809151,0.00199682,-0.00200069,0.000262498,679.313,0.000712268,1,0.00199339,-0.00227995,-0.0002625,858.277
0,868638,7,phononTS,0.000420371,0.0011121,-0.00295934,-0.0002625,94.4822,0.000382,1,0.00100421,-0.00299749,0.0002625,1089.29
0,880023,7,phononTS,0.00128287,0.00177341,-0.00281077,-0.0002625,2563.27,0.000382,1,0.00199749,-0.0019951,0.0002625,3229.8
0,893404,7,phononTS,0.00049924,-0.00212013,-0.00122969,-0.0002625,531.377,0.000382,1,-0.00299623,-0.00100129,0.0002625,5507.48
0,908444,3,phononTS,0.00115381,0.00182645,-0.00239155,-0.0002625,48.6757,0.000382,1,0.0019985,-0.00199812,0.0002625,529.621
0,908444,6,phononTS,0.000719982,0.0019985,-0.00199812,0.000262498,529.621,0.000719982,1,0.00197678,-0.00197619,-0.0002625,677.389
0,908444,2,phononTS,0.000605035,0.00165441,-0.00278498,0.000262498,48.6757,0.000605035,1,0.00127926,-0.00307569,-0.0002625,303.096
0,921368,7,phononL,0.000480123,0.00300191,0.00100162,0.0002625,781.42,0.000480123,1,0.00365274,0.000973041,-0.0002625,2456.52
0,938436,4,phononL,0.00337481,0.00177479,-0.00218413,-0.000165459,106.111,0.001528,1,0.00199546,-0.00199888,0.0002625,1097.02
0,944404,9,phononL,0.000666283,0.00199925,-0.00200106,0.000262498,712.367,0.000666283,1,0.00217538,-0.00244009,-0.0002625,843.924
0,944404,7,phononTS,0.000481143,0.00160136,-0.00265121,0.000262498,265.717,0.000481143,1,0.0020523,-0.0037593,-0.0002625,709.541
0,946356,6,phononTF,0.000489411,0.00221229,-0.00222515,-0.0002625,10.8957,0.000382,1,0.00200133,-0.00200131,0.0002625,834.119
0,950239,12,phononTS,0.000485342,0.00100301,-0.00300161,0.0002625,481.336,0.000485342,1,0.00096197,-0.00297841,-0.0002625,776.014
0,951045,4,phononTF,0.00048697,-4.60456e-06,-0.00199842,0.0002625,627.419,0.00048697,1,-0.000991593,-0.00103444,-0.0002625,1463.13
0,962493,7,phononL,0.000611199,0.00100484,-0.00299818,0.0002625,234.92,0.000611199,1,0.00083328,-0.00341159,-0.0002625,492.657
0,967190,2,phononTS,0.00263186,-2.2072e-05,-0.00200037,4.12464e-05,34.2501,0.000382,1,1.83439e-06,-0.00200326,0.0002625,654.707
0,972391,8,phononTF,0.000431534,0.00199701,-0.00199676,0.000262498,307.836,0.000431534,1,0.00181281,-0.00182604,-0.0002625,471.838
0,972391,5,phononTF,0.000581551,0.00167207,-0.00279163,0.000262498,12.6541,0.000581551,1,0.00191213,-0.00256033,-0.0002625,188.272
0,976569,8,phononTS,0.000545306,0.00114098,-0.00295401,-0.0002625,178.269,0.000382,1,0.00100461,-0.00300088,0.0002625,1026.9
0,990905,10,phononTS,0.000508955,0.00101418,-0.00302705,-0.000262498,802.582,0.000382,1,0.000998216,-0.00299813,0.0002625,952.168
0,1001787,3,phononTS,0.000837065,0.00100402,-0.000996371,0.0002625,4.89256,0.000837065,1,0.000666717,-9.7707e-05,-0.0002625,1098.57
0,1001787,2,phononTS,0.000868592,0.00167864,-0.00279369,0.000262498,4.89256,0.000328698,1,0.00167533,-0.00276795,-0.0002625,153.716
0,1025559,6,phononTF,0.00170246,0.00369995,-0.00347468,-0.000261731,41.3961,0.000964912,1,0.00369962,-0.00347502,-0.0002625,1887.74
0,1034768,6,phononTS,0.00104908,0.00151549,-0.00310508,-0.0002625,426.937,0.000382,1,0.000997443,-0.0030043,0.0002625,945.605
0,1046789,11,phononTS,0.00042107,-0.000369768,0.0023116,-0.0002625,5204.76,0.000382,1,1.24462e-06,0.00199506,0.0002625,5831.74
0,1056400,7,phononTF,0.000458073,0.00212674,-0.00212229,-0.0002625,349.635,0.000382,1,0.00199971,-0.00199671,0.0002625,1459.8
0,1056400,5,phononTS,0.0010959,0.00167206,-0.00280329,0.000262498,3.75628,0.0010959,1,0.00170986,-0.00305515,-0.0002625,194.586
0,1056400,4,phononTF,0.000457616,0.00167206,-0.00280329,0.000262498,3.75628,0.000457616,1,0.00183885,-0.00295662,-0.0002625,164.821
0,1070477,5,phononTS,0.00135896,0.00161366,-0.00268238,-0.0002625,47.5497,0.000382,1,0.00199696,-0.00199931,0.0002625,559.524
0,1073365,9,phononTF,0.00121889,2.48769e-06,-0.00199543,0.0002625,48.111,0.00121889,1,-5.55933e-05,-0.00205143,-0.0002625,2131.4
0,1087032,7,phononTS,0.000678618,0.00107698,-0.00114652,-0.0002625,339.865,0.000382,1,0.00100389,-0.00100346,0.0002625,1613.59
0,1092805,9,phononTS,0.000698314,6.74689e-07,0.00200063,0.000262499,7579.43,0.000698314,1,4.88276e-05,0.00194147,-0.0002625,7726.07
0,1100997,7,phononTS,0.000890138,0.00126362,-0.00311816,-0.0002625,1122.36,0.000382,1,0.000997662,-0.00300236,0.0002625,1747.18
0,1103418,5,phononTF,0.000431752,0.00133476,-0.0028496,-0.000262498,209.638,0.000382,1,0.000997781,-0.00300068,0.0002625,402.513
0,1112401,7,phononTS,0.000406727,-0.0030009,-0.00100474,0.000262499,3295.29,0.000406727,1,-0.00295387,-0.000945689,-0.0002625,3451.42
0,1120204,6,phononTS,0.000386481,0.000995128,-0.00299651,0.000262498,1025.04,0.000386481,1,0.00104331,-0.0030488,-0.0002625,1171.81
0,1128352,6,phononTS,0.000526701,0.000998338,-0.0030017,0.0002625,278.696,0.000526701,1,0.000668657,-0.00282851,-0.0002625,734.57
0,1128352,3,phononTS,0.000592377,0.00168922,-0.00280397,0.000262498,13.0178,0.000592377,1,0.00176777,-0.00290487,-0.0002625,189.47
0,1128352,2,phononTS,0.00146493,0.00168922,-0.00280397,0.000262498,13.0178,0.000712124,1,0.0032162,-0.00227586,-0.0002625,574.71
0,1140080,8,phononTS,0.00040736,0.00100192,0.000995847,0.0002625,1150.24,0.00040736,1,0.000927669,0.000985651,-0.0002625,1471.31
0,1140080,2,phononTF,0.00106658,0.00167638,-0.00279964,0.000262498,2.51783,0.00106658,1,0.00193422,-0.00255688,-0.0002625,180.899
0,1145085,6,phononTF,0.000400069,0.000419922,-0.0015754,-0.000262498,3109.21,0.000382,1,-1.4085e-06,-0.00199744,0.0002625,3334.34
0,1147145,5,phononTS,0.00120309,0.00182281,-0.00239909,-0.0002625,22.9357,0.000764,1,0.00199683,-0.00200216,0.0002625,505.843
0,1147145,4,phononTS,0.000900109,0.00164879,-0.00279601,0.000262498,22.9357,0.000882814,1,0.00122107,-0.00271097,-0.0002625,260.473
0,1159498,4,phononTF,0.00325039,0.000833613,-0.00317984,7.51838e-05,80.2807,0.000764,1,0.00100184,-0.00300172,0.0002625,920.816
0,1168265,9,phononTS,0.000525109,0.00200399,-0.00199747,0.000262498,527.377,0.000525109,1,0.0019725,-0.00198329,-0.0002625,687.481
0,1194877,4,phononTS,0.00208581,0.00108198,-0.00345685,0.000233599,114.886,0.000764,1,0.00100022,-0.0029974,0.0002625,544.81
0,1198503,14,phononTS,0.000495528,0.000327164,-0.000917314,-0.0002625,891.915,0.000382,1,0.00100264,-0.000997154,0.0002625,1628.06
0,1199716,3,phononTS,0.000846636,0.00196174,-0.00210068,-0.0002625,8.09342,0.000764,1,0.0020025,-0.00200159,0.0002625,1322.65
0,1203174,11,phononTS,0.000957176,0.00100314,-0.00300442,0.000262498,879.263,0.000874273,1,-0.00042962,-0.00409157,-0.0002625,1500.24
0,1217786,6,phononL,0.000873198,0.00114499,5.27011e-05,-0.0002625,344.37,0.000382,1,0.000997988,0.000999603,0.0002625,1147.66
0,1220466,7,phononTS,0.000750582,0.00122001,-0.00021268,-0.0002625,104.716,0.000382,1,0.000997375,0.000996555,0.0002625,3365.35
0,1220466,6,phononTF,0.00190711,0.000994475,-0.00265656,-0.000150325,104.716,0.00122329,1,0.00101904,-0.0026794,-0.0002625,386.113
0,1224050,8,phononTS,0.00042666,0.00199849,0.00199636,0.000262498,3478.43,0.00042666,1,0.00200137,0.00230704,-0.0002625,3683.74
0,1234001,7,phononTS,0.000448443,-4.34231e-06,0.00200147,0.000262498,6105.51,0.000448443,1,3.58651e-05,0.00204049,-0.0002625,6252.77
0,1243115,6,phononTF,0.000531536,0.00100274,-0.00100461,0.0002625,1365.73,0.000531536,1,0.00066788,-0.000697509,-0.0002625,2537.62
0,1243115,4,phononL,0.000418337,0.00167484,-0.00279944,0.000262498,3.51094,0.000418337,1,0.00134034,-0.00326988,-0.0002625,149.35
0,1249361,6,phononTS,0.00113556,0.00133999,-0.00289945,-0.0002625,11.8922,0.000382,1,0.00100307,-0.00300444,0.0002625,453.243
0,1250746,3,phononTS,0.000522492,0.000860193,0.00228857,-0.0002625,7.22402,0.000382,1,-1.75804e-06,0.00200111,0.0002625,11222.5
0,1254475,8,phononTS,0.000762785,0.00200456,-0.00200195,0.000262498,624.355,0.000762785,1,0.00205472,-0.00257383,-0.0002625,885.079
0,1258776,4,phononTF,0.000559943,0.00299645,0.000995613,0.0002625,2179.53,0.000559943,1,0.0028158,0.00120634,-0.0002625,4375.31
0,1259078,7,phononTF,0.00122322,-0.000150773,-0.00185821,-0.0002625,345.27,0.000382,1,3.98673e-06,-0.0019992,0.0002625,2644.21
0,1270050,7,phononL,0.000460426,-0.00103865,-0.000293,-0.000262498,2628.68,0.000382,1,-3.38469e-06,-3.78364e-06,0.0002625,2852.26
0,1283626,4,phononTF,0.000407535,0.00183871,-0.00240124,-0.0002625,10.6913,0.000382,1,0.00200008,-0.00200326,0.0002625,425.237
0,1283626,3,phononTF,0.000807121,-0.005,-0.00337006,-0.000190582,10.6913,0.000807121,1,-0.00495504,-0.00332586,-0.0002625,1998.69
0,1285536,5,phononTF,0.00092419,-1.12234e-06,-0.00200149,0.000262498,7462.94,0.000817034,1,-0.000336556,-0.00168173,-0.0002625,7660.21
0,1301607,2,phononTF,0.000940366,-0.000632121,0.0018685,-0.0002625,3.82297,0.000382,1,-0.00200163,2.76347e-06,0.0002625,4075.32
0,1302931,7,phononTS,0.000424925,0.00180995,-0.00220599,-0.0002625,103.651,0.000382,1,0.00199998,-0.002004,0.0002625,962.377
0,1308716,6,phononTF,0.00103219,0.00200037,-0.00200017,0.0002625,12.325,0.00103219,1,0.00191163,-0.00190365,-0.0002625,1079.52
0,1311769,8,phononTS,0.00104706,0.00200155,-0.00200057,0.0002625,320.596,0.00086379,1,0.00209909,-0.00153758,-0.0002625,1060.35
0,1314054,3,phononTF,0.00303821,0.00197542,-0.00202505,0.000213106,75.5935,0.000382,1,0.00200073,-0.00200223,0.0002625,320.175
0,1328705,4,phononL,0.000469692,0.00146036,-0.00330422,-0.000262498,439.391,0.000382,1,0.000998247,-0.00300344,0.0002625,581.441
0,1337577,6,phononTS,0.000537168,0.0019985,-0.00200462,0.000262498,2292.06,0.000537168,1,0.00223801,-0.00252534,-0.0002625,2568.55
0,1337577,3,phononTS,0.00212711,0.00194413,-0.00308894,-7.49232e-05,14.1894,0.00164205,1,0.00194718,-0.00308463,-0.0002625,213.792
0,1338605,8,phononTF,0.000597357,0.00100066,-0.00299579,0.000262498,549.239,0.000597357,1,-0.000162091,-0.00255843,-0.0002625,963.552
0,1338605,4,phononL,0.000583895,0.0016991,-0.00280003,0.000262498,19.2817,0.000583895,1,0.00174752,-0.00283385,-0.0002625,127.504
0,1344015,7,phononTS,0.00115368,0.00168239,-0.00295563,-0.0002625,25.7167,0.000382,1,0.00099831,-0.0030036,0.0002625,492.668
0,1364119,8,phononTF,0.00168353,4.9139e-06,-0.00200156,0.0002625,87.2815,0.00137427,1,8.55852e-05,-0.00191538,-0.0002625,1416.8
0,1366454,7,phononL,0.000742594,-0.00037686,-0.00109442,-0.0002625,1955.97,0.000382,1,-0.00100345,-0.00100405,0.0002625,2689.03
0,1366454,3,phononL,0.000412652,0.00168342,-0.00279984,0.000262498,7.836,0.000412652,1,0.00171367,-0.00246097,-0.0002625,126.997
0,1372343,7,phononL,0.000952756,0.00189649,-0.00259544,-0.0002625,25.2355,0.000382,1,0.00200014,-0.00199936,0.0002625,289.036
0,1378211,3,phononTF,0.00489404,0.000990665,-0.00297497,0.000255432,17.444,0.00191,1,0.000998,-0.00299656,0.0002625,843.475
0,1395675,8,phononTF,0.00053188,0.000803762,-0.00281934,-0.000262498,703.435,0.000382,1,0.000996767,-0.00299511,0.0002625,868.524
0,1398039,3,phononTS,0.000825691,-0.0020005,2.46457e-06,0.0002625,2.32949,0.000825691,1,-0.00451644,-0.00209598,-0.0002625,5797.43
0,1404797,7,phononTF,0.000722549,0.00200455,-0.00200159,0.0002625,366.133,0.000215683,1,0.00176393,-0.00243869,-0.0002625,1361.58
0,1407312,9,phononTS,0.00124652,2.36957e-06,-0.00200107,0.000262498,678.823,0.00106742,1,-0.000156531,-0.00197053,-0.0002625,852.426
0,1412122,12,phononTF,0.000533966,0.00200017,-0.00200135,0.0002625,667.524,0.000533966,1,0.00252772,-0.00150706,-0.0002625,1177.54
0,1416364,11,phononTF,0.000415314,0.0011622,-0.00282747,-0.000262498,294.823,0.000382,1,0.00100335,-0.00299649,0.0002625,457.477
0,1416364,3,phononTF,0.000928872,0.00166955,-0.00281665,0.000262498,45.7808,0.000928872,1,0.00182822,-0.00265655,-0.0002625,206.822
0,1416535,6,phononTS,0.000462306,0.000997186,-0.000998896,0.000262498,4075.29,0.000462306,1,0.00102821,-0.000972681,-0.0002625,4223.57
0,1431568,4,phononTS,0.00122883,0.00190831,0.00198056,-0.0002625,2.3767,0.000382,1,0.0019981,0.00199651,0.0002625,6589.93
0,1433737,7,phononTS,0.000692229,-0.0020022,0.00200383,0.000262498,3056.47,0.000423314,1,-0.00272799,0.00375867,-0.0002625,3701.75
0,1433737,4,phononTS,0.00109332,0.00161488,-0.00278819,0.000262498,106.024,0.00109332,1,0.00173885,-0.0027428,-0.0002625,273.857
0,1440181,8,phononTS,0.000519443,0.00200091,-0.00199611,0.000262498,1120.75,0.000519443,1,0.00279101,-0.00252824,-0.0002625,1501.23
0,1440945,7,phononTS,0.00046091,0.00102201,-0.00307496,-0.000262498,375.831,0.000382,1,0.000997486,-0.00300341,0.0002625,537.403
0,1440945,4,phononTS,0.000742239,0.00166184,-0.00279445,0.000262498,17.7533,0.000742239,1,0.0017118,-0.00297862,-0.0002625,195.412
0,1440945,3,phononTS,0.000881562,0.00166184,-0.00279445,0.000262498,17.7533,0.000881562,1,0.00151328,-0.00284465,-0.0002625,197.897
0,1440945,2,phononTF,0.000416932,0.00166184,-0.00279445,0.000262498,17.7533,0.000416932,1,0.00141183,-0.00305056,-0.0002625,196.829
0,1482268,4,phononTS,0.00109174,0.00133998,-0.00189851,-0.0002625,10.599,0.000764,1,0.00100341,-0.000999768,0.0002625,739.683
0,1482268,3,phononTS,0.000528964,0.00167655,-0.00279724,0.000262498,10.599,0.000528964,1,0.00169284,-0.00275937,-0.0002625,160.059
0,1483295,8,phononTS,0.00152219,0.000996403,0.000995731,0.0002625,262.916,0.00123828,1,0.0010978,0.00104674,-0.0002625,2053.31
0,1483295,2,phononTS,0.00351819,0.0011982,-0.00185212,-0.000236372,2.97247,0.003088,1,0.00115963,-0.0018478,-0.0002625,789.054
0,1487222,2,phononTS,0.000957091,0.00134257,-0.00190721,-0.0002625,19.2549,0.000382,1,0.000996012,-0.000997453,0.0002625,756.271
0,1489111,3,phononL,0.00136413,0.00199801,-0.00199807,0.0002625,3.28885,0.00122755,1,0.00145191,-0.00200381,-0.0002625,1990.76
0,1489111,2,phononTS,0.000465951,0.00167154,-0.00280371,0.000262498,3.28885,0.000465951,1,0.0019834,-0.00409529,-0.0002625,479.542
0,1490809,5,phononTS,0.000906139,0.00146777,-0.00265446,-0.000262498,185.233,0.000382,1,0.000998755,-0.00299586,0.0002625,466.262
0,1490809,6,phononTF,0.000485214,0.000998755,-0.00299586,0.000262498,466.262,0.000485214,1,0.000910054,-0.00307928,-0.0002625,618.436
0,1490809,2,phononTS,0.00158306,0.00166152,-0.00279588,0.000262498,19.7067,0.000882322,1,0.00152616,-0.00370909,-0.0002625,376.658
0,1500431,11,phononTS,0.000855746,0.00199511,-0.00199681,0.0002625,326.137,0.000855746,1,0.00157668,-0.000663164,-0.0002625,2084.67
0,1502721,4,phononTF,0.000456295,0.00133191,-0.00287137,-0.0002625,84.5309,0.000382,1,0.000997179,-0.0029954,0.0002625,468.281
0,1507040,11,phononTS,0.000497037,0.00100267,-0.00299918,0.0002625,2382.37,0.000497037,1,-0.00329062,-0.000215719,-0.0002625,4642.37
0,1515620,6,phononTS,0.000895296,3.60427e-06,-0.00199785,0.0002625,321.25,0.000468694,1,-0.00115003,-0.00180041,-0.0002625,1178.96
0,1515620,4,phononTS,0.00140981,0.00184181,0.00225209,-1.09898e-05,49.405,0.00140981,1,0.00272912,0.00290841,-0.0002625,2916.42
0,1515620,3,phononTS,0.00301303,0.00177587,-0.00273214,0.000222074,49.405,0.00218596,1,0.00203226,-0.00218762,-0.0002625,349.188
0,1515620,2,phononL,0.00102934,0.00171513,-0.00278303,0.000262498,49.405,0.000891337,1,0.00233932,-0.0025426,-0.0002625,206.844
0,1523388,2,phononTF,0.00404373,0.0010066,-0.00297036,0.000222031,15.0913,0.000382,1,0.000996086,-0.00299784,0.0002625,1285.54
0,1534749,4,phononTS,0.00052,0.00170398,-0.00257379,-0.000262498,601.96,0.000382,1,0.000995964,-0.00100426,0.0002625,1192.57
0,1540065,4,phononTF,0.00108742,0.00189621,-0.00212614,-0.0002625,3.46326,0.000382,1,0.00199907,-0.00200409,0.0002625,2791.72
0,1554141,8,phononTF,0.000975333,0.00199861,-0.00200492,0.000262498,560.719,0.000510562,1,0.00168503,-0.00167958,-0.0002625,755.896
0,1559801,4,phononTF,0.00253741,0.00131212,-0.00330799,1.80014e-05,185.258,0.000764,1,0.00099536,-0.00299782,0.0002625,861.256
0,1561619,7,phononTF,0.000425509,-0.000999513,0.000997539,0.000262498,15906,0.000425509,1,-0.00121768,0.00121244,-0.0002625,16078.1
0,1574837,5,phononTS,0.000552065,0.00096514,-0.00314644,-0.0002625,734.682,0.000382,1,0.00100203,-0.00300424,0.0002625,1588.23
0,1574837,2,phononTS,0.00371493,0.00248348,-0.00219913,-7.24744e-05,12.3986,0.00257963,1,0.00242461,-0.00218516,-0.0002625,389.6
0,1583034,6,phononTF,0.000603004,0.00100047,-0.00299657,0.0002625,36.2124,0.000603004,1,0.000667052,-0.00309661,-0.0002625,609.912
0,1589530,10,phononTS,0.00120424,0.00100263,-0.00300041,0.000262498,472.425,0.000900056,1,0.00103787,-0.00274156,-0.0002625,664.268
0,1591913,6,phononL,0.000699584,-0.000283769,-0.000590799,-0.0002625,1263.99,0.000382,1,9.27243e-07,3.10918e-06,0.0002625,1700.88
0,1598573,2,phononTS,0.00387247,0.00103392,-0.00301057,0.000228912,60.0532,0.000382,1,0.00100351,-0.00300134,0.0002625,677.919
0,1598573,9,phononTS,0.00208711,0.00100351,-0.00300134,0.000262498,677.919,0.000809725,1,0.00218635,-0.00340332,-0.0002625,1134.78
0,1603319,7,phononTF,0.000703705,0.000656628,-0.00337066,-0.0002625,1731.94,0.000382,1,0.00100037,-0.00300036,0.0002625,3166.76
0,1603319,5,phononTS,0.000740436,0.00167901,-0.0027938,0.000262498,4.41231,0.00065054,1,0.00171024,-0.00279816,-0.0002625,155.114
0,1620850,8,phononTS,0.000542914,0.00100405,-0.00299756,0.0002625,138.409,0.000542914,1,0.000221286,-0.00282449,-0.0002625,780.357
0,1621091,4,phononTF,0.000698396,0.00200154,-0.0020014,0.0002625,3.66095,0.000698396,1,0.000452223,-0.00108311,-0.0002625,2842.29
0,1652913,7,phononTS,0.00134557,0.0020017,-0.00200218,0.000262498,1042.11,0.000866342,1,0.00204898,-0.00198878,-0.0002625,1194.48
0,1654944,10,phononL,0.000448626,0.000995886,-0.00299805,0.0002625,498.18,0.000448626,1,0.00104037,-0.00303332,-0.0002625,714.573
0,1659113,12,phononTS,0.00057464,6.62974e-05,-0.00248721,-0.000262498,1454.13,0.000382,1,-4.60818e-06,-0.00199599,0.0002625,1704.44
0,1659560,3,phononTS,0.000723831,0.00100428,-0.00299655,0.0002625,24.4845,0.000723831,1,0.000204786,-0.00317129,-0.0002625,860.115
0,1659878,4,phononTS,0.000452116,0.00183408,-0.00239147,-0.0002625,86.7353,0.000382,1,0.0020047,-0.00200078,0.0002625,566.192
0,1659878,2,phononTF,0.00321754,0.00347901,-0.00497011,-0.000224815,45.5624,0.00151327,1,0.00349717,-0.0049783,-0.0002625,1797.05
0,1662032,10,phononL,0.00052272,0.00133167,-0.00335927,-0.0002625,1994.01,0.000382,1,0.0010042,-0.00300219,0.0002625,2395.41
0,1663482,7,phononTS,0.000415135,-0.000997589,-0.000999758,0.000262498,1700.35,0.000415135,1,-0.00191992,-0.000426572,-0.0002625,2117.25
0,1663743,5,phononTS,0.000661918,0.00190359,-0.00163428,-0.0002625,296.359,0.000382,1,0.00100481,-0.00100152,0.0002625,3150.99
0,1682769,9,phononTS,0.00049377,0.00100171,-0.00300166,0.0002625,620.189,0.00049377,1,-7.74103e-05,-0.00282975,-0.0002625,1328.35
0,1682769,2,phononTS,0.00119656,0.00170244,-0.0028018,0.000262498,51.1655,0.00119656,1,0.00104461,-0.00309504,-0.0002625,365.61
0,1689005,7,phononTF,0.00345878,0.00200186,-0.00199127,0.00023553,79.0375,0.000764,1,0.00199809,-0.00199513,0.0002625,1111.95
0,1695204,7,phononTF,0.00091762,-0.000868179,-0.001433,0.000100579,1143.85,0.000360656,1,-0.000419521,-0.00121322,-0.0002625,1666.58
0,1696979,7,phononTF,0.000444101,0.00175787,-0.000217834,-0.000262498,1010.58,0.000382,1,0.00200224,4.93444e-06,0.0002625,1185.2
0,1701170,8,phononTF,0.000741052,0.00198652,-0.00222542,-0.0002625,347.585,0.000382,1,0.00200323,-0.0019981,0.0002625,1190.49
0,1702918,4,phononTS,0.0021937,-3.27437e-05,-0.00203196,-0.00018048,32.3376,0.000764,1,-1.70268e-06,-0.00200014,0.0002625,819.375
0,1705055,8,phononTF,0.000436793,-0.00200029,-0.00199823,0.000262498,11368.2,0.000436793,1,-0.0020229,-0.0019825,-0.0002625,11516.4
0,1706116,10,phononTS,0.000456363,0.00126044,-0.00295203,-0.000262498,510.223,0.000382,1,0.00100344,-0.00299975,0.0002625,701.528
0,1708014,3,phononTF,0.000977078,0.00100061,-0.00299822,0.0002625,4.63628,0.000977078,1,0.00125356,-0.00327604,-0.0002625,596.434
0,1708449,6,phononTF,0.0034701,0.00185455,-0.00213635,0.000140716,393.407,0.001146,1,0.00199509,-0.00200408,0.0002625,937.206
0,1708449,7,phononL,0.000917486,0.00199509,-0.00200408,0.000262498,937.206,0.000917486,1,0.0019587,-0.00295482,-0.0002625,1135.69
0,1711258,10,phononTF,0.000452594,-5.04181e-07,0.00200389,0.0002625,2308.79,0.000452594,1,0.000526306,0.00256508,-0.0002625,3314.03
0,1711258,2,phononTF,0.00038205,0.00166466,-0.00279123,0.000262498,17.5444,0.00038205,1,0.000440239,0.000937881,-0.0002625,1174.95
0,1713035,7,phononTS,0.000537229,0.00100371,-0.00300349,0.0002625,852.218,0.000537229,1,0.001047,-0.00305033,-0.0002625,1147.75
0,1713880,12,phononTS,0.00039812,0.00100106,0.00100095,0.000262498,3100.11,0.00039812,1,0.000759163,0.00105177,-0.0002625,3288.34
0,1716729,2,phononTS,0.00332532,0.000991949,-0.00300476,0.000196959,21.1528,0.000382,1,0.000997455,-0.00300268,0.0002625,982.748
0,1716729,13,phononTS,0.000879395,0.000997455,-0.00300268,0.000262498,982.748,0.000769202,1,0.00105209,-0.00297676,-0.0002625,1131.08
0,1716729,12,phononTS,0.000692933,0.000997455,-0.00300268,0.000262498,982.748,0.000692933,1,0.000987255,-0.00298234,-0.0002625,1135.1
0,1729088,4,phononTS,0.000518361,0.00212154,-0.000819318,-0.0002625,56.8441,0.000382,1,0.00100298,-0.00100062,0.0002625,2854.66
0,1749193,8,phononTF,0.00054747,-0.00256657,-0.00059302,-0.0002625,1374.25,0.000382,1,-0.00299786,-0.00100219,0.0002625,2056.83
0,1749193,2,phononTF,0.000890304,0.00169564,-0.0027893,0.000262498,32.9734,0.000724111,1,0.00183711,-0.00234129,-0.0002625,252.437
0,1749914,9,phononTF,0.00146382,0.00172452,-0.0023042,-0.0002625,1498.51,0.000764,1,0.00200451,-0.00199847,0.0002625,1874.92
0,1753365,11,phononTS,0.00062327,-0.000625033,-0.00122768,-0.0002625,1625.59,0.000382,1,-0.000999535,-0.000998507,0.0002625,3583.15
0,1753365,10,phononTS,0.00054203,0.0047785,-0.005,0.000231217,1625.59,0.00054203,1,0.00420897,-0.00393998,-0.0002625,3100.47
0,1756342,9,phononTS,0.000428993,0.00287426,0.005,0.000123031,1253.52,0.000428993,1,0.00495172,0.00273697,-0.0002625,4335.55
0,1768126,6,phononL,0.00113257,0.00183541,-0.00240945,-0.0002625,24.0965,0.000764,1,0.00199958,-0.00200069,0.0002625,280.316
0,1769341,6,phononTS,0.0004312,0.0020188,-0.00205184,-0.0002625,1075.4,0.000382,1,0.00199697,-0.00200433,0.0002625,1646.49
0,1769341,4,phononL,0.00159975,0.00198821,-0.00294947,-7.58062e-05,350.934,0.00111656,1,0.00209122,-0.00302303,-0.0002625,580.073
0,1779783,5,phononL,0.000771667,0.00138463,-0.00282219,-0.0002625,161.224,0.000382,1,0.0010033,-0.00300273,0.0002625,414.021
0,1790502,8,phononTS,0.000521469,-4.65141e-06,-0.00200104,0.0002625,495.613,0.000521469,1,-0.000414344,-0.00170773,-0.0002625,1834.88
0,1801471,8,phononTF,0.00116623,0.00108598,-0.00291291,-0.0002625,552.378,0.000382,1,0.00200309,-0.00200219,0.0002625,1793.73
0,1801471,9,phononTF,0.000537263,0.00200309,-0.00200219,0.000262498,1793.73,0.000537263,1,0.00173389,-0.00215009,-0.0002625,1972.42
0,1815947,9,phononTS,0.00056173,0.000996739,-0.00299814,0.000262498,933.994,0.00056173,1,0.00103254,-0.00292112,-0.0002625,1102.07
0,1819998,5,phononTS,0.00085004,0.00117265,-0.00295195,-0.0002625,14.5792,0.000382,1,0.00100445,-0.00300168,0.0002625,713.896
0,1820210,6,phononTS,0.00149935,0.00105533,-0.00303171,-0.000262498,1640.72,0.000382,1,0.000995722,-0.00299833,0.0002625,1806.27
0,1820210,7,phononL,0.000682705,0.000995722,-0.00299833,0.000262498,1806.27,0.000370898,1,0.00084452,-0.00293211,-0.0002625,1916.68
0,1824153,2,phononTS,0.00317774,0.00197991,-0.00201068,-0.000135577,19.7234,0.000382,1,0.0020019,-0.00199981,0.0002625,523.351
0,1829412,2,phononTF,0.00422005,0.0010421,-0.00304183,0.000166832,110.342,0.000764,1,0.00100183,-0.00299904,0.0002625,538.525
0,1831858,9,phononTF,0.00125065,0.00199583,-0.00200483,0.0002625,1332.6,0.00125065,1,0.00221634,-0.00181924,-0.0002625,2298.66
0,1833356,11,phononTF,0.000439891,0.00143102,-0.00340456,-0.000262498,451.726,0.000382,1,0.000996238,-0.00300113,0.0002625,674.557
0,1833356,8,phononL,0.000879645,0.00176808,-0.00273389,0.000262498,128.229,0.000710393,1,0.002092,-0.0041596,-0.0002625,420.036
0,1854446,4,phononTF,0.00121021,0.000324857,-0.000856611,-0.0002625,5.96446,0.000382,1,-0.00100292,0.00100195,0.0002625,1408.96
0,1858662,10,phononTS,0.00051484,0.0019984,-2.79866e-06,0.000262498,2749.29,0.00051484,1,0.00209959,0.00076246,-0.0002625,3054.81
0,1869180,7,phononTS,0.000439788,0.00100081,-0.00300033,0.000262498,2453.09,0.000439788,1,0.000717658,-0.00409536,-0.0002625,2879.12
0,1870124,4,phononTS,0.00125446,0.00168708,-0.00310097,-0.0002625,24.9168,0.000382,1,0.000996689,-0.00300241,0.0002625,473.735
0,1884301,8,phononTF,0.000503636,0.00100078,-0.0029953,0.000262498,882.943,0.000503636,1,0.000677678,-0.00297681,-0.0002625,1071.27
0,1889703,3,phononTF,0.00394762,0.000993499,-0.00298943,0.000257841,6.01187,0.000764,1,0.000996004,-0.00299539,0.0002625,538.357
0,1890968,6,phononTF,0.000448936,0.000446801,-0.00246263,-0.0002625,1.95373,0.000382,1,4.66712e-06,-0.00200166,0.0002625,2889.01
0,1890968,5,phononTF,0.000502957,0.00167363,-0.00279856,0.000262498,1.95373,0.000502957,1,0.00167613,-0.00294723,-0.0002625,159.332
0,1893383,15,phononTF,0.000544105,0.00242928,0.000408805,-0.000262498,1263.33,0.000382,1,0.00299575,0.00100216,0.0002625,1540.52
0,1897229,2,phononTS,0.000567135,0.00200422,-0.00199713,0.0002625,11.4339,0.000567135,1,0.0020882,-0.00179521,-0.0002625,975.912
0,1923662,10,phononTF,0.000868084,0.00100488,-0.00300011,0.0002625,798.986,0.000868084,1,0.000805435,-0.00318067,-0.0002625,1131.13
0,1947589,8,phononTS,0.000774751,0.00100122,-0.00299669,0.000262498,521.214,0.000774751,1,0.000993385,-0.00295736,-0.0002625,681.584
0,1955301,9,phononTF,0.000386156,0.000995307,-0.00299691,0.000262498,599.274,0.000386156,1,0.00140284,-0.0025572,-0.0002625,823.435
0,1958258,8,phononTS,0.00126141,0.005,0.00408169,0.000149408,780.409,0.000896387,1,0.00459667,0.00405884,-0.0002625,4784.26
0,1960573,10,phononTF,0.000412773,-0.00165358,0.000508686,-0.000262498,1675.82,0.000382,1,-0.00199784,-2.6e-06,0.0002625,1916.35
0,1966438,7,phononTF,0.00257474,0.000993622,-0.00282032,-0.000219589,218.602,0.000764,1,0.00100352,-0.00299734,0.0002625,699.159
0,1966438,12,phononTF,0.00132331,0.00100352,-0.00299734,0.000262498,699.159,0.000977616,1,0.000768545,-0.00322082,-0.0002625,874.436
0,1976199,3,phononTF,0.00120296,0.00225017,-0.00226779,-0.0002625,57.0675,0.000382,1,0.00199658,-0.00199965,0.0002625,505.803
0,2003009,10,phononTF,0.000551264,0.000901775,-0.00311138,-0.0002625,1366.57,0.000382,1,0.00100363,-0.00300389,0.0002625,1842.21
0,2003009,7,phononTF,0.000663134,0.0016737,-0.00281987,0.000262498,12.3672,0.000663134,1,0.00215244,-0.00221628,-0.0002625,283.843
0,2006847,13,phononTS,0.000432377,0.000999217,-0.00300318,0.0002625,1395.42,0.000432377,1,0.000819541,-0.00325253,-0.0002625,1823.58
0,2009477,6,phononTS,0.000457285,1.99093e-05,-3.78637e-05,-0.000262498,1642.92,0.000382,1,-2.26349e-06,8.63595e-07,0.0002625,1791.83
0,2031914,12,phononL,0.0006408,0.00100269,-0.00299789,0.000262498,691.597,0.0006408,1,0.00102705,-0.00346037,-0.0002625,821.339
0,2034559,7,phononTS,0.00066576,0.000999055,-0.00299913,0.000262498,723.896,0.00066576,1,0.000972767,-0.00303482,-0.0002625,873.738
0,2034689,8,phononTS,0.000508899,0.000999614,-0.00100237,0.0002625,237.04,0.000508899,1,0.000191176,0.000917097,-0.0002625,1693.15
0,2034689,4,phononTS,0.00457067,0.00179399,-0.00334757,-0.000150083,73.3424,0.00286823,1,0.00179628,-0.00334952,-0.0002625,756.37
0,2035876,8,phononTS,0.00129482,0.000999082,-0.00299697,0.0002625,36.5372,0.00103037,1,0.00094932,-0.00293964,-0.0002625,979.486
0,2042479,9,phononTF,0.00043784,0.000996129,-0.00300296,0.000262498,709.437,0.00043784,1,0.00172284,-0.00430214,-0.0002625,1177.82
0,2055523,6,phononTS,0.000793255,0.00199622,-0.00199897,0.000262498,499.385,0.00034956,1,0.00442843,0.000410548,-0.0002625,1524.61
0,2062255,4,phononTF,0.000618479,0.00143804,-0.00252051,-0.000262498,243.617,0.000382,1,0.0010047,-0.00299912,0.0002625,482.187
0,2062255,2,phononTS,0.00115267,-0.005,0.00192267,7.92319e-05,16.9745,0.00115267,1,0.0011733,-0.00321816,-0.0002625,4793.81
0,2066579,7,phononTS,0.000714193,-5.13064e-05,-0.00193718,-0.000262498,1048.19,0.000382,1,3.18534e-06,-0.00199579,0.0002625,1216.08
0,2066579,5,phononL,0.000963313,0.00170059,-0.00282659,0.000262498,57.6429,0.000780466,1,0.00143292,-0.0030838,-0.0002625,179.718
0,2079921,7,phononTS,0.000889762,0.00178804,-0.0029101,-0.000262498,164.133,0.000382,1,0.00100479,-0.00299868,0.0002625,481.424
0,2090611,9,phononTS,0.000382844,-0.00100323,0.00299895,0.0002625,4205.86,0.000382844,1,-0.000965013,0.00298505,-0.0002625,5375.05
0,2098333,8,phononTF,0.000468641,0.000996201,-0.00299685,0.000262498,268.745,0.000468641,1,0.00122327,-0.00278398,-0.0002625,440.807
0,2139309,6,phononL,0.00242125,0.00111435,-0.00318017,0.000179911,657.76,0.000382,1,0.0010016,-0.00300212,0.0002625,702.174
0,2139309,8,phononTS,0.000393143,0.0010016,-0.00300212,0.000262498,702.174,0.000393143,1,0.00097408,-0.0030037,-0.0002625,860.564
0,2139309,7,phononTF,0.00112323,0.0010016,-0.00300212,0.000262498,702.174,0.00112323,1,0.000451855,-0.00250886,-0.0002625,962.147
0,2139309,5,phononTS,0.00103245,0.00111435,-0.00318017,0.000179911,657.76,0.00064297,1,0.00104003,-0.00304293,-0.0002625,815.3
0,2149923,5,phononTS,0.000633824,0.0011225,-0.00296624,-0.0002625,131.713,0.000382,1,0.00100045,-0.00300498,0.0002625,1450.39
0,2150441,9,phononTS,0.00180658,0.00109988,-0.00302068,-0.000262498,1014.38,0.000382,1,0.000998706,-0.00300305,0.0002625,1180.68
0,2160154,9,phononTS,0.00110822,0.00115844,-0.00295721,-0.0002625,113.448,0.000764,1,0.000996418,-0.00300085,0.0002625,810.06
0,2160477,11,phononL,0.000536727,0.00102882,-0.00278872,-0.000262498,356.762,0.000382,1,0.000997097,-0.00300169,0.0002625,468.972
0,2160477,8,phononTS,0.00160215,0.00471011,-0.00139125,4.94289e-06,88.7436,0.000731796,1,0.00427012,-0.00194466,-0.0002625,1567
0,2167930,7,phononTS,0.000520957,-0.00103094,0.00300521,-0.000262499,3996.15,0.000382,1,-0.00100452,0.00299745,0.0002625,4143.89
0,2178495,6,phononTF,0.000653398,0.00199976,0.00199767,0.000262499,3060.35,0.000653398,1,0.00207637,0.00208068,-0.0002625,3211.7
0,2183286,8,phononTF,0.000419996,0.00101396,-0.00293612,-0.000262498,1492.62,0.000382,1,0.00100123,-0.00299951,0.0002625,1642.37
0,2183411,4,phononTF,0.00101698,-0.0046654,-0.00261121,-0.0002625,5.28144,0.000382,1,-0.00299687,-0.000995004,0.0002625,3570.02
0,2183411,3,phononTF,0.000873299,0.001665,-0.00280549,0.000262498,5.28144,0.000873299,1,0.00194224,-0.00250178,-0.0002625,192.879
0,2201192,2,phononTS,0.000886232,0.00213154,-0.00127827,-0.0002625,13.6985,0.000382,1,0.00200411,-0.00199651,0.0002625,893.886
0,2212195,7,phononTF,0.00071177,0.00200042,-0.00200282,0.000262498,1151.39,0.00071177,1,0.00220658,-0.00171266,-0.0002625,1335.96
0,2214978,3,phononTF,0.0033605,0.00192578,-0.00210466,6.64623e-05,14.6209,0.000764,1,0.001998,-0.00200384,0.0002625,669.975
0,2221162,6,phononTS,0.000416606,-0.00194753,-0.00212826,-0.0002625,23.7774,0.000382,1,-0.00200189,-0.00200379,0.0002625,1516.3
0,2300041,4,phononTF,0.000791802,0.000837689,-0.00239925,-0.0002625,1.99164,0.000382,1,2.51386e-06,-0.00200097,0.0002625,653.474
0,2300041,3,phononTF,0.0007253,0.00167286,-0.00279753,0.000262498,1.99164,0.000353876,1,0.00180147,-0.00266641,-0.0002625,159.151
0,2303261,5,phononTS,0.000495098,0.00100135,0.000998638,0.0002625,9.90173,0.000495098,1,0.00192025,0.00294123,-0.0002625,4633.92
0,2303261,4,phononTF,0.00104959,0.00167115,-0.00280023,0.000262498,9.90173,0.00104959,1,0.00153459,-0.00292858,-0.0002625,166.988
0,2303261,3,phononTS,0.000404454,0.00167115,-0.00280023,0.000262498,9.90173,0.000404454,1,0.000535935,-0.00302938,-0.0002625,436.451
0,2312679,3,phononTF,0.000633825,0.00177891,-0.00221944,-0.0002625,32.0406,0.000382,1,0.00200338,-0.00199965,0.0002625,1004.24
0,2342815,7,phononTF,0.000837472,0.00100183,-0.00300052,0.0002625,541.757,0.000837472,1,0.00116888,-0.00316093,-0.0002625,1302.41
0,2343392,7,phononTS,0.000599314,0.000998664,-0.0030029,0.000262498,536.309,0.000599314,1,0.0010181,-0.00323487,-0.0002625,727.698
0,2350082,8,phononTF,0.00138382,-0.00074786,-0.00077066,-2.13405e-05,1761.43,0.000382,1,-0.000996327,-0.00100137,0.0002625,5000.45
0,2351098,3,phononTF,0.000710982,0.00133346,-0.00289681,-0.0002625,6.37087,0.000382,1,0.00100279,-0.00299846,0.0002625,387.657
0,2351098,2,phononTS,0.00110407,0.00166413,-0.00279516,0.000262498,6.37087,0.000551245,1,0.00169808,-0.00304283,-0.0002625,196.067
0,2354361,3,phononTF,0.000838876,0.00132667,-0.00192926,-0.0002625,147.078,0.000382,1,0.000995497,-0.00100082,0.0002625,843.911
0,2355708,8,phononTS,0.000807052,0.00195256,-0.00251227,-0.000262498,263.477,0.000382,1,0.000997005,-0.00299546,0.0002625,674.395
0,2355708,5,phononTF,0.00100706,0.00164515,-0.00280942,0.000262498,136.073,0.000647346,1,0.00168737,-0.00284775,-0.0002625,284.912
0,2355708,4,phononTS,0.000907742,0.00164515,-0.00280942,0.000262498,136.073,0.000537872,1,0.00158979,-0.00282589,-0.0002625,285.227
0,2356918,4,phononTS,0.000824591,0.00137313,-0.00078611,-0.0002625,8.1348,0.000382,1,0.0020047,-3.2405e-06,0.0002625,1952.47
0,2390681,10,phononL,0.000673102,-0.00129288,-0.000432046,-0.000262498,1175.74,0.000382,1,-0.00200314,-2.78548e-06,0.0002625,1362
0,2395959,8,phononTS,0.00129495,0.00197552,-0.00204451,-0.000262498,304.583,0.000764,1,0.00200012,-0.00199867,0.0002625,451.785
0,2395959,2,phononTF,0.0017387,-0.000955327,0.00192886,-0.000139933,74.1085,0.00102183,1,-0.00104993,0.00202279,-0.0002625,2563.64
0,2414566,2,phononTS,0.00385471,0.000928751,-0.0034219,-0.000156236,32.3957,0.000914807,1,0.000932165,-0.00341321,-0.0002625,905.066
0,2423092,3,phononTS,0.000535452,0.000957818,-0.003194,-0.0002625,40.969,0.000382,1,0.000996764,-0.00300186,0.0002625,2157.8
0,2428258,6,phononL,0.00137639,0.00173202,-0.00238257,-0.0002625,58.0559,0.000382,1,0.00200255,-0.00199526,0.0002625,316.089
0,2428258,7,phononTF,0.000637778,0.00461684,-0.00252979,-0.0002625,316.089,0.000637778,1,0.005,-0.00260813,-0.000185554,1250.09
0,2428258,5,phononTF,0.00326948,0.00184439,-0.00320149,1.4724e-05,58.0559,0.00139405,1,0.00167734,-0.00304471,-0.0002625,654.36
0,2435375,6,phononL,0.001508,2.03988e-06,-0.00199507,0.0002625,4.52749,0.001508,1,-0.000834756,-0.00159491,-0.0002625,610.104
0,2435775,4,phononTS,0.00129656,0.00133814,-0.00286189,-0.0002625,417.851,0.000382,1,0.000997507,-0.00300349,0.0002625,869.611
0,2438051,7,phononTS,0.000866677,0.00127665,-0.00297009,-0.000262498,296.755,0.000382,1,0.000999347,-0.0029952,0.0002625,493.339
0,2457760,8,phononTF,0.000548154,0.00100253,-0.00299727,0.000262498,1115.03,0.000548154,1,0.00107404,-0.00293686,-0.0002625,1265.64
0,2457760,5,phononTS,0.0010857,0.00116699,-0.00281693,0.000262498,811.247,0.000746026,1,0.00117141,-0.00294837,-0.0002625,984.028
0,2457760,2,phononTS,0.00132643,0.00167045,-0.00279536,0.000262498,5.2295,0.000779694,1,-0.00241918,0.00202856,-0.0002625,1954.78
0,2463897,7,phononTF,0.000499744,0.000477034,-0.00152153,-0.000262498,1000.71,0.000382,1,-2.61004e-06,-0.00200455,0.0002625,1244.08
0,2468437,9,phononL,0.00111531,0.00100334,-0.00300299,0.000262498,1456.22,0.000222541,1,0.00149959,-0.00227032,-0.0002625,1653
0,2481969,6,phononTS,0.000391109,0.00129289,-0.00295021,-0.000262498,374.543,0.000382,1,0.000997808,-0.00299937,0.0002625,573.353
0,2494202,9,phononTS,0.00075078,0.00199998,-0.00200009,0.000262498,1800.58,0.00075078,1,0.0025715,-0.00267423,-0.0002625,2163.24
0,2494202,2,phononTS,0.00281539,0.00190071,-0.00366075,-0.00018574,79.68,0.00191682,1,0.00184605,-0.00370801,-0.0002625,320.478
0,2495366,4,phononTS,0.00173171,0.000891295,-0.00278484,0.000175286,519.455,0.000382,1,0.000999212,-0.00299535,0.0002625,807.424
0,2507236,9,phononTS,0.000885188,0.00111004,-0.000944705,-0.0002625,1172.35,0.000382,1,0.00100356,-0.00100017,0.0002625,5656.76
0,2507236,10,phononTS,0.000441942,0.00100356,-0.00100017,0.000262498,5656.76,0.000441942,1,0.000820723,-0.000982441,-0.0002625,5839.22
0,2514059,5,phononTS,0.000410544,0.00117876,-0.00287344,-0.0002625,15.0404,0.000382,1,0.000997479,-0.0029962,0.0002625,2012.23
0,2524933,5,phononTF,0.000787576,0.00137407,-0.00264029,-0.0002625,256.315,0.000382,1,0.00100072,-0.00300096,0.0002625,672.375
0,2524933,4,phononTF,0.000436978,0.00174742,-0.00227963,0.000262498,256.315,0.000436978,1,0.000971357,-0.00151559,-0.0002625,597.046
0,2525923,3,phononTS,0.000407815,0.00027573,-0.00213282,-0.0002625,2.89516,0.000382,1,-2.72636e-06,-0.00199981,0.0002625,1279.76
0,2539537,10,phononTF,0.00109732,0.00200074,-0.00200454,0.000262498,491.054,0.000697286,1,0.00292438,-0.00242253,-0.0002625,840.908
0,2548933,5,phononL,0.00073109,0.000998318,-0.00299675,0.0002625,4.91711,0.00073109,1,0.000662149,-0.00309499,-0.0002625,364.934
0,2548933,4,phononTS,0.000684685,0.00167066,-0.00280028,0.000262498,4.91711,0.000116914,1,0.00169237,-0.00329073,-0.0002625,246.525
0,2558456,7,phononTF,0.000530775,0.00230275,-0.00170777,-0.000262498,1197.65,0.000382,1,0.00199688,-0.00199962,0.0002625,1387.55
0,2565718,9,phononTS,0.000499161,0.00100002,-0.00299935,0.0002625,2219.07,0.000499161,1,0.00105799,-0.00268472,-0.0002625,2641.21
0,2567684,12,phononTS,0.000550467,-0.000999933,-0.00100056,0.000262498,3669.79,0.000550467,1,0.00229442,0.00282942,-0.0002625,5199.94
0,2614282,9,phononTS,0.000419786,0.00199887,-0.00199693,0.000262498,499.085,0.000419786,1,0.00206032,-0.00195135,-0.0002625,645.817
0,2621115,9,phononTS,0.000401106,-0.000999832,0.0030031,0.000262498,5283.86,0.000401106,1,-0.00108699,0.00324857,-0.0002625,5484.86
0,2621115,2,phononTF,0.00170033,0.00165748,-0.00281431,0.000262498,49.1644,0.0011287,1,0.00201727,-0.00242498,-0.0002625,259.065
0,2626160,5,phononTF,0.000675838,-0.00196631,0.00202966,0.000150013,91.0953,0.000382,1,-0.00199687,0.00199632,0.0002625,1931.04
0,2628649,10,phononTF,0.00105853,0.00190667,-0.00214928,-0.0002625,1861.25,0.000382,1,0.00199981,-0.00200156,0.0002625,2177.5
0,2646875,8,phononL,0.000470135,0.00307768,0.000629445,-0.0002625,2102.52,0.000382,1,0.00300351,0.000996653,0.0002625,3447.73
0,2653996,9,phononTS,0.0030782,0.000992523,-0.00307349,0.000205228,623.243,0.00191,1,0.00100063,-0.00299923,0.0002625,1513.02
0,2670131,2,phononTS,0.000649333,0.00165531,-0.00214098,-0.0002625,6.81499,0.000382,1,0.00200191,-0.00199792,0.0002625,518.483
0,2683752,10,phononTS,0.000478253,0.00180352,-0.000948266,-0.0002625,198.017,0.000382,1,0.00100427,-0.000995473,0.0002625,3876.74
0,2698726,7,phononTF,0.00316405,0.00100313,-0.00299608,0.0002625,356.699,0.00178824,1,0.00119809,-0.00321151,-0.0002625,1777.2
0,2700327,10,phononTS,0.00134181,0.000947476,-0.0029153,-0.000262498,625.542,0.000382,1,0.00100478,-0.00299941,0.0002625,786.771
0,2703288,9,phononTF,0.000397758,0.005,-0.00208874,-6.58498e-05,1838.45,0.000397758,1,-0.00198657,-0.00299003,-0.0002625,5013.6
0,2709458,9,phononTS,0.000411446,-0.0010004,0.00299608,0.000262498,1902.08,0.000411446,1,-0.00104356,0.0025819,-0.0002625,2132.66
0,2709583,4,phononTF,0.00127688,0.00133845,-0.00289826,-0.0002625,4.65878,0.000382,1,0.00100246,-0.00299952,0.0002625,388.309
0,2709583,7,phononTS,0.000865555,0.00100246,-0.00299952,0.000262498,388.309,0.000865555,1,0.00179083,-0.00290503,-0.0002625,700.341
0,2710279,9,phononL,0.000470768,0.0022045,-0.000340008,-0.000262499,3462.18,0.000382,1,0.00199606,2.27709e-06,0.0002625,3586.74
0,2710279,2,phononTS,0.000457404,0.00164255,-0.00280869,0.000262498,49.4392,0.000457404,1,-0.000549323,-0.00380967,-0.0002625,844.837
0,2711437,14,phononL,0.000450241,2.23497e-06,-0.00199671,0.000262498,2008.6,0.000450241,1,3.36384e-05,-0.0026848,-0.0002625,2166.36
0,2714084,9,phononTS,0.000550103,0.00101696,-0.00282608,-0.000262498,300.847,0.000382,1,0.00100255,-0.00299783,0.0002625,478.636
0,2714084,3,phononTS,0.00101745,0.00168295,-0.00280628,0.000262498,15.5196,0.00101745,1,0.00208314,-0.00392293,-0.0002625,448.918
0,2714084,2,phononL,0.000559318,0.00168295,-0.00280628,0.000262498,15.5196,0.000559318,1,0.0017304,-0.00282096,-0.0002625,123.651
0,2722266,3,phononTS,0.00203784,0.000937056,-0.00297115,0.000158988,5.41585,0.000764,1,0.000997953,-0.00299877,0.0002625,518.148
0,2723328,3,phononTS,0.00109625,-0.00193997,-0.00210589,0.000247191,1.19582,0.000382,1,-0.00199827,-0.00200376,0.0002625,2734.47
0,2726194,9,phononTS,0.000528808,-5.12509e-05,-0.00139018,-0.0002625,1361.74,0.000382,1,-0.00099686,-0.000998304,0.0002625,2508.32
0,2726618,14,phononTS,0.000527209,0.00200364,-0.00200467,0.000262498,1180.02,0.000527209,1,0.00158754,-0.00191654,-0.0002625,1415.36
0,2729069,9,phononTS,0.0026612,0.000883323,-0.00299888,6.76691e-05,903.415,0.001146,1,0.00100462,-0.00300228,0.0002625,980.503
0,2729069,10,phononTS,0.000602208,0.00100462,-0.00300228,0.000262498,980.503,0.000602208,1,0.000952314,-0.00277132,-0.0002625,1166.61
0,2733734,7,phononTS,0.000459528,0.000999474,-0.00299983,0.0002625,104.271,0.000459528,1,-8.86381e-05,-0.00308065,-0.0002625,3626.24
0,2742126,8,phononTF,0.000458538,0.00200231,-0.00199695,0.000262498,483.298,0.000458538,1,0.000694682,-0.000560831,-0.0002625,1054.89
0,2762849,7,phononTF,0.000511537,-9.05033e-07,-0.00199878,0.000262498,2564.17,0.000511537,1,0.000263033,-0.00224203,-0.0002625,2743.21
0,2764674,8,phononTF,0.000642217,-0.000995437,0.00100075,0.000262498,1988.49,0.000642217,1,-0.000714021,0.000735458,-0.0002625,2172.36
0,2764674,6,phononL,0.0010757,0.00162947,-0.00320282,0.000262498,318.286,0.0010757,1,0.00257568,-0.00304698,-0.0002625,519.38
0,2764675,5,phononTS,0.0030469,0.00270257,-0.00312657,-5.82287e-05,2129.85,0.00143029,1,0.00232225,-0.00316219,-0.0002625,2526.63
0,2769983,5,phononTS,0.0012591,0.000996893,-0.00300076,0.0002625,2.8461,0.000647184,1,0.000539537,-0.0030186,-0.0002625,682.969
0,2776399,10,phononTS,0.000433235,0.00110442,-0.00208187,-0.0002625,388.699,0.000382,1,0.00100181,-0.00299999,0.0002625,1364.49
0,2787607,10,phononTS,0.000439125,0.00103756,-0.000862588,-0.0002625,562.572,0.000382,1,0.00100053,-0.000999855,0.0002625,1681.59
0,2796567,8,phononTS,0.000928183,0.000998361,-0.00299891,0.000262498,656.157,0.000928183,1,0.00101237,-0.00294594,-0.0002625,818.804
0,2800992,4,phononL,0.00361023,0.000931816,-0.00265837,1.5428e-05,617.634,0.000382,1,0.000999854,-0.00299993,0.0002625,1208.34
0,2800992,8,phononTS,0.000451933,0.000999854,-0.00299993,0.000262498,1208.34,0.000451933,1,0.000552749,-0.00274067,-0.0002625,1472.07
0,2814893,6,phononTF,0.000620874,0.00200391,-0.00199831,0.0002625,209.73,0.000620874,1,0.00215218,-0.00159666,-0.0002625,1020.04
0,2814893,4,phononTF,0.00131197,0.00167023,-0.00282692,0.000262498,12.5246,0.000731629,1,0.00203631,-0.00321057,-0.0002625,222.718
0,2818068,4,phononTS,0.00304741,0.000956267,-0.00307564,-7.16125e-05,102.704,0.000764,1,0.00100272,-0.0029956,0.0002625,1024.72
0,2830143,4,phononTS,0.00315902,0.00198696,-0.00197188,-0.000230923,653.842,0.0016792,1,0.00192221,-0.00193918,-0.0002625,905.463
0,2832109,6,phononTS,0.000797484,0.00121544,-0.00090891,-0.0002625,2999.02,0.000382,1,0.000996757,-0.00100397,0.0002625,3393.34
0,2832109,5,phononTS,0.000651796,0.00143413,-0.000813852,0.000262498,2999.02,0.000651796,1,0.00145714,-0.000846883,-0.0002625,3146.57
0,2848001,10,phononTS,0.000802489,0.000997093,-0.000999132,0.000262498,2886.63,0.000546277,1,0.00329249,0.00165143,-0.0002625,4006.14
0,2851933,7,phononTS,0.000624002,0.0018423,-0.00280799,-0.000262498,111.372,0.000382,1,0.00100146,-0.00299559,0.0002625,450.198
0,2853619,2,phononL,0.00337894,0.00197329,-0.00198511,0.0002281,3.51177,0.000764,1,0.00200493,-0.00200473,0.0002625,532.921
0,2853619,16,phononTS,0.000638347,0.00166924,-0.00134992,-0.000206775,771.956,0.000638347,1,0.000818079,-0.000792345,-0.0002625,1220.62
0,2853619,14,phononTF,0.000427613,0.00200493,-0.00200473,0.000262498,532.921,0.000427613,1,0.00215283,-0.00167266,-0.0002625,724.642
0,2862794,6,phononL,0.00117662,0.0013434,-0.00289855,-0.0002625,10.0287,0.000382,1,0.000999543,-0.00300366,0.0002625,251.486
0,2862794,10,phononTS,0.000628293,0.000999543,-0.00300366,0.000262498,251.486,0.000628293,1,0.0010577,-0.00295958,-0.0002625,398.385
0,2862794,5,phononTF,0.000726704,0.00168725,-0.00279344,0.000262498,10.0287,0.000726704,1,0.00215529,-0.00327303,-0.0002625,249.927
0,2863430,6,phononTF,0.000909363,0.000376994,-0.00239066,-0.0002625,27.6192,0.000382,1,-1.23358e-06,-0.00200424,0.0002625,2403.7
0,2870875,5,phononL,0.00125952,-0.000627309,-0.00125507,-0.0002625,11.208,0.000382,1,-0.000999166,-0.0009987,0.0002625,861.877
0,2871645,9,phononTS,0.000490907,0.000998897,-0.00300251,0.000262498,889.978,0.000490907,1,0.000951148,-0.00303443,-0.0002625,1038.52
0,2873112,6,phononTF,0.00229745,0.00100456,-0.00299511,0.0002625,856.453,0.00221431,1,0.00109938,-0.0030804,-0.0002625,1336.52
0,2873112,5,phononTS,0.00298434,0.00107187,-0.00264517,0.000110672,856.453,0.00173194,1,0.00100388,-0.00268554,-0.0002625,1268.42
0,2873483,4,phononTS,0.000491556,0.00206094,-0.00204315,-0.0002625,7.66494,0.000382,1,0.00199551,-0.0020042,0.0002625,3229.44
0,2893363,4,phononTS,0.00122893,0.000998735,-0.0029985,0.0002625,13.5089,0.00107035,1,0.000829233,-0.00304798,-0.0002625,888.804
0,2893363,3,phononTS,0.00137951,0.00167674,-0.00280059,0.000262498,13.5089,0.00137951,1,0.00356217,-0.00397606,-0.0002625,755.834
0,2916070,3,phononTS,0.00287213,0.0022892,-0.00205766,5.93786e-05,11.9154,0.000382,1,0.00200071,-0.0020026,0.0002625,765.716
0,2916070,6,phononL,0.000447631,0.00200071,-0.0020026,0.000262498,765.716,0.000447631,1,0.00270053,-0.00195028,-0.0002625,925.425
0,2916070,5,phononTS,0.000785602,0.00200071,-0.0020026,0.000262498,765.716,0.000785602,1,0.00199012,-0.00201336,-0.0002625,919.022
0,2916070,4,phononTS,0.000805206,0.00200071,-0.0020026,0.000262498,765.716,0.000434813,1,0.00205413,-0.00183854,-0.0002625,939.723
0,2929426,6,phononTS,0.000438584,0.00200056,6.3491e-07,0.000262498,1584.69,0.000438584,1,0.00299194,0.000238389,-0.0002625,1974.24
0,3017057,4,phononTS,0.000765273,0.00117184,-0.00294854,-0.0002625,6.78267,0.000382,1,0.00100455,-0.00300015,0.0002625,705.257
0,3017057,3,phononTS,0.0017941,0.0016737,-0.00279371,0.000262498,6.78267,0.00142535,1,0.00207372,-0.00156051,-0.0002625,483.233
0,3019033,8,phononTF,0.000717201,0.00222163,-0.00177292,-0.000262498,1780.89,0.000382,1,0.00199806,-0.00199787,0.0002625,1953.78
0,3019033,6,phononTF,0.00202711,0.0016866,-0.00222596,0.000262498,1527.76,0.00202711,1,0.0015943,-0.0022737,-0.0002625,1679.66
0,3028744,7,phononTF,0.00173953,0.00126364,-0.00277349,-0.0002625,628.394,0.000382,1,0.00200062,-0.00200005,0.0002625,1251.45
0,3028744,9,phononTS,0.000725113,0.00200062,-0.00200005,0.000262498,1251.45,0.000725113,1,0.00193516,-0.00197267,-0.0002625,1399.39
0,3028744,6,phononTS,0.00125369,0.00165536,-0.00284167,0.000262498,628.394,0.000457295,1,0.00170951,-0.0029018,-0.0002625,774.731
0,3036247,8,phononTS,0.000642823,-0.00081099,-0.00105742,-0.000262498,1806.62,0.000382,1,-0.00100173,-0.00100469,0.0002625,1985.32
0,3049423,2,phononL,0.000613386,0.00197788,-0.000545018,-0.0002625,32.1462,0.000382,1,0.00199824,-4.40665e-06,0.0002625,836.744
0,3079114,6,phononTS,0.001377,0.00204605,-0.00236158,-0.0002625,142.493,0.000764,1,0.00200258,-0.00200029,0.0002625