Run ID,Event ID,Track ID,Particle Name,Start Energy [eV],Start X [m],Start Y [m],Start Z [m],Start Time [ns],Energy Deposited [eV],Track Weight,End X [m],End Y [m],End Z [m],Final Time [ns]
0,1862,9,phononTF,0.000733562,-0.00164415,0.00077056,-0.0002625,1141.83,0.000382,1,-0.00200385,1.19082e-06,0.0002625,2332.96
0,9448,6,phononTS,0.000444426,-0.00103068,-0.000772958,-0.0002625,753.062,0.000382,1,-0.000996258,-0.000997484,0.0002625,1577.66
0,9448,5,phononTS,0.00083958,0.000260955,0.000564774,0.000262498,753.062,0.00083958,1,0.000321651,0.000520815,-0.0002625,899.984
0,9448,4,phononTF,0.000665573,0.000260955,0.000564774,0.000262498,753.062,0.000665573,1,-0.00132296,-0.00105572,-0.0002625,1408.51
0,29829,4,phononTF,0.000934918,-0.00239782,-0.00165297,-0.0002625,82.6631,0.000382,1,-0.00299514,-0.00100434,0.0002625,3174.05
0,33702,4,phononTF,0.0010301,5.38113e-05,0.000316524,-0.0002625,13.5762,0.000382,1,-9.63868e-07,-1.23999e-07,0.0002625,387.696
0,35908,9,phononTF,0.000420933,0.00100058,-0.00300379,0.000262498,1187.98,0.000420933,1,0.00106229,-0.00305209,-0.0002625,1337.88
0,35908,7,phononTF,0.00131685,0.000114652,0.000630101,0.000262498,3.76937,0.00131685,1,-0.000253455,0.000970575,-0.0002625,211.253
0,35908,6,phononTF,0.000570019,0.000114652,0.000630101,0.000262498,3.76937,0.000570019,1,0.000247636,0.000498138,-0.0002625,160.888
0,35908,5,phononL,0.000902375,0.000114652,0.000630101,0.000262498,3.76937,0.000832126,1,-0.000583078,0.00058693,-0.0002625,163.041
0,39151,7,phononTS,0.000671336,0.0020002,0.00199705,0.0002625,728.183,0.000671336,1,0.00196991,0.00197977,-0.0002625,1340.42
0,54085,7,phononTF,0.000785663,-0.00131502,0.000332394,-0.000262498,1393.52,0.000382,1,-0.000999458,0.000995163,0.0002625,1671.41
0,57248,7,phononTS,0.00050672,0.000957141,0.00220379,-0.000262498,2778.01,0.000382,1,0.00200136,0.0020012,0.0002625,3177.98
0,58607,4,phononL,0.00142702,-1.11582e-06,-1.10151e-06,0.0002625,6.06038,0.000869823,1,-0.00127759,-0.00150371,-0.0002625,675.719
0,63617,6,phononTS,0.000458044,-0.000122552,0.00113584,-0.0002625,423.422,0.000382,1,-0.000998542,0.00100304,0.0002625,1836.46
0,63937,2,phononTS,0.00293277,0.0010369,0.000970124,9.52333e-05,5.06485,0.001146,1,0.000997991,0.000997854,0.0002625,599.732
0,63937,6,phononL,0.000495721,0.000997991,0.000997854,0.000262498,599.732,0.000495721,1,0.000337993,0.00419701,-0.0002625,1228.51
0,71367,8,phononTS,0.000519718,-0.00142218,-0.00135751,-0.0002625,92.1923,0.000382,1,-0.00199929,-0.00200434,0.0002625,2366.68
0,71367,7,phononTF,0.000388976,0.000138728,0.000627268,0.000262498,92.1923,0.000388976,1,0.000730807,0.00154053,-0.0002625,449.941
0,71367,6,phononTF,0.00140731,0.000138728,0.000627268,0.000262498,92.1923,0.00140731,1,0.000250982,0.000503756,-0.0002625,247.4
0,71367,5,phononL,0.000481326,0.000138728,0.000627268,0.000262498,92.1923,0.000481326,1,0.000325285,-0.00030288,-0.0002625,292.183
0,71367,4,phononTS,0.00124902,0.000138728,0.000627268,0.000262498,92.1923,0.00117364,1,0.000168739,0.000574479,-0.0002625,246.573
0,78728,7,phononTS,0.000412964,0.0009457,0.000194088,-0.0002625,153.105,0.000382,1,0.00200213,-9.04727e-07,0.0002625,974.543
0,82330,10,phononTS,0.000580589,-1.74398e-07,-4.80297e-05,-0.000262498,1726.36,0.000382,1,1.97962e-06,7.43396e-07,0.0002625,1873.46
0,88782,7,phononTS,0.000473562,4.8966e-06,-1.9156e-06,0.000262498,1699.89,0.000473562,1,1.64454e-05,3.59374e-05,-0.0002625,1847.37
0,91960,5,phononTF,0.00199286,-0.000213852,0.00221273,-2.16868e-05,477.826,0.000382,1,-2.69145e-06,0.00200102,0.0002625,1002.99
0,93653,11,phononTF,0.000385616,-0.000995216,0.000997211,0.0002625,3221.92,0.000385616,1,-0.000976364,0.00101547,-0.0002625,3518.26
0,94656,3,phononL,0.00235334,0.00154428,0.00122805,-0.0002625,116.917,0.000382,1,0.000999431,0.00100146,0.0002625,945.972
0,94656,4,phononTS,0.00155601,0.000999431,0.00100146,0.000262498,945.972,0.00133939,1,0.000188005,0.000584796,-0.0002625,1313.29
0,94924,2,phononTS,0.00311174,3.79595e-06,1.49513e-05,0.000250619,9.92089,0.001146,1,3.20261e-06,-4.26608e-07,0.0002625,193.846
0,96167,8,phononTF,0.00121623,0.00082374,-0.000627672,-0.0002625,1024.21,0.000382,1,0.00100324,-0.00100255,0.0002625,1428.5
0,96167,9,phononTS,0.000441596,0.00100324,-0.00100255,0.000262498,1428.5,0.000441596,1,-0.0029039,0.00126927,-0.0002625,2847.02
0,100233,4,phononTS,0.000421144,0.000434149,0.000943233,-0.000262498,465.641,0.000382,1,0.000998552,0.000995524,0.0002625,724.193
0,110422,5,phononTS,0.000824365,1.61081e-06,0.00199887,0.0002625,52.4562,0.000824365,1,6.2995e-05,0.00196927,-0.0002625,5960.17
0,110422,4,phononTF,0.000483869,0.000112594,0.000609131,0.000262498,52.4562,0.000483869,1,-0.000276008,0.0010145,-0.0002625,269.017
0,110481,5,phononL,0.000567687,-0.00200131,1.17728e-07,0.0002625,18.3625,0.000567687,1,-0.00202687,-4.20425e-06,-0.0002625,718.314
0,112464,6,phononTS,0.00052797,-9.15041e-05,0.0020282,-0.000262498,482.649,0.000382,1,1.33241e-06,0.00199769,0.0002625,646.753
0,112464,4,phononTS,0.000786637,0.000118718,0.000600746,0.000262498,47.023,0.000786637,1,6.8481e-05,-0.000299207,-0.0002625,391.149
0,118975,6,phononTF,0.000552852,0.00226523,0.00216199,-0.000262498,5048.25,0.000382,1,0.00200036,0.0019983,0.0002625,5226.53
0,135511,9,phononTS,0.000983364,0.000770521,0.000893583,-0.0002625,1397.62,0.000382,1,0.000999727,0.000998663,0.0002625,2128.76
0,142507,6,phononTF,0.000440088,0.00059185,0.00156264,-0.0002625,268.01,0.000382,1,-3.55273e-06,0.00199762,0.0002625,904.39
0,144605,9,phononTS,0.00044624,-0.00470644,0.005,-0.00012694,1254.13,0.00044624,1,-0.00142365,0.00117498,-0.0002625,4634.1
0,146706,11,phononTF,0.00127931,0.000843409,-0.000107828,-0.0002625,16.9577,0.000382,1,-0.000997349,0.000999931,0.0002625,985.249
0,149382,9,phononTS,0.00115153,5.31535e-05,0.00130761,-0.0002625,16.2187,0.000382,1,3.21641e-06,0.00199669,0.0002625,607.738
0,157780,5,phononTS,0.00368415,-0.000165766,-2.20529e-05,0.000159319,52.3581,0.000764,1,1.58487e-07,-4.56217e-06,0.0002625,1413.39
0,157780,6,phononTS,0.00204707,4.82905e-05,-2.98095e-05,0.000248936,1413.39,0.00143651,1,4.19305e-05,9.43118e-05,-0.0002625,1598.41
0,165886,5,phononTS,0.000574178,6.86842e-05,-2.29142e-05,-0.000262498,289.045,0.000382,1,-2.21186e-06,2.24967e-06,0.0002625,455.148
0,165886,2,phononTS,0.00116501,0.000109322,0.000624588,0.000262498,9.41292,0.00116501,1,-0.000224147,-0.000181331,-0.0002625,363.876
0,174866,8,phononTF,0.000575462,0.00109054,-0.00108636,-0.0002625,1898.57,0.000382,1,0.00100401,-0.00100342,0.0002625,2348.44
0,174866,5,phononTS,0.00138817,0.000112587,0.000632726,0.000262498,2.01939,0.00077408,1,0.000511038,-0.000516775,-0.0002625,449.876
0,177346,4,phononTF,0.00304636,0.000235133,0.00187571,-0.0002625,1343.33,0.001146,1,3.35499e-06,0.00199734,0.0002625,2247.7
0,177346,8,phononTF,0.000636947,3.35499e-06,0.00199734,0.000262498,2247.7,0.000172494,1,-0.000256752,0.00175114,-0.0002625,2428.45
0,191423,6,phononTS,0.000602134,2.45883e-06,0.00199665,0.0002625,267.96,0.000602134,1,-9.75252e-05,0.00268754,-0.0002625,1434.63
0,193141,7,phononTF,0.000898897,-0.00261207,0.00142066,-0.0002625,6.81745,0.000382,1,-0.00200127,0.00200396,0.0002625,2148.36
0,193141,6,phononTS,0.00120656,0.000116927,0.000637328,0.000262498,6.81745,0.00110043,1,5.12897e-05,7.36546e-05,-0.0002625,264.94
0,193141,5,phononTS,0.00101943,0.000116927,0.000637328,0.000262498,6.81745,0.00101943,1,-0.000744649,0.000740001,-0.0002625,338.656
0,193141,4,phononTS,0.000655633,0.000116927,0.000637328,0.000262498,6.81745,0.000655633,1,0.000293259,0.000589329,-0.0002625,183.104
0,193141,3,phononTS,0.00122262,0.00108828,0.00142777,0.000173674,6.81745,0.00010024,1,0.00117248,0.00108644,-0.0002625,557
0,200218,6,phononTF,0.00112842,-0.000586475,0.00262505,-0.0002625,2159.93,0.000382,1,-0.000995571,0.00300354,0.0002625,3021.49
0,203003,6,phononTF,0.00130688,3.37059e-06,-3.31601e-06,0.000262498,472.067,0.000661801,1,-0.000240777,0.000265114,-0.0002625,651.625
0,203950,6,phononTS,0.000705113,0.000100269,0.000958198,-0.0002625,1.27019,0.000382,1,0.000995169,0.000996718,0.0002625,551.469
0,203950,5,phononTS,0.000488787,0.000116747,0.000632568,0.000262498,1.27019,0.000488787,1,0.000199404,0.000970072,-0.0002625,219.545
0,209224,10,phononL,0.000382986,-0.00100073,0.00100052,0.000262498,2844.26,0.000382986,1,-0.00134558,0.001152,-0.0002625,2966.51
0,209224,2,phononTS,0.000575367,-0.00247941,0.005,-0.000247714,36.1815,0.000489979,1,-0.0024757,0.00498534,-0.0002625,1624.7
0,215708,4,phononTS,0.0016685,-0.00204934,0.00241707,-0.000167455,12.0058,0.000382,1,-0.0019986,0.00199757,0.0002625,1097.15
0,219710,9,phononTF,0.000494449,0.000329208,-0.000337751,-0.0002625,2480.63,0.000382,1,4.42826e-06,-4.84014e-06,0.0002625,3075.59
0,222765,12,phononTS,0.00102969,3.15146e-08,-0.0020017,0.000262498,751.774,0.000444622,1,-2.39457e-05,-0.00195891,-0.0002625,901.296
0,227462,8,phononTS,0.000503642,-0.000998802,0.000998576,0.000262498,786.579,0.000503642,1,-0.00080405,0.00105152,-0.0002625,965.989
0,231547,10,phononL,0.000474993,0.00261623,-0.000663709,-0.0002625,2906.14,0.000382,1,0.00299845,0.000996336,0.0002625,5536.92
0,236523,3,phononTS,0.00120907,-4.57093e-06,-0.00200291,0.0002625,1.1235,0.000878692,1,9.77768e-06,-0.00290332,-0.0002625,1837.55
0,236523,2,phononTS,0.000607255,0.000116242,0.000632048,0.000262498,1.1235,0.000607255,1,-7.93158e-05,0.0006827,-0.0002625,180.779
0,242692,2,phononTS,0.00409487,0.000115651,9.57234e-06,0.000134281,27.0059,0.00191,1,-3.18494e-06,1.64396e-07,0.0002625,593.83
0,244514,2,phononTF,0.000466453,-0.00146872,-0.00134085,-0.0002625,20.3935,0.000382,1,-0.00199854,-0.00199566,0.0002625,1172.74
0,251777,10,phononTF,0.000801419,-8.77181e-05,7.01624e-05,-0.0002625,266.751,0.000382,1,2.42671e-06,-4.12419e-06,0.0002625,723.066
0,251777,2,phononTF,0.00117392,0.000108717,0.000628041,0.000262498,3.37711,0.000937545,1,0.000198338,0.000708703,-0.0002625,155.158
0,256365,6,phononTS,0.000647586,0.000114303,0.00115052,-0.0002625,31.4895,0.000382,1,0.00100127,0.000999255,0.0002625,2652.26
0,256753,8,phononTS,0.000549104,-1.65027e-07,-3.19224e-06,0.000262498,297.515,0.000549104,1,6.75452e-05,-0.000684051,-0.0002625,584.014
0,257335,8,phononTF,0.000478514,-0.000306434,0.000307553,-0.000262498,673.172,0.000382,1,3.66474e-06,4.07516e-06,0.0002625,865.127
0,262214,10,phononTF,0.00101814,0.000207879,0.00019374,-0.000262498,444.351,0.000382,1,-1.21567e-06,4.60347e-06,0.0002625,612.085
0,262214,8,phononL,0.00133054,0.000377872,7.08265e-05,0.000262498,282.709,0.00133054,1,0.00197212,0.000849507,-0.0002625,645.418
0,269040,6,phononTS,0.00126403,0.00300287,0.00100177,0.0002625,45.17,0.00126403,1,0.00326095,0.000939001,-0.0002625,1949.96
0,272360,9,phononTF,0.000414835,-1.82728e-06,4.07352e-07,0.000262498,483.179,0.000414835,1,-0.000224059,0.000202496,-0.0002625,653.441
0,286791,3,phononTS,0.00267935,-8.62273e-06,0.0020526,0.000221393,10.9849,0.000764,1,8.28575e-07,0.00199653,0.0002625,928.257
0,299285,2,phononL,0.00189259,-0.000608662,-0.000709839,-0.0002625,45.167,0.000764,1,-0.000996503,-0.000999498,0.0002625,903.223
0,299285,3,phononTS,0.000723613,-0.000996503,-0.000999498,0.000262498,903.223,0.000459684,1,-0.000959495,-0.00154761,-0.0002625,1163.8
0,301010,10,phononTS,0.000503618,-0.00093881,0.000161539,-0.000262498,991.603,0.000382,1,-0.000996367,0.00100378,0.0002625,1326.81
0,313771,3,phononTF,0.00465524,0.00201264,1.66561e-05,0.000233545,70.9982,0.001528,1,0.0019979,-6.79355e-07,0.0002625,3240.13
0,327060,7,phononTS,0.000436849,-0.000218458,4.87886e-05,-0.000262498,514.505,0.000382,1,-3.9015e-06,-3.38559e-06,0.0002625,697.555
0,327060,5,phononTS,0.00136922,0.000125885,0.00063165,0.000262498,8.75995,0.000417115,1,0.00206416,0.00398388,-0.0002625,1235.56
0,333897,11,phononL,0.000645995,0.00100168,0.0010045,0.000262498,981.182,0.000645995,1,0.00105334,0.00119315,-0.0002625,1092.62
0,336978,2,phononTS,0.000501006,0.00100366,-0.001002,0.0002625,54.7936,0.000501006,1,0.00145145,-0.0018383,-0.0002625,1187.8
0,342819,4,phononTS,0.000522505,5.97204e-05,1.98487e-05,-0.0002625,10.1385,0.000382,1,3.76592e-06,1.91433e-06,0.0002625,437.231
0,342819,3,phononTS,0.000582189,0.00012036,0.000628977,0.000262498,10.1385,0.000582189,1,0.00130533,0.00107224,-0.0002625,472.413
0,342819,2,phononTF,0.000886191,0.00012036,0.000628977,0.000262498,10.1385,0.000886191,1,-0.000279788,0.000240011,-0.0002625,226.048
0,344849,13,phononTS,0.000634239,-0.00100167,-0.000997699,0.0002625,325.441,0.000634239,1,-0.000991309,-0.00133094,-0.0002625,1265.5
0,344849,12,phononTF,0.000857847,-0.005,0.0019749,-9.39611e-05,325.441,0.000667371,1,-0.00423455,0.00273498,-0.0002625,2197.88
0,355737,4,phononTF,0.00215786,-0.00189798,9.75886e-05,0.000161358,827.141,0.000382,1,-0.00200189,-4.26086e-06,0.0002625,1544.93
0,355737,6,phononTS,0.00100605,-0.00200189,-4.26086e-06,0.000262498,1544.93,0.000542921,1,-0.00204361,0.000564946,-0.0002625,1810.87
0,358552,2,phononTS,0.00269137,0.000512078,0.000231074,4.04246e-05,11.3725,0.000382,1,4.82979e-06,2.09915e-06,0.0002625,454.433
0,370809,7,phononTS,0.00137875,-9.55572e-05,0.000877871,-0.0002625,167.728,0.000382,1,-0.00200486,0.00199766,0.0002625,1087.64
0,372015,6,phononTS,0.000445814,-9.86208e-07,-2.97938e-06,0.0002625,2.69398,0.000445814,1,-5.84524e-05,-0.000318428,-0.0002625,636.25
0,372100,5,phononTS,0.00143172,-0.000122218,0.000557286,-0.0002625,769.515,0.000764,1,0.00100214,0.00100103,0.0002625,1297.85
0,372100,4,phononTF,0.00312426,-0.000336338,0.000490536,-2.39757e-05,769.515,0.00176812,1,-0.000194236,0.000651106,-0.0002625,1040.08
0,374741,7,phononTS,0.000573105,0.00300064,0.00100328,0.000262498,2299.06,0.000573105,1,0.00241906,0.00100431,-0.0002625,2555.43
0,377933,6,phononTS,0.00053438,1.47116e-05,0.00058928,-0.000262498,159.262,0.000382,1,-3.46868e-06,1.72732e-06,0.0002625,417.649
0,391871,2,phononTF,0.00347612,0.0010831,0.000926221,0.000137645,59.439,0.000382,1,0.000998753,0.00100481,0.0002625,831.716
0,398113,2,phononL,0.0021877,-0.000310147,-9.53916e-05,-7.12978e-05,96.1331,0.001146,1,-1.38012e-06,3.3508e-06,0.0002625,540.859
0,401643,10,phononTS,0.000791325,-0.00099513,0.00099833,0.0002625,1063.84,0.000526565,1,-0.00204913,0.00144413,-0.0002625,1923.17
0,407155,6,phononTF,0.000807385,0.000131393,4.05065e-05,-0.0002625,1004.64,0.000382,1,-1.5596e-06,1.76286e-06,0.0002625,1316.02
0,411841,5,phononTS,0.000986257,-1.52756e-06,-1.20186e-06,0.0002625,534.058,0.000264529,1,-7.3258e-08,-0.000403747,-0.0002625,977.957
0,413075,7,phononTS,0.000588251,-0.00098549,-0.000655516,-0.0002625,955.392,0.000382,1,-0.000997268,-0.000998754,0.0002625,1461.57
0,423378,8,phononTS,0.00104398,-0.00199533,-0.00199769,0.0002625,753.096,0.00057799,1,-0.0019106,-0.00196337,-0.0002625,2043.91
0,432602,2,phononTS,0.00133151,-4.3487e-06,1.73064e-06,0.0002625,6.51408,0.00122367,1,-3.94752e-05,-0.000169947,-0.0002625,911.589
0,455926,2,phononTF,0.00301849,-0.000975796,0.00102306,0.000231144,19.021,0.001146,1,-0.00100468,0.000998788,0.0002625,1364.47
0,456458,2,phononTS,0.00285174,2.42159e-05,6.66476e-05,0.000227947,53.702,0.001146,1,-1.51853e-06,4.25363e-06,0.0002625,292.804
0,458078,10,phononTF,0.000511962,0.000689423,-0.00178311,-0.0002625,7162.59,0.000382,1,0.00100091,-0.00100412,0.0002625,10055.2
0,466664,6,phononTS,0.000661842,0.00105177,0.000937557,-0.000262498,615.404,0.000382,1,0.0010019,0.000997377,0.0002625,761.939
0,477838,5,phononTS,0.00352385,-3.2202e-05,2.90083e-05,-5.99274e-05,1292.9,0.001146,1,4.98761e-06,-1.41384e-06,0.0002625,1676.86
0,477838,6,phononTS,0.00136783,4.98761e-06,-1.41384e-06,0.000262498,1676.86,0.00136783,1,5.62835e-05,-3.81515e-05,-0.0002625,1824.39
0,481346,6,phononL,0.000463,-0.000675103,0.000534975,-0.0002625,289.38,0.000382,1,-0.000999367,0.00100385,0.0002625,564.212
0,481346,5,phononTS,0.000438499,-0.000209136,0.00051582,0.000262498,289.38,0.000438499,1,0.000160083,0.000218393,-0.0002625,543.783
0,483789,8,phononTF,0.000461428,0.000423032,0.000495217,-0.000262498,648.041,0.000382,1,0.00300202,0.000999153,0.0002625,1451.85
0,485088,9,phononTS,0.000472182,9.50555e-05,0.000671965,-0.000262498,300.95,0.000382,1,-0.00100018,0.000997647,0.0002625,726.577
0,493519,6,phononTS,0.000919938,4.80222e-06,0.00200051,0.0002625,35.7639,0.000392027,1,-2.72443e-05,0.00234616,-0.0002625,1083.4
0,501523,4,phononTF,0.00331369,0.000145506,0.000138391,0.000193698,356.061,0.000382,1,4.62309e-06,-1.75885e-06,0.0002625,636.355
0,501523,9,phononTS,0.000542764,4.62309e-06,-1.75885e-06,0.000262498,636.355,0.000542764,1,-2.4996e-05,-6.52672e-05,-0.0002625,784.199
0,522428,6,phononTS,0.00122605,0.000130353,0.000157306,-0.0002625,79.4568,0.000382,1,-1.7701e-06,1.04968e-06,0.0002625,849.081
0,527389,8,phononTS,0.000512543,0.00205527,-0.00188107,-0.0002625,23.3755,0.000382,1,0.0020004,-0.00200395,0.0002625,2228.48
0,531175,7,phononTF,0.000828188,-2.83005e-06,-4.59164e-06,0.000262498,314.802,0.000408333,1,-9.11775e-05,8.17293e-05,-0.0002625,466.92
0,531175,5,phononL,0.000868301,0.000136128,0.000675971,0.000262498,75.3511,0.000868301,1,-0.0009203,-0.00208245,-0.0002625,661.637
0,531175,4,phononTF,0.000603383,0.000136128,0.000675971,0.000262498,75.3511,0.000603383,1,0.000513784,0.000411315,-0.0002625,280.786
0,531564,6,phononTF,0.00113386,-0.00246666,-0.000492039,-0.000146246,382.11,0.000382,1,-0.00300423,-0.00100078,0.0002625,1454.81
0,531564,9,phononTF,0.000523295,-0.00300423,-0.00100078,0.000262498,1454.81,0.000523295,1,-0.00316955,-0.000820678,-0.0002625,1619.19
0,540424,10,phononTS,0.000933358,-0.0015112,0.000147323,-0.0002625,403.987,0.000764,1,-0.0019977,-3.47151e-06,0.0002625,1434.71
0,552896,6,phononL,0.000497552,-0.000412486,0.00124634,-0.000262498,407.254,0.000382,1,-0.000997575,0.000995914,0.0002625,560.23
0,570171,8,phononTF,0.000530659,-0.00100121,0.00100203,0.0002625,912.556,0.000530659,1,-0.000587981,0.00141535,-0.0002625,1757.01
0,573648,9,phononTS,0.000603661,-3.03001e-06,-4.64789e-06,0.0002625,1275.9,0.000603661,1,8.12038e-06,0.000527192,-0.0002625,1785.48
0,573648,7,phononTS,0.000793759,-0.000561808,-1.7544e-07,2.96724e-05,971.029,0.00066655,1,-0.00141591,0.000543358,-0.0002625,1310.69
0,579444,4,phononTF,0.000405446,0.000784098,0.000913818,-0.0002625,11.8642,0.000382,1,0.00099552,0.00100245,0.0002625,680.376
0,598257,5,phononTS,0.000701647,-0.00199584,-0.00200313,0.0002625,180.377,0.000701647,1,-0.00195081,-0.00246321,-0.0002625,1552.55
0,611479,9,phononTS,0.00063946,-3.31553e-07,-0.00199732,0.000262498,3179.92,0.00063946,1,5.00453e-05,-0.00226958,-0.0002625,3374.1
0,626969,10,phononTS,0.000453746,0.00102328,-0.00100246,-0.0002625,1754.73,0.000382,1,0.000997683,-0.00100427,0.0002625,2350.24
0,632649,8,phononTS,0.000625516,-0.000272614,1.98789e-05,-0.000262498,5337.29,0.000382,1,1.21061e-06,-6.39813e-07,0.0002625,5532.24
0,633633,4,phononTS,0.000507905,-0.000921802,0.00114483,-0.0002625,92.635,0.000382,1,-3.8267e-06,0.0019959,0.0002625,1784.85
0,634080,7,phononTS,0.000505489,-0.00099618,0.00299814,0.000262498,2474.64,0.000505489,1,-0.000409359,0.00456663,-0.0002625,3054.01
0,638424,8,phononL,0.000490865,0.00131929,-0.000288577,-0.000262499,905.797,0.000382,1,0.00100315,-0.00100269,0.0002625,1081.73
0,638424,3,phononTF,0.00115324,0.000119255,0.000636425,0.000262498,6.64705,0.00104173,1,-4.99473e-05,0.000788952,-0.0002625,167.787
0,638424,2,phononTF,0.00112971,0.000119255,0.000636425,0.000262498,6.64705,0.00112971,1,-0.00165128,0.00108062,-0.0002625,586.079
0,645669,5,phononTF,0.00137927,-0.0020014,-0.00200419,0.000262498,1065.32,0.00104231,1,-0.00166513,-0.0018224,-0.0002625,1258.76
0,647219,4,phononL,0.000440736,4.42369e-06,0.00199637,0.0002625,6.48172,0.000440736,1,-5.04538e-05,0.00267776,-0.0002625,477.856
0,648872,9,phononTS,0.000608491,-0.00111467,8.19185e-06,-0.0002625,4440.21,0.000382,1,-0.00199519,1.57706e-06,0.0002625,5121.51
0,648872,7,phononTS,0.00153722,-0.005,-0.00194364,8.87171e-05,2511.84,0.00137559,1,-0.00449869,-0.00147602,-0.0002625,4394.67
0,654056,2,phononTS,0.000702999,3.64641e-06,-0.00199562,0.0002625,8.54547,0.000702999,1,-5.09642e-05,-0.00330896,-0.0002625,1496.43
0,662782,4,phononTF,0.002686,9.1865e-05,-8.17839e-05,-0.0002625,34.6751,0.000764,1,-3.9286e-06,4.2912e-06,0.0002625,905.204
0,678934,2,phononTS,0.00358988,2.97159e-05,0.00030755,9.12103e-05,81.3391,0.001528,1,3.63663e-06,2.11423e-06,0.0002625,381.936
0,678978,4,phononTS,0.00360477,-1.01246e-05,-1.44016e-05,0.000154651,323.943,0.000382,1,-1.29584e-06,-2.19266e-06,0.0002625,660.276
0,694613,8,phononTF,0.000453739,-0.00100362,-0.000999245,0.000262498,840.969,0.000453739,1,-0.0015527,-0.000430311,-0.0002625,1108.71
0,697806,6,phononTS,0.000418257,-4.73499e-06,-1.07287e-06,0.000262498,750.143,0.000418257,1,-0.000224366,-0.00045659,-0.0002625,1009.94
0,702688,10,phononTS,0.000419958,3.36233e-06,0.00199757,0.000262498,1324.61,0.000419958,1,-3.09455e-05,0.00206183,-0.0002625,1472.04
0,702688,7,phononTF,0.000513269,7.62096e-05,0.00075887,0.000262498,410.935,0.000513269,1,-0.000223073,0.00108324,-0.0002625,603.972
0,702688,6,phononTF,0.000566541,7.62096e-05,0.00075887,0.000262498,410.935,0.000566541,1,-0.000335422,0.000474196,-0.0002625,624.978
0,714416,4,phononL,0.00112757,0.00300261,0.000995799,0.0002625,7.8236,0.00112757,1,0.00372307,0.00108799,-0.0002625,825.828
0,730247,11,phononTS,0.000427938,0.000684073,0.00105067,-0.000262498,980.534,0.000382,1,0.00100213,0.000998515,0.0002625,1183.92
0,736651,13,phononTF,0.000470004,-0.000110856,0.000113978,-0.0002625,1570.48,0.000382,1,4.66993e-06,-3.51145e-08,0.0002625,2035.74
0,738500,5,phononTS,0.000948776,7.24024e-05,0.000675889,-0.0002625,22.1676,0.000382,1,-4.87123e-06,-4.21343e-07,0.0002625,454.869
0,738500,4,phononTS,0.00118438,0.000113358,0.00064271,0.000262498,22.1676,0.00115393,1,0.0027273,-0.00373257,-0.0002625,1611.34
0,738500,3,phononTS,0.00114771,0.000113358,0.00064271,0.000262498,22.1676,0.00103234,1,9.38951e-05,0.000661239,-0.0002625,171.503
0,738500,2,phononTS,0.000747185,0.000113358,0.00064271,0.000262498,22.1676,0.000747185,1,0.000166051,0.00084734,-0.0002625,203.373
0,745977,4,phononTF,0.00114577,-0.00115962,0.00115617,-0.0002625,3.27821,0.000382,1,-0.00100149,0.000999946,0.0002625,1297.86
0,748788,5,phononTS,0.000860807,0.000113164,-0.000898044,-0.0002625,5.51881,0.000382,1,-3.26221e-07,-3.33408e-06,0.0002625,1097.96
0,753268,8,phononTS,0.000893418,0.00204298,-0.00150366,-0.0002625,59.4143,0.000382,1,0.00200375,-0.00199905,0.0002625,1829.77
0,761871,11,phononTS,0.000426823,0.000659108,0.000936708,-0.000262498,1088.11,0.000382,1,0.00100231,0.000996002,0.0002625,1305.12
0,768062,11,phononTS,0.00106248,0.00092593,0.000897474,-0.0002625,644.978,0.000382,1,0.000996115,0.00100019,0.0002625,1171.93
0,768062,12,phononTS,0.000668887,0.000996115,0.00100019,0.000262498,1171.93,0.000668887,1,0.00104179,0.000971808,-0.0002625,1320.22
0,773288,5,phononL,0.000535702,0.00100259,0.00100355,0.0002625,38.3758,0.000535702,1,0.00149558,0.00130982,-0.0002625,453.948
0,775070,13,phononTS,0.000573625,0.00072479,-0.000176717,-0.000262498,359.405,0.000382,1,-1.98107e-06,1.55787e-06,0.0002625,676.231
0,784385,11,phononTF,0.000920071,0.00214265,0.00174095,-0.0002625,1207.41,0.000382,1,0.00200392,0.00199983,0.0002625,1760.08
0,784507,7,phononTS,0.00056576,0.00117014,8.54991e-05,-0.000262498,540.214,0.000382,1,0.00200268,2.28156e-06,0.0002625,865.106
0,784507,5,phononTF,0.00174719,0.000137144,0.000677345,0.000262498,94.6961,0.00174719,1,-7.53649e-05,0.000927618,-0.0002625,272.05
0,784507,4,phononTF,0.00130729,0.000137144,0.000677345,0.000262498,94.6961,0.00103561,1,0.000306114,0.000507022,-0.0002625,257.394
0,784507,3,phononL,0.00137809,0.000600095,0.000848423,0.000252703,94.6961,0.00116325,1,0.00046776,-0.000486743,-0.0002625,500.555
0,789011,10,phononTF,0.000485688,-0.00178726,0.00180103,-0.0002625,1720.42,0.000382,1,-0.00199718,0.00199578,0.0002625,2562.96
0,813669,4,phononL,0.00214221,0.00310108,-0.00156087,-0.0002625,1011.05,0.000382,1,0.00200115,-0.00200106,0.0002625,2604.72
0,814973,2,phononTS,0.000553422,-4.25082e-05,-0.0011338,-0.0002625,12.7464,0.000382,1,-2.69932e-06,-0.0020049,0.0002625,1204.43
0,838086,12,phononTS,0.00135225,-0.00101639,0.00102823,7.53394e-06,1327.72,0.000382,1,-0.000996726,0.00099657,0.0002625,1939.84
0,838086,13,phononTS,0.000720235,-0.000996726,0.00099657,0.000262498,1939.84,0.000499753,1,-0.00219639,0.00134293,-0.0002625,2402.99
0,853507,2,phononTS,0.000740834,1.98055e-05,3.68929e-05,-0.0002625,102.361,0.000382,1,-8.87702e-07,3.84572e-06,0.0002625,1371.8
0,882537,9,phononTS,0.000404879,-0.00172812,0.000509735,-0.0002625,3503.88,0.000382,1,-0.00200127,-4.94515e-06,0.0002625,4343.64
0,883206,7,phononTF,0.000450318,0.000703324,0.00131131,-0.000262498,642.151,0.000382,1,0.00100139,0.000999027,0.0002625,833.636
0,896582,13,phononTF,0.000644731,0.000178515,0.00216859,-0.0002625,235.215,0.000382,1,-3.91235e-06,0.00200306,0.0002625,2182.28
0,903608,8,phononTF,0.000747703,0.00100215,0.000997349,0.000262498,1244.84,0.000407214,1,0.00115816,0.000846523,-0.0002625,1405.16
0,903608,4,phononTS,0.000968421,-0.00284715,0.00293388,6.67636e-05,143.561,0.000799923,1,-0.00306479,0.00290612,-0.0002625,1342.64
0,903608,2,phononTF,0.00393259,-5.61369e-05,0.000846672,-0.000250764,2.95199,0.00294728,1,-1.71743e-05,0.000824367,-0.0002625,372.361
0,913912,6,phononTS,0.00075335,2.53643e-05,0.0006675,-0.0002625,124.497,0.000382,1,-0.000997017,0.0010032,0.0002625,686.524
0,916130,2,phononTS,0.00313289,-1.90699e-06,1.93025e-07,0.000259027,87.0117,0.000382,1,-1.56263e-06,4.72973e-06,0.0002625,1551.04
0,939942,8,phononTS,0.000500505,5.40895e-05,0.000589174,-0.000262498,148.064,0.000382,1,0.000997292,0.00100402,0.0002625,546.445
0,953214,8,phononTF,0.00183631,-0.00103176,0.000963292,0.000185104,462.492,0.000382,1,-0.00100299,0.000998378,0.0002625,955.792
0,976300,8,phononL,0.000535837,-0.000789389,-0.000378477,-0.0002625,4223.61,0.000382,1,3.17301e-06,-4.67566e-06,0.0002625,4828.89
0,977429,11,phononTF,0.000887257,-0.000995196,0.00100249,0.000262498,2467.17,0.000887257,1,-0.0010656,0.000810746,-0.0002625,2630.93
0,983693,5,phononTS,0.000498562,2.20378e-06,0.00200137,0.0002625,188.663,0.000498562,1,-0.000590977,0.00316285,-0.0002625,1114.51
0,990696,8,phononTS,0.00039042,0.00355712,-0.00375037,-0.0002625,657.103,0.000382,1,0.00100331,-0.000996299,0.0002625,4595.8
0,999506,3,phononTF,0.00137557,-0.00164392,0.000107178,-0.0002625,5.59261,0.000382,1,-0.00199518,4.14047e-06,0.0002625,1177.61
0,999506,9,phononTS,0.00075212,-0.00199518,4.14047e-06,0.000262498,1177.61,0.000469148,1,-0.000724176,-2.05051e-05,-0.0002625,1658.95
0,1001440,2,phononTS,0.000521767,0.00265734,0.00189318,-0.0002625,10.4374,0.000382,1,0.00200462,0.00200396,0.0002625,1204.92
0,1021062,7,phononTF,0.00113202,-0.0018974,-0.000100487,-0.0002625,111.084,0.000382,1,-0.002001,-2.83305e-06,0.0002625,4811.61
0,1028865,4,phononTS,0.00109941,0.000558079,0.000816408,-0.0002625,9.13643,0.000382,1,0.000997593,0.00100422,0.0002625,513.398
0,1036333,7,phononTS,0.00044007,-0.00099973,-0.00100469,0.0002625,785.125,0.00044007,1,-0.000995393,-0.00104219,-0.0002625,1080.85
0,1036333,4,phononTS,0.00188538,0.00011606,0.000637954,0.000262498,41.6437,0.00169444,1,4.23418e-05,0.000580334,-0.0002625,201.396
0,1042921,7,phononTF,0.000575563,-3.85964e-06,8.20686e-07,0.0002625,489.933,0.000575563,1,-0.000286135,-0.00042192,-0.0002625,923.001
0,1046375,10,phononTS,0.000601053,-0.000995711,-0.00100303,0.000262498,1077.79,0.000601053,1,-0.00105893,-0.000957664,-0.0002625,1224.51
0,1069566,6,phononL,0.00154613,0.000135091,0.00056669,-0.0002625,571.886,0.000764,1,-4.60749e-06,-4.31717e-06,0.0002625,893.885
0,1077079,11,phononL,0.00131639,-9.17323e-07,4.67305e-06,0.000262498,802.615,0.000792093,1,0.000835538,-0.0001675,-0.0002625,986.993
0,1077554,10,phononL,0.000419653,0.000119828,0.000398853,-0.0002625,314.351,0.000382,1,-4.78571e-06,-4.37133e-06,0.0002625,566.576
0,1080918,3,phononTS,0.000890793,0.00212927,0.00104444,-0.0002625,4.9905,0.000382,1,0.00300194,0.000999898,0.0002625,1881
0,1087032,8,phononTS,0.00082457,-0.00230071,0.00136302,-0.0002625,897.159,0.000382,1,-0.00200399,0.00199983,0.0002625,1891.77
0,1099078,6,phononTS,0.000567915,-0.00100463,0.00100169,0.000262498,3093.88,0.000567915,1,-0.000948755,0.00146481,-0.0002625,3328.82
0,1102761,4,phononTS,0.0021383,8.5547e-05,0.000196983,-4.39424e-05,34.6681,0.000764,1,1.52468e-06,3.12995e-06,0.0002625,1072.44
0,1109842,10,phononTF,0.00109344,-4.18325e-06,-2.80877e-06,0.000262498,798.884,0.00074555,1,9.84546e-05,9.07669e-05,-0.0002625,951.903
0,1118821,12,phononTS,0.000549497,-0.00281945,-8.99507e-05,-0.000262498,2484.03,0.000382,1,-0.00200455,-5.44269e-07,0.0002625,2804.1
0,1119219,4,phononTS,0.00159687,0.00087932,0.00190365,-0.0002625,6.3751,0.000382,1,2.74721e-06,0.00200008,0.0002625,1661.36
0,1152009,9,phononTS,0.000574683,0.00200136,-1.16946e-06,0.0002625,1311.44,0.000574683,1,0.0030815,-0.00133079,-0.0002625,2504.79
0,1152009,3,phononTS,0.00118773,0.000110199,0.000630494,0.000262498,8.88099,0.00083124,1,-0.000726031,0.00047416,-0.0002625,350.739
0,1152065,8,phononTF,0.000667713,-0.000893345,0.000904299,-0.0002625,335.635,0.000382,1,-0.000997673,0.000999006,0.0002625,795.113
0,1156261,9,phononTF,0.00064272,-0.000996599,0.000998708,0.000262498,947.085,0.00064272,1,-0.000729097,0.00107727,-0.0002625,1124.17
0,1159348,3,phononTF,0.00446259,9.15052e-05,8.85213e-05,0.000214907,15.2327,0.000764,1,2.77264e-06,-1.64385e-06,0.0002625,455.195
0,1166632,4,phononTS,0.00106952,-0.000999499,0.00100236,0.0002625,6.04819,0.000231509,1,-0.00154983,0.00118997,-0.0002625,835.109
0,1170762,7,phononTF,0.00107381,-0.00100153,0.00299882,0.000262498,2270.52,0.000762837,1,-0.00221254,0.00353269,-0.0002625,2702.25
0,1172170,3,phononTS,0.000520848,4.26999e-05,0.00130706,-0.0002625,120.914,0.000382,1,-4.61278e-06,0.00200404,0.0002625,704.214
0,1176687,5,phononTF,0.00111241,0.000387041,-0.000358273,-0.0002625,658.331,0.000382,1,2.66765e-06,-8.21914e-07,0.0002625,1477.63
0,1176687,7,phononL,0.000432338,2.66765e-06,-8.21914e-07,0.000262498,1477.63,0.000432338,1,-7.98846e-05,-0.000322011,-0.0002625,1596.26
0,1176687,2,phononTF,0.00104767,0.000126272,0.000640605,0.000262498,13.5684,0.00104767,1,0.000749802,2.72505e-05,-0.0002625,302.811
0,1181285,8,phononTS,0.000503285,-0.0010041,0.00100492,0.000262498,804.079,0.000503285,1,-0.000970801,0.00116989,-0.0002625,978.681
0,1181285,9,phononTS,0.0012558,-0.000349509,0.000441365,0.000232534,398.107,0.0012558,1,-0.00345984,0.00331143,-0.0002625,1758.36
0,1186556,6,phononL,0.000596414,-3.72345e-06,-2.08075e-06,0.0002625,70.9841,0.000596414,1,-1.61936e-05,-0.000225464,-0.0002625,420.343
0,1186556,5,phononTF,0.000537091,0.000160161,0.000591507,0.000262498,70.9841,0.000537091,1,-0.000187664,0.000243649,-0.0002625,274.908
0,1186556,4,phononTF,0.000601295,0.005,-0.0048416,-3.83528e-06,70.9841,0.000601295,1,0.00466767,-0.00246037,-0.0002625,5097.12
0,1193223,2,phononTS,0.00358562,9.02434e-07,-4.68052e-06,0.000225674,39.3708,0.001146,1,4.2139e-06,-1.15746e-06,0.0002625,491.388
0,1193223,8,phononTF,0.000441402,4.2139e-06,-1.15746e-06,0.000262498,491.388,0.000441402,1,-0.000223227,-0.000207266,-0.0002625,662.54
0,1193246,4,phononTS,0.000782626,0.00199543,0.00200157,0.0002625,1.26817,0.000488759,1,0.00153671,0.000911207,-0.0002625,6582.61
0,1193246,3,phononTF,0.000550953,0.000114078,0.000630754,0.000262498,1.26817,0.000550953,1,0.000286043,0.000458198,-0.0002625,164.913
0,1195609,15,phononTS,0.000466873,9.80907e-05,-0.00268689,-0.000262498,1915.89,0.000382,1,3.27551e-06,-0.00200402,0.0002625,2204.13
0,1198971,4,phononTS,0.000484053,4.28196e-06,-9.91913e-07,0.0002625,114.077,0.000484053,1,0.00059174,-0.000470968,-0.0002625,1112.41
0,1199503,5,phononTS,0.00160238,5.35922e-06,8.06395e-06,0.000107581,549.002,0.000382,1,4.70612e-07,2.86551e-06,0.0002625,592.629
0,1199503,6,phononTS,0.00116443,4.70612e-07,2.86551e-06,0.000262498,592.629,0.000943229,1,-0.000563643,-0.00058523,-0.0002625,936.727
0,1201619,2,phononTS,0.000430314,-0.000456759,0.000816151,-0.0002625,14.3984,0.000382,1,-0.00100495,0.000999812,0.0002625,565.174
0,1205173,6,phononTS,0.000469623,-6.46541e-05,2.91476e-05,-0.000262498,1210.95,0.000382,1,6.9647e-07,-4.70789e-06,0.0002625,1358.38
0,1206891,8,phononTS,0.000548979,1.796e-06,-4.83007e-06,0.0002625,2826.02,0.000548979,1,0.00117656,0.00016411,-0.0002625,5111.65
0,1210568,6,phononTS,0.000795968,-0.000641928,0.00202405,-0.0002625,1284.65,0.000382,1,-4.88854e-06,0.0019999,0.0002625,9935.52
0,1211249,13,phononTF,0.000525019,-0.005,-0.00345977,-0.000226041,1106.12,0.000525019,1,-0.00496678,-0.00349509,-0.0002625,3020.16
0,1212235,4,phononTS,0.00113182,0.000231415,0.000631842,-0.0002625,48.2465,0.000764,1,3.55605e-06,2.4386e-06,0.0002625,517.177
0,1212235,3,phononTF,0.0012145,0.000120331,0.000634965,0.000262498,48.2465,0.000561475,1,-0.000201335,0.000320092,-0.0002625,243.148
0,1216805,12,phononTF,0.00104268,0.0009959,0.0010034,0.0002625,2.17149,0.00104268,1,0.00123916,0.000782322,-0.0002625,637.533
0,1216805,11,phononTS,0.00067908,0.000117323,0.00062543,0.000262498,2.17149,0.000240843,1,-0.000161207,-0.000441602,-0.0002625,418.768
0,1217045,5,phononTS,0.000546105,0.00226208,0.00199159,-0.000262498,853.649,0.000382,1,0.00199882,0.00199584,0.0002625,1049.64
0,1227104,9,phononL,0.000580288,0.0030035,0.00100484,0.000262498,2321.99,0.000580288,1,0.00359186,0.00121754,-0.0002625,2472.87
0,1227104,2,phononTS,0.00172843,0.000117732,0.000638111,0.000262498,3.99127,0.00113643,1,-0.000169135,-0.000559621,-0.0002625,464.563
0,1242344,4,phononTF,0.000541161,0.000519647,-0.000253591,-0.0002625,59.7554,0.000382,1,1.0783e-07,-0.00199942,0.0002625,1674.29
0,1245015,10,phononTS,0.000548538,0.00167508,0.005,-0.000258293,1411.66,0.000548538,1,0.00166557,0.00499731,-0.0002625,2918.62
0,1251265,8,phononTS,0.000485132,-8.96372e-07,-4.71751e-07,0.0002625,183.884,0.000485132,1,-3.42814e-05,-6.60242e-05,-0.0002625,478.812
0,1251265,6,phononTS,0.000571194,0.000107321,0.000624289,0.000262498,42.5595,0.000571194,1,0.000222108,0.000968272,-0.0002625,265.799
0,1251265,5,phononTF,0.0005433,0.000107321,0.000624289,0.000262498,42.5595,0.0005433,1,0.000410713,0.00029299,-0.0002625,236.92
0,1251265,4,phononTF,0.00101488,0.000107321,0.000624289,0.000262498,42.5595,0.000390176,1,0.000250049,0.000781978,-0.0002625,202.09
0,1252575,9,phononTS,0.000571965,0.000266436,0.00100322,-0.000262498,387.373,0.000382,1,0.000997659,0.000996348,0.0002625,686.151
0,1273707,9,phononL,0.00214486,0.000629822,0.000551298,0.000107276,483.773,0.001146,1,0.000996414,0.00099742,0.0002625,651.447
0,1274296,10,phononTF,0.00112644,-0.000746395,0.000567344,-0.000262498,660.789,0.000382,1,-0.000999882,0.00099821,0.0002625,878.215
0,1274296,11,phononTS,0.000706554,-0.000999882,0.00099821,0.000262498,878.215,0.000706554,1,-0.00169021,-0.000400649,-0.0002625,1427.19
0,1275276,9,phononTS,0.000396837,-0.000998076,0.00100496,0.000262498,523.329,0.000396837,1,-0.000246924,0.00201538,-0.0002625,990.01
0,1279941,3,phononTF,0.00243003,-4.84546e-06,0.00210213,-0.000239484,5.23666,0.000382,1,-3.38332e-07,0.0019959,0.0002625,720.984
0,1279941,10,phononTF,0.00140495,-3.38332e-07,0.0019959,0.000262498,720.984,0.00138491,1,0.000283687,0.00230241,-0.0002625,909.924
0,1281228,7,phononTF,0.000535296,0.00162017,0.00250514,-0.0002625,3248.38,0.000382,1,0.00199849,4.39336e-06,0.0002625,5277.96
0,1281228,5,phononTS,0.000569713,8.64204e-05,0.000624397,0.000262498,282.193,0.000569713,1,0.000970901,0.000775199,-0.0002625,618.798
0,1298578,10,phononTS,0.000433582,0.005,-0.00446285,8.09239e-05,1305.22,0.000382,1,0.00200157,-0.00199641,0.0002625,4592.2
0,1298578,7,phononTS,0.00103807,0.000112994,0.000634966,0.000262498,1.63334,0.000757752,1,0.000184023,0.00124217,-0.0002625,270.082
0,1300969,2,phononTF,0.00359205,-0.0010065,0.000995125,0.000255126,4.3693,0.000382,1,-0.00099968,0.0010021,0.0002625,2643.87
0,1300969,7,phononTS,0.00272741,-0.00099968,0.0010021,0.000262498,2643.87,0.00175274,1,-0.00106323,0.00100527,-0.0002625,2794.74
0,1315152,6,phononTF,0.000414206,0.00129305,0.00163808,-0.0002625,394.003,0.000382,1,0.00200029,0.00199934,0.0002625,975.784
0,1316283,8,phononTS,0.000522721,-0.000431347,1.63259e-05,-0.000262498,631.142,0.000382,1,3.5705e-06,-3.79786e-06,0.0002625,864.372
0,1328339,7,phononTF,0.000437099,-0.000723277,0.000583111,-0.000262498,3903.65,0.000382,1,3.17579e-06,-0.00200117,0.0002625,4718.04
0,1329630,2,phononTS,0.00218543,-3.00757e-05,6.58541e-06,0.000189132,26.3312,0.000764,1,-3.67049e-06,2.44267e-06,0.0002625,310.269
0,1329630,9,phononTF,0.000871434,-3.67049e-06,2.44267e-06,0.000262498,310.269,0.000421583,1,0.000295681,-0.000317773,-0.0002625,502.834
0,1333169,4,phononTS,0.000838781,-0.00197921,0.00338092,-0.0002625,9.43266,0.000382,1,-0.00199574,0.00199616,0.0002625,3194.76
0,1340299,6,phononTS,0.00123515,0.000996928,0.00100398,0.0002625,54.7247,0.00122616,1,0.00168318,0.00107175,-0.0002625,1366.16
0,1340433,7,phononTS,0.00128568,-2.27976e-05,6.12352e-05,-0.0002625,43.4821,0.000764,1,-1.73003e-06,-1.37084e-07,0.0002625,470.967
0,1345916,11,phononTS,0.000397007,4.79212e-06,3.61832e-06,0.0002625,351.625,0.000397007,1,6.7203e-05,-0.000514493,-0.0002625,846.505
0,1351402,10,phononL,0.00043004,0.00100444,0.000997116,0.0002625,650.823,0.00043004,1,0.00123447,0.000907595,-0.0002625,1217.36
0,1357553,6,phononTS,0.000708345,-0.000177526,0.00102144,-0.000262498,3477.91,0.000382,1,-0.00100351,0.00100246,0.0002625,3804.04
0,1357553,4,phononTF,0.00159881,-0.000156917,0.00104969,0.000262498,3329.36,0.00088006,1,-0.000293011,0.000679462,-0.0002625,3529.6
0,1360126,4,phononTS,0.000399637,5.69595e-05,0.00131388,-0.0002625,20.0214,0.000382,1,4.47366e-06,0.00199696,0.0002625,595.854
0,1373903,7,phononTF,0.000950762,0.00111886,0.000935618,-0.0002625,2.40986,0.000382,1,0.00100031,0.000998773,0.0002625,523.48
0,1373903,6,phononL,0.000792751,0.000120352,0.000633026,0.000262498,2.40986,0.000792751,1,0.000902654,0.00052749,-0.0002625,175.657
0,1373903,5,phononTF,0.00103348,0.000120352,0.000633026,0.000262498,2.40986,0.000441859,1,-0.000721054,-0.000245556,-0.0002625,375.508
0,1394045,5,phononTF,0.00123205,-0.00100208,-0.000997077,0.0002625,22.8797,0.00122143,1,-0.00141106,-0.00143758,-0.0002625,1549.6
0,1396666,6,phononTS,0.00132331,-7.79223e-05,0.00198759,-0.000114236,36.5326,0.00132331,1,0.000742593,0.00117239,-0.0002625,873.17
0,1396666,5,phononTS,0.00175086,-1.11929e-05,0.000520583,0.000113493,36.5326,0.00117624,1,-4.58137e-05,0.000487903,-0.0002625,255.28
0,1403057,9,phononTS,0.000519708,0.000999596,0.000999203,0.000262498,739.904,0.000519708,1,0.00102847,0.00176702,-0.0002625,1048.25
0,1414543,10,phononTS,0.000449402,6.02456e-05,0.00193154,-0.0002625,324.149,0.000382,1,3.98996e-06,0.00200362,0.0002625,1747.91
0,1414543,9,phononTS,0.000981772,0.000133752,0.000644133,0.000262498,324.149,0.000981772,1,7.21553e-05,0.000697157,-0.0002625,470.482
0,1415562,4,phononTS,0.00190401,-1.77906e-05,4.83744e-05,0.000215844,1.64236,0.000764,1,8.44555e-08,-3.6986e-06,0.0002625,453.594
0,1418010,9,phononTS,0.00087644,9.98751e-05,0.000256279,-0.000262498,591.339,0.000382,1,2.79158e-07,-4.33576e-06,0.0002625,796.617
0,1421965,7,phononTS,0.000630921,-2.15498e-05,2.51549e-05,-0.000262498,294.972,0.000382,1,2.76638e-06,-2.28437e-06,0.0002625,442.637
0,1421965,4,phononTF,0.000942763,0.000107417,0.000639089,0.000262498,10.4317,0.000942763,1,5.30342e-05,0.000691312,-0.0002625,159.927
0,1429187,5,phononTS,0.000919744,-0.000145571,0.000678692,-0.0002625,3.16738,0.000382,1,-3.50883e-06,4.98332e-06,0.0002625,495.244
0,1429187,4,phononTF,0.00126647,0.000115243,0.00062768,0.000262498,3.16738,0.0011017,1,-0.000322792,0.0010342,-0.0002625,226.944
0,1430670,7,phononTS,0.000869394,0.00135161,-0.00134928,-0.0002625,310.112,0.000382,1,0.0019952,-0.00199515,0.0002625,1421.82
0,1433867,3,phononTF,0.00118698,0.000107015,0.00068902,0.000227209,1.67301,0.000382,1,-0.00300172,-0.00100408,0.0002625,1011.32
0,1435090,12,phononTF,0.000403918,-0.000242087,-0.005,4.96195e-05,548.244,0.000403918,1,0.000203955,-0.00453771,-0.0002625,5011.77
0,1446212,8,phononL,0.000458251,-0.000352502,8.73141e-05,-0.0002625,1707.27,0.000382,1,-2.10259e-06,-3.53574e-06,0.0002625,2069.89
0,1455285,15,phononTS,0.000618016,-0.00199572,3.6937e-07,0.000262498,3484.15,0.000618016,1,-0.00193895,-1.99244e-05,-0.0002625,3632.93
0,1461631,14,phononTF,0.000662949,0.00012263,0.000120945,-0.0002625,415.743,0.000382,1,-3.01955e-06,1.4717e-06,0.0002625,1039.37
0,1461631,13,phononTF,0.000629006,6.60231e-05,0.000489482,0.000262498,415.743,0.000629006,1,-0.000216537,0.000193749,-0.0002625,603.587
0,1461631,12,phononTS,0.000599659,6.60231e-05,0.000489482,0.000262498,415.743,0.000136882,1,2.13388e-05,0.000443422,-0.0002625,562.754
0,1463748,10,phononTF,0.000682683,0.00099915,0.00100473,0.000262498,3159.52,0.000246548,1,0.000794274,0.00119909,-0.0002625,3327.49
0,1465358,7,phononTF,0.000961586,-0.000505445,0.000790442,-0.000262498,750.994,0.000382,1,-0.00100065,0.00100005,0.0002625,983.367
0,1482506,7,phononTS,0.000643869,0.00300061,0.000998634,0.000262498,3157.15,0.000643869,1,0.00220727,0.00103986,-0.0002625,3473.67
0,1482506,4,phononTF,0.00173104,-1.82559e-05,0.00020108,9.97838e-05,1778.09,0.00120693,1,0.000199445,-6.29455e-06,-0.0002625,2276.47
0,1489525,6,phononTS,0.00039744,0.000996063,-0.00100222,0.000262498,2203.73,0.00039744,1,0.00105812,-0.00104903,-0.0002625,2350.37
0,1503246,8,phononTS,0.000581344,-0.00199646,3.27964e-06,0.000262498,830.86,0.000581344,1,-0.00332917,0.00116242,-0.0002625,1443.06
0,1504969,9,phononTS,0.000501368,9.09524e-05,0.000752891,-0.000262498,779.958,0.000382,1,-3.41372e-06,-2.49955e-06,0.0002625,1084.56
0,1513548,6,phononTS,0.000620834,0.000437072,0.00094653,-0.000262498,217.17,0.000382,1,0.00100276,0.00100393,0.0002625,476.091
0,1519495,6,phononL,0.000836747,0.00172335,0.000805118,-0.0002625,924.871,0.000382,1,0.00199728,9.9468e-07,0.0002625,1447.82
0,1519495,4,phononTF,0.00197533,5.783e-05,0.00037118,-1.04142e-05,621.809,0.000549854,1,0.000216228,0.000218811,-0.0002625,716.255
0,1529753,5,phononL,0.000636486,0.000404405,-0.000233546,-0.000262498,353.529,0.000382,1,-2.54701e-06,-4.35585e-06,0.0002625,484.839
0,1532037,11,phononTS,0.00111426,-1.30947e-06,3.12444e-06,0.0002625,168.082,0.00111426,1,5.00741e-05,-0.00073005,-0.0002625,770.819
0,1532867,5,phononTS,0.00125486,-0.000995208,0.00121462,-0.000262498,414.014,0.000382,1,-0.00100135,0.000997433,0.0002625,600.495
0,1532867,6,phononTF,0.000383221,-0.00100135,0.000997433,0.000262498,600.495,0.000383221,1,-0.000655344,0.00132662,-0.0002625,800.41
0,1532867,3,phononTS,0.000743052,0.000115554,0.000641955,0.000262498,6.48569,0.000743052,1,6.22526e-05,0.000463412,-0.0002625,183.005
0,1536313,9,phononTF,0.00114792,0.00012552,0.000112331,-0.0002625,599.384,0.000764,1,-1.02582e-06,-1.46109e-06,0.0002625,2089.34
0,1541370,3,phononTS,0.00141049,7.39964e-05,-0.000688073,-0.0002625,57.7306,0.000764,1,3.24973e-06,-0.00199668,0.0002625,1046.68
0,1543953,6,phononTF,0.0010129,0.00204727,0.000118577,-0.0002625,552.534,0.000382,1,0.000997965,-0.00100394,0.0002625,4671.59
0,1547684,5,phononTS,0.000652465,-1.64795e-06,2.79275e-06,0.0002625,21.7338,0.000652465,1,-4.72242e-05,-0.000305667,-0.0002625,626.843
0,1547684,4,phononTF,0.000794316,0.000451926,0.005,-2.86184e-05,21.7338,0.000794316,1,0.000203562,0.004745,-0.0002625,3141.31
0,1568899,9,phononTF,0.000615991,0.00100496,-0.00100132,0.0002625,2629.61,0.000615991,1,0.000522112,-0.000547754,-0.0002625,3105.54
0,1569010,13,phononTS,0.000421928,-0.00200156,-2.5664e-07,0.000262498,1455.28,0.000421928,1,-0.00203256,1.32934e-05,-0.0002625,1610.09
0,1569179,5,phononTS,0.000586765,-0.00044033,0.00081586,-0.0002625,4.3818,0.000382,1,-0.000996654,0.00100162,0.0002625,559.339
0,1589844,3,phononTF,0.00107286,0.000635002,0.000688247,-0.0002625,11.7743,0.000382,1,0.00100435,0.00100059,0.0002625,1117.85
0,1589844,7,phononTF,0.000467181,0.00100435,0.00100059,0.000262498,1117.85,0.000467181,1,0.000682927,0.00108621,-0.0002625,1306.25
0,1609184,7,phononTS,0.000679162,-0.00199955,0.00199952,0.000262498,1755.53,0.000679162,1,-0.00204592,0.00195227,-0.0002625,1902.47
0,1609184,5,phononTF,0.00129937,6.99187e-05,0.000719474,0.000262498,567.064,0.00129937,1,0.000265956,0.000701791,-0.0002625,731.07
0,1610672,9,phononTS,0.000706534,0.000184627,0.000987562,-0.000262498,464.974,0.000382,1,0.000996409,0.000995057,0.0002625,792.815
0,1610672,3,phononTS,0.00249303,0.000115479,0.00063443,0.000262498,2.99673,0.000855591,1,-0.000530921,0.000558168,-0.0002625,280.865
0,1624184,9,phononTS,0.000685569,-3.81408e-08,1.51762e-06,0.000262498,482.275,0.000685569,1,-4.71738e-06,-4.22043e-05,-0.0002625,629.689
0,1640406,4,phononTS,0.000677241,0.000999395,0.000998788,0.0002625,66.2579,0.000546696,1,0.00142782,0.00117781,-0.0002625,812.207
0,1647168,9,phononL,0.000990479,0.000669526,0.000637993,-0.0002625,820.207,0.000764,1,0.00100466,0.00100334,0.0002625,1090.56
0,1647168,8,phononTS,0.000513298,0.00033439,0.000272652,0.000262498,820.207,0.000513298,1,0.000158509,0.00105716,-0.0002625,1151
0,1650206,6,phononTF,0.000382449,2.88898e-06,3.62891e-07,0.000262498,1010.4,0.000382449,1,0.000276513,-0.000277466,-0.0002625,1194.72
0,1661339,3,phononTF,0.000643068,0.00215502,0.00213704,-0.0002625,48.4216,0.000382,1,0.00200328,0.00199835,0.0002625,1323.41
0,1670022,5,phononTS,0.00138763,6.39283e-05,0.00193197,0.000252997,1278.33,0.000764,1,3.09222e-06,0.001997,0.0002625,1721.71
0,1678334,12,phononTS,0.000597509,4.94478e-07,-4.95557e-06,0.000262498,749.036,0.000597509,1,5.83521e-05,-5.6465e-05,-0.0002625,895.549
0,1693134,4,phononTS,0.00198833,-0.000835001,0.00262051,6.49269e-05,4.14795,0.000382,1,-0.000995471,0.0029959,0.0002625,801.736
0,1693134,7,phononTS,0.000921258,-0.000995471,0.0029959,0.000262498,801.736,0.000564072,1,-0.000948228,0.00294802,-0.0002625,948.599
0,1694481,9,phononTF,0.00233238,-0.00100197,0.00100445,0.0002625,990.445,0.00226181,1,-0.000665336,0.00102861,-0.0002625,2380.13
0,1694481,8,phononTF,0.00232305,0.00029675,0.00103904,-0.000196053,990.445,0.0019042,1,0.00027275,0.00108174,-0.0002625,1074.34
0,1708550,4,phononTS,0.000525759,0.0010232,0.000874204,-0.0002625,13.8576,0.000382,1,0.0010042,0.000998748,0.0002625,4964.72
0,1708550,3,phononTS,0.00104667,0.000110379,0.000644528,0.000262498,13.8576,0.000881423,1,0.000171136,0.000665911,-0.0002625,166.83
0,1715468,6,phononTS,0.000424599,3.83028e-06,1.41019e-06,0.000262498,731.307,0.000424599,1,-0.000156282,-0.000542461,-0.0002625,1002.93
0,1722284,4,phononTS,0.00122174,-0.00043963,0.000816458,-0.0002625,1.08702,0.000764,1,-0.000995654,0.000999954,0.0002625,555.357
0,1722284,3,phononTS,0.000702269,0.000116393,0.000632963,0.000262498,1.08702,0.000653859,1,0.00103931,0.00132663,-0.0002625,438.401
0,1722284,2,phononTS,0.000720465,0.000116393,0.000632963,0.000262498,1.08702,0.000720465,1,0.000152712,0.000697065,-0.0002625,148.375
0,1729422,7,phononTF,0.000916465,0.00100119,0.00100238,0.000262498,1587.85,0.000534959,1,0.00127061,0.000746992,-0.0002625,1768.99
0,1729819,6,phononTS,0.000546391,6.10393e-05,-3.68491e-05,-0.000262498,914.132,0.000382,1,-4.01946e-06,3.38322e-06,0.0002625,1061.11
0,1737095,8,phononTF,0.000586405,0.0010008,0.0010048,0.000262498,470.454,0.000586405,1,0.000845649,0.000774218,-0.0002625,642.293
0,1737095,3,phononTF,0.00103401,0.005,-0.00221053,-5.21383e-05,1.45434,0.00103401,1,0.0020446,-0.00174784,-0.0002625,5736.23
0,1737095,2,phononTS,0.00131354,0.000115337,0.000631681,0.000262498,1.45434,0.00086927,1,7.67715e-05,0.000676856,-0.0002625,148.58
0,1744715,3,phononTS,0.00275363,-0.00101106,0.000882221,0.000103467,35.9356,0.001146,1,-0.00100186,0.00099552,0.0002625,1049.34
0,1746546,11,phononTF,0.000569147,0.000196223,-2.25881e-05,-0.000262498,934.859,0.000382,1,-4.28783e-07,-6.55709e-07,0.0002625,1098.97
0,1748364,8,phononTS,0.000499977,-3.97307e-06,4.31642e-06,0.0002625,289.767,0.000499977,1,-0.000188739,2.1043e-05,-0.0002625,646.23
0,1749928,9,phononTS,0.000911966,4.99108e-06,0.00200054,0.000262498,812.156,0.000911966,1,-3.17776e-05,0.00196379,-0.0002625,959.887
0,1749928,3,phononTS,0.000842321,0.000123099,0.000671471,0.000262498,71.1582,0.000426547,1,0.000921781,-0.000581765,-0.0002625,578.092
0,1763198,10,phononTS,0.000513304,0.000998854,0.000996693,0.0002625,900.626,0.000513304,1,0.00103958,0.000930803,-0.0002625,1219.91
0,1763835,10,phononTS,0.000781862,-0.00100182,0.00100367,0.000262498,1656.24,0.000412893,1,-0.00102332,0.00100531,-0.0002625,1807.65
0,1767820,8,phononL,0.000671417,0.00199888,-0.00200275,0.0002625,2650.81,0.000671417,1,0.00234327,-0.00258978,-0.0002625,4381.65
0,1767820,2,phononTS,0.00343675,0.000182928,0.000626528,-0.000170737,125.805,0.00161976,1,0.000203317,0.000763684,-0.0002625,612.103
0,1770625,10,phononTF,0.000636806,0.00104711,-0.000443307,-0.000262498,1005.5,0.000382,1,3.03124e-06,-4.81244e-06,0.0002625,1388.16
0,1772969,5,phononTF,0.000598583,-0.000191852,-4.50572e-05,-0.0002625,30.8515,0.000382,1,3.86166e-06,2.46383e-06,0.0002625,1133.06
0,1772969,4,phononTS,0.000473612,9.15983e-05,0.00061877,0.000262498,30.8515,0.000473612,1,6.78013e-05,6.37335e-05,-0.0002625,288.898
0,1772969,3,phononTF,0.000398847,9.15983e-05,0.00061877,0.000262498,30.8515,0.000398847,1,-0.000245915,0.000984016,-0.0002625,234.334
0,1772969,2,phononTS,0.0010025,9.15983e-05,0.00061877,0.000262498,30.8515,0.000674413,1,-0.000185933,0.000567031,-0.0002625,226.026
0,1774506,2,phononTS,0.0027314,-0.000983965,0.00085453,0.000175702,6.42439,0.001146,1,-0.000999011,0.000996515,0.0002625,513.622
0,1774651,6,phononTS,0.000459741,-0.00321636,-0.000425414,-0.0002625,153.989,0.000382,1,-0.000999338,0.00100225,0.0002625,2903.76
0,1776829,11,phononTF,0.000482967,0.00199973,-4.9754e-06,0.000262498,785.659,0.000482967,1,0.00225915,0.000401575,-0.0002625,997.515
0,1777774,8,phononTF,0.00215699,0.000897093,0.00093066,-0.000131906,39.4126,0.001146,1,0.00200491,-1.89772e-06,0.0002625,1761.19
0,1801511,10,phononTS,0.00060815,-1.43358e-06,-7.39945e-07,0.000262498,429.254,0.000132336,1,5.00396e-05,3.65732e-05,-0.0002625,576.742
0,1815796,5,phononTS,0.000622069,-4.80914e-06,2.01263e-06,0.0002625,155.801,0.000622069,1,5.96713e-05,-4.37236e-05,-0.0002625,449.082
0,1815892,10,phononTF,0.00081667,1.82238e-06,9.79461e-07,0.000262498,923.452,0.00081667,1,-7.69336e-05,-8.54476e-05,-0.0002625,1075.37
0,1820408,7,phononTS,0.00109586,0.00100453,0.00100285,0.000262498,988.595,0.000937969,1,0.00103624,0.00105298,-0.0002625,1143.33
0,1820859,2,phononTF,0.00307888,0.000183066,0.000535681,-2.97351e-07,6.92015,0.000382,1,-3.86588e-06,1.30184e-06,0.0002625,664.335
0,1820859,9,phononTS,0.00245375,-3.86588e-06,1.30184e-06,0.000262498,664.335,0.00120986,1,4.47344e-05,1.72972e-05,-0.0002625,811.418
0,1826524,2,phononTS,0.000753671,3.52178e-05,6.48469e-05,-0.0002625,17.2971,0.000382,1,-7.52855e-07,7.80797e-07,0.0002625,692.089
0,1835486,7,phononTS,0.000754913,-0.000944398,0.000312573,-0.0002625,19.3175,0.000382,1,-0.00200256,4.64183e-07,0.0002625,848.99
0,1842250,5,phononTS,0.00118282,0.000108094,0.00153537,-0.0002625,412.944,0.000382,1,2.99438e-06,0.00199776,0.0002625,907.429
0,1842250,6,phononTS,0.000564672,2.99438e-06,0.00199776,0.000262498,907.429,0.000564672,1,-0.00147893,0.000945865,-0.0002625,1507.09
0,1861771,10,phononTS,0.000657981,-0.00163085,5.69933e-05,-0.0002625,105.138,0.000382,1,-0.00199576,4.40766e-06,0.0002625,1802.21
0,1870454,10,phononL,0.000453408,0.000997377,0.000997286,0.000262498,859.033,0.000453408,1,0.000948205,0.000485048,-0.0002625,994.36
0,1894854,4,phononTF,0.000416164,0.000554701,-0.000188808,-0.0002625,6.71005,0.000382,1,0.000999371,-0.001005,0.0002625,652.546
0,1894854,3,phononTS,0.00106457,0.000110032,0.00062738,0.000262498,6.71005,0.000240933,1,6.56342e-05,0.00042774,-0.0002625,194.737
0,1895324,7,phononTS,0.000453713,0.000169862,0.000793179,-0.000262498,205.665,0.000382,1,1.0071e-06,8.07465e-07,0.0002625,537.716
0,1899989,9,phononTS,0.000395416,0.00203522,0.00150199,-0.000262498,1978.4,0.000382,1,0.00200153,0.00200483,0.0002625,2223.56
0,1899989,10,phononTF,0.000905925,0.000208188,0.000879412,-0.000140697,159.947,0.000265696,1,0.00205886,-0.00107212,-0.0002625,1036.27
0,1909140,9,phononTS,0.000688274,0.000999803,-0.00100024,0.000262498,1911.76,0.000688274,1,0.00106841,-0.000422615,-0.0002625,2181.96
0,1916488,7,phononTF,0.000644546,-1.65549e-06,0.00200357,0.000262498,1612.72,0.000237095,1,-0.000254336,0.00228085,-0.0002625,1794.27
0,1936550,7,phononTF,0.000997895,-2.10558e-06,0.00199916,0.0002625,72.8182,0.000254885,1,-2.22816e-05,0.00222398,-0.0002625,1254.01
0,1940753,7,phononTF,0.000424399,-0.000821864,0.000838844,-0.000262498,714.222,0.000382,1,-0.00100495,0.00100438,0.0002625,877.556
0,1945492,7,phononTF,0.000814577,0.000869042,0.000877121,-0.0002625,2468.96,0.000382,1,0.000998069,0.000995085,0.0002625,3560.23
0,1954673,10,phononTF,0.000476524,-0.000999986,0.000997311,0.0002625,474.579,0.000476524,1,-0.00156041,0.00146723,-0.0002625,995.505
0,1965837,5,phononTS,0.00125354,0.00105888,0.000319787,-0.0002625,21.187,0.000764,1,0.00200337,3.61922e-06,0.0002625,793.566
0,1965837,4,phononTF,0.000568006,0.000114385,0.000635953,0.000262498,21.187,0.000568006,1,0.000157273,0.000582558,-0.0002625,170.616
0,1968366,7,phononTS,0.000483435,0.000995152,0.00100094,0.000262498,2272.16,0.000483435,1,0.00118276,0.00104533,-0.0002625,2450.52
0,1980730,2,phononTS,0.001938,7.49335e-05,0.00136903,-0.000157707,2.29943,0.000764,1,2.7281e-06,0.00199954,0.0002625,535.135
0,1980730,6,phononTS,0.000423093,2.7281e-06,0.00199954,0.000262498,535.135,0.000423093,1,-2.95551e-05,0.00217902,-0.0002625,712.273
0,1983042,2,phononTF,0.00381014,-4.84929e-05,0.00195045,-0.000120698,1.13394,0.000764,1,1.73151e-06,0.00199556,0.0002625,1245.07
0,1983876,4,phononTS,0.00138252,0.000552512,0.000817871,-0.0002625,9.94357,0.000382,1,0.00100195,0.00100177,0.0002625,517.405
0,1983876,6,phononL,0.000399814,0.00100195,0.00100177,0.000262498,517.405,0.000399814,1,0.00128707,0.00134111,-0.0002625,646.434
0,1994766,5,phononTS,0.000806777,2.64706e-05,0.000769894,-0.000262498,303.465,0.000382,1,-0.000998221,0.00299622,0.0002625,1111.02
0,1995386,3,phononTF,0.00116246,-0.000637835,0.00133086,-0.0002625,12.3649,0.000764,1,-0.000998079,0.000997625,0.0002625,542.075
0,2010121,10,phononTF,0.000550587,-0.00281548,-0.00119741,-0.000262498,1668.8,0.000382,1,-0.00199829,-0.00200386,0.0002625,2024.62
0,2022339,14,phononTF,0.000418876,0.000293258,0.000272245,-0.000262498,1561.8,0.000382,1,0.00199738,0.00200261,0.0002625,2262.07
0,2023437,8,phononTS,0.00346335,-0.00100241,0.00096967,0.000160101,49.3649,0.000382,1,-0.000999996,0.000999977,0.0002625,743.325
0,2023437,13,phononTF,0.000502489,-0.000999996,0.000999977,0.000262498,743.325,0.000502489,1,-0.000156771,0.000213464,-0.0002625,1103.99
0,2024609,12,phononTS,0.00146929,0.00199877,-2.86726e-06,0.000262498,823.574,0.000471821,1,0.00297033,0.000214506,-0.0002625,1205.97
0,2026298,6,phononTS,0.000670793,0.00021365,-0.000265737,-0.000262498,379.199,0.000382,1,1.29572e-06,3.2313e-06,0.0002625,601.674
0,2035193,10,phononTF,0.000503446,0.00199976,1.87897e-06,0.000262498,1156.41,0.000503446,1,0.00167317,-0.000340476,-0.0002625,1355.83
0,2035193,4,phononTF,0.00136802,0.000119461,0.000634345,0.000262498,7.79078,0.00136802,1,-0.000168817,0.000928708,-0.0002625,196.54
0,2035193,3,phononTS,0.00058521,0.000119461,0.000634345,0.000262498,7.79078,0.00058521,1,0.000154636,0.000699516,-0.0002625,155.131
0,2035193,2,phononTS,0.00164395,0.000119461,0.000634345,0.000262498,7.79078,0.00164395,1,-5.54162e-06,0.000705628,-0.0002625,186.797
0,2039187,10,phononTF,0.000545135,0.000519863,0.000821957,-0.0002625,194.612,0.000382,1,0.00100175,0.000997364,0.0002625,651.651
0,2042087,7,phononL,0.000769812,0.00100458,0.000998212,0.000262498,512.42,0.000769812,1,0.000918018,0.00107755,-0.0002625,621.581
0,2044692,5,phononTF,0.000435544,-0.000744701,-0.000690803,-0.0002625,970.521,0.000382,1,-0.00100086,-0.000998979,0.0002625,1921.91
0,2054547,4,phononTF,0.00268429,-0.000259603,0.000954629,0.000242648,1378.84,0.000382,1,-0.000999769,0.000998165,0.0002625,1800.72
0,2054547,6,phononTS,0.000603754,-0.000999769,0.000998165,0.000262498,1800.72,0.000570924,1,-0.00103345,0.000954388,-0.0002625,1949.39
0,2054547,5,phononTF,0.00163745,-0.000999769,0.000998165,0.000262498,1800.72,0.00163745,1,-0.000938592,0.000943037,-0.0002625,1950.67
0,2055646,6,phononTS,0.00116725,-0.000996546,-0.000995957,0.0002625,62.3083,0.000878313,1,-0.00183931,0.00094197,-0.0002625,1577.79
0,2055646,5,phononTF,0.00121886,8.82269e-05,0.000669121,0.000262498,62.3083,0.000691184,1,-0.000232441,0.00032043,-0.0002625,261.242
0,2063966,7,phononTS,0.000456949,0.00195398,-4.57324e-05,-0.000262498,1058.13,0.000382,1,0.00200091,-2.53841e-07,0.0002625,1205.06
0,2071596,13,phononTS,0.000568252,0.000996674,0.00100095,0.000262498,481.819,0.000568252,1,-0.000282253,0.000305348,-0.0002625,989.279
0,2075534,4,phononTF,0.000742982,-0.00100314,0.00100261,0.0002625,5.25268,0.000742982,1,-0.00176075,0.00173088,-0.0002625,873.135
0,2080995,13,phononTS,0.000474237,0.000992553,-0.000639034,-0.0002625,4815.23,0.000382,1,0.00099628,-0.000997895,0.0002625,5391.26
0,2083812,4,phononL,0.000700447,0.000752261,0.000330668,-0.000262498,305.984,0.000382,1,-1.77416e-06,-1.48453e-06,0.0002625,489.136
0,2083812,2,phononL,0.00112057,0.000119517,0.000641152,0.000262498,36.0505,0.000655322,1,-0.000229202,9.29435e-05,-0.0002625,192.451
0,2084355,5,phononTS,0.00109368,0.000117287,-5.86264e-05,-0.0002625,6.48916,0.000382,1,-2.80915e-06,-9.90585e-07,0.0002625,476.732
0,2086448,3,phononL,0.000622328,6.10337e-05,0.0013128,-0.0002625,10.8172,0.000382,1,2.2157e-06,0.00199986,0.0002625,326.813
0,2087126,8,phononTS,0.000442151,-6.44087e-05,-1.10912e-05,-0.0002625,972.137,0.000382,1,-2.27446e-06,2.21914e-06,0.0002625,1428.17
0,2099755,6,phononTF,0.000662205,1.00786e-06,0.00199517,0.000262498,850.546,0.000662205,1,-0.000234831,0.00220947,-0.0002625,1023.39
0,2110401,6,phononTS,0.00114399,3.83031e-06,2.86124e-06,0.000262498,722.147,0.000428612,1,-2.85396e-05,6.72151e-05,-0.0002625,869.737
0,2113874,11,phononTS,0.000404722,-0.00199742,4.21954e-06,0.0002625,633.186,0.000404722,1,-0.00324812,-0.00173362,-0.0002625,2028.7
0,2116692,10,phononTS,0.000457925,-0.00241507,-0.005,-0.000101806,1314.66,0.000457925,1,-0.00247005,-0.00456059,-0.0002625,4986.26
0,2117928,7,phononTF,0.000766769,-3.60889e-06,-8.75545e-07,0.000262498,753.653,0.000766769,1,0.000156839,0.000152399,-0.0002625,914.449
0,2131861,7,phononTS,0.000388642,0.000153123,0.00097763,-0.000262498,537.133,0.000382,1,0.000996435,-0.00100062,0.0002625,1256.15
0,2131861,2,phononL,0.00310422,0.000660524,-0.000146864,7.50423e-05,26.943,0.00114607,1,0.00107807,-0.000261808,-0.0002625,1082.61
0,2140249,7,phononTS,0.000421083,0.000125731,0.0001202,-0.0002625,260.546,0.000382,1,1.96686e-06,1.91061e-06,0.0002625,1454.65
0,2154757,9,phononTF,0.000805468,0.000775411,-0.00136767,-0.0002625,480.565,0.000382,1,-3.65819e-06,-0.00200109,0.0002625,2255.12
0,2157240,8,phononL,0.000389578,1.45944e-06,8.52311e-07,0.0002625,523.33,0.000389578,1,-0.000316795,-0.000523132,-0.0002625,824.68
0,2157240,3,phononTS,0.000713849,0.000127695,0.000652751,0.000262498,27.8088,0.000106556,1,0.000204016,0.000595033,-0.0002625,187.919
0,2166571,6,phononTS,0.000439234,0.00100068,0.00100104,0.000262498,560.773,0.000439234,1,0.00426653,-0.00249936,-0.0002625,1996.85
0,2167329,5,phononL,0.00367642,-0.000999976,0.00104169,0.000208573,81.9415,0.000764,1,-0.00100168,0.00100221,0.0002625,2325
0,2167715,10,phononTS,0.000543201,-0.00100483,0.000996457,0.0002625,821.007,0.000543201,1,-0.00223139,0.00149361,-0.0002625,1767.12
0,2173096,4,phononTF,0.00263596,0.00108051,0.00121434,-4.92265e-05,113.713,0.001146,1,0.000995308,0.00100148,0.0002625,787.22
0,2173096,8,phononTS,0.000794344,0.000995308,0.00100148,0.000262498,787.22,9.80178e-05,1,-0.000225701,0.00149582,-0.0002625,1263.88
0,2188123,5,phononL,0.0010908,0.0010562,0.000318727,-0.0002625,9.54546,0.000382,1,0.00200106,1.68834e-06,0.0002625,431.865
0,2188123,4,phononTS,0.000409131,0.000111343,0.000635764,0.000262498,9.54546,0.000409131,1,-0.00178209,0.00141233,-0.0002625,697.908
0,2202578,2,phononTF,0.000660332,-0.00164583,0.000103074,-0.0002625,23.5071,0.000382,1,-0.00199713,6.07436e-07,0.0002625,1195.55
0,2207352,9,phononTF,0.000624535,6.85589e-05,0.00187751,-0.0002625,250.914,0.000382,1,4.87651e-06,0.00200249,0.0002625,918.499
0,2207352,6,phononTS,0.000801357,0.000143023,0.000786844,0.000262498,97.5131,0.000801357,1,-0.00272469,0.00380615,-0.0002625,1348.98
0,2232199,6,phononL,0.00076977,-5.7399e-06,0.000215383,-0.0002625,717.177,0.000382,1,3.61452e-06,3.28049e-06,0.0002625,941.342
0,2237849,6,phononTS,0.00126582,0.000997515,-0.00300443,0.000262498,4636.24,0.00122711,1,0.00148884,-0.00341974,-0.0002625,4934.24
0,2237849,4,phononTF,0.00077306,0.00013665,0.000654661,0.000262498,52.4866,8.35389e-05,1,-0.000156631,0.000975162,-0.0002625,244.179
0,2243069,9,phononTS,0.000429727,0.000977001,0.000308091,-0.000262498,455.121,0.000382,1,-3.75087e-06,-9.83016e-07,0.0002625,849.616
0,2243069,5,phononTS,0.00113235,7.31187e-05,0.000698035,0.000262498,99.6145,0.00113235,1,-0.00270509,0.00271831,-0.0002625,1199.25
0,2244216,2,phononTS,0.00447203,-8.20223e-06,2.76731e-06,0.000247166,28.9032,0.000382,1,1.94564e-06,-8.61239e-07,0.0002625,1429.65
0,2244216,7,phononTS,0.000522654,1.94564e-06,-8.61239e-07,0.000262498,1429.65,0.000522654,1,-0.00146436,-0.000516833,-0.0002625,1973.8
0,2256334,2,phononTS,0.000648334,0.000875102,-0.00226999,-0.0002625,3.72673,0.000382,1,0.000996595,-0.00300273,0.0002625,1724.04
0,2261368,5,phononTF,0.000519553,-1.44857e-06,2.47046e-06,0.0002625,2.95615,0.000519553,1,-0.000218825,-0.000340669,-0.0002625,573.339
0,2265384,7,phononTS,0.000568598,-5.24647e-05,-5.60179e-05,-0.000262498,572.483,0.000382,1,-4.23514e-06,9.64541e-07,0.0002625,719.164
0,2265384,5,phononTS,0.000976654,0.000102513,0.000627256,0.000262498,15.8844,0.000852478,1,5.45376e-05,0.000679285,-0.0002625,162.67
0,2265384,4,phononTF,0.00127951,0.000102513,0.000627256,0.000262498,15.8844,0.00124052,1,1.35116e-05,0.00100869,-0.0002625,218.241
0,2265384,3,phononTS,0.000776973,0.000102513,0.000627256,0.000262498,15.8844,0.000461838,1,-0.00116065,-0.000706849,-0.0002625,648.74
0,2265384,2,phononTS,0.00309621,0.000823689,0.00131127,-0.000236541,15.8844,0.00279305,1,0.000821835,0.00129193,-0.0002625,685.035
0,2274011,12,phononTS,0.000653762,0.00199642,2.4895e-06,0.0002625,942.928,0.000183398,1,0.00174994,0.000244817,-0.0002625,1815.9
0,2274056,2,phononL,0.00319499,5.41993e-05,0.00179761,0.000138552,39.3317,0.000764,1,-2.7785e-06,0.00199564,0.0002625,464.657
0,2274056,7,phononTF,0.00200771,0.000688866,0.00139943,9.05595e-05,464.657,0.00116302,1,0.000330695,0.00103608,-0.0002625,935.793
0,2278373,9,phononL,0.000714333,0.000334591,0.000651352,-0.000262498,246.504,0.000382,1,5.34281e-08,1.33192e-06,0.0002625,415.025
0,2278373,5,phononTS,0.00369948,8.31687e-05,0.000741545,0.000147632,70.3389,0.00183336,1,7.20881e-05,0.000696834,-0.0002625,336.4
0,2278697,10,phononTF,0.00356485,-5.81619e-05,-6.22189e-05,0.000191545,512.842,0.001528,1,4.79288e-06,5.06346e-07,0.0002625,1639.61
0,2294097,7,phononTS,0.000402851,-0.00118461,0.001051,-0.000262498,561.81,0.000382,1,-0.00100417,0.00100379,0.0002625,738.949
0,2295815,10,phononTS,0.00127793,4.5185e-06,-4.10481e-08,0.0002625,111.108,0.000891634,1,-4.47277e-05,-2.41294e-05,-0.0002625,608.613
0,2301677,7,phononTS,0.000601153,0.000967317,0.00110765,-0.0002625,1981.42,0.000382,1,0.00100149,0.000996688,0.0002625,2810.21
0,2308198,7,phononTS,0.000464798,-0.00300252,-0.00099532,0.000262498,4110.27,0.000464798,1,-0.00295459,-0.00105394,-0.0002625,4257.03
0,2308198,2,phononTF,0.000523763,0.000118841,0.000631246,0.000262498,11.0656,0.000523763,1,0.000309189,0.000424528,-0.0002625,178.803
0,2315576,5,phononTF,0.000610724,-0.00268572,0.00127502,-0.0002625,2.91243,0.000382,1,-0.0019966,0.00199532,0.0002625,1773.1
0,2317940,8,phononTF,0.000399928,0.000197721,-0.00218872,-0.000262498,1598.88,0.000382,1,-2.94421e-06,-0.0020017,0.0002625,1765.74
0,2343262,10,phononTF,0.000499898,1.82546e-06,-2.65789e-06,0.000262498,2148.5,0.000499898,1,9.65028e-05,-9.06067e-05,-0.0002625,2300.9
0,2343262,8,phononTS,0.00132166,-0.00126235,-0.000655178,-0.000101531,1942.46,0.00132166,1,-0.00151992,-0.000572865,-0.0002625,2398.24
0,2352028,3,phononTS,0.000646099,-0.000944401,0.00132506,-0.0002625,69.5207,0.000382,1,-0.00200021,0.00200421,0.0002625,998.937
0,2358140,2,phononTS,0.00208902,6.26893e-05,0.000318584,-0.0002625,18.3434,0.000764,1,3.88321e-07,-2.66405e-06,0.0002625,444.029
0,2358140,8,phononTS,0.000519267,3.88321e-07,-2.66405e-06,0.000262498,444.029,0.000519267,1,0.000797674,-2.64748e-05,-0.0002625,762.461
0,2358140,7,phononTS,0.000509648,3.88321e-07,-2.66405e-06,0.000262498,444.029,0.000509648,1,0.000460818,-0.000562112,-0.0002625,763.49
0,2373620,8,phononTS,0.000511349,4.58617e-05,-4.1797e-05,-0.000262498,374.601,0.000382,1,8.27097e-07,1.24526e-06,0.0002625,521.634
0,2373620,6,phononTF,0.000600036,9.8676e-05,0.000640251,0.000262498,86.9589,0.000600036,1,-3.70152e-05,0.000512765,-0.0002625,243.929
0,2373620,5,phononTF,0.000843215,9.8676e-05,0.000640251,0.000262498,86.9589,0.000843215,1,-0.00024728,0.000319981,-0.0002625,285.565
0,2373620,4,phononTF,0.000665951,9.8676e-05,0.000640251,0.000262498,86.9589,0.000665951,1,-6.58774e-05,0.000337607,-0.0002625,272.765
0,2393908,7,phononTS,0.000517663,0.000553809,0.001053,-0.000262498,276.646,0.000382,1,0.00100315,0.000997005,0.0002625,516.144
0,2393908,2,phononTS,0.00151306,9.75744e-05,0.000627874,0.000262498,47.2696,0.000843622,1,-0.000408859,0.00166112,-0.0002625,463.952
0,2395470,8,phononTF,0.000402598,-0.000997599,0.000995337,0.0002625,462.429,0.000402598,1,-0.000911565,0.000928028,-0.0002625,765.796
0,2408930,7,phononTF,0.000492801,0.000477873,0.00250245,-0.0002625,1836.08,0.000382,1,2.58476e-06,0.00200499,0.0002625,2567.33
0,2408930,4,phononTF,0.000994102,0.000130196,0.000629132,0.000262498,52.7276,0.000523298,1,0.000314771,0.000449443,-0.0002625,217.881
0,2408930,9,phononTS,0.00195721,0.000396488,0.00114952,0.00024153,290.92,0.00133677,1,0.00072146,-0.000579442,-0.0002625,1158.8
0,2409154,5,phononL,0.00146631,0.0016259,0.000437174,-0.0002625,4.63595,0.000764,1,0.00300194,0.000995082,0.0002625,850.03
0,2414633,7,phononTS,0.000505573,-0.000623091,0.0020698,-0.0002625,548.263,0.000382,1,-0.000995506,0.00299703,0.0002625,2591.55
0,2427333,8,phononTS,0.000662505,4.37054e-05,-0.00133763,-0.0002625,349.251,0.000382,1,-3.65437e-06,-0.00199792,0.0002625,1469.98
0,2432216,7,phononTS,0.000507771,0.00118175,-0.00200097,-0.000262498,1013.03,0.000382,1,0.00200375,-0.00199836,0.0002625,1339.37
0,2439507,4,phononTF,0.000451436,7.43255e-05,-8.13337e-05,-0.000262498,339.031,0.000382,1,-4.85724e-06,-4.12083e-07,0.0002625,490.497
0,2441540,6,phononTS,0.00041525,0.00199767,0.00200195,0.0002625,3412.34,0.00041525,1,0.00178679,0.00102687,-0.0002625,4177.67
0,2441641,7,phononTF,0.000518867,0.000995194,0.00100268,0.0002625,163.585,0.000518867,1,0.00196005,0.00128826,-0.0002625,878.433
0,2444443,11,phononTS,0.00046759,-0.000963369,-0.00106142,-0.0002625,1063.57,0.000382,1,-0.000999218,-0.000998589,0.0002625,1608.92
0,2460074,7,phononTS,0.000689449,-2.60423e-06,-2.63523e-06,0.0002625,295.257,0.000483248,1,-3.70092e-05,5.81164e-05,-0.0002625,604.259
0,2465699,5,phononTS,0.00150706,0.00103441,0.000971325,-0.000114671,28.8955,0.000382,1,0.00100324,0.000996243,0.0002625,373.1
0,2465699,8,phononTS,0.000911007,0.00100324,0.000996243,0.000262498,373.1,0.000323204,1,0.0010132,0.00109517,-0.0002625,539.708
0,2468921,3,phononTF,0.000895692,0.00100459,0.00100177,0.0002625,41.1665,0.000756645,1,0.00143727,0.0011792,-0.0002625,689.37
0,2468921,2,phononTS,0.00192206,0.000139219,0.000646926,0.000262498,41.1665,0.00139688,1,0.000196847,0.000565072,-0.0002625,202.063
0,2474460,2,phononL,0.00123174,-0.00218553,-0.000510741,-0.0002625,74.639,0.000382,1,-0.00199821,-0.00200383,0.0002625,1407.44
0,2474460,5,phononTS,0.000438913,-0.00199821,-0.00200383,0.000262498,1407.44,0.000438913,1,-0.00181979,-0.00200664,-0.0002625,1587.8
0,2479987,2,phononTS,0.00285398,-4.15813e-05,5.26653e-05,-0.000214384,69.1187,0.000382,1,-3.76556e-06,3.31839e-06,0.0002625,1353.66
0,2482935,5,phononL,0.00421964,-2.14703e-06,0.000339146,2.99701e-05,79.9567,0.001146,1,-1.62456e-06,4.65686e-09,0.0002625,684.97
0,2482935,8,phononTS,0.000544593,-1.62456e-06,4.65686e-09,0.000262498,684.97,0.000544593,1,-0.000304697,-0.00151315,-0.0002625,1253.7
0,2483857,9,phononTS,0.000883149,-0.000287255,0.000497224,-0.0002625,583.169,0.000382,1,0.000995208,0.00100233,0.0002625,1606.18
0,2483857,8,phononTF,0.00064465,5.29036e-05,0.000692388,0.000262498,583.169,0.000211519,1,0.000438013,0.000321419,-0.0002625,794.77
0,2483857,7,phononTS,0.000651343,5.29036e-05,0.000692388,0.000262498,583.169,0.000621719,1,5.61324e-05,0.00095553,-0.0002625,778.541
0,2483857,6,phononTF,0.000759663,5.29036e-05,0.000692388,0.000262498,583.169,0.000643414,1,-0.00054128,0.00125883,-0.0002625,857.568
0,2484269,9,phononTF,0.00103521,0.000761601,0.00074649,-0.0002625,137,0.000382,1,0.000998082,0.000995479,0.0002625,667.97
0,2488874,7,phononTF,0.000424646,2.63887e-06,-3.85187e-06,0.0002625,451.246,0.000424646,1,-8.99386e-05,-9.19906e-05,-0.0002625,755.826
0,2497284,5,phononTS,0.000663027,4.41276e-05,4.71011e-05,-0.000262498,1191.98,0.000382,1,-2.27513e-06,1.82788e-07,0.0002625,1338.91
0,2504612,6,phononL,0.000964179,0.000502244,0.000840314,-0.0002625,253.21,0.000382,1,0.000996729,0.00100295,0.0002625,526.786
0,2505204,2,phononTS,0.000636652,-0.00100489,0.00100025,0.0002625,4.95424,0.000636652,1,-0.00156753,0.00118012,-0.0002625,839.584
0,2514306,7,phononL,0.000414398,-0.000510673,-0.000955845,-0.000262498,617.643,0.000382,1,-0.00100329,-0.00100353,0.0002625,750.781
0,2521913,12,phononTS,0.000743257,0.00200229,-2.03703e-06,0.0002625,1007.13,0.000743257,1,0.00226404,-3.76583e-05,-0.0002625,2161.54
0,2523656,5,phononL,0.00110835,0.00193444,0.000155105,0.000158283,469.191,0.000764,1,0.00199606,1.97915e-06,0.0002625,1230.01
0,2530340,8,phononTS,0.000722825,0.00100049,0.000996644,0.000262498,908.488,0.000722825,1,0.000579867,0.0024029,-0.0002625,1426.33
0,2537080,6,phononTF,0.000622574,-0.00119712,0.000779367,-0.0002625,1923.8,0.000382,1,-0.000997115,0.00099843,0.0002625,5137.61
0,2542524,7,phononL,0.000924078,-0.0014021,-0.0015699,-0.000262498,1224.54,0.000382,1,-0.0010039,-0.000999768,0.0002625,1388.56
0,2561302,8,phononTS,0.000623529,0.00200412,0.00199755,0.000262498,3225.2,0.000623529,1,0.00491534,0.000255949,-0.0002625,4310.31
0,2561720,5,phononTF,0.000788463,-0.000995236,0.00100183,0.000262498,686.83,0.000788463,1,-0.000717904,0.000726592,-0.0002625,872.341
0,2561720,2,phononTS,0.00441892,-0.000185855,0.000972065,-0.000249917,20.7688,0.00376295,1,-0.00018726,0.000972259,-0.0002625,821.292
0,2565872,7,phononL,0.00109874,-0.00051767,0.000879841,-0.0002625,424.844,0.000382,1,-0.00100471,0.00100262,0.0002625,693.553
0,2565872,8,phononTS,0.000620817,-0.00100471,0.00100262,0.000262498,693.553,0.000620817,1,-0.000695219,0.00106455,-0.0002625,903.997
0,2577152,7,phononTS,0.000397092,3.49504e-06,-1.32278e-06,0.000262498,1761.08,0.000397092,1,6.48239e-05,2.05407e-05,-0.0002625,1914.08
0,2577984,13,phononTS,0.0013134,0.00102043,-0.00294734,0.000160023,2587.45,0.0013134,1,0.00202315,-0.00352182,-0.0002625,3023.12
0,2577984,2,phononTF,0.00113207,0.00010241,0.000640335,0.000262498,15.2029,0.000725767,1,0.00158191,0.000939992,-0.0002625,511.695
0,2581203,3,phononL,0.00132983,0.00262855,0.000584801,-0.0002625,2.55364,0.000764,1,0.00299516,0.000997337,0.0002625,1421.58
0,2581203,2,phononTF,0.000409662,0.000111057,0.000629598,0.000262498,2.55364,0.000409662,1,-0.000220634,0.000987506,-0.0002625,204.256
0,2581848,6,phononTS,0.000427964,0.000966891,-0.000368477,-0.0002625,1185.57,0.000382,1,0.000998665,-0.000995578,0.0002625,2342.46
0,2584593,7,phononTS,0.000953673,-4.45546e-05,-4.4184e-05,-0.0002625,335.201,0.000382,1,-2.43296e-08,-1.33482e-06,0.0002625,2064.67
0,2585452,6,phononTS,0.000960918,0.000804088,0.000501377,-0.0002625,26.8938,0.000382,1,0.00100268,0.00100234,0.0002625,834.063
0,2588885,11,phononL,0.000499482,-0.000996912,-0.000995422,0.000262498,6785.74,0.000499482,1,-0.00122172,-0.0011681,-0.0002625,6901.46
0,2591416,2,phononTS,0.00340545,-1.23456e-05,-1.50404e-05,0.000216221,110.503,0.000764,1,4.6876e-06,-3.08293e-06,0.0002625,737.038
0,2596981,9,phononTF,0.000417883,0.000706809,0.00068362,-0.000262498,417.241,0.000382,1,0.00100071,0.00100179,0.0002625,608.789
0,2596981,4,phononL,0.00254677,-6.64851e-05,0.00111635,-8.25574e-05,154.029,0.00141548,1,-6.61557e-05,0.00106435,-0.0002625,667.908
0,2599659,5,phononL,0.000641158,0.000618105,0.000842133,-0.0002625,106.523,0.000382,1,0.00100468,0.00100301,0.0002625,358.504
0,2620347,8,phononTS,0.000435788,8.36575e-06,-5.61549e-05,-0.0002625,330.509,0.000382,1,-3.17884e-06,4.89462e-06,0.0002625,777.872
0,2630191,3,phononTS,0.00129972,3.83519e-05,0.000159647,-0.0002625,34.3436,0.000382,1,4.39174e-06,4.45715e-06,0.0002625,752.139
0,2646490,7,phononTS,0.000928752,2.5261e-06,-4.15031e-06,0.0002625,667.85,0.000928752,1,-4.51637e-05,-6.41398e-06,-0.0002625,970.169
0,2649352,6,phononL,0.000517365,-0.000628051,0.000912245,-0.0002625,299.564,0.000382,1,-0.00100429,0.00100059,0.0002625,790.883
0,2649547,12,phononTF,0.00399665,1.50437e-05,-7.88739e-06,0.000223501,1421.2,0.000764,1,1.15646e-06,-2.22051e-06,0.0002625,2144.99
0,2649547,15,phononTF,0.000396908,0.000101326,-0.005,0.000125333,2144.99,0.000396908,1,0.0005088,-0.00452404,-0.0002625,3885.18
0,2655725,12,phononTS,0.000477425,0.000971386,-0.000777407,-0.0002625,1139.75,0.000382,1,0.000998168,-0.000999745,0.0002625,2434.62
0,2663771,11,phononTS,0.000513917,-3.39676e-06,-4.19475e-06,0.000262498,713.305,0.000513917,1,4.06397e-05,-6.88455e-05,-0.0002625,860.045
0,2663911,9,phononTF,0.000524077,-0.00100209,0.000998878,0.000262498,6136.24,0.000524077,1,-0.000204639,0.000164091,-0.0002625,6493.33
0,2669206,6,phononTF,0.000615162,-0.000868073,0.000903169,-0.0002625,2038.31,0.000382,1,-0.000999661,0.000999568,0.0002625,2820.05
0,2679200,10,phononTF,0.000689689,-0.00166163,0.00257313,-0.0002625,2938.9,0.000382,1,-0.00199813,0.00199889,0.0002625,3706.42
0,2680716,11,phononTF,0.000643343,-0.000733213,0.0012398,-0.000262498,318.152,0.000382,1,-0.000996024,0.00100081,0.0002625,496.508
0,2682864,5,phononL,0.000915209,0.00200252,0.00199574,0.000262498,1410.41,0.000729623,1,0.00259824,0.00125632,-0.0002625,1620
0,2686279,4,phononTS,0.00104992,1.4946e-05,0.00057701,-0.000262498,167.897,0.000382,1,-0.000997029,0.00100437,0.0002625,573.063
0,2686279,5,phononTF,0.00061671,-0.000997029,0.00100437,0.000262498,573.063,0.00061671,1,3.62291e-05,0.000424942,-0.0002625,960.779
0,2699578,8,phononTF,0.000560442,0.000998366,-0.00100182,0.000262498,1538.81,0.000560442,1,0.00106263,-0.000783098,-0.0002625,1706.83
0,2701984,4,phononTF,0.00197744,0.000581012,0.00127887,4.2641e-05,512.072,0.000764,1,0.00100286,0.00100422,0.0002625,985.277
0,2701984,7,phononTS,0.000637068,0.00100286,0.00100422,0.000262498,985.277,0.000637068,1,0.000769401,0.0010905,-0.0002625,1183.99
0,2722240,7,phononTS,0.000575205,-0.00199978,3.8419e-05,-0.000262498,1584.02,0.000382,1,-0.00200212,-1.39498e-06,0.0002625,1731.46
0,2723427,11,phononL,0.000995759,0.000644973,0.000835812,-0.0002625,1023.74,0.000382,1,0.00100189,0.001003,0.0002625,1271.33
0,2723427,10,phononTF,0.00116166,0.000288055,0.000668623,0.000262498,1023.74,0.000822279,1,0.000339215,0.000424633,-0.0002625,1196.07
0,2728392,4,phononTF,0.00109602,-0.000997982,-0.000999337,0.0002625,52.5707,0.000547982,1,-0.00297946,0.00100402,-0.0002625,1874.31
0,2736129,4,phononTS,0.00063845,0.0001375,-0.000747662,-0.0002625,23.8038,0.000382,1,1.55476e-06,-2.78591e-07,0.0002625,1321.91
0,2777606,6,phononTS,0.00043515,4.17863e-05,6.26472e-05,-0.0002625,233.085,0.000382,1,-1.7062e-07,2.32988e-06,0.0002625,1010.32
0,2784815,5,phononTF,0.00171116,0.00105171,0.000317326,-0.0002625,114.575,0.000764,1,0.00200194,-3.10788e-07,0.0002625,822.471
0,2784815,7,phononTS,0.00038446,0.00200194,-3.10788e-07,0.000262498,822.471,0.00038446,1,0.00272826,-8.20438e-05,-0.0002625,1130.04
0,2788688,8,phononTF,0.000966947,-1.70287e-05,0.00218523,0.000221448,339.993,0.000382,1,1.03749e-06,0.00200375,0.0002625,4241.96
0,2793209,9,phononTS,0.000500526,0.00193533,0.00202854,-0.0002625,726.818,0.000382,1,0.0020009,0.00199568,0.0002625,1662.21
0,2796543,11,phononTF,0.00101429,0.00162183,-0.00235276,-0.0002625,436.161,0.000382,1,0.00199637,-0.00199688,0.0002625,12024.2
0,2799770,9,phononTS,0.000395463,0.000874051,0.00109777,-0.0002625,4846.57,0.000382,1,0.000999316,0.00100121,0.0002625,7313.11
0,2804435,3,phononTF,0.000679224,0.000348235,0.000350856,-0.0002625,25.8518,0.000382,1,3.86399e-06,4.44547e-06,0.0002625,409.64
0,2805391,3,phononTF,0.000692223,0.00077559,0.000906773,-0.0002625,39.1036,0.000382,1,0.000998927,0.000996655,0.0002625,715.667
0,2809547,9,phononTF,0.000474035,0.00075963,-0.000765537,-0.000262498,1003.88,0.000382,1,0.000998615,-0.000997782,0.0002625,1179.58
0,2812157,6,phononL,0.00365177,-7.66016e-06,-1.88686e-05,0.00024709,345.955,0.001146,1,2.15668e-07,1.44087e-06,0.0002625,1861.2
0,2812482,8,phononTS,0.000397784,-0.000494501,0.000647804,-0.0002625,836.78,0.000382,1,-0.000997372,0.000998862,0.0002625,1705.12
0,2821695,5,phononTS,0.00137591,6.69861e-05,0.00129763,-0.0002625,60.4601,0.000382,1,1.14836e-06,0.00200244,0.0002625,649.277
0,2844089,8,phononTS,0.000423116,-1.45371e-06,3.01812e-06,0.0002625,760.047,0.000423116,1,0.000238472,0.000957922,-0.0002625,1520.83
0,2849984,8,phononTS,0.000390236,0.000997999,0.000999786,0.0002625,459.288,0.000390236,1,0.00183044,0.0012051,-0.0002625,1103
0,2858181,7,phononTS,0.00039647,-0.000448065,0.000776044,-0.0002625,997.334,0.000382,1,-0.00200011,3.83406e-06,0.0002625,2026.99
0,2865339,7,phononTS,0.000730607,-0.00100316,0.000996446,0.000262498,2172.78,0.000669517,1,-0.000962623,0.000724106,-0.0002625,2367.46
0,2865339,3,phononTS,0.000930746,0.000110242,0.000632097,0.000262498,7.61973,0.000930746,1,-2.55988e-05,0.000598139,-0.0002625,184
0,2865339,2,phononTS,0.000646579,0.000110242,0.000632097,0.000262498,7.61973,0.000646579,1,6.70569e-05,0.000688442,-0.0002625,154.612
0,2866573,7,phononL,0.0010869,-0.000368846,0.00177876,-0.0002625,1031.97,0.000382,1,3.77634e-06,0.00199796,0.0002625,1514.31
0,2866573,6,phononTS,0.000546704,-0.00109661,0.00122675,0.000262498,1031.97,0.000546704,1,-0.00107029,0.00127388,-0.0002625,1179.08
0,2870771,10,phononTS,0.000445881,-0.00200154,0.00199567,0.0002625,2252.59,0.000445881,1,-0.0020028,0.00254793,-0.0002625,2779.69
0,2874808,8,phononTS,0.000642605,0.00100375,0.000997206,0.0002625,384.138,0.000238187,1,-7.52209e-05,-0.0010101,-0.0002625,4512.61
0,2875197,5,phononL,0.00113379,-0.000414976,-0.0017115,-0.0002625,3016.94,0.000382,1,-0.00199561,-0.0019986,0.0002625,7645.03
0,2875197,7,phononTS,0.000454582,-0.00199561,-0.0019986,0.000262498,7645.03,0.000454582,1,0.000250465,-0.0047495,-0.0002625,8777.68
0,2887935,9,phononTS,0.000528665,-4.63801e-06,-0.00200361,0.000262498,2556.75,0.000528665,1,0.0023252,-0.000793975,-0.0002625,3415.81
0,2891312,9,phononTS,0.000410399,-0.00283764,-0.00144113,-0.000262498,3820.3,0.000382,1,-0.00300303,-0.0009991,0.0002625,4070.09
0,2892161,9,phononTF,0.00128919,0.000120914,0.000290078,-0.0002625,390.816,0.000382,1,-0.00100064,0.00299972,0.0002625,2135.51
0,2901829,12,phononL,0.000633683,-0.000996543,-0.00100182,0.000262499,1362.54,0.000633683,1,-0.0010529,-0.000400909,-0.0002625,1508.75
0,2907132,2,phononTF,0.00402414,-0.000992477,0.00100538,0.000242044,1.92069,0.000382,1,-0.0010029,0.00100171,0.0002625,1365.48
0,2907132,8,phononTS,0.00168985,-0.0010029,0.00100171,0.000262498,1365.48,0.000700133,1,-0.000951205,0.00106751,-0.0002625,1524.3
0,2912703,9,phononTS,0.000685548,0.00100344,0.000997248,0.0002625,95.9805,0.000685548,1,0.00144944,0.0011664,-0.0002625,849.311
0,2921151,8,phononTS,0.00120334,-0.000712651,0.00266263,0.000117754,185.001,0.000382,1,4.25161e-06,0.00199759,0.0002625,2252.19
0,2921729,4,phononTS,0.00192782,0.00204273,0.000156888,-0.0002625,10.2253,0.000382,1,0.00200043,2.35012e-06,0.0002625,1489.74
0,2921729,8,phononL,0.000725618,0.00269761,0.00120009,0.000104706,1489.74,0.000725618,1,0.00281389,0.00146662,-0.0002625,2012.19
0,2921729,7,phononTF,0.000472995,0.00200043,2.35012e-06,0.000262498,1489.74,0.000472995,1,0.0022242,-0.000207456,-0.0002625,1661.16
0,2928058,5,phononTS,0.000458784,-0.0019999,-4.36737e-06,0.0002625,1341.91,0.000458784,1,-0.00321766,-0.00172667,-0.0002625,11416.5
0,2928985,15,phononTS,0.00054691,2.26493e-06,0.002004,0.000262498,6702.9,0.00054691,1,-5.878e-05,0.00195552,-0.0002625,6849.48
0,2933916,8,phononTF,0.00049351,-0.000996018,0.00299561,0.0002625,4089.34,0.00049351,1,-0.000343051,0.00231542,-0.0002625,7520.9
0,2937619,8,phononTS,0.000705852,-0.000949269,0.00114008,-0.0002625,2991.9,0.000382,1,-0.000997462,0.0009992,0.0002625,4910.3
0,2938106,6,phononL,0.000430881,-0.00100335,-0.000995268,0.0002625,1357.64,0.000430881,1,-0.0020197,-0.00115783,-0.0002625,1783.46
0,2938106,3,phononL,0.00129322,0.000137927,0.000659018,0.000262498,26.3213,0.000422234,1,-0.000596898,0.00116189,-0.0002625,224.177
0,2939549,6,phononTF,0.00311423,-6.93e-05,0.000141077,-0.000136073,1361.24,0.000382,1,1.50913e-06,-3.51582e-06,0.0002625,1984.87
0,2946416,9,phononTF,0.00103133,-4.93369e-06,-1.94691e-06,0.000262498,709.613,0.000432052,1,0.000209771,0.00019439,-0.0002625,878.625
0,2958166,3,phononTS,0.0013692,2.68545e-05,0.00015274,-0.0002625,134.53,0.000382,1,-1.49504e-06,2.16786e-06,0.0002625,1172.04
0,2962298,12,phononTF,0.000555546,0.000350642,-0.000417559,-0.0002625,1501.45,0.000382,1,4.30278e-06,-3.85309e-06,0.0002625,2141.36
0,2968836,3,phononTF,0.00416673,0.000995008,0.00100111,0.000262443,35.277,0.000764,1,0.000995028,0.00100109,0.0002625,929.318
0,2971074,6,phononTS,0.00112952,-2.95782e-07,-2.35403e-06,0.000262498,1081.74,0.00112952,1,0.000785183,-0.000950627,-0.0002625,1541.1
0,2987137,7,phononTS,0.000400185,5.26445e-05,0.000579059,-0.000262498,240.265,0.000382,1,-1.07499e-06,3.3071e-06,0.0002625,501.76
0,2997639,6,phononTF,0.000570299,-1.66687e-06,-3.78207e-07,0.0002625,701.866,0.000570299,1,-9.79474e-05,-6.99239e-05,-0.0002625,1006.88
0,2997639,4,phononTF,0.000697707,0.000153324,0.000601978,0.000262498,166.644,0.000697707,1,-0.00117644,0.00116227,-0.0002625,631.526
0,3001915,2,phononTS,0.00246104,-0.00100205,0.00300019,0.000253372,5.07975,0.000764,1,-0.000997122,0.00300038,0.0002625,1222.95
0,3001915,6,phononTF,0.000649143,-0.000997122,0.00300038,0.000262498,1222.95,0.000555646,1,-0.00220763,0.00253517,-0.0002625,1651.2
0,3002699,5,phononTS,0.000501495,-3.06353e-05,0.000290964,-0.0002625,143.142,0.000382,1,-3.79388e-06,-1.56199e-06,0.0002625,542.169
0,3002699,4,phononTS,0.00105955,-5.74766e-05,0.000583489,0.000262498,143.142,0.00105955,1,-2.73621e-05,0.000470021,-0.0002625,309.343
0,3012560,16,phononTF,0.000412268,-4.14247e-06,0.00200066,0.000262498,878.557,0.000412268,1,3.82027e-05,0.00195534,-0.0002625,1027.57
0,3013448,2,phononTF,0.00138308,-0.0022952,0.000487125,-0.000120663,3.33214,0.000382,1,-0.0019951,3.52605e-06,0.0002625,1033.66
0,3013448,9,phononTF,0.000483978,-0.0019951,3.52605e-06,0.000262498,1033.66,0.000483978,1,0.000937512,0.00155031,-0.0002625,2006.92
0,3013448,8,phononTF,0.000400035,-0.0019951,3.52605e-06,0.000262498,1033.66,0.000400035,1,-0.00167971,0.000319216,-0.0002625,1228.91
0,3025329,8,phononTF,0.000443178,-0.00137948,0.00264263,-0.0002625,467.039,0.000382,1,-0.000995841,0.0029989,0.0002625,2227.94
0,3025329,5,phononTS,0.000779217,0.00010294,0.000661652,0.000262498,80.3399,0.000779217,1,0.00016427,0.000671789,-0.0002625,232.039
0,3025329,4,phononTS,0.000876695,0.00010294,0.000661652,0.000262498,80.3399,0.000850582,1,-0.00240614,-0.00181741,-0.0002625,1135.02
0,3026821,6,phononTF,0.000423106,0.00100329,-0.00100486,0.000262498,1872.41,0.000423106,1,0.00217903,-0.00340697,-0.0002625,2669.95
0,3036163,2,phononTS,0.000456464,0.000880527,0.00092699,-0.0002625,7.64791,0.000382,1,0.000997916,0.000999244,0.0002625,1707.73
0,3040710,6,phononTS,0.000905337,-5.05269e-05,7.14073e-05,-0.000262498,960.589,0.000382,1,-1.79832e-06,2.1701e-06,0.0002625,1119.95
0,3040710,4,phononTS,0.000780509,0.000512996,0.000512962,0.000262498,643.589,0.000179056,1,0.000561645,0.000512751,-0.0002625,794.921
0,3052029,6,phononTF,0.000932398,0.000249714,0.000618893,-7.07324e-06,17.3463,0.000382,1,-4.39135e-06,-0.00199889,0.0002625,1035.5
0,3052029,5,phononTS,0.000542547,0.000118303,0.000645654,0.000262498,17.3463,0.000542547,1,-0.00130733,-0.00154518,-0.0002625,876.326
0,3052029,4,phononTS,0.00116935,0.000118303,0.000645654,0.000262498,17.3463,0.000375075,1,0.00492361,-0.00484002,-0.0002625,2111.5
0,3053355,7,phononTS,0.00039635,-0.0010007,0.00100106,0.0002625,167.293,0.00039635,1,-0.00206896,0.00132169,-0.0002625,1004.31
0,3055607,8,phononTF,0.000841604,0.000998279,0.00100145,0.000262498,866.928,0.000841604,1,0.000729833,0.00125206,-0.0002625,1049.39
0,3056171,3,phononTS,0.00383546,5.45903e-07,1.11651e-05,0.000253329,20.1448,0.000382,1,1.37926e-06,4.74103e-06,0.0002625,228.291
0,3056171,11,phononL,0.00133095,1.37926e-06,4.74103e-06,0.000262498,228.291,0.000590633,1,2.55869e-05,-0.000651992,-0.0002625,381.586
0,3059119,7,phononTF,0.000397543,0.000884094,0.000906249,-0.0002625,195.281,0.000382,1,0.00100341,0.00100007,0.0002625,983.378
0,3060308,10,phononTS,0.000493597,-0.000996843,0.0010029,0.000262498,1473.91,0.000493597,1,-0.000950678,0.000958166,-0.0002625,1620.92
0,3077791,9,phononTS,0.000699244,0.000979002,0.00103762,-0.000262498,654.379,0.000382,1,0.00100316,0.00100357,0.0002625,808.193
0,3089840,6,phononTS,0.000483239,-0.000386408,0.000807044,-0.0002625,461.616,0.000382,1,-0.000999919,0.00100079,0.0002625,1044.74
0,3097011,12,phononTF,0.000583863,-0.00100479,-0.00100019,0.000262498,1102.92,0.000583863,1,-0.000561917,-0.00156127,-0.0002625,1361.46
0,3098344,4,phononTS,0.00123165,0.000115885,-3.69354e-05,-0.0002625,5.1459,0.000382,1,2.44658e-06,-1.49493e-06,0.0002625,454.128
0,3102633,9,phononTF,0.00202766,0.000569334,0.000878835,-0.0002625,1172.86,0.000382,1,0.00100311,0.000997809,0.0002625,1491.93
0,3102633,11,phononTS,0.000894795,0.00100311,0.000997809,0.000262498,1491.93,0.000288578,1,0.00083135,6.58515e-05,-0.0002625,1840.76
0,3109345,7,phononTF,0.00082135,0.00200004,0.00199639,0.000262498,1218.14,0.0006637,1,0.00209888,0.00192825,-0.0002625,1370.83
0,3118784,4,phononTS,0.000964205,1.20831e-05,-0.0016743,-0.0002625,17.1822,0.000382,1,-2.61783e-06,-0.00200392,0.0002625,1698.25
0,3119834,10,phononTS,0.000554843,0.000998825,-0.0010033,0.000262498,2704.13,0.000554843,1,0.00103289,-0.00102264,-0.0002625,2858.53
0,3119834,2,phononTF,0.00180164,0.000122124,0.000635825,0.000262498,13.5756,0.00180164,1,3.697e-05,0.000555013,-0.0002625,165.247
0,3123448,2,phononTF,0.00475479,-1.15379e-05,1.55918e-05,0.00025057,173.686,0.002292,1,-1.25224e-06,4.55423e-06,0.0002625,548.703
0,3129389,6,phononTF,0.000961119,-0.000858406,0.00113237,-0.0002625,3.34685,0.000382,1,-0.000998902,0.00100089,0.0002625,1006.25
0,3146504,4,phononTS,0.00282284,-5.39826e-07,-1.44161e-06,0.0002625,64.0509,0.00194177,1,0.000183369,1.29578e-05,-0.0002625,1688.87
0,3160520,2,phononTS,0.00072361,0.000603515,0.00121014,-0.0002625,2.50971,0.000382,1,-2.16285e-06,3.88152e-06,0.0002625,1082.66
0,3175685,5,phononTF,0.00116898,-1.77491e-05,-8.50893e-05,0.000173671,1197.56,0.00116898,1,-0.000164625,7.41679e-05,-0.0002625,1378.01
0,3187882,9,phononTF,0.000599865,4.01493e-06,3.64404e-06,0.000262498,757.264,0.000599865,1,-0.000592664,0.000582868,-0.0002625,1034.36
0,3192479,6,phononTF,0.00121345,-0.000708332,0.000892452,-0.0002625,342.855,0.000382,1,-0.00099877,0.000998576,0.0002625,1140.67
0,3199944,11,phononTS,0.00039714,0.000961948,0.000768152,-0.000262498,732.35,0.000382,1,0.00100117,0.000996182,0.0002625,918.564
0,3199944,7,phononTF,0.000915924,0.000254318,0.000689387,0.000262498,437.375,0.000598248,1,-0.000200336,0.0011768,-0.0002625,676.087
0,3203284,8,phononL,0.000570377,-0.00111744,0.00140046,-0.0002625,3384.96,0.000382,1,-0.000998969,0.00100431,0.0002625,4638.09
0,3221661,3,phononL,0.00128422,6.1338e-05,0.00130523,-0.0002625,10.7299,0.000382,1,1.45363e-06,0.00200066,0.0002625,329.157
0,3231568,7,phononTS,0.000653654,0.00374316,-0.005,-0.000194625,607.189,0.000653654,1,0.00421487,-0.00426411,-0.0002625,3369.25
0,3231568,3,phononTS,0.000406551,0.000134837,0.000619992,0.000262498,80.33,0.000406551,1,0.000177944,0.000582964,-0.0002625,228.795
0,3231568,2,phononTF,0.00114382,0.000134837,0.000619992,0.000262498,80.33,0.00114382,1,0.000326559,0.000413263,-0.0002625,248.173
0,3251277,9,phononTS,0.000487207,2.83211e-06,-1.8023e-06,0.0002625,839.027,0.000487207,1,-3.19905e-05,-0.00022468,-0.0002625,1208.98
0,3257173,11,phononTS,0.000401123,0.00200222,-1.49341e-06,0.000262498,3126.26,0.000401123,1,0.0020485,-5.98643e-05,-0.0002625,3282.34
0,3257173,4,phononTF,0.00353996,0.000314279,0.00154454,-0.000248427,1181.07,0.00334358,1,0.000306893,0.0015516,-0.0002625,1617.19
0,3258230,3,phononL,0.000666978,-0.000215584,0.000621243,-0.0002625,9.89285,0.000382,1,-3.11059e-06,4.32714e-06,0.0002625,283.505
0,3258230,2,phononTS,0.00234851,0.000122281,0.000627657,0.000262498,9.89285,0.00127235,1,6.31007e-05,0.000571935,-0.0002625,156.192
0,3260133,6,phononTS,0.000392931,0.00438445,-0.005,3.89809e-06,42.2932,0.000382,1,-0.000998554,0.000998243,0.0002625,5479.05
0,3262452,11,phononTS,0.000428104,-6.48353e-05,-3.89003e-05,-0.000262498,1883.11,0.000382,1,-4.41056e-06,3.57474e-06,0.0002625,2038.62
0,3269729,7,phononTF,0.000691231,0.00140973,0.00169665,-0.0002625,347.797,0.000382,1,0.00199575,0.00200033,0.0002625,1967.43
0,3280376,3,phononTS,0.00124798,0.00200145,-0.00200005,0.0002625,95.0806,0.000904635,1,0.00196591,-0.00181912,-0.0002625,1397.27
0,3281441,4,phononL,0.0015162,0.000351145,0.00184853,-0.0002625,1992.89,0.000764,1,-1.3654e-06,0.0020016,0.0002625,2238.67
0,3283067,8,phononTS,0.000471011,-4.06622e-06,0.00200045,0.000262498,1047.42,0.000471011,1,-7.55941e-05,0.00204284,-0.0002625,1207.24
0,3283201,8,phononTS,0.000578609,0.000996143,0.00100243,0.000262498,1363.56,0.000578609,1,0.00104219,0.00104071,-0.0002625,1511.73
0,3283201,2,phononTS,0.000388974,0.000116738,0.000632234,0.000262498,7.16878,0.000388974,1,0.00126558,0.00120869,-0.0002625,464.949
0,3283827,6,phononTF,0.00258078,-0.000882151,0.000866991,-0.000216742,642.247,0.000382,1,-0.00100404,0.000998783,0.0002625,1282.53
0,3283827,8,phononTS,0.00173193,-0.00100404,0.000998783,0.000262499,1282.53,0.00103242,1,-0.0019287,0.00101562,-0.0002625,1634.87
0,3288248,9,phononTS,0.000422177,0.00160708,0.00112142,-0.0002625,2084.12,0.000382,1,0.00200199,2.89839e-07,0.0002625,10048.8
0,3288248,6,phononTF,0.00083509,9.35949e-05,0.000621796,0.000262498,19.7205,0.000676632,1,-0.00319313,-0.000494343,-0.0002625,1049.41
0,3288804,8,phononTF,0.000962345,-0.005,0.00127359,-0.000200208,36.9137,0.000764,1,-0.000995602,0.00100369,0.0002625,6000.74
0,3289812,8,phononTS,0.000762106,-2.24207e-06,-3.15642e-06,0.000262498,855.754,0.000762106,1,0.00018262,0.00105397,-0.0002625,1257.57
0,3292569,2,phononTF,0.0020938,9.05264e-05,3.06391e-05,-9.34234e-05,39.0028,0.000382,1,-4.6902e-06,1.26055e-06,0.0002625,380.077
0,3296012,6,phononTS,0.00289389,9.89573e-05,2.58114e-05,-1.85683e-05,1295.55,0.000764,1,-2.64746e-06,-4.43293e-06,0.0002625,1545.1
0,3303711,2,phononTS,0.00280846,-4.12956e-06,-1.75049e-06,0.0002625,7.9979,0.00185346,1,7.9238e-05,0.000295008,-0.0002625,618.159
0,3318808,10,phononTS,0.00113932,-0.00100389,0.00100451,0.000262498,548.563,0.00113932,1,-0.0011943,0.00150645,-0.0002625,814.47
0,3321318,10,phononTS,0.00105941,-0.000997108,0.00100005,0.000262498,937.96,0.000492896,1,-0.00146342,0.000980893,-0.0002625,1178.18
0,3322273,7,phononL,0.000592848,0.000394968,0.000365813,-0.0002625,423.782,0.000382,1,2.90019e-06,4.18136e-06,0.0002625,843.913
0,3322273,5,phononTS,0.000994863,0.000115123,0.000610592,0.000262498,34.0036,0.000461692,1,0.0001545,3.39715e-05,-0.0002625,288.384
0,3325343,11,phononTS,0.000413349,0.00205693,-0.000369406,-0.0002625,3971.46,0.000382,1,0.00200395,3.40807e-07,0.0002625,4575.61
0,3328624,5,phononTS,0.000391813,6.25872e-07,0.00199565,0.0002625,1079.6,0.000391813,1,-8.30398e-05,0.00227452,-0.0002625,1906.93
0,3330744,9,phononTF,0.000705568,4.54465e-06,-3.87387e-07,0.0002625,241.685,0.000247745,1,-0.000164272,-0.000154531,-0.0002625,566.584
0,3342885,6,phononTF,0.000495958,0.00055757,0.000550872,-0.000262498,497.603,0.000382,1,0.00100102,0.000999067,0.0002625,729.833
0,3345402,10,phononTS,0.000746141,0.00045958,-0.00118796,-0.0002625,1720.23,0.000382,1,0.000995355,-0.00300393,0.0002625,3081.36
0,3345402,8,phononTF,0.00301627,-3.67304e-05,0.000639798,-0.000222627,1185.13,0.00285601,1,5.33038e-05,0.000720955,-0.0002625,1376.01
0,3347345,8,phononL,0.000417905,0.00016552,0.00092048,-0.000262498,199.042,0.000382,1,0.00100456,0.00100231,0.0002625,380.38
0,3361216,7,phononTS,0.000840055,-2.63501e-06,0.00199771,0.000262498,1267.19,0.000840055,1,1.09997e-05,0.00157464,-0.0002625,1495.34
0,3367102,3,phononTF,0.00123702,1.68084e-05,0.000758397,-6.94396e-05,9.3295,0.000382,1,-0.00299682,-0.00100239,0.0002625,1115.03
0,3376139,9,phononTS,0.000400503,-9.286e-06,-0.000156354,-0.000262498,1953.62,0.000382,1,-1.78208e-06,-4.08462e-07,0.0002625,2129.31
0,3379523,12,phononTS,0.000510885,0.0047368,0.00280788,-0.0002625,7321.42,0.000382,1,0.00200315,0.00200075,0.0002625,10099.8
0,3386631,10,phononL,0.000587348,1.39315e-06,1.72588e-06,0.000262498,489.512,0.000587348,1,-0.000454439,0.000269522,-0.0002625,628.346
0,3390016,11,phononTS,0.000423221,0.000995226,-0.00100102,0.0002625,2579.2,0.000423221,1,0.000920037,-0.00131952,-0.0002625,3433.76
0,3390016,7,phononTS,0.00260714,-9.55601e-05,0.000591118,-3.48922e-05,568.729,0.00160644,1,0.0002317,0.000598006,-0.0002625,756
0,3391011,10,phononTS,0.00106382,-0.0010035,0.00299979,0.000262498,1411.98,0.00106382,1,-0.00100053,0.00308585,-0.0002625,1577.91
0,3404102,11,phononL,0.000386011,8.16882e-05,0.00065872,-0.000262498,167.054,0.000382,1,-2.05945e-06,-4.14134e-06,0.0002625,322.202
0,3413165,13,phononTS,0.000540999,0.00100431,-0.00300142,0.000262498,1573.99,0.000540999,1,0.00093017,-0.00219189,-0.0002625,1901.56
0,3413291,2,phononTS,0.000763599,2.33125e-06,2.5142e-06,0.0002625,65.05,0.000196546,1,3.29155e-05,-0.000420187,-0.0002625,724.843
0,3416512,9,phononTS,0.000531532,-0.000183961,0.000823418,-0.0002625,144.547,0.000382,1,-0.000999,0.00100178,0.0002625,964.832
0,3421247,10,phononTF,0.000595764,-0.00100189,0.00100323,0.000262498,597.177,0.000227615,1,-0.0011873,0.000835467,-0.0002625,760.896
0,3421247,7,phononTS,0.000564111,0.000118725,0.000624523,0.000262498,9.06299,0.000564111,1,0.00197125,0.00144926,-0.0002625,715.155
0,3421247,6,phononTF,0.000702655,0.000118725,0.000624523,0.000262498,9.06299,0.000702655,1,-0.000817262,0.00152205,-0.0002625,403.03
0,3421247,5,phononTS,0.00193364,-0.000438194,0.000807891,-0.000220539,9.06299,0.00193364,1,-0.000510193,0.000841962,-0.0002625,190.912
0,3428717,6,phononL,0.000807711,0.00200074,0.00199559,0.0002625,108.36,0.000807711,1,0.00297165,0.00267416,-0.0002625,868.359
0,3430078,8,phononTS,0.000407498,-5.32905e-05,0.00199499,-0.000262498,2215.46,0.000382,1,3.70535e-06,0.00199699,0.0002625,2366.12
0,3438406,9,phononL,0.00106972,-0.000299118,6.52096e-05,-0.0002625,382.942,0.000382,1,-3.10045e-06,-2.97919e-07,0.0002625,616.435
0,3438406,8,phononTF,0.000982475,-0.000595133,0.000130717,0.000262498,382.942,0.000609932,1,0.000196566,0.000746696,-0.0002625,712.278
0,3438406,2,phononTS,0.000576087,0.000110285,0.000627812,0.000262498,19.6915,0.000576087,1,0.00119451,0.000190985,-0.0002625,446.386
0,3442995,7,phononTF,0.00102579,0.000707224,0.000818083,-0.000262498,1152.03,0.000382,1,0.00100075,0.00100127,0.0002625,1336.49
0,3444473,8,phononTF,0.000633434,-0.00199792,-0.00200232,0.000262498,2127.56,0.000323572,1,-0.00215545,-0.00217662,-0.0002625,2289.51
0,3444473,5,phononTS,0.00133181,0.000185403,0.000604754,0.000262498,219.502,0.00133181,1,0.000179728,0.000545488,-0.0002625,369.682
0,3445972,5,phononTS,0.00112263,0.000167766,0.000648824,-0.0002625,29.0158,0.000764,1,-0.00200041,-0.00200431,0.0002625,3576.55
0,3448299,7,phononTS,0.000520946,-0.000761433,0.00191831,-0.000262498,553.456,0.000382,1,-2.52817e-06,0.00199665,0.0002625,859.489
0,3457148,7,phononTF,0.00127322,-7.4657e-07,4.86479e-06,0.000262498,439.97,0.00118907,1,-0.000504466,0.000490856,-0.0002625,686.472
0,3468471,6,phononTF,0.000983013,1.73446e-06,0.00200237,0.0002625,4.40062,0.000983013,1,4.13618e-05,0.002039,-0.0002625,1268.87
0,3468878,6,phononTS,0.00116564,-0.000138544,0.00181212,-0.0002625,4.74073,0.000382,1,2.9951e-07,0.00200332,0.0002625,1138.05
0,3469454,15,phononTF,0.000648346,-0.00300441,-0.00100019,0.0002625,659.138,0.000592832,1,-0.00243301,-0.0015953,-0.0002625,6474.29
0,3483730,4,phononTS,0.000849887,0.000127768,0.000310317,-0.0002625,2.17204,0.000382,1,-3.60635e-06,-2.89248e-06,0.0002625,897.775
0,3512623,9,phononL,0.000550292,-0.000513507,0.00104134,-0.000262498,854.32,0.000382,1,-0.00100048,0.0010041,0.0002625,986.724
0,3519956,8,phononTS,0.000470615,4.11395e-05,4.20898e-05,-0.000262498,775.393,0.000382,1,-1.1382e-06,-2.34324e-06,0.0002625,922.523
0,3519957,5,phononTS,0.00265275,-2.93546e-05,0.000700675,-2.72962e-06,419.098,0.00170747,1,-3.80502e-05,0.00050439,-0.0002625,590.292
0,3520091,4,phononTF,0.000566944,0.000482041,0.000451929,-0.0002625,46.962,0.000382,1,1.06884e-06,-5.57671e-07,0.0002625,485.077
0,3524512,9,phononL,0.00042647,0.000804135,-0.00315969,-0.0002625,2573.39,0.000382,1,0.00100119,-0.00300357,0.0002625,2915.22
0,3524634,3,phononTS,0.00348143,-0.000992439,0.00100304,0.000230202,87.3083,0.000382,1,-0.000995021,0.00100441,0.0002625,726.486
0,3525739,11,phononTF,0.000527611,0.000102385,0.000112855,-0.0002625,1007.11,0.000382,1,-1.38113e-06,1.12227e-06,0.0002625,1469.28
0,3525739,7,phononTS,0.000539553,0.000120697,0.000723461,0.000262498,141.307,0.000539553,1,-0.00066316,0.000583793,-0.0002625,468.405
0,3528121,9,phononTF,0.0018829,0.00212753,0.00271354,-0.00013507,766.974,0.00137384,1,0.00218771,0.00265775,-0.0002625,1646.93
0,3528121,8,phononTS,0.00253766,0.000956397,0.000761596,-0.000153156,766.974,0.00201246,1,0.000945547,0.00075026,-0.0002625,797.536
0,3532748,13,phononTS,0.000461986,-0.000998913,0.00299653,0.0002625,908.201,0.000461986,1,-0.00166104,0.00356269,-0.0002625,1626.66
0,3536451,9,phononL,0.000476392,3.84419e-06,-3.88025e-07,0.000262498,770.174,0.000476392,1