Run ID,Event ID,Track ID,Particle Name,Start Energy [eV],Start X [m],Start Y [m],Start Z [m],Start Time [ns],Energy Deposited [eV],Track Weight,End X [m],End Y [m],End Z [m],Final Time [ns]
0,14089,9,phononTS,0.00150329,-0.00300236,-0.00100425,0.000262498,471.859,0.000809686,1,-0.00345509,-0.00105617,-0.0002625,704.59
0,17251,9,phononL,0.000720941,0.00206864,0.0013844,-0.0002625,2291.85,0.000382,1,0.00199726,2.4152e-06,0.0002625,3012.98
0,19782,13,phononTF,0.000457377,-0.00100083,-0.00100178,0.000262498,1115.97,0.000457377,1,-0.000343784,-0.000307778,-0.0002625,1422.88
0,22487,8,phononTS,0.00138751,-0.00300416,-0.00100311,0.0002625,749.402,0.000418647,1,-0.00295079,-0.000980882,-0.0002625,1411.56
0,26755,3,phononTS,0.000578284,-0.00207212,-0.005,-0.00011183,7.1574,0.000382,1,3.21249e-06,-4.9847e-06,0.0002625,3143.43
0,36676,5,phononTS,0.000987079,-0.00302615,-0.00100681,-0.0002625,16.4304,0.000382,1,-0.00300375,-0.000995664,0.0002625,847.705
0,36676,4,phononTS,0.000542806,-0.00352939,-0.00155854,0.000262498,16.4304,0.000542806,1,-0.00465887,-0.0012938,-0.0002625,443.428
0,36676,3,phononTS,0.000438276,-0.00352939,-0.00155854,0.000262498,16.4304,0.000438276,1,-0.00359495,-0.00159441,-0.0002625,163.707
0,53480,8,phononTF,0.000512115,-0.00299621,-0.0010006,0.000262498,633.121,0.000512115,1,-0.00316379,-0.000822376,-0.0002625,796.314
0,58596,5,phononTF,0.00138038,-0.00301446,-0.00098463,0.000240487,294.25,0.000764,1,-0.00300329,-0.000998609,0.0002625,636.192
0,58912,4,phononTF,0.00132893,-0.00313114,-0.00114163,-0.0002625,3.33504,0.000382,1,-0.00299903,-0.00100297,0.0002625,635.636
0,58912,5,phononTF,0.000675967,-0.00299903,-0.00100297,0.000262498,635.636,0.000529952,1,-0.00254651,-0.00146454,-0.0002625,871.095
0,59677,2,phononTF,0.000908719,-0.00276169,-0.000800101,-0.0002625,68.2252,0.000382,1,-0.00200305,-4.50392e-06,0.0002625,754.213
0,67280,5,phononTF,0.00126833,-0.00325965,-0.00127343,-0.0002625,5.94987,0.000382,1,-0.00300177,-0.000997094,0.0002625,370.516
0,74245,13,phononL,0.000570844,-0.00299585,-0.000999532,0.0002625,898.482,0.000570844,1,-0.00356699,-0.000502103,-0.0002625,1248.67
0,76315,3,phononTS,0.00206936,-0.00388385,-0.000672601,-0.000145418,10.0828,0.000382,1,-0.00299784,-0.00100116,0.0002625,701.302
0,76315,7,phononTS,0.00108955,-0.00299784,-0.00100116,0.000262498,701.302,0.00108955,1,-0.0030889,-0.000961753,-0.0002625,863.971
0,82137,8,phononTS,0.000664961,-0.00235637,-0.00195378,-0.0002625,609.543,0.000382,1,-0.00200433,-0.00200399,0.0002625,1662.55
0,82137,4,phononTF,0.000849503,-0.0034447,-0.00161654,0.000262498,489.619,0.000849503,1,-0.00334279,-0.00146483,-0.0002625,648.407
0,83552,2,phononL,0.00256151,-0.00239604,-0.00079194,-0.0002625,85.9726,0.000382,1,-0.00299702,-0.000995439,0.0002625,1119.16
0,99399,6,phononTF,0.000410344,-0.00335342,-0.00138725,-0.0002625,462.004,0.000382,1,-0.00300206,-0.00100348,0.0002625,1035.2
0,99399,2,phononTF,0.000767282,0.005,-0.0049921,0.000155494,6.77864,0.000767282,1,0.00449179,-0.00451104,-0.0002625,2929.57
0,104821,7,phononTF,0.00260759,-0.00332583,-0.00129729,-0.0002625,496.108,0.000382,1,-0.00300443,-0.00100313,0.0002625,822.913
0,106511,5,phononTF,0.000714466,-0.00276271,-0.000776097,-0.0002625,2.0125,0.000382,1,-0.00200158,9.75296e-07,0.0002625,683.696
0,106511,4,phononTF,0.00104671,-0.00352385,-0.00155317,0.000262498,2.0125,0.00104671,1,-0.00254088,-0.00125762,-0.0002625,364.431
0,107710,7,phononTS,0.000592892,-0.00333522,-0.00121867,-0.0002625,2.80873,0.000382,1,-0.00300123,-0.00100304,0.0002625,955.805
0,116151,10,phononTS,0.00046218,-0.00300395,-0.00100026,0.0002625,395.575,0.00046218,1,-0.00257085,6.07961e-05,-0.0002625,1255.1
0,123960,8,phononL,0.000910764,-0.00217044,0.00252262,-0.000262498,2037.6,0.000382,1,-0.00200211,0.002,0.0002625,2177.88
0,125651,4,phononTS,0.00131949,-0.00300334,-0.00100344,0.000262498,367.42,0.000678683,1,-0.0026947,-0.000792125,-0.0002625,596.896
0,125651,2,phononTF,0.00374899,-0.00342935,-0.00204911,-6.31741e-05,1.99809,0.0029147,1,-0.00328934,-0.00218618,-0.0002625,399.309
0,141877,7,phononTS,0.000863041,-0.0029961,-0.00100166,0.000262498,634.134,0.000772206,1,-0.00295551,-0.000511255,-0.0002625,876.05
0,153582,12,phononTS,0.0011115,0.005,0.00462743,0.000117632,4907.47,0.0011115,1,0.00430348,0.00495383,-0.0002625,7469.26
0,154942,4,phononTS,0.000487766,-0.000867612,0.000111396,-0.0002625,25.8859,0.000382,1,3.68042e-06,6.59758e-07,0.0002625,1369.39
0,161691,7,phononTF,0.000772881,-0.00292097,-0.00110428,-0.0002625,17.9632,0.000382,1,-0.00300472,-0.000998573,0.0002625,671.118
0,163454,3,phononTF,0.00130361,-0.00312186,-0.00114147,-0.0002625,197.634,0.000764,1,-0.00299872,-0.00100019,0.0002625,829.994
0,163454,2,phononTS,0.00103572,-0.00349129,-0.00156532,0.000262498,197.634,0.000685841,1,-0.0034529,-0.000814312,-0.0002625,503.412
0,169377,2,phononTF,0.00401301,-0.00293223,-0.00117535,0.00021391,9.34511,0.001146,1,-0.00300477,-0.00100193,0.0002625,759.389
0,178967,11,phononTF,0.000445489,-0.00226729,-0.000284775,-0.000262498,683.355,0.000382,1,-0.00200022,4.79506e-06,0.0002625,868.136
0,181643,2,phononTF,0.000819486,-0.00324628,-0.00126099,-0.0002625,147.107,0.000382,1,-0.00300184,-0.000999217,0.0002625,505.062
0,188988,9,phononTS,0.000719475,0.0019966,0.00199945,0.000262498,12914.1,0.000482898,1,0.00297309,0.00157291,-0.0002625,13308
0,191369,3,phononTS,0.00127928,-0.00199466,-3.10471e-06,0.00024249,0.775633,0.000764,1,-0.00199674,-8.59582e-07,0.0002625,862.343
0,201987,10,phononTS,0.000978234,-0.00299588,-0.000999702,0.0002625,276.083,0.000978234,1,-0.00297729,-0.000955771,-0.0002625,575.9
0,212607,8,phononTF,0.000383736,-0.0032017,-0.00125469,-0.000262498,240.103,0.000382,1,-0.00299523,-0.000998454,0.0002625,418.265
0,223959,3,phononL,0.00134417,-0.00213415,-0.000747209,-0.0002625,11.5919,0.000382,1,-0.00199694,-1.54595e-06,0.0002625,2342.56
0,224909,8,phononTS,0.000458102,-0.0020012,2.62922e-06,0.000262498,1052.23,0.000458102,1,-0.00207678,0.000487303,-0.0002625,1301.5
0,224909,3,phononTS,0.000506314,-0.00355411,-0.00155244,0.000262498,227.102,0.000506314,1,0.0009943,-0.005,0.000105601,1810.66
0,226746,2,phononTF,0.000474681,-0.00112349,-0.00102772,-0.0002625,4.65384,0.000382,1,-0.000997342,-0.00100016,0.0002625,3102.25
0,229770,7,phononTS,0.000804931,-0.00300424,-0.000999284,0.0002625,185.838,0.000804931,1,-0.0022062,-0.00121606,-0.0002625,841.059
0,244024,9,phononTF,0.000425536,-0.00275069,-0.00121973,-0.000262498,526.862,0.000382,1,-0.00300342,-0.00100123,0.0002625,704.921
0,244024,2,phononL,0.00128412,-0.00352473,-0.00155885,0.000262498,1.9322,0.00128412,1,-0.00390432,-0.00046454,-0.0002625,242.419
0,260147,6,phononTS,0.000625519,-0.00200409,-0.00204364,-0.0002625,79.162,0.000382,1,-0.00200198,-0.00200476,0.0002625,1087.16
0,270362,9,phononTF,0.000422569,-0.00300343,-0.000996636,0.000262498,448.752,0.000422569,1,-0.0034472,-0.000524014,-0.0002625,683.615
0,281163,6,phononTF,0.00138755,-0.00299945,-0.00099541,0.000262498,634.508,0.00138755,1,-0.00253355,-0.000517376,-0.0002625,873.824
0,293525,10,phononTS,0.000795267,-0.0029973,-0.000999816,0.000262498,350.135,0.000795267,1,-0.00302385,-0.00103139,-0.0002625,497.704
0,295146,3,phononTF,0.000798379,-0.00326026,-0.00128444,-0.0002625,3.87072,0.000382,1,-0.00300329,-0.00100362,0.0002625,368.846
0,295146,2,phononTF,0.000746029,-0.00351722,-0.00156526,0.000262498,3.87072,0.000361443,1,-0.00268653,-0.000703515,-0.0002625,372.025
0,300877,5,phononTS,0.000549352,-0.000801212,0.000192227,-0.0002625,115.031,0.000382,1,-1.50933e-06,-1.688e-06,0.0002625,3376.87
0,300877,4,phononTS,0.00137427,-0.00350336,-0.00157101,0.000262498,115.031,0.00137427,1,-0.00446178,-0.00167267,-0.0002625,482.941
0,304954,5,phononTF,0.0034883,-0.00308194,-0.00108362,-6.10086e-06,507.215,0.001528,1,-0.00300115,-0.000995108,0.0002625,925.121
0,311717,9,phononTF,0.000422739,-0.00300256,-0.0010014,0.000262498,811.952,0.000422739,1,-0.00206954,-0.00158095,-0.0002625,1173.77
0,311717,2,phononTS,0.00139193,3.62347e-06,-0.00454136,-0.000121123,81.5427,0.00139193,1,-0.000498945,-0.00430997,-0.0002625,1692.17
0,321910,9,phononTS,0.000601644,-0.00199965,0.00200099,0.000262498,2908.53,0.000601644,1,-0.00203491,0.00204904,-0.0002625,3055.52
0,328584,2,phononTF,0.00209041,-0.00326708,-0.00128855,-0.0002625,52.438,0.000382,1,-0.0029999,-0.00100234,0.0002625,415.845
0,328584,7,phononTF,0.000981742,-0.0029999,-0.00100234,0.000262499,415.845,0.000981742,1,-0.00291257,-0.00108204,-0.0002625,567.502
0,329834,4,phononTF,0.00112107,-0.00311192,-0.00111819,-0.0002625,102.854,0.000382,1,-0.00299958,-0.00100253,0.0002625,478.602
0,329834,6,phononTF,0.000533649,-0.00299958,-0.00100253,0.000262498,478.602,0.000533649,1,-0.00248052,-0.000450364,-0.0002625,738.049
0,359875,7,phononTS,0.000513391,-0.00299805,-0.000998216,0.000262498,434.041,0.000513391,1,-0.00295019,-0.000683829,-0.0002625,636.852
0,390151,5,phononTS,0.00172765,-0.0027681,-0.000928082,-0.0002625,79.5602,0.000382,1,-0.00200318,-1.11225e-06,0.0002625,918.922
0,390151,9,phononTF,0.000631983,-0.00200318,-1.11225e-06,0.000262498,918.922,0.000631983,1,-0.000977991,-0.00179124,-0.0002625,1542.35
0,390151,8,phononTS,0.000706051,-0.00200318,-1.11225e-06,0.000262498,918.922,0.000706051,1,-0.00196762,-0.000408242,-0.0002625,1142.21
0,400405,4,phononTF,0.00125045,-0.00266927,-0.000641669,-0.000125311,4.68784,0.000950622,1,-0.00275961,-0.000540124,-0.0002625,658.789
0,400405,3,phononTF,0.000647509,-0.00352746,-0.0015653,0.000262498,4.68784,9.61215e-05,1,-0.00376173,-0.00130782,-0.0002625,184.342
0,414489,5,phononTF,0.00162513,-0.00326311,-0.00127818,-0.0002625,6.13359,0.000764,1,-0.00300265,-0.00100476,0.0002625,373.949
0,414489,4,phononTF,0.000572107,-0.00352356,-0.00155159,0.000262498,6.13359,0.000572107,1,-0.00398899,-0.00205034,-0.0002625,248.316
0,414489,3,phononTS,0.000850423,-0.00352356,-0.00155159,0.000262498,6.13359,0.000781368,1,-0.00358171,-0.0020663,-0.0002625,260.676
0,414489,2,phononTS,0.00107752,-0.00352356,-0.00155159,0.000262498,6.13359,0.000680236,1,-0.00317191,-0.00150993,-0.0002625,216.791
0,415034,6,phononTS,0.000641691,-0.0029977,-0.000999211,0.000262498,633.568,0.000641691,1,-0.000321281,-0.00248,-0.0002625,1618.39
0,415399,14,phononTF,0.00083475,-0.00200372,2.21381e-06,0.000262498,878.39,0.00083475,1,-0.0012409,-0.000796168,-0.0002625,1222.68
0,418744,6,phononTS,0.000795754,-6.46903e-07,-0.00199698,0.0002625,1794.6,0.000326293,1,3.11811e-05,-0.00221409,-0.0002625,2163.85
0,434660,4,phononTF,0.0015568,-0.000193545,-0.00238827,0.000175044,1.5511,0.000764,1,0.00100344,-0.000995696,0.0002625,1339.44
0,437254,13,phononTS,0.000807521,-0.00280577,-0.000791301,3.31672e-05,64.4637,0.000425626,1,-0.00281153,-0.000779879,-0.0002625,1022.84
0,437254,12,phononTF,0.000945013,-0.0035096,-0.0015299,0.000262498,64.4637,0.000945013,1,-0.00329708,-0.00184776,-0.0002625,254.891
0,466632,5,phononTF,0.000667409,-0.00325396,-0.00128694,-0.0002625,98.9794,0.000382,1,-0.00299511,-0.00100176,0.0002625,470.929
0,466632,4,phononTF,0.000492013,-0.0035128,-0.00157212,0.000262498,98.9794,0.000492013,1,-0.00374132,-0.00177916,-0.0002625,270.329
0,468556,5,phononTF,0.0018044,-0.00299929,-0.00100088,0.0002625,8.41713,0.00115982,1,-0.00279475,-0.000777999,-0.0002625,548.211
0,472909,7,phononTS,0.000626628,-0.00300059,-0.000998895,0.000262498,1066.11,0.000411763,1,-0.00276648,-0.000999672,-0.0002625,1256.28
0,473655,7,phononTS,0.000475505,-0.00299765,-0.00100174,0.000262498,470.069,0.000475505,1,-0.00316081,-0.000273638,-0.0002625,785.649
0,485290,8,phononTF,0.00047304,-0.00299816,-0.000997398,0.000262498,901.945,0.00047304,1,-0.00320287,-0.000811246,-0.0002625,1069.03
0,486087,11,phononTS,0.000675972,-0.0010107,-0.000992991,-0.000262498,1909.51,0.000382,1,-0.00099516,-0.000996204,0.0002625,2061.13
0,486087,7,phononTF,0.000496153,-0.00398726,-0.00121712,0.000262498,763.787,0.000496153,1,-0.00383644,-0.00106113,-0.0002625,924.51
0,487930,18,phononTS,0.000518519,-0.00300335,-0.00100173,0.000262498,3394.23,0.000518519,1,-0.00293498,-0.00105889,-0.0002625,3553.26
0,494246,9,phononTF,0.000563199,-0.0020042,0.00200049,0.000262498,6434.81,0.000563199,1,-0.0017907,0.00223057,-0.0002625,6607.07
0,501476,7,phononTS,0.00119016,-0.00200484,-0.0019958,0.000262498,1454.23,0.000921406,1,-0.00204177,-0.00199863,-0.0002625,1605.62
0,504666,5,phononTF,0.000574882,-0.00214074,0.00118544,-0.0002625,44.239,0.000382,1,2.47214e-06,-0.00199603,0.0002625,4378.62
0,510256,4,phononTF,0.000623348,-0.0032598,-0.00128081,-0.0002625,3.57914,0.000382,1,-0.00299916,-0.000998825,0.0002625,369.781
0,510256,3,phononTS,0.00100644,-0.00352044,-0.0015628,0.000262498,3.57914,0.00100644,1,-0.00353055,-0.00151575,-0.0002625,154.05
0,513703,4,phononTF,0.00174593,-0.00264795,-0.00101684,-0.0002625,4.57587,0.000382,1,-0.00199891,3.49067e-06,0.0002625,1263.97
0,513703,8,phononTS,0.000900351,-0.00199891,3.49067e-06,0.000262499,1263.97,0.000717351,1,-0.00201555,1.87889e-05,-0.0002625,1422.55
0,513703,3,phononL,0.000666865,-0.00352482,-0.00155952,0.000262498,4.57587,0.000346259,1,-0.00332741,-0.000900697,-0.0002625,164.008
0,529381,7,phononTS,0.000432871,-0.00302629,-0.00102166,-0.000262498,491.463,0.000382,1,-0.00300392,-0.000999554,0.0002625,639.223
0,539908,9,phononTF,0.000481208,-1.41562e-06,-0.00200187,0.000262498,2820.21,0.000481208,1,0.000301124,-0.00228199,-0.0002625,3008.17
0,539908,4,phononTS,0.00189176,-0.00346879,-0.00148758,0.000219613,567.708,0.000924812,1,-0.00302954,-0.00091434,-0.0002625,876.103
0,543645,6,phononTF,0.00123283,-0.00237286,-0.000398802,-0.0002625,86.3421,0.000382,1,-0.00199805,4.88088e-07,0.0002625,940.621
0,546622,11,phononTS,0.000988766,-0.00320828,-0.00123444,-0.000262499,597.251,0.000382,1,-0.00300261,-0.00100191,0.0002625,812.423
0,559769,7,phononTF,0.000572401,-0.00300328,-0.000999218,0.0002625,262.636,0.000572401,1,-0.00267461,-0.00131673,-0.0002625,654.897
0,559769,4,phononTS,0.00113253,-0.00350304,-0.00153168,0.000262498,76.2006,0.00113253,1,-0.00416217,-0.00149449,-0.0002625,363.593
0,579463,5,phononTF,0.000575045,-0.00313157,-0.00113907,-0.0002625,40.5222,0.000382,1,-0.0030049,-0.000998608,0.0002625,669.214
0,589935,6,phononTS,0.000658644,-0.00299668,-0.000999541,0.000262498,1209.53,0.000539642,1,-0.00393901,-0.0026627,-0.0002625,1861.07
0,594467,2,phononTS,0.00302206,-0.00322633,-0.00122776,0.000213494,9.48267,0.000382,1,-0.00300168,-0.000998343,0.0002625,238.209
0,594467,6,phononTS,0.000986283,-0.00300168,-0.000998343,0.000262498,238.209,0.000986283,1,-0.00275224,-0.00105041,-0.0002625,427.86
0,596916,11,phononTF,0.000415896,-0.00199636,-0.00199764,0.0002625,925.076,0.000415896,1,-0.00204401,-0.00178414,-0.0002625,1259.04
0,600827,8,phononTS,0.000556839,2.28382e-06,-1.3939e-06,0.0002625,1713.11,0.000556839,1,0.000768654,0.000225668,-0.0002625,2376.77
0,601806,4,phononL,0.000416494,-0.00276186,-0.00177787,-0.0002625,19.1243,0.000382,1,-0.00200496,-0.0020027,0.0002625,369.709
0,603880,7,phononTF,0.000845687,-0.00299961,-0.00100116,0.000262498,631.826,0.000845687,1,-0.0029898,-0.000949102,-0.0002625,781
0,603880,2,phononTF,0.00258934,-0.00351803,-0.00156159,0.000262498,2.26711,0.000788724,1,-0.003695,-0.00141827,-0.0002625,165.442
0,605760,3,phononTF,0.000589699,-0.00313384,-0.00114333,-0.0002625,1.37905,0.000382,1,-0.00300423,-0.00100467,0.0002625,630.875
0,617112,3,phononTF,0.000857548,-0.00303759,-0.00111474,-0.0002625,54.5766,0.000382,1,-0.0029973,-0.00100462,0.0002625,1306.63
0,617112,2,phononTS,0.00165367,-0.00353315,-0.00155242,0.000262498,54.5766,0.00138697,1,-0.00300595,5.23373e-06,-0.0002625,624.432
0,624687,7,phononTF,0.000458295,-0.00325888,-0.00124212,-0.0002625,310.468,0.000382,1,-0.0029988,-0.00100012,0.0002625,845.977
0,624687,3,phononTF,0.00044149,-0.00353574,-0.00157699,0.000262498,101.848,0.00044149,1,-0.00329784,-0.00131531,-0.0002625,279.956
0,624687,2,phononTF,0.00230774,-0.00353574,-0.00157699,0.000262498,101.848,0.00137976,1,-0.00380297,-0.00124748,-0.0002625,297.003
0,628430,8,phononTF,0.000828826,-7.44207e-07,0.00199701,0.000262498,7363.59,0.000828826,1,-8.66039e-05,0.00206317,-0.0002625,7515.25
0,628430,4,phononTF,0.00102003,-0.00350747,-0.00154829,0.000262498,12.4401,0.000431077,1,-0.00299457,-0.00100244,-0.0002625,269.848
0,642728,6,phononTF,0.000693887,-0.00237645,-0.00189209,-0.0002625,10.01,0.000382,1,-0.00199501,-0.00200121,0.0002625,820.143
0,645387,12,phononTF,0.000463969,-0.00200063,-4.58261e-06,0.000262498,887.439,0.000463969,1,-0.00165989,0.000570501,-0.0002625,1143.67
0,647558,6,phononTF,0.000727062,0.00206813,5.84591e-05,-0.000262498,3990.11,0.000382,1,0.00199874,-4.74511e-06,0.0002625,4140.41
0,649908,3,phononTF,0.0011752,-0.0031344,-0.00114392,-0.0002625,4.60361,0.000382,1,-0.0030045,-0.0010028,0.0002625,634.615
0,667450,8,phononTS,0.000609699,-0.00299513,-0.000998547,0.000262498,758.445,0.000609699,1,-0.00394719,0.00105818,-0.0002625,1511.14
0,667450,5,phononTS,0.000411252,-0.0035229,-0.00155906,0.000262498,0.919477,0.000411252,1,-0.00345573,-0.000751346,-0.0002625,319.113
0,676430,10,phononTF,0.00050902,-0.00299534,-0.000999173,0.000262498,1423.93,0.00050902,1,-0.00273518,-0.00123993,-0.0002625,1604.39
0,689790,6,phononL,0.00113464,-0.00323127,-0.0013752,-0.0002625,1.90431,0.000382,1,-0.0030035,-0.000995789,0.0002625,435.369
0,702627,5,phononTF,0.000797677,-0.00313001,-0.00113924,-0.0002625,2.25665,0.000382,1,-0.00299904,-0.000998096,0.0002625,632.49
0,702627,4,phononTS,0.00111104,-0.00352294,-0.00156267,0.000262498,2.25665,0.00111104,1,-0.00357868,-0.00154595,-0.0002625,154.823
0,708299,9,phononTS,0.000681838,-0.00294538,-0.00102547,-0.000262498,185.982,0.000382,1,-0.00300026,-0.00100358,0.0002625,334.913
0,713570,6,phononTF,0.00120904,-0.00228991,-0.00033786,-0.0002625,55.8416,0.000764,1,-0.00199654,2.77132e-06,0.0002625,933.059
0,713570,5,phononTS,0.00134143,0.00120692,-0.00125328,-3.15816e-05,55.8416,0.00134143,1,0.00203132,-0.00191637,-0.0002625,1891.64
0,713570,4,phononTS,0.000546704,-0.00346013,-0.00163368,0.000262498,55.8416,0.000546704,1,-0.00351291,-0.00222956,-0.0002625,322.248
0,723423,7,phononTF,0.000626418,-0.00200142,-0.00200135,0.000262498,587.975,0.000626418,1,-0.00247847,-0.00154889,-0.0002625,824.892
0,723423,4,phononTS,0.000752192,-0.00350864,-0.00156817,0.000262498,8.30663,0.000752192,1,-0.00354256,-0.00148941,-0.0002625,169.277
0,730757,2,phononTF,0.000571702,-0.00277395,-0.000783327,-0.0002625,48.3557,0.000382,1,-0.00200351,1.07071e-06,0.0002625,735.102
0,732726,7,phononTS,0.000687721,-0.00299666,-0.000999919,0.0002625,262.657,0.000687721,1,-0.00402085,-5.55464e-05,-0.0002625,927.391
0,732726,2,phononTS,0.00159316,-0.00351528,-0.00156653,0.000262498,5.72763,0.000823116,1,-0.0034237,-0.00175616,-0.0002625,197.481
0,745594,5,phononTF,0.000829558,-0.00313312,-0.00114102,-0.0002625,7.62199,0.000382,1,-0.00300475,-0.000999879,0.0002625,637.022
0,748540,6,phononTF,0.000403176,-0.0035198,-0.00147715,-0.000262498,224.631,0.000382,1,-0.00300413,-0.000995662,0.0002625,472.041
0,748540,3,phononTF,0.000579024,-0.00354314,-0.00153769,0.000262498,76.127,0.000579024,1,-0.00344424,-0.00143873,-0.0002625,229.452
0,763464,5,phononTF,0.000511334,-0.00313353,-0.00114422,-0.0002625,161.755,0.000382,1,-0.00300077,-0.00100026,0.0002625,796.502
0,767596,4,phononTF,0.000512537,0.000997966,-0.00299753,0.0002625,23.1427,0.000512537,1,0.00153245,-0.00351501,-0.0002625,6681.61
0,796331,5,phononTS,0.00412541,-0.00301276,-0.00104468,3.80812e-05,257.756,0.000764,1,-0.00299853,-0.00100275,0.0002625,1287.88
0,796331,7,phononTS,0.000478946,-0.00299853,-0.00100275,0.000262498,1287.88,0.000478946,1,-0.00304173,-0.00121235,-0.0002625,1470.24
0,796331,6,phononTF,0.00198286,-0.00299853,-0.00100275,0.000262498,1287.88,0.00155128,1,-0.00434656,-0.00268521,-0.0002625,1923.33
0,804379,5,phononTS,0.000843885,-0.00336919,-0.00103859,-0.0002625,248.766,0.000382,1,-0.00299718,-0.000998294,0.0002625,678.823
0,804379,4,phononTF,0.00057007,-0.0037412,-0.00107889,0.000262498,248.766,0.00057007,1,-0.00341402,-0.000724094,-0.0002625,449.401
0,818551,6,phononTS,0.00080273,-0.00199627,-1.70255e-06,0.000262498,837.892,0.000430165,1,-0.00193537,-3.69943e-05,-0.0002625,992.494
0,819761,5,phononTF,0.000834254,-0.00300057,-0.00100119,0.0002625,13.2607,0.000322426,1,-0.00274814,-0.000937876,-0.0002625,581.932
0,823034,6,phononTF,0.000396324,-0.0032579,-0.00127844,-0.0002625,7.19032,0.000382,1,-0.00299936,-0.00100415,0.0002625,375.107
0,823034,5,phononTS,0.000439068,-0.00351644,-0.00155273,0.000262498,7.19032,0.000439068,1,-0.00346327,-0.00157471,-0.0002625,164.769
0,828781,7,phononTF,0.00103878,-0.00299696,-0.00099863,0.0002625,135.816,0.000895575,1,-0.00272546,-0.00074893,-0.0002625,677.613
0,828781,6,phononL,0.000973325,-0.00353996,-0.00149803,0.000262498,135.816,0.000393149,1,-0.00328849,-0.00232122,-0.0002625,322.951
0,833620,5,phononTF,0.000595964,-0.003345,-0.00134756,-0.0002625,441.857,0.000382,1,-0.00299784,-0.00100499,0.0002625,848.623
0,833620,4,phononTF,0.00138447,-0.00369217,-0.00169012,0.000262498,441.857,0.000487376,1,-0.00324395,-0.00122622,-0.0002625,676.665
0,849438,9,phononTF,0.000559187,-0.00300402,-0.000997873,0.000262498,401.912,0.000559187,1,-0.00119075,-0.00452719,-0.0002625,1558.36
0,854246,2,phononTF,0.00198165,-0.002996,-0.000995836,0.0002625,52.1207,0.00155826,1,-0.00272124,-0.000695253,-0.0002625,598.569
0,867511,6,phononTS,0.000773348,0.000869579,-0.00311554,-0.0002625,36.5455,0.000382,1,0.000999616,-0.00300444,0.0002625,2006.94
0,869744,6,phononTS,0.000505452,-0.00100242,-0.00100317,0.000262498,1171.57,0.000505452,1,-0.00106403,-0.000447897,-0.0002625,1427.78
0,869744,2,phononTS,0.000599462,-0.00351428,-0.00156911,0.000262498,32.0071,0.000599462,1,-0.00347044,-0.00125143,-0.0002625,242.298
0,871988,3,phononTS,0.00284796,-0.00307293,-0.00102237,-0.000148543,43.4867,0.000382,1,-0.00300421,-0.000996239,0.0002625,796.392
0,876078,5,phononTF,0.00131777,-0.00300219,-0.00100436,0.0002625,2.72384,0.00131777,1,-0.00274158,-0.000729192,-0.0002625,550.649
0,876078,4,phononTF,0.000719129,-0.00352339,-0.0015547,0.000262498,2.72384,0.000522835,1,-0.00372317,-0.00141074,-0.0002625,169.237
0,876078,3,phononL,0.000852811,-0.00352339,-0.0015547,0.000262498,2.72384,0.000852811,1,-0.00331927,-0.00128499,-0.0002625,122.113
0,876581,12,phononTS,0.000960831,-0.00165981,0.000379078,-0.0002625,345.035,0.000382,1,-0.00100185,0.000995322,0.0002625,1815.91
0,881903,8,phononTS,0.00118376,-0.00299765,-0.00100497,0.000262498,633.585,0.000717356,1,-0.00295231,-0.000803845,-0.0002625,814.356
0,893152,7,phononTS,0.00111766,-0.00300042,-0.00100214,0.0002625,5.39825,0.00111766,1,-0.00302114,-9.77423e-05,-0.0002625,833.367
0,895898,6,phononTS,0.000541194,-0.000451697,-0.00123734,-0.0002625,4076.86,0.000382,1,4.10786e-06,-3.39562e-06,0.0002625,5192.16
0,901360,9,phononTS,0.000401137,-0.00300279,-0.000999845,0.000262498,766.562,0.000401137,1,-0.00298515,-0.000966608,-0.0002625,927.23
0,905055,4,phononTF,0.000990601,-0.00327915,-0.00130618,-0.0002625,127.769,0.000382,1,-0.00299913,-0.00100093,0.0002625,490.327
0,929769,4,phononTF,0.000562645,-0.00325372,-0.00128342,-0.0002625,43.3289,0.000382,1,-0.00300018,-0.00100495,0.0002625,406.88
0,940363,5,phononL,0.00111616,-0.00300054,-0.00100217,0.0002625,809.1,0.00111616,1,-0.00309207,-0.00045883,-0.0002625,1095.05
0,947914,6,phononTF,0.00113798,-0.00328134,-0.00127561,-0.0002625,68.5593,0.000764,1,-0.00299936,-0.000999948,0.0002625,439.884
0,955535,6,phononTS,0.00137454,-0.00275343,-0.000770641,-0.0002625,57.4969,0.000382,1,-0.00199649,2.91956e-06,0.0002625,893.155
0,955539,3,phononTF,0.00059337,-0.00313015,-0.00114223,-0.0002625,22.0824,0.000382,1,-0.00300228,-0.00100423,0.0002625,650.8
0,955991,3,phononTF,0.000749256,-0.00312792,-0.00113561,-0.0002625,4.0723,0.000382,1,-0.00299787,-0.000997048,0.0002625,636.066
0,955991,2,phononTS,0.00113511,-0.00395847,-0.00196314,-0.000180296,4.0723,0.00101673,1,-0.00382665,-0.00218706,-0.0002625,305.242
0,981968,9,phononTS,0.000650919,-0.000852814,-0.00193306,-0.0002625,286.274,0.000382,1,3.9544e-06,-0.00200418,0.0002625,1280.85
0,995909,7,phononTF,0.0012158,0.000600377,-0.0026218,-0.0002625,362.199,0.000382,1,-1.13258e-06,-0.00199509,0.0002625,8787.87
0,999812,10,phononL,0.000476855,-0.000931868,-0.00266179,-0.000262498,1408.63,0.000382,1,-4.892e-06,-0.0019983,0.0002625,1653.59
0,999812,5,phononTS,0.00110268,-0.00377173,-0.00182729,0.000262498,783.305,0.00110268,1,-0.00347909,-0.00184082,-0.0002625,983.736
0,1001631,5,phononTF,0.000756136,-0.00299909,-0.000998443,0.0002625,27.9033,0.000265553,1,-0.00273572,-0.000723781,-0.0002625,576.002
0,1002444,6,phononTF,0.000484496,-0.00299758,-0.000996405,0.0002625,6.52358,0.000484496,1,-0.00273545,-0.000711333,-0.0002625,557.35
0,1005437,4,phononTF,0.00109407,-0.00280702,-0.000808268,-0.0002625,116.783,0.000382,1,-0.00299903,-0.00100204,0.0002625,601.729
0,1010801,6,phononTS,0.000571577,-0.00100091,0.00100032,0.0002625,5222.47,0.000571577,1,-0.00101178,0.000960245,-0.0002625,6127.73
0,1028522,6,phononTF,0.000680432,-0.00326199,-0.00128049,-0.0002625,6.85956,0.000382,1,-0.0029996,-0.00100205,0.0002625,372.808
0,1028522,5,phononTS,0.000678719,-0.00352438,-0.00155892,0.000262498,6.85956,0.000678719,1,-0.00366174,-0.000734178,-0.0002625,340.419
0,1050190,9,phononTF,0.000470026,0.00246543,-0.0011066,-0.0002625,927.978,0.000470026,1,0.005,-0.00115795,-1.89859e-05,3277.8
0,1063391,8,phononTS,0.000477063,-0.00200136,1.54028e-06,0.0002625,1020.55,0.000477063,1,-0.00143517,0.00104019,-0.0002625,2078.22
0,1070454,8,phononTF,0.000388704,-0.00143627,-0.00370008,-0.000262498,759.205,0.000382,1,0.000999194,-0.0030044,0.0002625,1531.27
0,1087615,4,phononTF,0.000817601,-0.000881515,0.00111681,-0.0002625,16.4022,0.000382,1,9.34471e-07,0.00200337,0.0002625,1549.2
0,1090122,7,phononTF,0.000565364,-0.00300043,-0.000998045,0.0002625,272.853,0.000565364,1,-0.00231121,-0.000303549,-0.0002625,844.941
0,1104485,3,phononTF,0.000754224,-0.00282566,-0.000885193,-0.0002625,43.5099,0.000382,1,-0.00300094,-0.000999823,0.0002625,993.42
0,1108910,4,phononTF,0.00118988,-0.00100248,0.00100076,0.0002625,132.269,0.00055926,1,0.000233049,0.00227077,-0.0002625,1694.38
0,1112401,5,phononTF,0.00105236,-0.00200057,1.84324e-06,0.000262498,2246.73,0.000830305,1,-0.00232134,0.000346524,-0.0002625,2445.31
0,1116467,4,phononTF,0.00124023,-0.00326191,-0.00127948,-0.0002625,1.92603,0.000764,1,-0.00299979,-0.00100193,0.0002625,368.048
0,1116493,2,phononTS,0.00512496,-0.00300323,-0.00107585,0.000194945,59.5465,0.00191,1,-0.00300495,-0.000998057,0.0002625,1096.86
0,1119193,7,phononTS,0.000525974,-0.00299743,-0.00099739,0.000262498,1256.77,0.000525974,1,-0.0029513,-0.000213807,-0.0002625,1568.94
0,1119193,5,phononTF,0.00105623,-0.00352328,-0.00156051,0.000262498,2.14061,0.00105623,1,-0.00317874,-0.00118603,-0.0002625,207.791
0,1119193,4,phononTS,0.000805654,-0.00352328,-0.00156051,0.000262498,2.14061,0.000805654,1,-0.00354994,-0.000984047,-0.0002625,265.162
0,1119193,3,phononTS,0.000652829,-0.000997583,-0.005,-0.000100767,2.14061,0.000467479,1,-0.00181293,-0.00419771,-0.0002625,2033.83
0,1120469,8,phononTS,0.0010957,-0.00299908,-0.00100407,0.000262498,631.842,0.0010957,1,-0.00296016,-0.00105192,-0.0002625,778.807
0,1123547,7,phononTS,0.000774914,-0.00302775,-0.000950177,-0.000262498,1488.37,0.000382,1,-0.00299542,-0.000997145,0.0002625,1635.45
0,1123547,5,phononTF,0.00176369,-0.00387516,-0.00210653,-0.000260211,625.858,0.00135083,1,-0.00392863,-0.00198887,-0.0002625,1574.27
0,1134209,6,phononTS,0.000503012,-0.00277779,-0.0014761,-0.000262498,1434.58,0.000382,1,-0.0030022,-0.00100365,0.0002625,1698.62
0,1134237,7,phononTF,0.000933974,-0.0030024,-0.0010034,0.000262498,367.442,0.000473192,1,-0.00204994,-0.00216647,-0.0002625,825.111
0,1139071,9,phononTF,0.000653173,1.51209e-06,-3.11657e-06,0.000262498,1085.59,0.000653173,1,-0.000228878,-0.000252408,-0.0002625,1261.62
0,1139096,6,phononTF,0.000994194,-0.00326053,-0.0012747,-0.0002625,10.5045,0.000382,1,-0.00299503,-0.000999534,0.0002625,376.542
0,1148841,6,phononTF,0.000505537,-0.00329395,-0.00132584,-0.000262498,303.634,0.000382,1,-0.00299784,-0.00100235,0.0002625,496.065
0,1148841,3,phononTS,0.000831966,-0.005,-0.00122741,7.81197e-05,4.03471,0.000583999,1,-0.00476778,-0.00152055,-0.0002625,781.578
0,1149055,5,phononTF,0.000690469,-0.00315766,-0.00115553,-0.0002625,1.35032,0.000382,1,-0.00300108,-0.00100305,0.0002625,631.124
0,1149055,4,phononTF,0.00089191,-0.00352074,-0.00155926,0.000262498,1.35032,0.000420355,1,-0.00369582,-0.00133354,-0.0002625,173.017
0,1166244,6,phononTF,0.000392938,-0.002998,-0.00100325,0.0002625,539.193,0.000392938,1,-0.00318761,-0.00123833,-0.0002625,886.755
0,1174247,7,phononTF,0.000972368,-5.10253e-07,0.0019996,0.000262499,3400.93,0.000530421,1,-0.000169954,0.00181591,-0.0002625,3564.75
0,1174247,8,phononTS,0.000441946,-0.000169954,0.00181591,-0.000262498,3564.75,0.000441946,1,0.00485857,-0.005,-5.65165e-05,6103.79
0,1177169,9,phononTS,0.000976836,-0.00299974,-0.000996815,0.000262498,1566.94,0.000215946,1,-0.00222687,-0.00100426,-0.0002625,1882.31
0,1197142,7,phononTS,0.00057403,-0.00200358,-0.00200086,0.000262498,1857.4,0.00057403,1,-0.00108129,-0.000535211,-0.0002625,2438.92
0,1197142,4,phononTS,0.000384315,-0.0033562,-0.0015781,0.000262498,266.037,0.000384315,1,-0.00429055,-0.00133246,-0.0002625,638
0,1203288,6,phononTF,0.00140605,-0.00317939,-0.00119298,-0.0002625,1020.65,0.000382,1,-0.00299931,-0.00100171,0.0002625,1486.12
0,1224987,3,phononTS,0.00408208,-0.00309396,-0.000903788,0.000242137,117.652,0.001528,1,-0.00299569,-0.00100374,0.0002625,858.412
0,1224987,4,phononTS,0.000617202,-0.00299569,-0.00100374,0.000262498,858.412,0.000617202,1,-0.00265364,-0.00233361,-0.0002625,1347.89
0,1237088,3,phononTF,0.00145786,-0.00175912,0.000220704,-0.0002625,0.97419,0.000382,1,3.26948e-06,0.00200012,0.0002625,1443.43
0,1237088,6,phononTS,0.00091457,3.26948e-06,0.00200012,0.000262498,1443.43,0.00052093,1,-3.0816e-05,0.00193485,-0.0002625,1590.84
0,1240364,7,phononTF,0.000693726,-0.0019954,-5.53503e-07,0.000262499,1314.43,0.000693726,1,-0.00215806,-4.01425e-05,-0.0002625,1473.75
0,1242909,7,phononTF,0.000627419,-0.00199971,-0.0020023,0.0002625,1292.21,0.000556642,1,-0.000584228,-0.00171897,-0.0002625,2249.96
0,1250074,7,phononL,0.00258616,-0.00205333,-0.00167272,-0.000111799,473.865,0.000382,1,-0.0019973,-0.00200237,0.0002625,1248.61
0,1251251,2,phononTF,0.000563296,-0.00326103,-0.00126782,-0.0002625,21.0161,0.000382,1,-0.00300478,-0.000996513,0.0002625,384.328
0,1253462,7,phononTS,0.000781325,-0.00199992,0.00200423,0.000262498,13467.5,0.000781325,1,-0.00156771,0.00194976,-0.0002625,13695.5
0,1263008,3,phononTF,0.000542454,-0.000772528,0.00334859,-0.0002625,8.54236,0.000382,1,-0.000998586,0.00300083,0.0002625,1824.35
0,1274071,4,phononTF,0.000671803,-0.00200056,3.92647e-06,0.0002625,83.9926,0.000671803,1,-0.00102826,-0.00100441,-0.0002625,1353.87
0,1274071,3,phononL,0.000660765,-0.00352218,-0.00152489,0.000262498,83.9926,0.000660765,1,-0.00331042,-0.00178356,-0.0002625,203.101
0,1274071,2,phononTF,0.00278918,-0.00365973,-0.000599673,-0.000149906,83.9926,0.00191001,1,-0.00377239,-0.000722469,-0.0002625,787.936
0,1279751,5,phononTF,0.000771665,-0.00325946,-0.00127704,-0.0002625,4.54123,0.000382,1,-0.00300095,-0.000995437,0.0002625,370.124
0,1280358,7,phononTF,0.00107892,-0.00357779,-0.00157361,-0.000262498,191.325,0.000382,1,-0.00300086,-0.000996216,0.0002625,464.872
0,1283674,6,phononL,0.000392279,-0.00247386,-0.000979138,-0.000262498,1086.72,0.000382,1,-0.00300023,-0.00099986,0.0002625,1223.37
0,1289525,6,phononTF,0.000786771,-0.00299775,-0.00100122,0.0002625,3.78504,0.000786771,1,-0.00273135,-0.000721758,-0.0002625,554.595
0,1305366,6,phononTF,0.00111404,-0.0029964,-0.00100499,0.0002625,66.9236,0.000949213,1,-0.00272929,-0.000734423,-0.0002625,615.033
0,1311454,2,phononTF,0.000444361,-0.00326221,-0.00127826,-0.0002625,13.2649,0.000382,1,-0.00300281,-0.00100099,0.0002625,378.184
0,1329363,5,phononTF,0.000724574,-0.0029977,-0.000998394,0.0002625,3015.95,0.000687336,1,-0.00301765,-0.000978312,-0.0002625,3312.35
0,1336901,3,phononTF,0.000720757,-0.00312742,-0.0011376,-0.0002625,17.9724,0.000382,1,-0.00299777,-0.00100124,0.0002625,648.954
0,1342508,9,phononTS,0.000458436,-0.00300213,-0.000996413,0.000262498,636.386,0.000458436,1,-0.00293866,-0.000947783,-0.0002625,782.889
0,1345179,11,phononL,0.000540409,-0.0027684,-0.000197481,-0.000262498,881.722,0.000382,1,-0.00200189,-2.10204e-06,0.0002625,1056.65
0,1352100,7,phononTF,0.00050903,0.00237503,0.00037569,-0.0002625,754.314,0.000382,1,0.00199988,9.86851e-07,0.0002625,6282.27
0,1356689,10,phononTS,0.000810237,-0.00114785,-0.005,4.96205e-05,4951.17,0.000810237,1,-0.00109886,-0.00458996,-0.0002625,6439.84
0,1356689,8,phononTS,0.000617137,-0.00361021,-0.00145749,0.000262498,66.3087,0.000617137,1,-0.00330872,-0.00142492,-0.0002625,272.284
0,1368447,8,phononTF,0.00090759,-0.00361628,-0.00142365,-0.0002625,107.405,0.000382,1,-2.96543e-06,9.05421e-07,0.0002625,1406.39
0,1379081,3,phononL,0.00137478,-0.00187293,-0.00245469,-0.000242034,27.6855,0.000764,1,-0.00200408,-0.00200479,0.0002625,989.668
0,1379081,2,phononTF,0.000386916,-0.0035072,-0.00156457,0.000262498,27.6855,0.000386916,1,-0.00290924,-0.000996793,-0.0002625,302.978
0,1381792,11,phononTS,0.000512911,-0.00200203,-0.00200415,0.000262498,3489.9,0.000512911,1,-0.000556155,-0.00307049,-0.0002625,4079.67
0,1385621,5,phononTF,0.00097213,-0.00326117,-0.0012792,-0.0002625,9.00662,0.000382,1,-0.00299907,-0.00100431,0.0002625,374.133
0,1387158,6,phononTS,0.000636432,-0.0024127,0.000258843,-0.000262499,1972.17,0.000382,1,-0.000998617,0.000996437,0.0002625,2531.71
0,1394405,3,phononTF,0.000789265,-0.00325809,-0.00128568,-0.0002625,20.753,0.000382,1,-0.00299812,-0.00100041,0.0002625,387.392
0,1394405,2,phononTS,0.00188081,-0.00351806,-0.00157095,0.000262498,20.753,0.000972129,1,-0.00347551,-0.00232181,-0.0002625,324.871
0,1413265,2,phononTF,0.00079339,-0.00238213,-0.000390068,-0.0002625,10.6189,0.000382,1,-0.00200172,1.92621e-08,0.0002625,863.547
0,1425724,4,phononL,0.000646953,-0.00169862,-0.000890005,-0.0002625,38.785,0.000382,1,-0.00099892,-0.000997916,0.0002625,1358.15
0,1435544,2,phononTF,0.00103172,-0.00313336,-0.00113634,-0.0002625,6.09921,0.000382,1,-0.00300273,-0.000998373,0.0002625,635.464
0,1437396,5,phononTS,0.000896027,4.18694e-06,4.08874e-06,0.0002625,548.938,0.00045223,1,-0.000292169,-2.68187e-05,-0.0002625,2809.99
0,1444546,6,phononTF,0.000671455,-0.00325754,-0.00127646,-0.0002625,6.68982,0.000382,1,-0.00300272,-0.000999393,0.0002625,370.339
0,1444546,5,phononL,0.000694734,-0.00351236,-0.00155353,0.000262498,6.68982,0.000694734,1,-0.00309407,-0.00131149,-0.0002625,139.897
0,1444546,4,phononL,0.00108987,-0.00351236,-0.00155353,0.000262498,6.68982,0.00103128,1,-0.00391219,-0.0019174,-0.0002625,147.709
0,1444546,3,phononTS,0.0016239,-0.00351236,-0.00155353,0.000262498,6.68982,0.000775145,1,-0.00275911,-0.00140113,-0.0002625,318.111
0,1444809,4,phononTF,0.000399133,-0.00300078,-0.000999457,0.0002625,49.7171,0.000399133,1,-0.00275104,-0.000730546,-0.0002625,590.794
0,1447685,6,phononTS,0.00109725,-0.00199849,-5.88593e-07,0.0002625,2087.86,0.000421758,1,0.000760448,0.00272923,-0.0002625,4400.25
0,1448374,2,phononTF,0.000947563,-0.00325729,-0.00127932,-0.0002625,5.91141,0.000382,1,-0.00299564,-0.000996589,0.0002625,372.535
0,1454464,10,phononTS,0.000621144,7.33462e-07,-0.00199724,0.000262498,8401.61,0.000621144,1,-3.6617e-05,-0.00206024,-0.0002625,8560.33
0,1464522,7,phononTS,0.000546024,-0.00299587,-0.000995056,0.000262498,2076.42,0.000546024,1,-0.00295186,-0.000983297,-0.0002625,2235.51
0,1484968,4,phononTS,0.00143864,-0.00259883,-0.000615875,-0.0002625,4.68229,0.000764,1,-0.00200411,-1.00963e-06,0.0002625,901.271
0,1484968,3,phononTS,0.000418111,-0.00352457,-0.00156762,0.000262498,4.68229,0.000418111,1,-0.0035708,-0.00176859,-0.0002625,185.527
0,1488752,3,phononTF,0.00095162,-0.00312982,-0.00113866,-0.0002625,7.07447,0.000382,1,-0.00300012,-0.00100089,0.0002625,638.679
0,1501831,9,phononL,0.000972088,-0.00195829,3.25823e-05,-0.000262498,1510.96,0.000382,1,1.30155e-06,-5.52143e-07,0.0002625,1887.33
0,1503950,5,phononTF,0.0010867,-0.00312981,-0.00114152,-0.0002625,18.2735,0.000382,1,-0.00299781,-0.00100276,0.0002625,648.238
0,1507983,7,phononTS,0.000430771,0.005,0.00458839,5.31939e-05,855.874,0.000430771,1,0.00495044,0.00457011,-0.0002625,3419.96
0,1508862,11,phononTS,0.000921332,-0.00299826,-0.00100223,0.000262498,2937.99,0.000662026,1,-0.00228958,-0.000841235,-0.0002625,3248.6
0,1522525,6,phononTF,0.000982531,-0.00299851,-0.000999927,0.000262498,408.196,0.000982531,1,-0.00276374,-0.00124256,-0.0002625,584.102
0,1527026,4,phononTF,0.000577125,-0.00325627,-0.00128649,-0.0002625,13.0642,0.000382,1,-0.00299971,-0.00100478,0.0002625,378.068
0,1527026,3,phononTF,0.00124303,-0.00351283,-0.0015682,0.000262498,13.0642,0.000954313,1,-0.00293338,-0.000972056,-0.0002625,290.116
0,1531877,2,phononTF,0.000420395,-0.00316053,-0.00116377,-0.0002625,7.28945,0.000382,1,-0.00300228,-0.00100318,0.0002625,379.728
0,1533941,3,phononTF,0.000715942,-0.00312808,-0.00114217,-0.0002625,3.15596,0.000382,1,-0.00299796,-0.00100409,0.0002625,634.948
0,1559963,6,phononTF,0.000991424,-6.41313e-07,0.00199878,0.000262498,4060.22,0.000697624,1,-3.7072e-05,0.00208326,-0.0002625,4211.43
0,1570512,4,phononTF,0.000923544,-0.00300499,-0.000998513,0.0002625,9.69453,0.000923544,1,-0.00274898,-0.000719089,-0.0002625,556.382
0,1570512,3,phononTS,0.00120869,-0.00351701,-0.00155736,0.000262498,9.69453,0.00113879,1,-0.00418776,-0.00132661,-0.0002625,319.076
0,1572378,8,phononTS,0.000897417,0.000184911,-0.00185846,-0.0002625,1470.05,0.000382,1,2.53941e-07,-0.00199586,0.0002625,5891
0,1574446,3,phononTS,0.00054468,0.000621834,-0.000392132,-0.0002625,8.97807,0.000382,1,0.00200229,-4.95647e-06,0.0002625,2038.94
0,1574446,2,phononTF,0.00134478,-0.00351954,-0.00155366,0.000262498,8.97807,0.00104768,1,-0.0035497,-0.00152102,-0.0002625,157.484
0,1583489,8,phononTS,0.00105238,4.87274e-06,-6.33142e-07,0.0002625,1394.27,0.00105238,1,2.35484e-05,9.40253e-06,-0.0002625,1703.53
0,1587779,7,phononTF,0.000779218,-0.00177632,0.000244304,-0.000262498,1307.16,0.000382,1,-0.00200339,2.05281e-06,0.0002625,1482.13
0,1598996,8,phononTS,0.000893151,-0.00288554,-0.0013339,-0.0002625,295.117,0.000382,1,-0.00299815,-0.00100475,0.0002625,1111.34
0,1623973,3,phononTS,0.000982018,0.00236134,-5.37051e-05,-0.0002625,5.48234,0.000764,1,0.00200473,8.48823e-08,0.0002625,4269.3
0,1625389,8,phononTS,0.000981937,-0.00391594,-0.00100166,-0.000262498,2843.76,0.000382,1,-0.0019983,3.80615e-06,0.0002625,3563.37
0,1636529,8,phononTF,0.000522705,-0.00327616,-0.000765935,-0.000262498,1634.26,0.000382,1,-0.00199855,-0.0020046,0.0002625,2156.93
0,1636529,3,phononTS,0.00074556,-0.00353786,-0.00154407,0.000262498,36.1924,0.00045114,1,-0.00272214,-0.00153542,-0.0002625,365.302
0,1641166,6,phononTF,0.000899804,-0.00162689,0.000362667,-0.0002625,10.9475,0.000382,1,-0.000997678,0.00100354,0.0002625,1186.33
0,1641166,5,phononTS,0.00100816,-0.00351451,-0.00155995,0.000262498,10.9475,0.00100816,1,-0.00347599,-0.00155703,-0.0002625,162.321
0,1647779,4,phononTF,0.000881506,-0.00312979,-0.0011433,-0.0002625,34.5633,0.000382,1,-0.00299698,-0.00100253,0.0002625,665.661
0,1648473,8,phononTF,0.000429767,-0.00239492,0.000436411,-0.0002625,730.086,0.000382,1,-0.00199833,3.77899e-07,0.0002625,1741.71
0,1648473,5,phononTF,0.00178117,-0.00349233,-0.00158034,0.000262498,72.3035,0.0014344,1,-0.00290873,-0.000998913,-0.0002625,347.649
0,1650658,2,phononTF,0.00149514,-0.00326363,-0.00128566,-0.0002625,8.79142,0.001146,1,-0.00300132,-0.00100276,0.0002625,380.276
0,1657280,5,phononTF,0.00128561,-0.00300368,-0.00100019,0.0002625,13.1715,0.00120007,1,-0.00218627,-0.0018468,-0.0002625,2484.23
0,1657280,4,phononTS,0.00109959,-0.00352965,-0.00157006,0.000262498,13.1715,0.000365622,1,-0.00356377,-0.00158723,-0.0002625,161.257
0,1660209,7,phononTF,0.00038399,-0.00195465,4.15164e-05,-0.0002625,1611.75,0.000382,1,-0.00199791,-3.97314e-06,0.0002625,2356.9
0,1662697,2,phononTS,0.00484056,-0.00320672,-0.000282659,-0.000218082,61.5658,0.00105273,1,-0.00319557,-0.00028391,-0.0002625,2678.93
0,1668775,2,phononTS,0.00319474,-0.00287773,-0.00099138,0.000169726,2.94157,0.001146,1,-0.00299709,-0.00100318,0.0002625,558.986
0,1675587,9,phononTF,0.000495865,-0.00270728,-0.00126832,-0.000262498,1213.29,0.000382,1,-0.00300192,-0.00099684,0.0002625,1401.76
0,1702410,9,phononTS,0.000565033,-0.00200301,-0.00199594,0.0002625,662.296,0.000565033,1,-0.00150801,-0.00193551,-0.0002625,1146.52
0,1702410,2,phononTS,0.00388966,-0.005,-0.00096283,-0.000261099,41.5652,0.00333496,1,-0.00499748,-0.000962798,-0.0002625,907.532
0,1706674,6,phononTF,0.000396051,-0.00266496,-0.000677779,-0.000262498,754.367,0.000382,1,-0.00299884,-0.000997391,0.0002625,951.805
0,1708124,2,phononTF,0.000629108,-0.00325639,-0.00128062,-0.0002625,15.2256,0.000382,1,-0.00299652,-0.00100337,0.0002625,380.571
0,1719998,8,phononTS,0.000406131,-0.00326258,-0.000291812,-0.000262498,819.216,0.000382,1,-0.0020013,-5.51798e-07,0.0002625,1285.34
0,1719998,6,phononTF,0.000454947,-0.00351695,-0.00156455,0.000262498,22.7368,0.000454947,1,-0.00383692,-0.00120657,-0.0002625,226.759
0,1719998,5,phononTS,0.000812561,-0.00351695,-0.00156455,0.000262498,22.7368,0.000333907,1,-0.00368141,-0.00151751,-0.0002625,197.118
0,1724414,7,phononTS,0.000416963,-0.00299791,-0.00100364,0.000262498,688.579,0.000416963,1,-0.00266135,-0.000473654,-0.0002625,981.323
0,1725305,5,phononTF,0.00123602,-0.00250545,-0.00269042,-0.0002625,77.6238,0.000382,1,-0.00200181,-0.00200092,0.0002625,2124.49
0,1750430,3,phononTF,0.000674236,-0.00300306,-0.000999961,0.0002625,9.56154,0.000674236,1,-0.00274601,-0.000718843,-0.0002625,557.112
0,1751662,7,phononL,0.00063371,-0.00299891,-0.00100085,0.0002625,279.661,0.00063371,1,-0.00296129,-0.00048383,-0.0002625,670.448
0,1753802,5,phononTF,0.000665971,-0.00299512,-0.000996725,0.0002625,5.32701,0.000665971,1,-0.00298949,-0.00100515,-0.0002625,794.945
0,1753802,4,phononL,0.000572006,-0.00352366,-0.00155049,0.000262498,5.32701,0.000572006,1,-0.00341916,-0.000745974,-0.0002625,181.945
0,1753802,3,phononL,0.00130728,-0.00352366,-0.00155049,0.000262498,5.32701,0.000912343,1,-0.00359325,-0.00150514,-0.0002625,113.858
0,1753802,2,phononTS,0.00107193,-0.00352366,-0.00155049,0.000262498,5.32701,0.000507469,1,-0.00398146,-0.00280891,-0.0002625,488.263
0,1760934,7,phononTS,0.000498488,-0.00287413,-0.00203577,-0.0002625,726.578,0.000382,1,-0.00199832,-0.00200416,0.0002625,1403.13
0,1760934,6,phononTS,0.000510349,-0.00374994,-0.00206738,0.000262498,726.578,0.000510349,1,-0.00377744,-0.00207917,-0.0002625,878.328
0,1760934,5,phononTS,0.00119449,-0.00374994,-0.00206738,0.000262498,726.578,0.00091523,1,-0.00290346,-0.00184472,-0.0002625,1077.71
0,1766791,5,phononTF,0.00102422,0.00427839,0.00207733,-0.000236883,9.44513,0.000382,1,0.000997608,-0.00100347,0.0002625,5707.51
0,1766791,8,phononTS,0.000474611,0.000997608,-0.00100347,0.000262498,5707.51,0.000474611,1,0.00204759,-0.000795665,-0.0002625,6107.92
0,1766791,4,phononTS,0.00063981,-0.00352351,-0.00155669,0.000262498,9.44513,0.00063981,1,-0.00347941,-0.00158116,-0.0002625,156.76
0,1766941,8,phononTF,0.000702599,-0.00317769,-0.0011902,-0.000262498,181.709,0.000382,1,-0.00300039,-0.00099821,0.0002625,346.886
0,1766941,2,phononTS,0.0027665,-0.00393126,-0.00158781,0.000246046,29.1623,0.00261474,1,-0.00358654,-0.00154559,-0.0002625,351.148
0,1768925,7,phononTS,0.00110027,-0.00304552,-0.00135815,-0.0002625,19.1221,0.000382,1,-0.00299747,-0.00100256,0.0002625,532.72
0,1769860,3,phononTF,0.000725435,-0.00326373,-0.00127339,-0.0002625,18.7366,0.000382,1,-0.00300318,-0.000995716,0.0002625,384.042
0,1769860,2,phononTF,0.00135517,-0.00352428,-0.00155105,0.000262498,18.7366,0.00120903,1,-0.00332202,-0.00133131,-0.0002625,188.815
0,1788594,8,phononTS,0.000779796,-0.0020024,3.95563e-06,0.0002625,1549.78,0.000730091,1,-0.00183105,0.000714265,-0.0002625,2173.95
0,1795856,3,phononTF,0.00102883,-0.00213823,0.000146466,-0.0002625,59.5267,0.000382,1,-0.00199665,-4.7095e-06,0.0002625,2121.99
0,1795856,2,phononTF,0.000474926,-0.00353002,-0.00156157,0.000262498,59.5267,0.000474926,1,-0.00226912,-0.00249676,-0.0002625,539.049
0,1797705,2,phononTF,0.000687112,-0.00335982,-0.000798918,-0.0002625,13.4001,0.000382,1,-0.00300213,-0.000997921,0.0002625,762.361
0,1798090,8,phononTS,0.00135492,-0.00100444,-0.00100025,0.000262498,1618.3,0.000154073,1,-0.001031,-0.00106393,-0.0002625,1766.38
0,1803385,4,phononTF,0.000783572,-0.00278607,-0.000867129,-0.0002625,80.928,0.000382,1,-0.0029959,-0.00100002,0.0002625,774.191
0,1803970,4,phononTF,0.000900242,-0.00326315,-0.00127755,-0.0002625,3.23045,0.000382,1,-0.00300425,-0.000995368,0.0002625,368.989
0,1810146,4,phononTF,0.000399197,-0.00313235,-0.00114464,-0.0002625,27.17,0.000382,1,-0.00300241,-0.00100024,0.0002625,657.788
0,1818010,3,phononTS,0.000502864,-0.00199903,-0.0020035,0.0002625,8.23953,0.000502864,1,-0.0019428,-0.00204904,-0.0002625,1599.63
0,1819214,13,phononTS,0.000553215,-0.000498589,-0.00203946,-0.0002625,1371.13,0.000382,1,7.59502e-07,-0.00199793,0.0002625,2590.87
0,1835071,11,phononTS,0.000712089,-0.00299801,-0.0010012,0.000262498,451.271,0.000712089,1,-0.00302392,-0.00126477,-0.0002625,649.211
0,1835451,11,phononTS,0.000968275,-0.00200087,0.00199563,0.000262498,3840.31,0.000968275,1,-0.00192446,0.00175671,-0.0002625,4038.86
0,1835936,10,phononTS,0.000591646,-0.000553272,0.00293942,-0.000262498,1942.16,0.000382,1,-0.00100178,0.00299658,0.0002625,2173.72
0,1835936,8,phononTS,0.00108612,-0.00368119,-0.00138422,0.000262498,183.584,0.000878444,1,-0.00374125,-0.00144333,-0.0002625,341.416
0,1856672,8,phononTS,0.00123902,-0.0019972,-2.80321e-06,0.000262498,861.225,0.000892836,1,-0.00194681,-3.26437e-05,-0.0002625,1009.77
0,1857996,8,phononTF,0.00130277,-0.00300077,-0.000999701,0.000262498,369.27,0.00124719,1,-0.00271887,-0.0012828,-0.0002625,555.221
0,1857996,5,phononL,0.00127986,-0.00324167,-0.00184376,-4.2837e-05,3.38686,0.00101342,1,-0.00322778,-0.00195197,-0.0002625,193.571
0,1857996,4,phononTS,0.000718133,-0.00439421,-0.00167407,-0.0002625,3.38686,0.000718133,1,-0.005,-0.00175527,0.000103115,569.299
0,1858046,11,phononTS,0.000849838,-0.00369247,-0.0014785,-0.000262498,669.154,0.000382,1,-0.00300336,-0.0010025,0.0002625,1018.31
0,1870831,7,phononTF,0.00160148,-0.00213884,-0.000180332,-0.0002625,42.4174,0.000764,1,-0.00300149,-0.00100439,0.0002625,2045.37
0,1872147,8,phononTF,0.000833557,0.000996192,-0.00299604,0.000262498,3150.28,0.000833557,1,-0.000998143,-0.00498646,-0.0002625,3958.15
0,1877231,12,phononTS,0.000601294,-0.00371769,-0.00191422,-0.000262498,1391.22,0.000382,1,-0.00199723,2.06571e-06,0.0002625,2189.64
0,1914588,8,phononTS,0.000726983,0.000890069,-0.000127553,-0.0002625,2870.2,0.000382,1,-0.00100104,-0.00100275,0.0002625,7196.71
0,1920074,7,phononTS,0.000457604,-0.00386861,-0.00108033,-0.0002625,89.8037,0.000382,1,-0.000998875,0.0029984,0.0002625,2573.4
0,1924034,4,phononTF,0.00089134,-0.0031336,-0.00113969,-0.0002625,11.4014,0.000382,1,-0.00300205,-0.00099878,0.0002625,641.757
0,1924034,3,phononTS,0.000831726,-0.005,-0.00022806,-0.000215936,11.4014,0.000831726,1,-0.00491923,-0.000226738,-0.0002625,728.303
0,1929505,2,phononTS,0.00126782,-0.00200302,-0.00199943,0.0002625,62.4788,0.000620906,1,-0.00300021,-0.00205804,-0.0002625,1414.82
0,1929881,8,phononTF,0.000399024,-0.00313869,-0.0011494,-0.0002625,230.225,0.000382,1,-0.00300495,-0.00100363,0.0002625,704.453
0,1936477,6,phononTS,0.000495676,-0.00200136,-1.68624e-06,0.0002625,392.351,0.000495676,1,-0.000707681,0.00118632,-0.0002625,1611.35
0,1936477,2,phononTF,0.00121774,-0.00349036,-0.00152327,0.000262498,160.54,0.00121774,1,-0.00346213,-0.00149189,-0.0002625,308.991
0,1945988,10,phononTS,0.000446097,0.00438806,0.000598429,-0.0002625,165.668,0.000382,1,0.00299882,0.00100095,0.0002625,4652.86
0,1946400,2,phononTF,0.0013492,-0.00062918,-0.000616149,-0.0002625,2.31209,0.000382,1,-0.000996582,-0.000998172,0.0002625,1736.97
0,1954026,3,phononTF,0.000534955,-0.00271602,-0.00073508,-0.0002625,8.81341,0.000382,1,-0.00200239,-4.33826e-06,0.0002625,2231.53
0,1955968,5,phononTF,0.00113522,-0.00163056,0.000334984,-0.0002625,406.569,0.000382,1,-0.000998262,0.00100382,0.0002625,1599.48
0,1973823,6,phononTF,0.000596658,-0.00326332,-0.00128342,-0.0002625,4.12222,0.000382,1,-0.00300091,-0.00100249,0.0002625,370.593
0,1979533,10,phononTS,0.000449031,-0.00297687,-0.000823837,-0.000262498,1203.6,0.000382,1,-0.0029969,-0.000997351,0.0002625,1384.69
0,1996081,7,phononTF,0.000716624,-0.00369944,-0.00154502,-0.000262498,215.103,0.000382,1,-0.00299509,-0.000997749,0.0002625,516.751
0,2000645,5,phononTS,0.000739566,-0.00363056,-0.00151334,-0.0002625,9.31893,0.000382,1,-0.00199771,-0.00200378,0.0002625,795.472
0,2016850,19,phononTF,0.000436479,-0.00300085,-0.00100321,0.0002625,2834.18,0.000436479,1,-0.00272416,-0.00129715,-0.0002625,3207.59
0,2019467,5,phononTS,0.00046172,-0.00304998,-0.0010625,-0.000262498,596.703,0.000382,1,-0.00300064,-0.00100373,0.0002625,743.289
0,2019467,3,phononTF,0.000601285,-0.00353105,-0.00155768,0.000262498,4.68992,0.000601285,1,-0.00384419,-0.00147662,-0.0002625,191.225
0,2019467,2,phononTF,0.000911629,-0.00353105,-0.00155768,0.000262498,4.68992,0.000911629,1,-0.00405226,-0.00209269,-0.0002625,261.958
0,2030878,6,phononTS,0.00121765,-0.00300145,-0.00100235,0.000262498,434.989,0.000875747,1,-0.00246817,0.000566221,-0.0002625,1008.43
0,2035117,8,phononTF,0.000586349,-0.00301892,-0.00103264,-0.000262498,376.903,0.000382,1,-0.00299622,-0.00100247,0.0002625,525.338
0,2040018,10,phononTF,0.000781071,-0.00299937,-0.000995641,0.000262498,698.264,0.000380648,1,-0.00251068,-0.00145068,-0.0002625,937.215
0,2051649,9,phononTS,0.00110226,-0.00305804,-0.00161407,-0.0002625,4758.33,0.000382,1,-0.00299842,-0.000998688,0.0002625,5530.09
0,2054072,8,phononTF,0.00116953,-0.00328325,-0.00130706,-0.0002625,192.29,0.000764,1,-0.00300345,-0.00100356,0.0002625,568.27
0,2054072,7,phononTF,0.00040335,-0.00356305,-0.00161056,0.000262498,192.29,0.00040335,1,-0.00394583,-0.00119726,-0.0002625,408.916
0,2074834,6,phononTS,0.000577347,-0.00109882,-0.000590288,-0.0002625,816.177,0.000382,1,-1.77047e-06,-1.89768e-06,0.0002625,2142.77
0,2074856,4,phononTF,0.00121575,-0.00326113,-0.00128262,-0.0002625,66.6278,0.000382,1,-0.0030032,-0.000999579,0.0002625,432.269
0,2075537,7,phononTS,0.000558102,-0.00199929,2.07768e-06,0.000262498,1969.87,0.000558102,1,-0.00199806,-5.1898e-05,-0.0002625,2121.03
0,2076869,6,phononTF,0.000668049,-0.00299863,-0.00100325,0.000262498,1557.12,0.000668049,1,-0.00326087,-0.00127145,-0.0002625,1739.56
0,2076869,3,phononTS,0.00134186,-0.0036132,-0.000856034,-0.000199477,2.42311,0.00116585,1,-0.00346957,-0.000937317,-0.0002625,338.107
0,2088317,5,phononTF,0.000453681,-0.00275097,-0.000791362,-0.0002625,63.2512,0.000382,1,-0.00199622,1.01066e-06,0.0002625,746.651
0,2088317,4,phononTS,0.000607337,-0.00350572,-0.00158373,0.000262498,63.2512,0.000386345,1,-0.00328672,-0.00146095,-0.0002625,264.032
0,2101782,2,phononTS,0.00123761,-0.00203284,-0.00203499,-0.0002625,7.32259,0.000382,1,-0.00199644,-0.00199591,0.0002625,1225.81
0,2101782,8,phononTF,0.000738955,-0.00199644,-0.00199591,0.000262498,1225.81,0.000591006,1,-0.00224394,-0.0022498,-0.0002625,1404.35
0,2102826,4,phononTF,0.00157827,-0.00313141,-0.00114239,-0.0002625,19.2749,0.000382,1,-0.00299721,-0.00100496,0.0002625,649.539
0,2102826,6,phononTF,0.000986204,-0.00299721,-0.00100496,0.000262498,649.539,0.000986204,1,-0.00302792,0.00156003,-0.0002625,1442.13
0,2119603,5,phononTF,0.000589043,-0.00312947,-0.00113965,-0.0002625,31.0671,0.000382,1,-0.00299802,-0.000999844,0.0002625,661.472
0,2119603,4,phononL,0.000766628,-0.00352383,-0.00155907,0.000262498,31.0671,0.000766628,1,-0.00354053,-0.00217692,-0.0002625,179.054
0,2119603,3,phononL,0.000405672,-0.00352383,-0.00155907,0.000262498,31.0671,0.000405672,1,-0.00315782,-0.00183383,-0.0002625,161.622
0,2122612,4,phononTS,0.00176724,-0.00294517,-0.0010233,1.11657e-05,2.72911,0.000764,1,-0.00299723,-0.000996461,0.0002625,398.331
0,2123280,3,phononTF,0.000545286,-0.003269,-0.00127309,-0.0002625,28.5466,0.000382,1,-0.00300439,-0.000997694,0.0002625,394.413
0,2134086,6,phononL,0.00118121,-0.00263671,-0.00188535,-0.0002625,46.7972,0.000382,1,-0.00199988,-0.00200402,0.0002625,401.573
0,2140885,4,phononTF,0.00111351,-0.00316305,-0.00112671,-0.0002625,21.9801,0.000382,1,-0.00100441,0.000999341,0.0002625,2751.82
0,2140885,8,phononTF,0.000611043,-0.00100441,0.000999341,0.000262498,2751.82,0.000611043,1,-0.000951142,0.00105493,-0.0002625,2901.38
0,2148405,4,phononTF,0.000386128,-0.00326148,-0.00128937,-0.0002625,41.1706,0.000382,1,-0.00299924,-0.00100267,0.0002625,408.743
0,2154740,4,phononTS,0.000554243,-0.00297509,-0.00156495,-0.0002625,44.8869,0.000382,1,-0.00199715,-0.00200308,0.0002625,700.542
0,2154740,3,phononL,0.00130558,-0.00352635,-0.00153721,0.000262498,44.8869,0.00127548,1,-0.00298158,-0.00171564,-0.0002625,188.322
0,2158710,10,phononL,0.000624478,0.000289441,-0.00391621,-0.000262499,3539.18,0.000382,1,0.00100293,-0.0029954,0.0002625,3789.54
0,2162197,4,phononTF,0.000397733,-0.00313084,-0.00114344,-0.0002625,113.007,0.000382,1,-0.00300212,-0.00100486,0.0002625,742.144
0,2166357,8,phononL,0.00204492,-0.00299676,-0.000999535,0.000262498,810.258,0.00104001,1,-0.00234227,-0.000737859,-0.0002625,973.373
0,2168745,7,phononL,0.000715661,-0.00353722,-0.00122821,-0.000262498,138.093,0.000382,1,-0.00299685,-0.000995358,0.0002625,284.216
0,2172319,3,phononTS,0.000532712,-0.00200153,4.25412e-06,0.0002625,6.08895,0.000532712,1,-0.00280003,5.90836e-05,-0.0002625,2206.09
0,2176543,5,phononTS,0.000569253,-0.00301901,-0.00156765,-0.0002625,3.35775,0.000382,1,-0.00300392,-0.000998873,0.0002625,504.018
0,2176543,4,phononTF,0.00327178,-0.00372671,-0.00152435,4.82674e-05,3.35775,0.00281513,1,-0.00383063,-0.00140956,-0.0002625,242.428
0,2177007,7,phononTS,0.00291058,-0.00208169,-0.00198698,0.000217413,522.321,0.000382,1,-0.00199689,-0.00200203,0.0002625,1110.39
0,2187390,7,phononTS,0.000568291,0.000635205,0.00477159,-0.0002625,2338.76,0.000382,1,-0.000998581,0.00299578,0.0002625,9402.04
0,2187390,4,phononTS,0.00189127,-0.00405445,-0.00185446,-9.30703e-05,1097.3,0.000697623,1,-0.00383211,-0.00182932,-0.0002625,1485.81
0,2200692,6,phononTS,0.00062447,4.82671e-05,4.74445e-05,-0.0002625,4095.7,0.000382,1,-1.91527e-06,3.75906e-06,0.0002625,5125.53
0,2203281,7,phononL,0.00053343,-0.00167945,-0.000537783,-0.0002625,1531.47,0.000382,1,-0.00200382,-3.09236e-06,0.0002625,2294.89
0,2203281,4,phononTF,0.000919975,-0.00351947,-0.00156398,0.000262498,22.8866,0.000919975,1,-0.00370176,-0.00134774,-0.0002625,193.277
0,2209226,5,phononTS,0.000569848,0.000368019,-0.00335636,-0.0002625,233.812,0.000382,1,-1.11839e-06,-0.0020048,0.0002625,2881.87
0,2241488,6,phononTF,0.00058244,-0.00325841,-0.00127984,-0.0002625,6.07536,0.000382,1,-0.00299911,-0.000997666,0.0002625,371.995
0,2257454,10,phononTF,0.000737324,-0.00320371,-0.00122471,-0.000262498,209.284,0.000382,1,-0.00299669,-0.000996857,0.0002625,380.58
0,2257454,4,phononTS,0.000898413,-0.00351979,-0.0015653,0.000262498,11.9631,0.000670713,1,-0.00353246,-0.00150416,-0.0002625,173.132
0,2257454,3,phononL,0.000633369,-0.00351979,-0.0015653,0.000262498,11.9631,0.000633369,1,-0.00420641,-0.001202,-0.0002625,188.259
0,2257454,2,phononTS,0.000654313,-0.00351979,-0.0015653,0.000262498,11.9631,0.000654313,1,-0.0037038,-0.00218385,-0.0002625,303.563
0,2258898,3,phononTF,0.000510618,-0.00313178,-0.00114293,-0.0002625,11.168,0.000382,1,-0.00299937,-0.00100453,0.0002625,641.164
0,2258898,2,phononTS,0.00162844,-0.003529,-0.00155813,0.000262498,11.168,0.000623905,1,-0.00355677,-0.00158541,-0.0002625,159.748
0,2266275,9,phononL,0.000420986,-0.00326922,-0.00125882,-0.000262498,239.705,0.000382,1,-0.00299749,-0.00100144,0.0002625,362.043
0,2268823,7,phononTF,0.000469372,-0.0029962,-0.00100183,0.000262498,809.12,0.000469372,1,-0.00377012,-0.00175722,-0.0002625,1147.87
0,2272594,12,phononTF,0.000572075,-0.00299725,-0.0010028,0.0002625,1602.36,0.000572075,1,-0.00275907,-0.000678991,-0.0002625,1987.65
0,2275558,3,phononTF,0.000940088,-0.00300321,-0.000999368,0.0002625,2.92418,0.000709339,1,-0.00274437,-0.000719583,-0.0002625,551.023
0,2275558,2,phononTF,0.0013833,-0.00352089,-0.00155894,0.000262498,2.92418,0.000449668,1,-0.00396919,-0.00109243,-0.0002625,237.643
0,2288083,6,phononTF,0.00135762,-0.00325809,-0.00128047,-0.0002625,3.71235,0.000382,1,-0.00299861,-0.0010048,0.0002625,368.327
0,2301251,5,phononTS,0.000949445,-0.00299701,-0.00100082,0.000262498,613.037,0.000949445,1,-0.00293944,-0.000919244,-0.0002625,784.243
0,2317688,9,phononTS,0.00124408,-0.00304877,-0.00106215,-0.000262498,278.111,0.000382,1,-0.00299701,-0.00100145,0.0002625,424.532
0,2317688,10,phononL,0.000622302,-0.00299701,-0.00100145,0.000262498,424.532,0.000622302,1,-0.00306682,-0.00140169,-0.0002625,549.002
0,2317849,8,phononTF,0.000484519,-0.00100463,0.00100239,0.000262498,1227.04,0.000484519,1,-0.00104267,0.000959817,-0.0002625,1375.97
0,2324145,8,phononTF,0.000489716,-0.00200387,-0.00199859,0.0002625,6912.95,0.000489716,1,-0.000349605,-0.00494002,-0.0002625,8887.85
0,2325582,8,phononTS,0.00163804,0.000976629,-0.00312078,-5.69922e-05,1045.41,0.000382,1,0.000995645,-0.00299764,0.0002625,2428.4
0,2330424,4,phononTF,0.000915824,-0.00320309,-0.00121905,-0.0002625,4.62634,0.000382,1,-0.00299992,-0.000998268,0.0002625,644.769
0,2336941,7,phononTS,0.000707643,0.00143399,-0.00186862,-0.0002625,512.016,0.000382,1,0.0020005,5.7529e-07,0.0002625,5076.15
0,2336941,3,phononL,0.00229352,-0.0035367,-0.00155423,0.000262498,5.55699,0.00158333,1,-0.00328759,-0.00131832,-0.0002625,125.344
0,2342783,7,phononTS,0.000695025,-0.00105793,-0.00097812,-0.000262498,1627.3,0.000382,1,-0.00100411,-0.00100333,0.0002625,1791.23
0,2344028,5,phononTS,0.00188604,-0.00230649,-0.00171766,-0.0002625,12.3452,0.000382,1,-0.00199609,-0.00199753,0.0002625,1020.47
0,2353344,3,phononTF,0.000890065,-0.00199587,6.53612e-07,0.0002625,13.6682,0.000174064,1,-0.00122822,0.00078656,-0.0002625,1043
0,2376813,6,phononL,0.000472905,-0.00295739,-0.00177262,-0.000262498,809.068,0.000382,1,-0.00200033,-0.00200345,0.0002625,1015.96
0,2381959,2,phononTS,0.00135725,-0.0034869,-0.00154826,-0.0002625,1.95054,0.000382,1,-0.0029953,-0.00100471,0.0002625,477.226
0,2389737,8,phononTF,0.000518689,0.0010028,0.00100114,0.0002625,6380.02,0.000518689,1,0.000653618,0.000679171,-0.0002625,8770.5
0,2402430,4,phononTF,0.000994971,-0.000646804,0.000824795,-6.66819e-06,4.27098,0.000382,1,-0.000996946,0.00100303,0.0002625,1487.57
0,2402430,3,phononTF,0.00114682,-0.00352427,-0.0015642,0.000262498,4.27098,0.00114682,1,-0.0031785,-0.00192413,-0.0002625,208.358
0,2403129,10,phononTS,0.000951957,4.92484e-05,-0.00200066,0.000198961,667.126,0.000951957,1,-0.005,0.00236878,-0.000139892,4586.74
0,2403129,9,phononTF,0.000520284,-0.005,-0.00212924,-0.000166174,667.126,0.000520284,1,-0.00369549,-0.00349465,-0.0002625,1658.92
0,2424622,8,phononTF,0.000567912,-0.00299547,-0.00100449,0.000262498,408.015,0.000567912,1,-0.00330941,-0.00129099,-0.0002625,601.068
0,2424622,5,phononTS,0.000695742,-0.0035444,-0.00153426,0.000262498,39.2959,0.000695742,1,-0.0023232,-0.0009986,-0.0002625,518.2
0,2427687,11,phononTS,0.000402528,-0.00411377,0.00373966,-0.0002625,4638.43,0.000382,1,-0.00200017,0.00199665,0.0002625,13794.1
0,2427687,6,phononTS,0.00433448,-0.00337558,-0.00166472,-0.00019797,1199.43,0.00274511,1,-0.00331874,-0.00166007,-0.0002625,1447.8
0,2441088,4,phononTF,0.000668188,0.00163567,-0.00161762,-0.0002625,10.4355,0.000382,1,0.00200323,-0.00200293,0.0002625,8020.49
0,2451075,6,phononTF,0.000861845,-0.00312786,-0.00113831,-0.0002625,6.371,0.000382,1,-0.00299979,-0.000996231,0.0002625,635.872
0,2452081,5,phononTS,0.00180824,0.00306001,0.000980379,-8.97445e-05,196.506,0.00119971,1,0.00305793,0.000998336,-0.0002625,2372.24
0,2455644,3,phononTF,0.000704294,-0.00325915,-0.00128455,-0.0002625,3.10549,0.000382,1,-0.00300067,-0.00100449,0.0002625,373.116
0,2458702,11,phononTS,0.00130348,-0.00204644,-0.00248133,-0.000262498,2088.44,0.000382,1,-0.0020037,-0.00200227,0.0002625,2333.47
0,2459068,7,phononTS,0.000702118,-0.00195305,-2.24038e-05,-0.000262498,1227.33,0.000382,1,-0.00199718,-1.25482e-06,0.0002625,1381.22
0,2461583,11,phononTS,0.000479969,-0.00102251,-0.00100672,-0.000262498,3095.82,0.000382,1,-0.000995183,-0.00100204,0.0002625,3249.18
0,2463622,8,phononTS,0.000644881,-0.00300137,-0.000996598,0.000262498,726.293,0.000488851,1,-0.00290825,-0.00104856,-0.0002625,888.998
0,2466897,12,phononTS,0.000509204,-0.000953156,0.000988746,-0.0002625,909.006,0.000382,1,-0.000998671,0.00100426,0.0002625,2925.08
0,2466897,11,phononTS,0.000842225,-0.00443027,-0.00162376,0.000262498,909.006,0.000842225,1,-0.00450732,-0.00248543,-0.0002625,1241.66
0,2467445,7,phononTS,0.000439434,-0.00300078,-0.00100035,0.000262498,641.545,0.000439434,1,-0.00295788,-0.000938972,-0.0002625,788.447
0,2469112,10,phononTS,0.000847608,-0.00299824,-0.00099708,0.000262498,688.672,0.000847608,1,-0.00304186,-0.000437322,-0.0002625,946.233
0,2478845,5,phononTF,0.00119511,-0.00196092,4.95116e-05,-0.0002625,113.198,0.000382,1,-0.0020039,4.03859e-06,0.0002625,1618.5
0,2478845,9,phononTS,0.000596519,-0.0020039,4.03859e-06,0.000262498,1618.5,0.000596519,1,-0.00197719,3.03584e-05,-0.0002625,1766.16
0,2482336,6,phononTS,0.0011031,-0.0029953,-0.000998158,0.000262498,397.196,0.000504456,1,-0.00299171,-0.00106144,-0.0002625,547.386
0,2493480,4,phononTS,0.00273381,-0.00319541,-0.001691,-0.000107703,29.5442,0.00209325,1,-0.0030783,-0.00174843,-0.0002625,2447.99
0,2503109,6,phononTF,0.000592675,-0.0033513,-0.00134092,-0.0002625,1141.81,0.000382,1,-0.00300107,-0.000998342,0.0002625,1742.13
0,2507218,4,phononTF,0.000731687,-0.00312165,-0.00113992,-0.0002625,19.1544,0.000382,1,-0.00299638,-0.00100066,0.0002625,647.127
0,2510403,11,phononTS,0.000476858,-2.16658e-06,-0.00199813,0.000262498,1676.12,0.000476858,1,-9.82349e-05,-0.00302285,-0.0002625,2062.34
0,2539601,10,phononTF,0.000471876,-0.00186638,-0.00142794,-0.0002625,2366.79,0.000382,1,-3.33769e-06,-1.19174e-07,0.0002625,5521.35
0,2540432,4,phononTF,0.00105742,-0.00313244,-0.00113391,-0.0002625,21.4686,0.000764,1,-0.00300275,-0.000996311,0.0002625,650.463
0,2543046,7,phononTS,0.00100911,-0.00429488,-0.0008514,-0.0002625,18.0612,0.000764,1,-0.00200495,-0.00199984,0.0002625,1736.79
0,2543046,6,phononTF,0.000586769,-0.00353859,-0.00155956,0.000262498,18.0612,0.000586769,1,-0.00303247,-0.000933678,-0.0002625,297.129
0,2543046,5,phononTF,0.00061941,-0.00353859,-0.00155956,0.000262498,18.0612,0.00061941,1,-0.00341388,-0.00143164,-0.0002625,174.556
0,2543046,4,phononTF,0.000773936,-0.005,-0.00155568,0.000182634,18.0612,0.000476877,1,-0.00468413,-0.0012595,-0.0002625,614.973
0,2545552,9,phononTF,0.000681873,-0.00321723,-0.00121142,-0.000262498,760.66,0.000382,1,-0.00300216,-0.0010014,0.0002625,931.165
0,2555549,5,phononTF,0.0013553,-0.00315005,-0.000751683,-0.000210968,4.86123,0.000764,1,-0.00300066,-0.000997199,0.0002625,3593.4
0,2555549,6,phononTS,0.000402323,-0.005,-0.00317646,-6.64809e-05,3593.4,0.000402323,1,-0.00498023,-0.00280843,-0.0002625,4597.07
0,2567554,9,phononTF,0.000387061,-0.00183341,0.000176836,-0.000262498,4774.71,0.000382,1,-0.00199695,-4.32991e-06,0.0002625,4937.71
0,2569282,9,phononTS,0.000915439,-0.00303941,-0.001149,-0.0002625,71.9524,0.000764,1,-0.00300467,-0.00100432,0.0002625,1654.32
0,2575331,3,phononTF,0.00168885,-0.003129,-0.00111655,-0.0002625,3.87516,0.000382,1,-0.00299715,-0.000995008,0.0002625,387.835
0,2581050,9,phononTF,0.000416747,-0.00314534,-0.00114092,-0.0002625,210.734,0.000382,1,-0.00299905,-0.000998237,0.0002625,687.096
0,2600506,13,phononTS,0.000400153,-0.00300133,-0.00100058,0.0002625,1825.81,0.000400153,1,-0.00376943,-0.00102303,-0.0002625,2453.2
0,2600520,5,phononTF,0.000879542,-0.00312925,-0.00113738,-0.0002625,5.916,0.000382,1,-0.00299547,-0.000998237,0.0002625,636.51
0,2611392,6,phononTF,0.000648702,-0.000346865,0.000370641,-0.0002625,144.93,0.000382,1,-3.36882e-06,-2.78084e-06,0.0002625,2531.42
0,2614694,3,phononTF,0.000542524,-0.00326516,-0.00126778,-0.0002625,21.6072,0.000382,1,-0.00299563,-0.000997059,0.0002625,387.624
0,2614694,2,phononTF,0.00194573,-0.00365444,-0.00124856,-5.17431e-05,21.6072,0.00106066,1,-0.00381727,-0.00108513,-0.0002625,268.188
0,2614694,8,phononTF,0.000542815,-0.00385866,-0.005,0.000132721,268.188,0.000542815,1,-0.00346702,-0.00458721,-0.0002625,1922.62
0,2620966,10,phononTF,0.000645127,-0.00300128,-0.00100309,0.0002625,3624.66,0.000645127,1,-0.00297891,-0.000979094,-0.0002625,3921.24
0,2621817,12,phononTS,0.00120531,-0.00100231,0.000995709,0.000262499,2216.45,0.000743336,1,-0.00104585,0.00103056,-0.0002625,2365.04
0,2621817,2,phononTF,0.00175409,-0.00351727,-0.00155531,0.000255654,5.73781,0.00160896,1,-0.00345038,-0.001488,-0.0002625,154.217
0,2627440,10,phononTS,0.000450656,-0.00188527,0.00204402,-0.0002625,707.193,0.000382,1,-0.0019977,0.00199619,0.0002625,3152.59
0,2637169,3,phononTF,0.00121654,-0.00138868,-0.00121041,-0.0002625,15.4247,0.000764,1,-0.00100062,-0.00099809,0.0002625,2470.46
0,2647505,10,phononL,0.00103356,-0.00237538,-0.000388776,-0.0002625,145.648,0.000382,1,-0.00200311,7.75804e-07,0.0002625,708.827
0,2653928,8,phononTS,0.000535951,-0.00300242,-0.00099815,0.0002625,297.475,0.000535951,1,-0.00298378,-0.000967658,-0.0002625,606.915
0,2653928,3,phononTS,0.000705759,-0.00352875,-0.0015587,0.000262498,4.86855,0.000705759,1,-0.00340911,-0.00158506,-0.0002625,177.976
0,2665468,4,phononTF,0.00269219,-0.00232596,-0.00166122,-1.98759e-05,235.736,0.000382,1,-0.00200124,-0.00199668,0.0002625,1664.84
0,2665468,9,phononTS,0.000471715,-0.00200124,-0.00199668,0.000262499,1664.84,0.000471715,1,-0.00227448,-0.00178733,-0.0002625,1887.61
0,2671607,10,phononTF,0.000479896,0.00100121,-0.00300417,0.0002625,1045.19,0.000479896,1,0.00197116,-0.00394799,-0.0002625,2681.92
0,2684827,12,phononTS,0.000650883,-0.00199974,1.44017e-06,0.000262498,1310.44,0.000650883,1,-0.00195818,-2.00126e-05,-0.0002625,1460.26
0,2685465,3,phononTF,0.000941736,-0.0030036,-0.000998603,0.0002625,6.1302,0.000360997,1,-0.00274727,-0.000718962,-0.0002625,560.56
0,2687373,4,phononTF,0.000407714,-0.00312544,-0.00113929,-0.0002625,14.2668,0.000382,1,-0.00299913,-0.000999114,0.0002625,642.775
0,2694617,4,phononTS,0.00134176,-0.00360459,-0.00102659,-0.0002625,472.869,0.000764,1,-0.00300133,-0.00100008,0.0002625,963.337
0,2697773,4,phononTS,0.0010322,-0.00176943,-0.000781695,-0.0002625,23.2259,0.000764,1,-1.56132e-06,-2.05304e-06,0.0002625,1334.01
0,2704280,6,phononTS,0.000837909,-0.00300426,-0.00100082,0.000262498,492.516,0.000837909,1,-0.00271475,-0.000487406,-0.0002625,774.572
0,2706598,7,phononTF,0.000827369,-0.00325758,-0.000744343,-0.000262498,1383.35,0.000382,1,-0.00299568,-0.000998961,0.0002625,1563.59
0,2707778,3,phononTF,0.00128581,-0.00335608,-0.0013848,-0.0002625,7.31738,0.000382,1,-0.00299765,-0.000996409,0.0002625,378.602
0,2718316,8,phononTF,0.00102494,-0.00199993,1.79562e-06,0.000262498,833.11,0.000888532,1,-0.00173666,-0.000287038,-0.0002625,1017.24
0,2718316,4,phononTF,0.000903662,-0.00352591,-0.00155949,0.000262498,7.49811,0.000552263,1,-0.00331201,-0.00171751,-0.0002625,176.659
0,2722990,6,phononTF,0.000844373,-0.0030008,-0.00100236,0.0002625,1.2756,0.000844373,1,-0.00281398,-0.000800471,-0.0002625,1146.9
0,2727127,9,phononTF,0.00124105,-0.00236418,-0.000387488,-0.0002625,97.3112,0.000382,1,-0.00200203,3.33361e-06,0.0002625,963.988
0,2729813,5,phononTF,0.00135057,-0.00325212,-0.00128068,-0.0002625,52.0881,0.000382,1,-0.00300086,-0.00100466,0.0002625,414.552
0,2737794,8,phononTF,0.00129413,-0.00200268,-4.91546e-06,0.000262498,1283.33,0.000410278,1,-0.0017746,0.000203167,-0.0002625,1454.78
0,2743724,10,phononTF,0.000741201,-0.005,-0.00115043,0.000145437,20.5643,0.000382,1,0.00299559,0.00100104,0.0002625,2989.93
0,2743724,9,phononTF,0.0011318,-0.00352471,-0.00159109,0.000262498,20.5643,0.0011318,1,-0.00329919,-0.00153416,-0.0002625,189.659
0,2744592,7,phononTF,0.000460207,-0.00341813,-0.000613635,-0.0002625,653.019,0.000382,1,-0.00300373,-0.00100046,0.0002625,1087.91
0,2748000,13,phononL,0.000553384,-0.0013115,0.000681032,-0.000262498,1587.02,0.000382,1,-0.000996713,0.00100047,0.0002625,1716.67
0,2764303,6,phononTF,0.000557104,-0.00355693,-0.00158108,-0.000262498,181.491,0.000382,1,-0.00299876,-0.0010029,0.0002625,452.281
0,2764303,4,phononTS,0.00128722,-0.0035115,-0.00154428,0.000262498,34.363,0.000732677,1,-0.00354793,-0.0015818,-0.0002625,181.719
0,2769970,9,phononTF,0.000904285,-0.00299859,-0.00100311,0.0002625,51.4124,0.000467622,1,-0.0026905,-0.000716401,-0.0002625,619.975
0,2775339,9,phononTF,0.000772077,-0.00313157,-0.00112966,-0.0002625,155.053,0.000382,1,-0.00300279,-0.000999806,0.0002625,781.858
0,2775339,8,phononTF,0.00038555,-0.00351791,-0.00151921,0.000262498,155.053,0.00038555,1,-0.00265864,-0.000664214,-0.0002625,527.387
0,2775339,7,phononTS,0.000464747,-0.00351791,-0.00151921,0.000262498,155.053,0.000464747,1,-0.00352952,-0.00129055,-0.0002625,343.23
0,2777320,7,phononTS,0.000480706,0.00232527,-0.005,-2.36959e-05,7.80199,0.000480706,1,0.00458505,-0.00174129,-0.0002625,6744.81
0,2782102,4,phononTF,0.000702491,-8.89088e-05,-0.00102419,-0.0002625,9.97726,0.000382,1,0.00100497,0.00100097,0.0002625,14044.6
0,2782102,3,phononL,0.00175244,-0.00057438,-0.00404243,-0.000252602,9.97726,0.00175244,1,-0.000584343,-0.00404751,-0.0002625,1555.59
0,2791464,4,phononTS,0.000541922,-0.00300149,-0.000995219,0.0002625,17.0795,0.000541922,1,-0.00197421,-0.000521984,-0.0002625,1183.99
0,2800714,4,phononTS,0.000877859,-0.000561615,-0.005,7.68256e-05,476.636,0.000382,1,0.00100055,-0.00299887,0.0002625,12665.5
0,2807981,2,phononTF,0.000574459,-0.00237434,-0.000347575,-0.0002625,57.1511,0.000382,1,-0.00299691,-0.00100109,0.0002625,1012.09
0,2815121,7,phononTF,0.000544508,-0.00312916,-0.00113844,-0.0002625,28.8627,0.000382,1,-0.00300249,-0.000997909,0.0002625,657.567
0,2820895,2,phononTS,0.000935053,0.00166198,0.0042057,-0.0002625,1.62241,0.000382,1,-0.000998886,0.000999291,0.0002625,4274.64
0,2821880,7,phononL,0.000538706,-0.00158235,-0.00133703,-0.0002625,149.837,0.000382,1,-0.00100056,-0.00100468,0.0002625,858.033
0,2828987,6,phononL,0.000968348,0.00227239,-0.005,4.42643e-05,3402.16,0.000382,1,-0.00200213,1.6188e-06,0.0002625,10276.9
0,2842042,7,phononTS,0.00086789,0.00283542,-0.00325399,-0.0002625,512.81,0.000382,1,-0.0010043,0.00100412,0.0002625,6896.66
0,2842042,8,phononTF,0.000421134,-0.0010043,0.00100412,0.000262498,6896.66,0.000421134,1,-0.0012198,0.00130988,-0.0002625,7084.7
0,2845894,5,phononL,0.00112572,0.0019979,-0.00199675,0.0002625,106.548,0.000810667,1,0.00329045,-0.00205084,-0.0002625,1505.03
0,2845894,4,phononTF,0.00124528,-0.00348597,-0.00158762,0.000262498,106.548,0.000741464,1,-0.00354223,-0.00153211,-0.0002625,256.244
0,2847080,6,phononTS,0.00038832,0.005,-0.00274148,-0.00026163,471.891,0.00038832,1,0.00499957,-0.00274162,-0.0002625,9987.23
0,2849036,2,phononTF,0.00136193,-0.00326227,-0.00127904,-0.0002625,1.88478,0.000764,1,-0.0030036,-0.000999577,0.0002625,367.179
0,2858066,6,phononTF,0.000504885,-0.00238102,-0.000385368,-0.0002625,15.8351,0.000382,1,-0.00200336,3.31675e-06,0.0002625,866.338
0,2858066,5,phononTF,0.00106984,-0.00351398,-0.00155142,0.000262498,15.8351,0.00106984,1,-0.00370376,-0.00144079,-0.0002625,179.99
0,2858066,4,phononTF,0.000594296,-0.00351398,-0.00155142,0.000262498,15.8351,0.000594296,1,-0.00375835,-0.0012979,-0.0002625,193.973
0,2860083,4,phononL,0.00123929,-0.0010023,-0.000997858,0.0002625,169.328,0.00109389,1,0.000283774,-0.000688186,-0.0002625,970.105
0,2870214,5,phononTF,0.000420833,-0.00343751,-0.00147419,-0.000262498,738.443,0.000382,1,-0.00299556,-0.00100025,0.0002625,973.095
0,2882463,5,phononTF,0.00223534,-0.00342262,-0.00136416,-0.0002625,240.267,0.000764,1,-0.0030047,-0.000996944,0.0002625,670.799
0,2882463,6,phononTS,0.00132595,-0.0030047,-0.000996944,0.000262498,670.799,0.000773251,1,-0.00216712,-0.000910122,-0.0002625,1003.62
0,2885882,10,phononL,0.000621158,-0.00280854,-0.00102679,-0.0002625,106.01,0.000382,1,-0.0010025,-0.00100194,0.0002625,1194.18
0,2885882,9,phononTS,0.000453167,-0.00359022,-0.00177137,0.000262498,106.01,0.000453167,1,-0.00347851,-0.00107144,-0.0002625,409.657
0,2895568,8,phononTF,0.000406177,-0.00345838,-0.00142675,-0.000262498,2055.59,0.000382,1,-0.00300179,-0.00100218,0.0002625,2284.89
0,2924864,7,phononTF,0.000785479,-0.00118325,0.00116743,-0.000262498,1154.37,0.000382,1,-0.000995697,0.000995919,0.0002625,1318.63
0,2930075,8,phononTS,0.000480295,-0.00299508,-0.000997399,0.0002625,3506.36,0.000480295,1,-0.00305902,-0.00099349,-0.0002625,3806.64
0,2935018,5,phononTF,0.000447437,-0.00176032,0.000221564,-0.0002625,13.6299,0.000382,1,-1.5466e-06,0.00200235,0.0002625,1455.17
0,2935018,4,phononTS,0.00109837,-0.00351909,-0.00155922,0.000262498,13.6299,0.000805677,1,-0.00374652,-0.00155927,-0.0002625,199.714
0,2935593,4,phononTF,0.00118737,-0.00325602,-0.00127983,-0.0002625,37.7482,0.000382,1,-0.00299826,-0.00100316,0.0002625,402.112
0,2938995,5,phononTF,0.00133472,-0.00200384,0.00200471,0.0002625,7.35752,0.000227265,1,-0.00220592,0.00221334,-0.0002625,1586.02
0,2939528,5,phononL,0.00134221,-0.00199644,-0.00199825,0.000262498,593.409,0.000496268,1,-0.00271136,-0.00196347,-0.0002625,755.066
0,2940361,10,phononTS,0.000672482,0.0011995,-0.00211976,-0.0002625,4307.89,0.000382,1,0.00200397,-0.0020009,0.0002625,6209.59
0,2940361,8,phononTF,0.000783382,-0.00280329,-0.000785869,0.000262498,583.399,0.000382189,1,-0.00250427,-4.22523e-06,-0.0002625,892.18
0,2943966,3,phononTF,0.00143131,-0.00327038,-0.00128067,-0.0002625,24.2253,0.000382,1,-0.00300432,-0.000999903,0.0002625,392.118
0,2964760,8,phononTF,0.000765701,-0.00200264,9.66518e-07,0.0002625,1432.67,0.000765701,1,-0.00194283,3.79345e-05,-0.0002625,1732.05
0,2964760,3,phononTF,0.00120367,-0.00352587,-0.00154766,0.000262498,25.9622,0.000794858,1,-0.00330888,-0.00176087,-0.0002625,197.487
0,2964760,9,phononTS,0.000408814,-0.005,-0.00324824,0.000221744,197.487,0.000408814,1,-0.00498214,-0.00315432,-0.0002625,1056.91
0,2965734,9,phononTS,0.000890973,-0.000958693,-0.00160164,-0.0002625,583.326,0.000382,1,-0.00199831,-0.00199911,0.0002625,8935.28
0,2965734,10,phononTS,0.000415445,-0.00199831,-0.00199911,0.000262498,8935.28,0.000415445,1,-0.00196184,-0.00179642,-0.0002625,9116.51
0,2965734,8,phononTS,0.00140632,-0.00321646,-0.00110738,0.000262498,583.326,0.000842028,1,-0.00291442,-0.00118423,-0.0002625,793.881
0,2971400,10,phononTS,0.000607239,-0.00299794,-0.000996217,0.0002625,458.587,0.000607239,1,-0.00249472,-0.000525262,-0.0002625,1079.21
0,2972289,3,phononTF,0.00253162,-0.00299489,-0.00105634,0.000167504,5.24953,0.000382,1,-0.00300242,-0.000995945,0.0002625,255.938
0,2982545,6,phononTF,0.000768357,-0.00160808,-0.00161613,-0.0002625,1210.98,0.000382,1,-0.00199866,-0.00200339,0.0002625,1744.69
0,2982545,3,phononTS,0.00197874,-0.00352617,-0.00155817,0.000262498,3.25279,0.00150477,1,-0.00349858,-0.00151591,-0.0002625,160.816
0,2989296,9,phononTF,0.00047082,-0.00299521,-0.000996112,0.000262498,1538.8,0.00047082,1,-0.00298605,-0.000985888,-0.0002625,1686.83
0,2992394,3,phononTF,0.000925567,-0.00238423,-0.000396253,-0.0002625,7.89263,0.000382,1,-0.0020047,-4.34691e-06,0.0002625,863.485
0,2992394,6,phononTF,0.000485611,-0.0020047,-4.34691e-06,0.000262498,863.485,0.000485611,1,-0.000493676,-0.00179773,-0.0002625,1548.69
0,2992394,2,phononTF,0.000542827,-0.00352283,-0.00157197,0.000262498,7.89263,0.000542827,1,-0.00383189,-0.00128931,-0.0002625,196.828
0,2999687,7,phononTS,0.000776266,-0.00299583,-0.000997365,0.000262498,934.17,0.000776266,1,-0.00378761,-0.000765738,-0.0002625,1272.75
0,3006769,8,phononTS,0.0011831,-0.00300249,-0.000996136,0.000262498,631.537,0.0011831,1,-0.00295308,-0.00105783,-0.0002625,778.047
0,3006769,6,phononTF,0.00132364,-0.00352054,-0.00155964,0.000262498,1.71285,0.00132364,1,-0.0031909,-0.00153371,-0.0002625,191.51
0,3006769,5,phononTS,0.000759637,-0.00352054,-0.00155964,0.000262498,1.71285,0.000759637,1,-0.00256699,-0.00198997,-0.0002625,404.706
0,3006769,4,phononL,0.000610602,-0.00352054,-0.00155964,0.000262498,1.71285,0.000610602,1,-0.00396021,-0.00172355,-0.0002625,132.771
0,3006769,3,phononTF,0.00126786,-0.00352054,-0.00155964,0.000262498,1.71285,0.00111458,1,-0.0048227,-0.00282858,-0.0002625,534.938
0,3006769,2,phononTF,0.000604276,-0.00352054,-0.00155964,0.000262498,1.71285,0.000604276,1,-0.00372425,-0.00134457,-0.0002625,171.555
0,3015378,5,phononTF,0.00111047,-0.00326373,-0.00127682,-0.0002625,10.5317,0.000382,1,-0.00300009,-0.000996466,0.0002625,377.209
0,3015378,4,phononTF,0.000890948,-0.00352737,-0.00155718,0.000262498,10.5317,0.000420312,1,-0.00408961,-0.0010353,-0.0002625,276.07
0,3020834,5,phononTS,0.00072874,-0.00299987,-0.00100297,0.0002625,6.90215,0.00072874,1,-0.00476557,0.00166916,-0.0002625,2520.17
0,3020834,4,phononTS,0.00109613,-0.00351923,-0.00156406,0.000262498,6.90215,0.000591878,1,-0.00484087,-0.00208079,-0.0002625,513.308
0,3040073,8,phononTS,0.000463091,-0.00300208,-0.00100081,0.0002625,468.33,0.000463091,1,-0.00309532,-0.00125031,-0.0002625,873.253
0,3042994,3,phononTF,0.00134237,-0.0033508,-0.00138349,-0.0002625,1.51342,0.000382,1,-0.00299571,-0.000998201,0.0002625,373.606
0,3045014,10,phononTS,0.000873767,-0.00300063,-0.00100153,0.000262498,643.567,0.00047358,1,-0.00232988,-0.00200566,-0.0002625,1095.08
0,3050927,6,phononTF,0.00154083,-0.00321186,-0.00123707,-0.000262498,543.107,0.000382,1,-0.00299785,-0.00100124,0.0002625,715.91
0,3051139,7,phononTF,0.000847562,-0.00238148,-0.000391654,-0.0002625,7.62285,0.000382,1,-0.00200113,-3.41049e-06,0.0002625,866.269
0,3056258,7,phononTF,0.000453987,-0.00277048,-0.000754734,-0.000262498,377.533,0.000382,1,-0.00299946,-0.00100394,0.0002625,553.371
0,3056258,5,phononTS,0.000420244,-0.00354616,-0.00154809,0.000262498,31.2205,0.000420244,1,-0.00349533,-0.00144156,-0.0002625,195.969
0,3068651,4,phononTS,0.000501833,-0.000873164,0.000483052,-0.0002625,274.245,0.000382,1,-0.000996152,0.000998656,0.0002625,1547.57
0,3079018,11,phononTS,0.000682691,-0.00100326,-0.000998614,0.0002625,747.79,0.000682691,1,0.00234242,0.00420762,-0.0002625,5775.74
0,3107977,10,phononTS,0.00113028,-0.00321943,-0.00154098,-0.000262498,885.452,0.000382,1,-0.00200176,-0.00200215,0.0002625,1358.3
0,3132346,7,phononTS,0.000885513,-0.00199954,-2.81434e-06,0.000262498,903.054,0.000885513,1,-0.00199395,0.000275043,-0.0002625,1101.12
0,3142599,9,phononTF,0.000646169,0.002856,-0.000752318,-0.0002625,298.164,0.000382,1,0.00199804,4.62823e-06,0.0002625,4508.41
0,3162721,6,phononTS,0.00075147,-0.0030049,-0.000995758,0.000262498,1836.61,0.000529547,1,-0.00295543,-0.00105885,-0.0002625,1983.07
0,3188217,3,phononTF,0.00050204,-0.00313008,-0.00113988,-0.0002625,15.5142,0.000382,1,-0.00299816,-0.00100223,0.0002625,645.771
0,3189360,6,phononTS,0.000423755,-0.000144712,-0.00209914,-0.0002625,498.388,0.000382,1,0.000999642,-0.00299654,0.0002625,2065.49
0,3189360,2,phononTS,0.00122374,-0.0035206,-0.00155702,0.000262498,1.51688,0.000933977,1,-0.00352198,-0.00149467,-0.0002625,151.957
0,3233445,3,phononTF,0.000603259,-0.00325571,-0.00127884,-0.0002625,4.585,0.000382,1,-0.00299523,-0.000998076,0.0002625,370.654
0,3233445,2,phononTF,0.00128419,-0.00351619,-0.0015596,0.000262498,4.585,0.00118386,1,-0.00346758,-0.00347357,-0.0002625,617.658
0,3234129,2,phononTF,0.00102237,-0.00313373,-0.00113869,-0.0002625,5.24463,0.000382,1,-0.00300476,-0.000999536,0.0002625,634.575
0,3241204,10,phononTS,0.000385953,-0.00300263,-0.000997683,0.000262498,714.518,0.000385953,1,-0.00322762,-0.0016526,-0.0002625,1019.48
0,3241204,5,phononTF,0.00111478,-0.00352269,-0.00155387,0.000262498,84.8062,0.000533662,1,-0.00352757,-0.00154316,-0.0002625,232.839
0,3247037,10,phononL,0.000742725,-0.000653709,-0.00115425,-0.000262498,2647.24,0.000382,1,-0.000996804,-0.00100049,0.0002625,2769.44
0,3248737,7,phononTS,0.000490634,-0.000620702,-0.005,0.000241744,1765.61,0.000382,1,0.00300067,0.00100165,0.0002625,5631.21
0,3255072,7,phononL,0.000733093,0.000894775,-0.00157314,-0.0002625,23.1113,0.000382,1,0.00100458,-0.00100406,0.0002625,2437.61
0,3255072,6,phononTF,0.0012892,-0.00349143,-0.0015242,0.000262498,23.1113,0.000469957,1,-0.00309682,-0.00193091,-0.0002625,241.374
0,3264088,5,phononTF,0.000496724,-0.00300122,-0.0010033,0.000262498,524.774,0.000496724,1,-0.00321913,-0.00104546,-0.0002625,692.453
0,3264088,3,phononTF,0.000947861,-0.00352364,-0.00155438,0.000262498,3.33148,0.000947861,1,-0.00375293,-0.00176502,-0.0002625,175.221
0,3264088,2,phononTF,0.000425545,-0.00352364,-0.00155438,0.000262498,3.33148,0.000425545,1,-0.00340631,-0.00143985,-0.0002625,158.356
0,3268080,5,phononTS,0.00130221,-0.000706588,-0.00215367,-0.000213855,26.8927,0.000764,1,-1.38646e-06,-0.00200438,0.0002625,1732.78
0,3269517,6,phononTF,0.000682776,-0.00415951,-0.000980033,-0.000262498,360.572,0.000382,1,-0.0019967,-0.00200345,0.0002625,1081.28
0,3284716,13,phononTS,0.000440039,-0.00297786,-0.000954484,-0.000262498,295.987,0.000382,1,-0.00300456,-0.000998118,0.0002625,445.223
0,3294559,3,phononTS,0.000485949,-0.00312685,-0.00113987,-0.0002625,3.51301,0.000382,1,-0.00299513,-0.000998585,0.0002625,761.6
0,3325577,5,phononTF,0.00108384,-0.00326092,-0.00127901,-0.0002625,1.0099,0.000382,1,-0.00300037,-0.000998859,0.0002625,367.007
0,3325577,4,phononTS,0.000517949,-0.00352146,-0.00155916,0.000262498,1.0099,0.000517949,1,-0.00357799,-0.00165884,-0.0002625,164.553
0,3325577,3,phononL,0.00102141,-0.00352146,-0.00155916,0.000262498,1.0099,0.00102141,1,-0.00352284,-0.00196183,-0.0002625,125.061
0,3327180,6,phononTS,0.0007598,-0.00300392,-0.00099979,0.000262498,826.22,0.0007598,1,-0.00245857,-0.000945759,-0.0002625,1080.43
0,3334741,6,phononTS,0.00047478,-0.00299706,-0.00100427,0.0002625,843.392,0.00047478,1,-0.00303168,-0.000842037,-0.0002625,1280.34
0,3334741,3,phononL,0.00253734,-0.00351841,-0.00154225,0.000262498,24.5512,0.00253734,1,-0.0037139,-0.00124407,-0.0002625,145.32
0,3336030,7,phononTS,0.000396631,-0.00348931,-0.00125609,-0.000262498,243.776,0.000382,1,-0.00299754,-0.00100394,0.0002625,515.804
0,3336030,4,phononTS,0.000901623,-0.00353862,-0.00155653,0.000262498,36.4017,0.000756197,1,-0.00484219,-0.00196205,-0.0002625,523.9
0,3343585,3,phononTF,0.00132985,-0.00299896,-0.000998732,0.0002625,89.9953,0.00132985,1,-0.00274262,-0.000728605,-0.0002625,633.983
0,3343585,2,phononTF,0.00108062,-0.00351163,-0.00153898,0.000262498,89.9953,0.000652929,1,-0.00341937,-0.0011653,-0.0002625,290.503
0,3343909,9,phononTS,0.000466002,-0.00100178,-0.000999363,0.000262499,8972.85,0.000466002,1,-0.00140722,0.000256334,-0.0002625,9457.07
0,3343909,5,phononL,0.00104018,-0.00351423,-0.00157134,0.000262498,38.333,0.000526239,1,-0.00376795,-0.00125103,-0.0002625,163.789
0,3343909,4,phononTF,0.00114845,-0.00351423,-0.00157134,0.000262498,38.333,0.00114845,1,-0.00431859,-0.000932919,-0.0002625,372.937
0,3343909,2,phononTF,0.00207681,-0.00267276,-0.000920964,2.48102e-06,30.5061,0.000525403,1,-0.00278723,-0.000780304,-0.0002625,558.052
0,3345896,2,phononTF,0.00126743,-0.00325955,-0.00127941,-0.0002625,2.25483,0.000382,1,-0.00300034,-0.0010003,0.0002625,367.496
0,3352285,6,phononTS,0.000391005,-0.001153,-0.005,0.000206169,1226.28,0.000391005,1,-0.00124599,-0.00457966,-0.0002625,2592.1
0,3352285,4,phononTF,0.000921785,-0.00352345,-0.00155267,0.000262498,12.9756,0.000803859,1,-0.00352768,-0.00155738,-0.0002625,160.966
0,3354392,4,phononTF,0.00103878,-0.00334114,-0.00136909,-0.0002625,6.22667,0.000382,1,-0.00299543,-0.00100369,0.0002625,376.079
0,3365510,4,phononTF,0.000500282,-0.00312728,-0.00114222,-0.0002625,77.2083,0.000382,1,-0.00300151,-0.00100471,0.0002625,704.98
0,3365510,3,phononTF,0.000815707,-0.00374499,-0.00164562,-7.20259e-05,77.2083,0.000815707,1,-0.00481444,-0.000297379,-0.0002625,818.15
0,3366360,11,phononTS,0.000416069,-0.00307331,-0.00124345,-0.0002625,648.944,0.000382,1,-0.00300453,-0.000995804,0.0002625,1645.39
0,3387358,11,phononL,0.000392617,-0.00200237,-0.00200372,0.0002625,1287.03,0.000392617,1,-0.00152354,-0.00179034,-0.0002625,2628.59
0,3390138,3,phononTS,0.00373608,-0.00302038,-0.000976099,0.000256858,11.1297,0.001146,1,-0.00300104,-0.000997003,0.0002625,605.636
0,3390138,4,phononL,0.00106516,-0.00300104,-0.000997003,0.000262498,605.636,0.000721601,1,-0.00282506,-0.00142363,-0.0002625,735.969
0,3405306,5,phononTF,0.00127373,-0.00313166,-0.00114288,-0.0002625,11.7808,0.000382,1,-0.00300057,-0.00100494,0.0002625,641.271
0,3416283,6,phononTS,0.000447971,-0.00194279,-0.00197901,-0.000262498,1531.43,0.000382,1,-0.0020048,-0.00199638,0.0002625,1683.89
0,3420380,5,phononTF,0.000397822,-0.00300048,-0.000995885,0.0002625,1.28927,0.000397822,1,-0.00273921,-0.000714843,-0.0002625,550.568
0,3420380,4,phononTS,0.00075108,-0.00352303,-0.00155797,0.000262498,1.28927,0.00075108,1,-0.00358022,-0.00150019,-0.0002625,147.578
0,3433273,7,phononL,0.000748529,-0.000102596,-0.000608732,-0.0002625,1361.6,0.000382,1,-4.79817e-06,-4.24404e-06,0.0002625,2221.2
0,3445220,3,phononTF,0.00091245,-0.00238251,-0.000392108,-0.0002625,1.13245,0.000382,1,-0.00200253,-2.73212e-06,0.0002625,853.408
0,3445220,2,phononL,0.00192409,-0.00185936,-0.00275953,0.00016896,1.13245,0.00097201,1,-0.0014585,-0.00305518,-0.0002625,775.77
0,3453609,7,phononTS,0.000431362,-0.00300311,-0.00099858,0.000262498,943.423,0.000431362,1,-0.0029676,-0.00095194,-0.0002625,1090.49
0,3453609,4,phononTF,0.00118832,-0.00352419,-0.00153435,0.000262498,181.545,0.000775809,1,-0.00225021,-0.00290255,-0.0002625,732.43
0,3472240,4,phononTF,0.00100459,-0.00311458,-0.00110149,-0.0002625,18.8457,0.000382,1,-0.00299688,-0.000995689,0.0002625,686.803
0,3472240,3,phononL,0.00284412,-0.00352754,-0.000639794,-3.29891e-05,18.8457,0.00284412,1,-0.00358519,-0.000916467,-0.0002625,719.357
0,3472240,2,phononTS,0.000424924,-0.00354606,-0.0015674,0.000262498,18.8457,0.000424924,1,-0.000976555,0.000816182,-0.0002625,1138.05
0,3480239,6,phononTF,0.000452886,-0.00290567,-0.000905679,-0.000262498,1262.03,0.000382,1,-0.00300468,-0.00100384,0.0002625,1415.3
0,3485164,9,phononTS,0.000653379,-0.00280726,-0.00287794,-0.0002625,1990.46,0.000382,1,-0.00199544,-0.00199937,0.0002625,5054.26
0,3489265,3,phononTF,0.00141557,-0.00273676,-0.000726605,1.75195e-05,14.122,0.000382,1,-0.00299859,-0.000997985,0.0002625,534.801
0,3490621,4,phononTF,0.000870773,-0.00312858,-0.00114199,-0.0002625,23.6658,0.000382,1,-0.00300261,-0.00100294,0.0002625,651.731
0,3490621,3,phononTF,0.000896912,-0.0035096,-0.00154944,0.000262498,23.6658,0.000471783,1,-0.00315204,-0.00130801,-0.0002625,223.704
0,3499293,6,phononTS,0.000733485,-0.0021302,-0.00112706,-0.0002625,200.69,0.000382,1,-0.00199761,-0.00200305,0.0002625,2070.38
0,3519717,12,phononTS,0.000500362,0.00102303,-0.000957153,-0.000262498,5032.13,0.000382,1,0.000997021,-0.00100276,0.0002625,5179.34
0,3519718,3,phononTF,0.00474317,-0.00347494,-0.00126483,-0.000227691,64.6631,0.000461701,1,-0.00343243,-0.00130343,-0.0002625,463.836
0,3520428,6,phononL,0.00109943,-0.00338716,-0.00124275,-0.0002625,25.6885,0.000382,1,-0.00299766,-0.00099884,0.0002625,275.374
0,3520428,7,phononTS,0.000405969,-0.00299766,-0.00099884,0.000262498,275.374,0.000405969,1,-0.00294337,-0.000975235,-0.0002625,428.927
0,3524023,4,phononTS,0.000546254,-0.00300177,-0.00100332,0.0002625,85.2094,0.000546254,1,-0.00455025,-0.00155214,-0.0002625,1117.56
0,3524023,3,phononTS,0.000950882,-0.00350197,-0.00157341,0.000262498,85.2094,0.000950882,1,-0.00429294,-0.000682017,-0.0002625,533.604
0,3524023,2,phononTS,0.000457542,-0.00350197,-0.00157341,0.000262498,85.2094,0.000457542,1,-0.00345854,-0.00219741,-0.0002625,354.698
0,3536872,2,phononTS,0.00335437,-0.00333921,-0.00147499,0.000129869,32.8549,0.000382,1,-0.00300261,-0.000999405,0.0002625,910.324
0,3547435,6,phononTF,0.000796817,-0.00313335,-0.00113555,-0.0002625,10.587,0.000382,1,-0.00300182,-0.000998299,0.0002625,640.041
0,3547435,9,phononTF,0.000386747,-0.00300182,-0.000998299,0.000262498,640.041,0.000386747,1,-0.00268362,-0.000703881,-0.0002625,834.411
0,3547435,5,phononL,0.00118624,-0.00352795,-0.00154732,0.000262498,10.587,0.00041224,1,-0.00319495,-0.00103075,-0.0002625,161.664
0,3555419,2,phononTF,0.00132676,-0.00313135,-0.00114146,-0.0002625,1.51278,0.000382,1,-0.00300115,-0.00100235,0.0002625,633.761
0,3557893,3,phononTF,0.000819477,-0.00325805,-0.00127569,-0.0002625,3.77531,0.000382,1,-0.00299721,-0.000999789,0.0002625,368.791
0,3557893,6,phononTS,0.000408307,-0.00299721,-0.000999789,0.000262498,368.791,0.000408307,1,-0.00495015,0.000812581,-0.0002625,1241.91
0,3567295,10,phononTF,0.00138903,-0.00312871,-0.000868285,-0.0002625,1043.3,0.000764,1,-0.00300426,-0.00100256,0.0002625,2965.81
0,3572361,13,phononTS,0.000726384,-0.00299618,-0.000998508,0.000262499,1024.26,0.000476465,1,-0.00158701,-0.00046865,-0.0002625,1554.97
0,3573690,2,phononTS,0.000657714,-0.00305953,-0.00212071,-0.0002625,72.5723,0.000382,1,-0.00200003,-2.61433e-06,0.0002625,2912.8
0,3575824,10,phononTF,0.000407901,-0.0027473,-0.000735128,-0.000262498,1043.07,0.000382,1,-0.00200397,7.37583e-07,0.0002625,1374.38
0,3587527,3,phononTF,0.00131749,-0.00312845,-0.00114604,-0.0002625,21.0163,0.000764,1,-0.00300139,-0.00100483,0.0002625,653.813
0,3587527,2,phononTS,0.000544287,-0.00350965,-0.00156967,0.000262498,21.0163,0.000544287,1,-0.00467375,-0.000656716,-0.0002625,550.546
0,3589123,10,phononTS,0.000588496,-0.00299644,-0.000998598,0.0002625,1480.84,0.000588496,1,-0.00273548,-0.000975513,-0.0002625,1875.2
0,3589123,8,phononTF,0.000926048,-0.00368961,-0.00101782,0.000262498,1252.33,0.000926048,1,-0.00390237,-0.00125013,-0.0002625,1424.69
0,3599146,6,phononTF,0.000542401,-0.00233926,0.00162204,-0.0002625,137.502,0.000382,1,-0.00199567,0.00199533,0.0002625,1945.16
0,3626539,6,phononTF,0.000937405,-0.0032061,-0.00117198,-0.0002625,633.222,0.000382,1,-0.00300152,-0.00100043,0.0002625,969.543
0,3651240,6,phononTF,0.000684465,-0.00362841,-0.00136159,-0.0002625,34.1772,0.000382,1,-0.00299876,-0.000998941,0.0002625,1712.41
0,3651240,5,phononTS,0.000458733,-0.00355311,-0.0015456,0.000262498,34.1772,0.000458733,1,-0.00358864,-0.00154585,-0.0002625,186.458
0,3678817,9,phononTF,0.000813979,-0.00313224,-0.00114096,-0.0002625,37.5318,0.000382,1,-0.00300295