Run ID,Event ID,Track ID,Particle Name,Start Energy [eV],Start X [m],Start Y [m],Start Z [m],Start Time [ns],Energy Deposited [eV],Track Weight,End X [m],End Y [m],End Z [m],Final Time [ns]
0,1834,6,phononTF,0.00128247,-0.00136999,0.00084447,-0.0002625,4.58306,0.000382,1,-0.000998188,0.00100382,0.0002625,1210.62
0,18172,8,phononTS,0.000692473,-0.00288345,-0.000559642,-0.0002625,629.879,0.000382,1,-0.00299862,-0.000998946,0.0002625,1116.42
0,22093,10,phononTS,0.000818363,-0.000998247,0.000997396,0.000262498,1002.46,0.000556824,1,-0.00104833,0.00105699,-0.0002625,1149.05
0,61572,2,phononTS,0.000972033,-0.00261372,3.18253e-05,-0.0002625,21.8438,0.000382,1,-0.00199734,4.13963e-06,0.0002625,567.155
0,72073,7,phononTS,0.00056388,0.005,0.0029274,-0.000123105,695.366,0.000382,1,0.00300357,0.00100257,0.0002625,13750.4
0,95841,9,phononTS,0.000470925,-0.00200129,-2.86905e-06,0.0002625,1787.22,0.000470925,1,-0.00197314,1.16452e-05,-0.0002625,2092.76
0,96463,7,phononTS,0.000411184,-0.000873786,-0.00103018,-0.0002625,2135.87,0.000382,1,-0.00100122,-0.00100073,0.0002625,3009.22
0,108398,6,phononTS,0.000964922,-0.00161909,-0.00299075,-0.0002625,1928.14,0.000382,1,-0.00200041,-0.00199992,0.0002625,4231.08
0,108398,4,phononTS,0.000994915,-0.00319799,2.89654e-05,0.000262498,47.0368,0.000873212,1,-0.00348677,7.56841e-05,-0.0002625,244.59
0,121607,11,phononTF,0.000441967,-0.003002,-0.00100011,0.000262498,2214.65,0.000441967,1,-0.00234167,-0.00348067,-0.0002625,2997.36
0,121607,6,phononTF,0.00163467,-0.00360777,0.000231599,-9.62304e-05,1029.91,0.000582507,1,-0.00370052,0.000318877,-0.0002625,1088.9
0,128449,5,phononTS,0.000756647,-0.00181867,-0.000893692,-0.0002625,19.2897,0.000382,1,-0.000997348,-0.000999631,0.0002625,2586.93
0,128449,4,phononTS,0.00136443,-0.00323944,5.14045e-05,0.000262498,19.2897,0.000571516,1,-0.00317654,2.46299e-05,-0.0002625,167.359
0,136071,9,phononTS,0.000527432,0.00200352,-0.00200489,0.000262498,1298.81,0.000527432,1,0.00195746,-0.00176673,-0.0002625,1486.56
0,136261,4,phononL,0.00121354,-0.00311632,-0.000467208,-0.0002625,91.9572,0.000382,1,-0.00300364,-0.00099792,0.0002625,369.869
0,137871,9,phononTF,0.00067772,-0.00299912,-0.000995283,0.000262498,432.116,0.00067772,1,-0.00306843,-0.000827673,-0.0002625,592.4
0,157231,5,phononTS,0.000420905,0.000591455,0.00264768,-0.0002625,79.3956,0.000382,1,0.0020026,9.69101e-07,0.0002625,3797.54
0,200131,13,phononL,0.000398752,-0.0020016,2.9783e-06,0.000262498,1330.47,0.000398752,1,-0.00325519,-3.16274e-05,-0.0002625,1580.4
0,221900,8,phononTF,0.000951303,-0.00199752,-0.00200257,0.000262498,3016.28,0.000632477,1,-0.00197733,-0.00204095,-0.0002625,3164.95
0,227094,8,phononTS,0.000946926,-0.0020046,-2.90664e-06,0.000262498,543.444,0.000946926,1,-0.00195635,-3.01166e-05,-0.0002625,690.487
0,306531,8,phononTS,0.0011685,-0.00200318,1.48944e-07,0.000262498,419.068,0.000692019,1,-0.00404969,0.00178051,-0.0002625,1263.4
0,310320,14,phononTF,0.000899702,-0.000998596,-0.00100103,0.000262498,780.18,0.000416713,1,-0.00095676,-0.0010395,-0.0002625,929.021
0,310320,15,phononTS,0.000482989,-0.005,0.00240594,0.00020728,929.021,0.000482989,1,-0.00457587,0.00353144,-0.0002625,3001.56
0,315378,7,phononTF,0.000712371,0.000999704,-0.0010006,0.000262498,9310.56,0.000712371,1,0.000688167,-0.00132992,-0.0002625,9508.21
0,322459,11,phononTF,0.00253795,-0.00430708,-0.00260138,-0.000253464,1664.29,0.000697737,1,-0.00429926,-0.00259116,-0.0002625,2608.9
0,322815,2,phononTS,0.000451638,-0.00306881,-0.00101942,-0.0002625,11.8134,0.000382,1,-0.00300248,-0.00100437,0.0002625,805.449
0,329692,6,phononTS,0.00137598,-0.00305648,-0.0007402,-0.0002625,9.21325,0.000382,1,-0.00300422,-0.00100025,0.0002625,776.022
0,329692,7,phononTS,0.000613269,-0.00300422,-0.00100025,0.000262498,776.022,0.00056739,1,-0.00302177,-0.00132174,-0.0002625,984.723
0,363599,7,phononTS,0.000576101,-0.00276187,0.005,0.000114129,294.107,0.000382,1,-0.000995946,0.00300436,0.0002625,3376.49
0,364549,9,phononTS,0.000436647,-0.00317698,4.41268e-05,-0.000262498,169.67,0.000382,1,-0.00299934,-0.00100122,0.0002625,567.749
0,364549,2,phononTF,0.000818597,-0.0032272,4.97626e-05,0.000262498,18.9711,0.00059086,1,-0.00277841,-0.000422058,-0.0002625,254.742
0,376691,4,phononTS,0.00132154,-0.00237109,-7.02587e-05,-0.0002625,10.1509,0.000382,1,-0.00200381,-4.36576e-06,0.0002625,565.431
0,376691,5,phononTS,0.000484056,-0.00200381,-4.36576e-06,0.000262498,565.431,0.000484056,1,-0.00180636,-0.00127983,-0.0002625,1050.2
0,386888,6,phononTF,0.00047833,-0.00240838,0.00145142,-0.0002625,862.133,0.000382,1,-0.00200112,0.00199724,0.0002625,3633.5
0,387144,6,phononTS,0.000538252,-0.00199573,0.00199708,0.0002625,174.594,0.000538252,1,-0.00151772,0.00272225,-0.0002625,1603.88
0,390530,3,phononTS,0.00090714,0.00112269,-0.00402329,-0.0002625,11.5574,0.000382,1,0.00100134,-0.00300116,0.0002625,3796.38
0,390530,2,phononL,0.00258742,-0.00336711,-3.03291e-05,-2.80177e-05,11.5574,0.000834302,1,-0.00343508,-0.000205395,-0.0002625,217.188
0,412015,10,phononTF,0.000964906,-0.002175,0.000199835,-0.0002625,854.897,0.000764,1,-0.00199563,1.33209e-06,0.0002625,1517.05
0,425863,7,phononTS,0.000526571,0.000591477,-0.00202334,-0.000262498,1556.7,0.000382,1,-2.5637e-07,-0.00200235,0.0002625,1816.34
0,426389,4,phononTS,0.00123261,-0.00313856,6.87484e-05,-0.0002625,39.8265,0.000382,1,-0.00199911,0.00200454,0.0002625,950.177
0,426389,7,phononL,0.000427253,-0.00199911,0.00200454,0.000262498,950.177,0.000427253,1,-0.00248824,0.00193675,-0.0002625,1083.27
0,426389,3,phononTS,0.00133167,-0.00321859,5.19374e-05,0.000262498,39.8265,0.000966928,1,-0.00275031,5.44613e-06,-0.0002625,276.349
0,432511,2,phononL,0.00357124,-0.00240639,0.000289183,-0.000140451,3.32789,0.000382,1,-0.00199655,-3.25568e-06,0.0002625,989.708
0,459841,14,phononTS,0.000713837,-0.0024091,-0.00173886,-0.000262498,714.215,0.000382,1,-0.00200408,-0.00199662,0.0002625,969.226
0,473960,10,phononTS,0.000556138,-0.00252845,-0.000959616,-0.000262498,586.559,0.000382,1,-0.00299599,-0.000998357,0.0002625,822.773
0,478777,5,phononL,0.000442604,-0.00254859,6.06824e-05,-0.0002625,250.821,0.000382,1,-0.00200309,4.57573e-06,0.0002625,529.418
0,482706,8,phononTS,0.000613186,-0.00200459,0.00199883,0.000262498,1742.52,0.000613186,1,-0.00294033,0.000557795,-0.0002625,2318.13
0,500426,13,phononTF,0.000382579,-0.00299594,-0.000995084,0.000262498,1640.58,0.000382579,1,-0.00326741,-0.000700416,-0.0002625,1826.48
0,500426,2,phononL,0.000483652,-0.005,0.000496839,-8.10618e-05,23.0459,0.000483652,1,-0.00365413,0.000349051,-0.0002625,647.535
0,527851,5,phononTS,0.0012778,0.00113132,1.28707e-05,-0.0002625,1.38641,0.000764,1,0.0020031,4.5806e-06,0.0002625,2039.47
0,527851,6,phononTS,0.000452891,0.0020031,4.5806e-06,0.000262498,2039.47,0.000452891,1,0.00193912,-1.57598e-05,-0.0002625,2188.07
0,527851,4,phononTS,0.00077365,-0.00322756,5.43211e-05,0.000262498,1.38641,0.00077365,1,-0.00368992,1.07803e-06,-0.0002625,236.257
0,555174,5,phononTS,0.000936063,-0.00199692,3.22389e-06,0.0002625,1704.32,0.000936063,1,-0.00154823,0.000213593,-0.0002625,3524.75
0,558934,6,phononL,0.000392014,-0.000996302,0.00100387,0.000262498,2926.17,0.000392014,1,-0.000934052,0.000831274,-0.0002625,3037.18
0,558934,3,phononTS,0.000548134,-0.00321642,5.34266e-05,0.000262498,96.8286,0.000548134,1,-0.00320198,-0.000324636,-0.0002625,315.034
0,567664,12,phononTF,0.000455702,-0.00359285,-0.000425967,-0.000262498,360.245,0.000382,1,-0.00299929,-0.000996559,0.0002625,635.304
0,567664,11,phononTF,0.000723886,-0.005,0.000284851,-0.000240214,360.245,0.000723886,1,-0.00497786,0.000265395,-0.0002625,817.111
0,583149,4,phononTS,0.000887232,-0.00260271,4.73765e-06,-0.0002625,382.902,0.000382,1,-0.00200095,-9.68162e-07,0.0002625,925.164
0,607082,8,phononTF,0.000579981,0.00199975,0.00199813,0.0002625,4387.98,0.000579981,1,0.00152959,0.00150944,-0.0002625,4871.18
0,607082,5,phononTS,0.00113688,-0.00323136,4.96479e-05,0.000262498,50.2588,0.00113688,1,-0.00280791,0.000235035,-0.0002625,298.71
0,614950,5,phononTS,0.000714703,-0.000875365,-0.00191256,-0.0002625,1.8331,0.000382,1,-9.43921e-07,-0.00200019,0.0002625,2636.4
0,624299,8,phononL,0.000505202,-9.43228e-07,-0.00199557,0.000262498,1675.56,0.000505202,1,-0.00032861,-0.00133482,-0.0002625,1844.95
0,628182,5,phononTS,0.000640341,-0.00211362,0.000523229,-0.0002625,13.1995,0.000382,1,-0.00100125,0.0010011,0.0002625,910.005
0,628182,4,phononTF,0.0013429,-0.00322598,4.53553e-05,0.000262498,13.1995,0.00112106,1,-0.00331762,-1.76256e-05,-0.0002625,165.238
0,631747,8,phononTS,0.000718632,-0.00300087,-0.000999801,0.0002625,411.423,0.00060597,1,-0.00257787,-0.00200538,-0.0002625,1217.2
0,633679,8,phononTS,0.00073004,-0.00299669,-0.000997598,0.000262498,1094.08,0.00073004,1,-0.00300717,-0.00158163,-0.0002625,1351
0,636211,5,phononTF,0.00116033,-0.005,-0.00286772,-0.00013599,37.4722,0.000631844,1,-0.00308387,-0.000559218,-0.0002625,2560.94
0,636211,4,phononTS,0.000528322,-0.00323345,4.90764e-05,0.000262498,37.4722,0.000528322,1,-0.00330597,-0.000497331,-0.0002625,300.667
0,636211,3,phononTF,0.000713954,-0.00323345,4.90764e-05,0.000262498,37.4722,0.000713954,1,-0.00333882,0.00016995,-0.0002625,192.922
0,643834,6,phononTF,0.000539946,-0.00199763,-3.34229e-06,0.000262498,543.448,0.000539946,1,-0.00181535,-0.000178996,-0.0002625,707.967
0,643834,3,phononTF,0.00102698,-0.00321366,5.71558e-05,0.000262498,14.3484,0.00102698,1,-0.00302627,0.000287258,-0.0002625,187.204
0,645840,4,phononTS,0.000680868,-0.00200473,2.46036e-06,0.000262498,588.787,0.000680868,1,-0.00244332,0.00126747,-0.0002625,1077.48
0,645840,2,phononTF,0.00449039,-0.00342416,0.000212815,-0.000189708,46.6646,0.00398355,1,-0.00344157,0.000185675,-0.0002625,846.628
0,653924,5,phononTF,0.000405347,-0.00312121,-0.000867157,-0.0002625,6.94992,0.000382,1,-0.00300063,-0.00100126,0.0002625,999.568
0,653924,4,phononTS,0.00089164,-0.005,0.00412197,-0.000250065,6.94992,0.00089164,1,-0.00493465,0.00407583,-0.0002625,1352.65
0,653924,3,phononTF,0.00124805,-0.00323753,5.82097e-05,0.000262498,6.94992,0.000397774,1,-0.00347233,-0.000254142,-0.0002625,197.1
0,660544,10,phononTS,0.000422237,-0.00204955,0.00178978,-0.0002625,1187.17,0.000382,1,-0.00199742,0.00199904,0.0002625,2744.92
0,660544,8,phononTS,0.00225378,-0.00307991,-0.000444589,-0.000159845,434.767,0.00225378,1,-0.003014,-0.000283705,-0.0002625,905.178
0,660544,6,phononTS,0.00159968,-0.00324012,2.09232e-05,0.000229401,75.1206,0.00159968,1,-0.00322815,6.1283e-05,-0.0002625,216.123
0,665135,4,phononTS,0.00105811,-0.00211342,0.00153269,-0.0002625,5.50652,0.000764,1,-0.00100162,0.00299711,0.0002625,1270.59
0,683595,2,phononTS,0.000542896,-0.00311486,-0.000474812,-0.0002625,2.28196,0.000382,1,-0.00300166,-0.00100029,0.0002625,526.854
0,695023,3,phononTS,0.000570773,-0.00261522,2.91576e-05,-0.0002625,17.103,0.000382,1,-0.00200388,-2.09425e-07,0.0002625,567.352
0,695023,2,phononTS,0.000796735,-0.005,-0.00119611,-5.56968e-05,17.103,0.000796735,1,-0.00447738,-0.000841477,-0.0002625,921.236
0,696534,13,phononTF,0.000649502,-0.00199949,0.0019984,0.000262498,1544.61,0.000126467,1,-0.00371142,0.000291793,-0.0002625,2242.54
0,720073,2,phononTS,0.000550304,-0.00261127,2.68016e-05,-0.0002625,0.796427,0.000382,1,-0.00199713,1.35116e-06,0.0002625,533.464
0,720650,13,phononTF,0.000665834,-0.00200197,-0.00200398,0.000262498,1595.59,0.000665834,1,-0.00202759,-0.00203039,-0.0002625,1743.95
0,735040,6,phononTS,0.000499355,-0.00379295,-3.48819e-05,-0.000262499,707.571,0.000382,1,-0.00200239,-0.00199859,0.0002625,1527.73
0,737387,9,phononTF,0.000557001,-9.9954e-07,-0.00199569,0.000262498,1804,0.000557001,1,-0.000824817,0.000947549,-0.0002625,2721.96
0,737387,5,phononTF,0.000690165,-0.00323155,4.15519e-05,0.000262498,28.2518,0.000690165,1,-0.00304978,-0.00017135,-0.0002625,198.092
0,746293,9,phononTS,0.000553817,0.000996592,0.000995361,0.000262498,3236.8,0.000553817,1,0.0010365,0.00100946,-0.0002625,3389.38
0,746357,9,phononTS,0.000723516,-0.00261222,2.40515e-05,-0.0002625,5.49586,0.000382,1,-0.00200476,1.68805e-06,0.0002625,543.719
0,762103,8,phononTS,0.000410458,-0.002036,-5.76349e-06,-0.000262498,488.17,0.000382,1,-0.00200464,-1.80544e-06,0.0002625,635.821
0,790306,8,phononTS,0.000641649,-0.00261532,2.41014e-05,-0.0002625,3.23787,0.000382,1,-0.00200345,-7.34785e-08,0.0002625,552.983
0,790306,7,phononTS,0.00122116,-0.0032272,4.82761e-05,0.000262498,3.23787,0.00122116,1,-0.00319139,6.07843e-05,-0.0002625,161.279
0,790306,6,phononL,0.00117617,-0.0032272,4.82761e-05,0.000262498,3.23787,0.000392502,1,-0.00375375,0.000419527,-0.0002625,159.106
0,807820,7,phononTS,0.00305686,-0.00204108,-0.000410003,-0.000158345,2162.35,0.001431,1,-0.002037,-0.000400698,-0.0002625,3405.98
0,810766,6,phononTF,0.000785517,-0.000999386,0.00300057,0.000262498,2339.37,0.000785517,1,-0.00142711,0.00346613,-0.0002625,2574.56
0,826325,10,phononTF,0.000857792,-0.00223905,0.00178248,-0.0002625,271.569,0.000382,1,-0.00200272,0.0019998,0.0002625,1138.06
0,826325,2,phononTS,0.00135416,-0.00322573,5.67843e-05,0.000262498,2.51347,0.000993679,1,-0.00303597,5.73379e-06,-0.0002625,181.091
0,845742,7,phononTF,0.000429927,-0.00144942,0.000137526,-0.0002625,2437.3,0.000382,1,-0.000996779,-0.00099699,0.0002625,4474.26
0,848755,10,phononTF,0.000915878,-0.00200143,7.59613e-08,0.000262498,572.124,0.0007452,1,-0.00205751,-5.04028e-05,-0.0002625,721.604
0,848755,8,phononTS,0.000929199,-0.00321243,5.11951e-05,0.000262498,25.2594,0.000549001,1,-0.00324497,-1.80284e-05,-0.0002625,191.946
0,849530,16,phononTS,0.000695872,0.00100213,-0.00299536,0.000262498,7292.89,0.000695872,1,0.000940447,-0.00298859,-0.0002625,7442.81
0,853269,4,phononTS,0.00069364,-0.005,0.00264342,9.85199e-05,201.501,0.000382,1,-0.00199863,-2.95014e-06,0.0002625,2420.64
0,866348,2,phononTF,0.000448182,-0.002855,-0.000762684,-0.0002625,69.1411,0.000382,1,-0.00300345,-0.000997042,0.0002625,765.915
0,866478,7,phononTS,0.000502137,-0.00160845,0.000264209,-0.0002625,17.2818,0.000382,1,-0.00100146,0.000997787,0.0002625,1635.75
0,903614,9,phononTS,0.000439028,-0.000999926,-0.000998757,0.000262498,2027.77,0.000439028,1,-0.0012479,-0.000930858,-0.0002625,2227.02
0,910535,8,phononTS,0.00073395,-0.005,-0.00174377,8.9842e-05,636.48,0.000382,1,-0.00100099,0.000997046,0.0002625,2892.74
0,915866,5,phononTS,0.00117204,2.20331e-06,-0.00199781,0.0002625,11.6963,0.000903817,1,-0.000728026,-0.00195728,-0.0002625,5460.36
0,915866,4,phononTS,0.000819442,-0.00321176,3.29116e-05,0.000262498,11.6963,0.000819442,1,-0.0027129,3.38741e-05,-0.0002625,244.503
0,945506,11,phononTS,0.000613406,-0.00200358,-0.00199819,0.000262498,1230.23,0.000613406,1,-0.00190907,-0.00242292,-0.0002625,1468.1
0,950736,7,phononTS,0.000453184,2.97492e-05,-0.0019352,-0.000262498,1888.31,0.000382,1,5.34945e-07,-0.0019968,0.0002625,2036.27
0,950736,5,phononTS,0.00095645,-0.00148512,-0.00169313,-0.000191904,1031.52,0.00095645,1,-0.00328171,9.42167e-05,-0.0002625,2984.16
0,950736,3,phononTS,0.00051986,-0.0032257,5.16402e-05,0.000262498,0.871146,0.00051986,1,-0.0031749,-1.14048e-05,-0.0002625,168.866
0,969290,3,phononTS,0.00106921,-0.00311247,-0.000471071,-0.0002625,1.51084,0.000382,1,-0.00299806,-0.000995307,0.0002625,525.775
0,995457,8,phononTF,0.000411957,-0.00199911,0.00200398,0.000262498,2663.19,0.000411957,1,-0.00226855,0.00229932,-0.0002625,2848.84
0,996662,10,phononTS,0.000405362,6.59974e-05,1.85276e-05,-0.000262499,3160.41,0.000382,1,3.74356e-06,-4.02146e-06,0.0002625,3308.9
0,996738,9,phononTS,0.000536195,-0.00299559,5.20915e-05,-0.000262498,269.704,0.000382,1,-0.00199728,0.0020043,0.0002625,1002.1
0,1019081,10,phononTF,0.000523845,-0.00242936,0.0013768,-0.0002625,278.289,0.000382,1,-0.00200045,0.00199901,0.0002625,1248.52
0,1019081,9,phononTS,0.00119618,-0.00319033,4.28875e-05,0.000262498,278.289,0.000770123,1,-0.00324369,5.11198e-05,-0.0002625,435.968
0,1046714,8,phononTS,0.000524857,0.00199861,7.3313e-07,0.000262498,3449.85,0.000524857,1,0.0019643,-2.28028e-05,-0.0002625,3597.88
0,1050322,7,phononTF,0.000509707,-0.00324917,0.000801503,-0.000262498,329.396,0.000382,1,-0.00299574,-0.000997538,0.0002625,912.44
0,1057121,11,phononTS,0.00064612,-0.000688854,-0.00104772,-0.0002625,1613.82,0.000382,1,-0.00100452,-0.00100378,0.0002625,4871.43
0,1058226,4,phononTS,0.00048981,-0.00100562,0.00156217,-0.0002625,916.862,0.000382,1,-0.00200108,0.00200203,0.0002625,4489.86
0,1069238,7,phononL,0.000405623,-0.00159259,-5.57974e-05,-0.000262498,1312.91,0.000382,1,-0.00200171,4.72518e-06,0.0002625,1438
0,1072519,9,phononTF,0.000541582,-0.00200119,1.6474e-06,0.0002625,1326.9,0.000541582,1,-0.00157713,0.000321118,-0.0002625,1764
0,1087038,6,phononTF,0.000611742,-0.00300393,-0.000997299,0.0002625,880.629,0.000611742,1,-0.00268096,-0.00130403,-0.0002625,1269.06
0,1104910,7,phononTS,0.000495154,-0.00469897,0.000235042,-0.0002625,2091.56,0.000382,1,-0.00300215,-0.00100327,0.0002625,3245.42
0,1106772,6,phononTS,0.000648545,-0.00200151,-0.00200162,0.0002625,549.81,0.000196026,1,-0.00194406,-0.0019938,-0.0002625,874.986
0,1118304,2,phononL,0.00104387,-0.00262015,2.55225e-05,-0.0002625,7.83624,0.000764,1,-0.00200482,-3.52039e-06,0.0002625,303.32
0,1121323,3,phononTS,0.00118769,-0.000322186,0.00180122,-0.0002625,23.0552,0.000382,1,-7.90054e-07,0.00199616,0.0002625,2317.34
0,1121323,6,phononTS,0.000497932,-7.90054e-07,0.00199616,0.000262498,2317.34,0.000497932,1,-3.91569e-05,0.00177481,-0.0002625,2501.97
0,1121323,2,phononTS,0.000945407,-0.00321475,4.68233e-05,0.000262498,23.0552,0.000540057,1,-0.00309978,2.74234e-05,-0.0002625,189.6
0,1135268,6,phononL,0.00104745,-0.00261265,2.96173e-05,-0.0002625,31.1363,0.000382,1,-0.00200032,-3.8092e-06,0.0002625,325.917
0,1135268,7,phononTS,0.000415298,-0.00200032,-3.8092e-06,0.000262498,325.917,0.000415298,1,-0.00148076,0.000588302,-0.0002625,662.535
0,1138674,9,phononTS,0.000384228,-0.00299864,-0.000999673,0.0002625,280.292,0.000384228,1,-0.003695,-0.00151952,-0.0002625,1201.52
0,1138674,7,phononTS,0.00161423,-0.00307248,-9.38897e-05,0.000258243,115.645,0.000705435,1,-0.00345397,-0.0010728,-0.0002625,515.578
0,1145833,3,phononTF,0.00132951,-0.00127434,0.00262679,-0.0002625,7.98821,0.000382,1,-0.000996027,0.00299525,0.0002625,1639.98
0,1145833,4,phononTS,0.000752687,-0.000996027,0.00299525,0.000262498,1639.98,0.000485848,1,-0.000946018,0.00317786,-0.0002625,1817.36
0,1157343,8,phononTS,0.000485629,0.000995624,-0.00299673,0.000262498,2740.92,0.000485629,1,0.00103648,-0.00293882,-0.0002625,2907.1
0,1157343,2,phononTF,0.000711808,-0.00323273,5.12419e-05,0.000262498,3.28444,0.000173805,1,0.00124806,-0.00302083,-0.0002625,1558.93
0,1179537,4,phononL,0.000454623,-0.00111082,-0.000481929,-0.0002625,14.3392,0.000382,1,0.00100369,-0.00100313,0.0002625,866.769
0,1193407,7,phononTS,0.00391269,-0.00234276,-2.80704e-05,7.70477e-05,270.588,0.000382,1,-0.00199904,2.98936e-06,0.0002625,1357.57
0,1193546,6,phononTF,0.000939033,-0.00100296,0.00300075,0.000262498,1822.7,0.000674525,1,-0.00116118,0.00284726,-0.0002625,1983.79
0,1197736,9,phononTS,0.00098808,-0.00167002,0.00099383,-0.0002625,2259.65,0.000382,1,-0.000999411,0.00100282,0.0002625,3124.39
0,1220252,5,phononTS,0.000444488,-0.00260903,2.26982e-05,-0.0002625,17.2332,0.000382,1,-0.00199904,-3.02459e-06,0.0002625,547.312
0,1231579,4,phononTF,0.00184027,-0.00199592,-0.00200455,0.0002625,104.202,0.00173391,1,-0.00178134,-0.00173658,-0.0002625,1066.46
0,1231579,3,phononTS,0.00117708,-0.00322727,6.50073e-05,0.000262498,104.202,0.000918435,1,-0.00316588,0.000570532,-0.0002625,348.739
0,1233320,6,phononTS,0.00043287,-0.00127161,-0.00200499,-0.000262498,2034.74,0.000382,1,-0.00199562,-0.00199631,0.0002625,2332.33
0,1250423,6,phononTF,0.000703738,0.00119554,-0.000835104,-0.000113929,826.749,0.000382,1,0.00099799,-0.00100085,0.0002625,7905.14
0,1250423,2,phononTS,0.000712269,-0.005,0.00175904,9.08512e-05,4.24292,0.000325632,1,-0.00472028,0.00202976,-0.0002625,919.533
0,1258551,14,phononTS,0.000406427,-0.000995983,0.00299592,0.000262498,1550.89,0.000406427,1,-0.000937906,0.0029543,-0.0002625,1706.36
0,1262205,4,phononTS,0.00202057,-0.00185705,0.000292408,-0.0002625,85.1107,0.000764,1,-0.00100137,-0.00100108,0.0002625,1316.86
0,1262205,5,phononTS,0.000752865,-0.00100137,-0.00100108,0.000262498,1316.86,0.000752865,1,-0.00183476,-0.00117826,-0.0002625,1652.96
0,1277985,7,phononTS,0.000402418,0.00199931,-0.00199824,0.0002625,1040.48,0.000402418,1,0.00198312,-0.00197246,-0.0002625,3440.7
0,1277985,2,phononTS,0.0040825,-0.00402042,0.000385144,-0.000235715,35.6097,0.00234937,1,-0.00402301,0.0004023,-0.0002625,1306.74
0,1280177,6,phononTS,0.0011041,0.000240405,-0.000884257,-0.0002625,241.51,0.000382,1,0.000997172,-0.00100364,0.0002625,1799.65
0,1302156,5,phononTF,0.00391279,-0.00313106,-0.000871479,0.000204561,958.322,0.000764,1,-0.00300069,-0.00099666,0.0002625,2028.22
0,1303514,9,phononTS,0.000636163,-0.00200172,0.0020026,0.0002625,832.517,0.000636163,1,-0.00200067,0.00178252,-0.0002625,1201.94
0,1304058,7,phononTF,0.000383964,-0.00198216,-0.00198747,-0.000262498,2032.11,0.000382,1,-0.00199761,-0.00200382,0.0002625,2180.23
0,1308549,11,phononTS,0.000990014,-0.00200114,-2.11059e-06,0.000262498,931.949,0.000634556,1,-0.00203908,9.03659e-06,-0.0002625,1079.43
0,1308549,2,phononTF,0.0004242,-0.00322905,5.07881e-05,0.000262498,15.7709,0.0004242,1,-0.00281843,-0.000345846,-0.0002625,234.305
0,1318921,10,phononTS,0.00048377,-0.00100412,0.000999761,0.0002625,991.412,0.00048377,1,-0.000973198,0.00104053,-0.0002625,1300.47
0,1324873,9,phononTS,0.000673412,-0.00263458,4.87715e-05,-0.0002625,84.5098,0.000382,1,-0.00200033,-2.72946e-06,0.0002625,629.885
0,1334722,9,phononL,0.000508736,0.00174858,-0.000487744,-0.0002625,7041.16,0.000382,1,0.00199787,-3.61592e-06,0.0002625,7463.06
0,1339208,9,phononTF,0.000839156,-0.00309709,-0.00110332,-0.0002625,1556.92,0.000382,1,-0.00300007,-0.000996776,0.0002625,2017.11
0,1339376,7,phononTF,0.000426101,-0.00299628,-0.00100442,0.000262498,1152.01,0.000426101,1,-0.00300909,-0.00101601,-0.0002625,1300.07
0,1339376,3,phononTS,0.00092412,-0.00321845,4.74593e-05,0.000262498,11.6257,0.00092412,1,-0.00324544,-0.000446921,-0.0002625,254.101
0,1343457,9,phononTS,0.00182827,-0.00181029,0.000843391,-0.0002625,381.901,0.000382,1,-0.00200315,2.69472e-06,0.0002625,1563.86
0,1343457,11,phononTS,0.000413745,-0.005,0.000584209,-4.27231e-05,1563.86,0.000413745,1,-0.00269549,0.00296852,-0.0002625,3623.82
0,1349750,9,phononTS,0.000492778,-0.00251699,-6.13383e-05,-0.0002625,554.687,0.000382,1,-0.00200229,-4.70252e-06,0.0002625,1265.18
0,1353086,8,phononTS,0.000415105,-0.00100389,0.000995036,0.000262498,1503.13,0.000415105,1,-0.00104619,0.00103748,-0.0002625,1650.39
0,1405026,8,phononL,0.000612642,-0.00200068,3.33217e-06,0.000262498,2026.95,0.000356203,1,-0.00193818,-0.00021452,-0.0002625,2139.65
0,1418045,8,phononTF,0.000888919,-0.00118894,0.00299287,-0.000262498,1650.74,0.000382,1,-0.0010022,0.00300105,0.0002625,1813.31
0,1418045,9,phononTS,0.000395153,-0.0010022,0.00300105,0.000262498,1813.31,0.000395153,1,-0.000960335,0.00302398,-0.0002625,1966.87
0,1418045,2,phononTS,0.000753147,-0.00322837,4.61088e-05,0.000262498,12.4529,0.00014195,1,-0.00220617,-0.000531977,-0.0002625,453.318
0,1423033,9,phononL,0.000666547,-0.00274497,-0.00144638,-0.000262498,554.853,0.000382,1,-0.00300024,-0.00100131,0.0002625,691.657
0,1434603,7,phononTF,0.000416577,-0.00172071,0.000116242,-0.0002625,1113.56,0.000382,1,-0.00200114,-1.22392e-07,0.0002625,1473.99
0,1458366,4,phononL,0.00112198,-0.0026109,2.20421e-05,-0.0002625,13.2994,0.000382,1,-0.00200256,-4.66763e-06,0.0002625,306.904
0,1466861,12,phononTS,0.00122596,-0.00300486,-0.00100222,0.000262498,738.294,0.000799305,1,-0.00294885,-0.0010434,-0.0002625,885.426
0,1481415,4,phononTS,0.00121211,-0.00230624,1.5248e-05,-0.0002625,6.32692,0.000764,1,-0.00200197,3.49459e-06,0.0002625,810.833
0,1481415,3,phononTS,0.00106971,-0.00321906,5.05083e-05,0.000262498,6.32692,0.00103307,1,-0.00221004,0.00149567,-0.0002625,590.304
0,1481415,2,phononTF,0.00156253,-0.00321906,5.05083e-05,0.000262498,6.32692,0.000665322,1,-0.00324925,0.00020981,-0.0002625,165.134
0,1481872,3,phononTS,0.000675862,-0.00311668,-0.0004763,-0.0002625,6.48199,0.000382,1,-0.00300212,-0.00100327,0.0002625,532.029
0,1489053,12,phononTS,0.000472651,-0.00200354,2.36131e-06,0.000262498,1020.28,0.000472651,1,-0.00201433,-0.000150507,-0.0002625,1197.07
0,1489053,9,phononTS,0.000751689,-0.00316984,4.39795e-05,0.000262498,73.0713,0.000751689,1,-0.00330304,8.14241e-05,-0.0002625,242.848
0,1489053,8,phononTF,0.000792697,-0.00316984,4.39795e-05,0.000262498,73.0713,0.000792697,1,-0.00346706,-0.000332461,-0.0002625,279.752
0,1489053,7,phononL,0.000466479,-0.00316984,4.39795e-05,0.000262498,73.0713,0.000466479,1,-0.00331094,-0.000561884,-0.0002625,222.476
0,1489054,3,phononTS,0.00507971,-0.00319527,-0.000404992,-0.000260588,4.82613,0.00380147,1,-0.00319099,-0.000411899,-0.0002625,1768.06
0,1500191,7,phononL,0.00109593,-0.00328781,-0.000962454,-0.000262499,1063.97,0.000382,1,-0.00299559,-0.000996603,0.0002625,1180.14
0,1500191,8,phononTF,0.000431407,-0.00299559,-0.000996603,0.000262498,1180.14,0.000431407,1,-0.00392472,0.000410114,-0.0002625,1695.5
0,1505995,8,phononTS,0.0004383,-0.00199781,-3.31741e-06,0.000262498,331.505,0.0004383,1,-0.0019479,5.39285e-05,-0.0002625,478.101
0,1505995,4,phononTS,0.000413219,-0.00323818,4.9317e-05,0.000262498,34.7841,0.000413219,1,-0.00329091,1.97197e-05,-0.0002625,193.5
0,1517746,6,phononL,0.00114857,-0.00219002,-0.000216858,-0.0002625,319.814,0.000382,1,-0.00200229,1.74797e-07,0.0002625,599.269
0,1524916,8,phononL,0.000600953,-0.00307488,-0.000462304,-0.000262498,1595.16,0.000382,1,-0.00300079,-0.000999788,0.0002625,1733.86
0,1527194,5,phononTS,0.000507192,-0.00200107,6.05338e-05,-0.0002625,891.547,0.000382,1,-0.00199678,3.36471e-06,0.0002625,1353.18
0,1533056,7,phononTS,0.0010877,-0.00212583,7.63746e-06,-0.0002625,15.5266,0.000764,1,-0.00200319,1.98009e-06,0.0002625,1720.8
0,1540667,7,phononTS,0.000468755,0.00306952,0.000899842,-0.0002625,3650.86,0.000382,1,0.000998272,-0.000999022,0.0002625,7941.59
0,1546304,9,phononTS,0.000769696,-0.00201342,0.00187843,-0.0002625,734.271,0.000382,1,-0.00199803,0.00199719,0.0002625,1593.63
0,1557348,4,phononTF,0.000736261,-0.00200012,-4.1576e-06,0.0002625,33.3884,0.000736261,1,-0.00191115,8.79529e-05,-0.0002625,1523.12
0,1557348,3,phononTS,0.00248538,-0.0032255,5.69945e-05,0.000262498,33.3884,0.00125217,1,-0.00280965,-0.00104101,-0.0002625,470.248
0,1562008,5,phononTF,0.000904733,-0.00199575,-0.00200084,0.0002625,1425.54,0.000313448,1,-0.00192412,-0.00179594,-0.0002625,1923.03
0,1567259,8,phononTS,0.000542527,-0.00100093,-0.00100361,0.0002625,3387.03,0.000542527,1,-0.000961261,-0.000980649,-0.0002625,3682.3
0,1586522,2,phononTS,0.00149249,0.00103317,0.000413557,-0.0002625,25.6283,0.000764,1,0.00200149,-3.3664e-06,0.0002625,1756.57
0,1590959,3,phononTF,0.000923951,-0.000444139,0.00385065,-0.0002625,19.3163,0.000382,1,7.70979e-07,0.00200113,0.0002625,3726.13
0,1590959,6,phononTF,0.000397982,7.70979e-07,0.00200113,0.000262498,3726.13,0.000397982,1,0.000322687,0.00170661,-0.0002625,3918.15
0,1604604,10,phononTS,0.000386706,-0.00235019,-0.000632024,-0.0002625,2510.12,0.000382,1,-3.85173e-06,0.00200412,0.0002625,6441.49
0,1630220,6,phononL,0.000400818,-0.0020004,-0.001999,0.0002625,1879.33,0.000400818,1,-0.00196031,-0.00134054,-0.0002625,3030.52
0,1633784,4,phononTS,0.00121559,-0.00262032,2.42562e-05,-0.0002625,42.5713,0.000382,1,-0.00199818,9.5974e-07,0.0002625,579.965
0,1642514,8,phononTS,0.000531168,-0.00250207,0.000309177,-0.000262498,1662.68,0.000382,1,-0.00200091,-3.29491e-06,0.0002625,1945.65
0,1646808,3,phononTF,0.000387846,-0.0027446,0.000385667,-0.0002625,6.39105,0.000382,1,-0.00100186,-0.000996992,0.0002625,892.209
0,1655910,2,phononL,0.00105739,0.00125933,0.00177895,-0.0002625,3.02984,0.000382,1,0.00100064,0.0010017,0.0002625,1927.29
0,1673015,10,phononTS,0.000535166,0.0030032,0.000999,0.0002625,702.109,0.000535166,1,0.00300264,0.0011819,-0.0002625,6583.94
0,1673065,9,phononTS,0.000423295,-0.00220811,-0.00182501,-0.000262498,972.119,0.000382,1,-0.00199562,-0.0020044,0.0002625,1179.89
0,1678800,11,phononTS,0.00059559,-0.002979,-0.000897051,-0.0002625,2064.34,0.000382,1,-0.00300408,-0.00100058,0.0002625,2925.7
0,1680537,12,phononTF,0.000398312,-0.00200295,-0.00199983,0.000262498,2482.54,0.000398312,1,-0.00241136,-0.00156408,-0.0002625,2706.36
0,1680537,4,phononTS,0.000397031,-0.00323458,4.97349e-05,0.000262498,12.1731,0.000397031,1,-0.0033435,0.000777591,-0.0002625,314.551
0,1707476,13,phononTS,0.00052579,-0.00100483,0.00300296,0.000262499,3521.15,0.00052579,1,0.000296348,0.00382152,-0.0002625,4044.26
0,1709581,4,phononTS,0.000483451,-0.00262369,2.56194e-05,-0.0002625,31.2563,0.000382,1,-0.00200276,4.92323e-06,0.0002625,575.971
0,1712844,5,phononTS,0.000735586,-0.00362225,-0.00104111,-0.0002625,6.7666,0.000382,1,-0.00299948,-0.00100139,0.0002625,1963.6
0,1712844,4,phononTF,0.00114606,-0.00322459,5.7334e-05,0.000262498,6.7666,0.000624091,1,-0.00391275,-0.00123978,-0.0002625,471.527
0,1714139,4,phononL,0.00111757,-0.00260532,5.04039e-06,-0.0002625,32.6808,0.000382,1,-0.00199926,-3.0509e-06,0.0002625,325.494
0,1714139,5,phononTS,0.000395443,-0.00199926,-3.0509e-06,0.000262498,325.494,0.000395443,1,-0.00169706,-2.2745e-06,-0.0002625,528.915
0,1714139,3,phononTF,0.000715997,-0.00321137,1.31317e-05,0.000262498,32.6808,0.000715997,1,-0.00367464,0.000444757,-0.0002625,264.109
0,1740129,3,phononTS,0.000441973,-0.00262018,3.53e-05,-0.0002625,10.4994,0.000382,1,-0.00200091,3.08276e-06,0.0002625,556.723
0,1764087,9,phononL,0.0013202,0.00108684,-0.00310488,-0.0002625,229.877,0.000382,1,0.00100283,-0.00299963,0.0002625,4379.04
0,1774353,6,phononTF,0.00152228,-0.0029974,-0.0010027,0.000262499,573.05,0.00137879,1,-0.00359147,-0.000204459,-0.0002625,901.97
0,1813552,5,phononTS,0.00116082,-0.00261894,9.3128e-06,-0.0002625,310.982,0.000764,1,-0.00199506,-4.66167e-06,0.0002625,865.136
0,1818264,9,phononTF,0.0004765,-0.00108861,-0.00136415,-0.0002625,174.065,0.000382,1,2.38612e-06,-0.00199983,0.0002625,1394.85
0,1821136,5,phononTF,0.000545036,-0.00200218,-2.35306e-06,0.000262498,296.791,0.000545036,1,-0.00242762,-0.000340715,-0.0002625,516.686
0,1821136,3,phononTF,0.000393457,-0.00322434,5.38828e-05,0.000262498,2.4453,0.000393457,1,-0.00353577,0.000314087,-0.0002625,193.566
0,1827420,9,phononTS,0.000689384,-0.00299663,-0.000996271,0.000262498,824.393,0.000689384,1,-0.00305628,-0.000940741,-0.0002625,970.681
0,1843860,11,phononTF,0.000568802,-0.001004,-0.000996291,0.000262498,2499.07,0.000568802,1,-0.00132565,-0.000701975,-0.0002625,2691.03
0,1843860,3,phononTF,0.00290438,-0.00383061,-9.22551e-05,0.000180771,4.93433,0.000391663,1,-0.00350934,-0.000428337,-0.0002625,567.071
0,1858416,8,phononTS,0.00131909,-0.00257105,3.34446e-05,-0.0002625,644.904,0.000382,1,-0.00199627,-4.89067e-06,0.0002625,1168.88
0,1858416,13,phononTF,0.000876943,-0.00199627,-4.89067e-06,0.000262498,1168.88,0.000876943,1,-0.00146802,0.000490828,-0.0002625,1424.18
0,1858416,7,phononTF,0.000871038,-0.00314582,7.17796e-05,0.000262498,644.904,0.000711041,1,-0.00324849,0.000334967,-0.0002625,821.49
0,1871582,11,phononTF,0.000673238,-0.00300054,-0.00100468,0.0002625,2555.44,0.000673238,1,-0.00251621,-0.00156306,-0.0002625,3077.82
0,1901476,7,phononTS,0.000407842,0.00212658,0.00107958,-0.0002625,4779.78,0.000382,1,0.0020043,0.0019965,0.0002625,5455.24
0,1901476,4,phononTS,0.00107786,-0.00322687,5.05858e-05,0.000262498,1.26023,0.00107786,1,-0.00317239,0.000843787,-0.0002625,315.91
0,1901476,3,phononTS,0.00107,-0.00322687,5.05858e-05,0.000262498,1.26023,0.00107,1,-0.0030404,3.35224e-05,-0.0002625,184.284
0,1901476,2,phononTS,0.00110185,-0.00322687,5.05858e-05,0.000262498,1.26023,0.000752528,1,-0.0032746,0.000257853,-0.0002625,183.176
0,1924556,5,phononTS,0.00079961,-0.002613,2.61454e-05,-0.0002625,3.41148,0.000382,1,-0.00200074,-2.19925e-06,0.0002625,535.009
0,1926827,2,phononTS,0.000812525,-0.00260962,2.91832e-05,-0.0002625,14.6839,0.000382,1,-0.001995,3.13706e-06,0.0002625,559.32
0,1952695,6,phononTS,0.00082513,-0.00310916,-0.000473383,-0.0002625,4.92436,0.000382,1,-0.00299975,-0.000999711,0.0002625,529.119
0,1976053,7,phononTF,0.000736364,-0.00200414,4.7793e-06,0.0002625,899.116,0.000473712,1,-0.0017289,-0.000263746,-0.0002625,1268.56
0,1987982,7,phononTS,0.000824362,-0.00246398,-4.12544e-05,-0.0002625,18.7115,0.000382,1,-0.00199615,4.78937e-06,0.0002625,562.426
0,1987982,6,phononL,0.000702206,-0.00323056,4.7457e-05,0.000262498,18.7115,0.000352709,1,-0.00354112,-0.000237206,-0.0002625,145.468
0,1987982,5,phononTS,0.00103771,-0.00323056,4.7457e-05,0.000262498,18.7115,0.00103771,1,-0.00322951,-5.1151e-05,-0.0002625,186.241
0,1987982,4,phononTF,0.00119138,-0.00323056,4.7457e-05,0.000262498,18.7115,0.00119138,1,-0.00270422,-0.000302429,-0.0002625,263.205
0,1987982,3,phononTF,0.000960836,-0.00323056,4.7457e-05,0.000262498,18.7115,0.000960836,1,-0.00444669,-0.000781747,-0.0002625,475.359
0,1992791,3,phononTS,0.00155104,-0.0031099,-0.000465483,-0.0002625,3.22581,0.000382,1,-0.00200317,4.53158e-06,0.0002625,1927.78
0,2001912,10,phononTS,0.000513436,-0.00413531,-0.000280203,-0.0002625,1278.29,0.000382,1,-0.00200143,0.00200202,0.0002625,8599.16
0,2020393,5,phononL,0.00038338,-0.00263012,3.38208e-05,-0.0002625,89.6863,0.000382,1,-0.00199595,-3.24011e-06,0.0002625,390.358
0,2030563,10,phononTS,0.000515678,-0.00143482,2.33004e-05,-0.000262498,787.906,0.000382,1,-0.00200088,-5.62691e-07,0.0002625,1048.59
0,2030563,5,phononTS,0.000916947,-0.00322524,5.14096e-05,0.000262498,5.15342,0.000916947,1,-0.00275277,8.75293e-05,-0.0002625,243.155
0,2030563,4,phononTF,0.000869751,-0.00322524,5.14096e-05,0.000262498,5.15342,0.000869751,1,-0.00307295,0.000220439,-0.0002625,167.566
0,2030563,3,phononTS,0.00128219,-0.00322524,5.14096e-05,0.000262498,5.15342,0.000270827,1,-0.00223243,-6.95053e-05,-0.0002625,384.631
0,2039455,3,phononTS,0.00137841,-0.00261929,2.05253e-05,-0.0002625,11.7737,0.000382,1,-0.00200427,2.74864e-06,0.0002625,557.531
0,2039455,6,phononTF,0.000621334,-0.00200427,2.74864e-06,0.000262498,557.531,0.000621334,1,-0.0017372,0.000240905,-0.0002625,739.092
0,2048523,9,phononTS,0.00133446,-0.00136837,0.000868128,-0.0002625,848.64,0.000382,1,-0.00199972,0.00200249,0.0002625,2514.4
0,2048523,10,phononTF,0.000610232,-0.00199972,0.00200249,0.000262498,2514.4,0.000610232,1,-0.00253749,0.00251511,-0.0002625,2770.59
0,2055142,7,phononTF,0.000595429,0.000358236,-0.00117045,-0.0002625,144.997,0.000382,1,0.00199965,-0.0020035,0.0002625,1845.66
0,2083497,6,phononTS,0.00132999,-0.00115481,0.00352642,-0.0002625,134.552,0.000382,1,-0.00100274,0.00299722,0.0002625,4794.91
0,2102806,8,phononTF,0.000613834,-0.000998196,0.0029993,0.000262498,1857.6,0.000447944,1,-0.00129486,0.0032995,-0.0002625,2047.46
0,2102806,4,phononTF,0.000992285,-0.00321827,3.57275e-05,0.000262498,54.9407,0.000475633,1,-0.00351507,0.000475801,-0.0002625,276.17
0,2103036,6,phononTS,0.0011606,-0.000690017,-0.000984715,-0.0002625,145.72,0.000382,1,-0.00099865,-0.000999733,0.0002625,1747.74
0,2108561,9,phononTS,0.000571602,-4.00675e-05,-0.000299102,-0.000262498,5537.43,0.000382,1,1.16639e-06,-4.14033e-06,0.0002625,5742.93
0,2155287,3,phononTS,0.00119472,-0.00261754,2.25692e-05,-0.0002625,9.34189,0.000382,1,-0.00199761,-4.12371e-06,0.0002625,545.494
0,2158870,6,phononTF,0.00179669,-0.00312291,-0.000764193,-0.0002625,685.298,0.000382,1,-0.00299586,-0.000995639,0.0002625,1027.81
0,2158870,8,phononTS,0.000523648,-0.00299586,-0.000995639,0.000262498,1027.81,0.000523648,1,-0.00283561,-0.00103666,-0.0002625,1201.81
0,2160986,4,phononTS,0.00069772,-0.00200464,-0.00199983,0.0002625,4.80138,0.00069772,1,-0.00196814,-0.00202052,-0.0002625,1843.09
0,2168705,5,phononL,0.000578561,-0.00262687,1.55245e-05,-0.0002625,97.3207,0.000382,1,-0.00200094,-2.58394e-06,0.0002625,395.456
0,2170341,9,phononTS,0.000501986,-0.00199062,0.000690054,-0.0002625,643.6,0.000382,1,-0.00100293,0.00100375,0.0002625,1427.33
0,2170341,11,phononTF,0.00241471,-0.00357148,0.000343378,-0.000146525,520.222,0.00152655,1,-0.00349767,0.000412084,-0.0002625,708.339
0,2187378,6,phononTS,0.000399826,-9.02845e-05,-0.00202057,-0.0002625,1363.49,0.000382,1,-1.25858e-07,-0.00200341,0.0002625,1867.15
0,2188983,9,phononTS,0.00343077,-0.00198593,-1.73349e-05,0.000133341,154.126,0.000764,1,-0.00200372,-3.14878e-06,0.0002625,1197.29
0,2192141,7,phononL,0.00132646,0.00102063,6.09017e-05,-0.0002625,107.78,0.000764,1,0.00199816,-4.91217e-06,0.0002625,1258.69
0,2192141,6,phononTF,0.00118688,-0.0033345,0.000109338,0.000262498,107.78,0.000523092,1,-0.00366488,-0.00428868,-0.0002625,1415.18
0,2200118,11,phononL,0.000494379,-0.00163187,-0.00160288,-0.0002625,349.758,0.000382,1,-0.00200217,-0.00199786,0.0002625,1397.88
0,2204284,7,phononTS,0.000596249,-0.00345358,-0.000710205,-0.000262498,1477.59,0.000382,1,-0.00299627,-0.00100266,0.0002625,1748.44
0,2204284,4,phononTS,0.00151099,-0.00322837,3.85125e-05,0.000262498,9.38367,0.000947519,1,-0.00296039,-1.22627e-05,-0.0002625,202.69
0,2218709,4,phononTS,0.00118666,2.96986e-06,0.00199617,0.0002625,1395.12,0.000707093,1,0.000275912,0.00232636,-0.0002625,3220.01
0,2218720,7,phononTS,0.000494528,-0.0026293,1.02881e-05,-0.0002625,178.323,0.000382,1,-0.00199795,1.11266e-06,0.0002625,733.129
0,2218720,6,phononTS,0.00270962,-0.00320144,-0.000154016,-0.000176092,178.323,0.00200876,1,-0.00315386,-0.000162593,-0.0002625,516.16
0,2225347,11,phononTS,0.000487773,-0.00100046,-0.00100402,0.000262498,998.06,0.000487773,1,-0.00131564,-0.00043773,-0.0002625,1295.25
0,2255188,13,phononTS,0.000621301,-0.00199841,-3.56611e-06,0.000262498,2427.88,0.000621301,1,-0.00140223,0.00145406,-0.0002625,2979.29
0,2279919,8,phononTF,0.000768023,-0.00199918,4.27386e-06,0.000262498,595.947,0.000768023,1,-0.0018093,-0.000183669,-0.0002625,761.982
0,2291831,7,phononTS,0.000821248,-0.00100083,-0.00100217,0.000262498,894.782,0.000821248,1,-0.00106367,-0.0010476,-0.0002625,1053.72
0,2291831,3,phononTS,0.000855712,-0.00320822,5.86609e-05,0.000262498,13.835,0.000670518,1,-0.00320722,0.000303751,-0.0002625,203.276
0,2291831,2,phononTS,0.000605724,-0.00320822,5.86609e-05,0.000262498,13.835,0.000605724,1,-0.00320071,0.000236824,-0.0002625,190.948
0,2349425,7,phononTF,0.00282032,-0.00288128,-0.000869921,2.87852e-05,100.442,0.000382,1,-0.00300008,-0.000998841,0.0002625,1076.57
0,2366154,6,phononTS,0.000442434,-0.00290171,-0.000292802,-0.000262498,578,0.000382,1,-0.00300274,-0.00100115,0.0002625,882.766
0,2377158,4,phononTS,0.00121178,-0.00261914,-2.1214e-05,-0.0002625,124.139,0.000382,1,-0.00199525,-3.04591e-07,0.0002625,662.057
0,2379008,2,phononTF,0.000412565,-0.00138247,0.00102529,-0.0002625,8.10889,0.000382,1,-0.000995856,0.00100247,0.0002625,1227.14
0,2393294,5,phononTS,0.000561378,-0.000546429,-0.000602696,-0.0002625,3.00389,0.000382,1,-0.0020039,8.16887e-07,0.0002625,7319.92
0,2393376,13,phononTS,0.0013733,-0.00203297,2.64946e-05,-3.10235e-05,1280.8,0.000382,1,-0.00199846,-1.30436e-06,0.0002625,3451.47
0,2400131,10,phononTF,0.000429624,-0.00207229,-5.44991e-05,-0.0002625,569.109,0.000382,1,-0.00200352,-1.50399e-06,0.0002625,1020.15
0,2400131,4,phononTF,0.00164857,-0.00324618,0.000615616,0.000215476,136.783,0.000789399,1,-0.00290586,0.00029892,-0.0002625,541.284
0,2414543,9,phononTS,0.000465788,0.00200053,3.73014e-06,0.0002625,6186.32,0.000465788,1,0.00195435,-5.42314e-06,-0.0002625,6491.22
0,2417712,8,phononL,0.000772016,-0.0019972,-1.19826e-06,0.0002625,158.766,0.000772016,1,-0.00175599,-0.000210749,-0.0002625,2571.7
0,2420549,7,phononL,0.00131888,-0.00308904,-0.000501969,-0.0002625,70.5311,0.000382,1,-0.00300313,-0.0010027,0.0002625,340.05
0,2420549,9,phononTS,0.000552295,-0.00300313,-0.0010027,0.000262498,340.05,0.000552295,1,-0.00302486,-0.000984404,-0.0002625,489.182
0,2421806,8,phononTS,0.000433764,-0.00200461,0.00200341,0.000262498,2110.73,0.000433764,1,-0.00104125,0.00231481,-0.0002625,2492.95
0,2431181,3,phononTS,0.00053748,-0.000998405,-0.00100433,0.0002625,5.34717,0.00053748,1,-0.00242277,-0.0020132,-0.0002625,1495.42
0,2433565,5,phononTF,0.000620946,-0.0025737,-4.57392e-05,-0.000262498,356.789,0.000382,1,0.000996274,-0.00100476,0.0002625,1454.31
0,2460950,9,phononTF,0.0011677,-0.00199611,0.00199848,0.000262498,2019.68,0.000896084,1,-0.00176669,0.00179997,-0.0002625,2192.87
0,2484403,7,phononTS,0.000822258,0.00300124,0.00099597,0.0002625,4890.69,0.000822258,1,0.00303617,0.000730167,-0.0002625,5289.1
0,2490050,8,phononTF,0.000495736,-0.00318514,-0.000793968,-0.000262498,1154.85,0.000382,1,-0.00299638,-0.00100198,0.0002625,1322.47
0,2510529,6,phononTF,0.000985944,-0.00299568,-0.00100222,0.000262498,1535.6,0.000160784,1,-0.0026911,-0.000804843,-0.0002625,1722.76
0,2510529,7,phononTS,0.00082516,-0.005,0.000398756,-3.52894e-05,1722.76,0.000711531,1,-0.00498204,0.000158493,-0.0002625,2708.73
0,2520730,11,phononTS,0.000557173,-0.000996972,0.00100158,0.000262498,9840.7,0.000557173,1,-0.000943627,0.000947382,-0.0002625,9987.25
0,2528915,8,phononTF,0.000886153,-2.96606e-06,-0.00199914,0.000262498,3725.48,0.000359031,1,0.000677858,-0.00171523,-0.0002625,4007.38
0,2555277,5,phononTS,0.000709449,0.00196324,-0.00202046,-0.0002625,3.17762,0.000382,1,0.00200493,-0.00199551,0.0002625,2620.63
0,2555277,4,phononTF,0.0011821,-0.00323336,5.82718e-05,0.000262498,3.17762,0.0011821,1,-0.00309117,0.000215752,-0.0002625,162.643
0,2560533,6,phononL,0.000583851,-0.00200486,1.35608e-06,0.000262498,558.502,0.000583851,1,-0.00173182,2.71279e-05,-0.0002625,673.531
0,2560533,2,phononTS,0.00052374,-0.00323194,5.48858e-05,0.000262498,26.1667,0.00052374,1,-0.00320404,0.000697803,-0.0002625,300.793
0,2585861,6,phononTF,0.000391796,-0.00281838,-0.000804669,-0.000262498,823.608,0.000382,1,-0.00299684,-0.000995517,0.0002625,988.816
0,2589630,8,phononTS,0.000484858,0.00100123,-0.00299921,0.000262498,2622.31,0.000484858,1,-0.000561297,-0.00244074,-0.0002625,3196.54
0,2601009,10,phononTF,0.000421563,-0.0029968,-0.00100237,0.000262498,1393.92,0.000421563,1,-0.00277731,-0.000914818,-0.0002625,1562.37
0,2601009,8,phononTS,0.00121227,-0.00329449,2.14869e-05,0.000262498,335.24,0.000902402,1,-0.00325636,7.03946e-06,-0.0002625,488.811
0,2608065,5,phononTS,0.0011012,-0.000799235,0.00151614,-0.0002625,213.918,0.000382,1,2.46699e-06,0.0019971,0.0002625,1713.26
0,2610260,5,phononL,0.001084,-0.00300422,-0.000997548,0.0002625,312.268,0.000475219,1,-0.00274066,-0.0011505,-0.0002625,545.924
0,2620734,5,phononTS,0.00041589,-0.00343478,-0.000749836,-0.0002625,342.619,0.000382,1,-0.00299633,-0.00100341,0.0002625,1326.46
0,2620734,3,phononL,0.00056408,-0.00323238,3.63025e-05,0.000262498,92.1837,0.00056408,1,-0.00350469,-0.00031281,-0.0002625,221.127
0,2635929,8,phononTS,0.000676897,-0.00277041,-0.00096959,-0.000262498,880.99,0.000382,1,-0.00300282,-0.00100494,0.0002625,1073.96
0,2687659,8,phononL,0.000680126,-0.00199897,-0.00199774,0.000262498,1813.97,0.000680126,1,-0.00226172,-0.00193088,-0.0002625,1928.86
0,2687659,2,phononTS,0.000768637,-0.0032275,5.16624e-05,0.000262498,7.24847,0.000499163,1,-0.00323965,-6.65382e-06,-0.0002625,159.239
0,2690623,4,phononTS,0.000937835,-0.00261467,2.5854e-05,-0.0002625,4.40767,0.000382,1,-0.00200386,3.38463e-06,0.0002625,547.589
0,2690623,3,phononTS,0.000385811,-0.00322549,4.83232e-05,0.000262498,4.40767,0.000385811,1,-0.00371887,1.04813e-05,-0.0002625,235.609
0,2690623,2,phononTS,0.000981242,-0.00322549,4.83232e-05,0.000262498,4.40767,0.000590941,1,-0.0040713,1.02544e-05,-0.0002625,334.736
0,2694542,5,phononTS,0.000632626,-0.00299842,-0.000996613,0.000262498,1070.26,0.000632626,1,-0.00301196,-0.00101295,-0.0002625,1220.17
0,2717217,12,phononTS,0.000688449,-0.00300004,-0.00100129,0.0002625,572.536,1.88854e-05,1,-0.00268131,-0.00101487,-0.0002625,988.145
0,2730343,4,phononTS,0.00139977,0.00112802,-0.000116473,-0.0002625,59.9013,0.000382,1,0.00200076,-4.84425e-06,0.0002625,2703.38
0,2730343,10,phononTS,0.000454906,0.00200076,-4.84425e-06,0.000262498,2703.38,0.000454906,1,0.00297589,-0.000252476,-0.0002625,3084.9
0,2734547,6,phononTF,0.00054464,-0.00219999,0.000221748,-0.000262498,670.343,0.000382,1,-0.00199599,3.50425e-06,0.0002625,841.98
0,2734548,5,phononTF,0.00460428,-0.00313342,0.000685664,-7.80823e-05,169.491,0.00365879,1,-0.00327392,0.000554267,-0.0002625,685.949
0,2754442,9,phononTS,0.00127164,-0.0019967,0.00200493,0.000262498,1195.51,0.000332076,1,-0.00275542,0.00195538,-0.0002625,1508.71
0,2761551,11,phononL,0.000418707,-0.00252921,-0.000404663,-0.000262498,1425.12,0.000382,1,-0.00200374,1.80768e-06,0.0002625,1584.41
0,2782267,8,phononTF,0.000480497,-0.00191371,-0.000449301,-0.000262498,1101.93,0.000382,1,-0.00100396,-0.00100176,0.0002625,1455.76
0,2811572,5,phononL,0.000994136,-0.00319627,-0.00139802,-0.0002625,304.883,0.000764,1,-0.00299501,-0.0009992,0.0002625,832.613
0,2839604,7,phononTS,0.00174413,-0.00312386,-0.000469339,-0.0002625,21.4385,0.000382,1,-0.00299973,-0.00100248,0.0002625,551.846
0,2839604,10,phononTS,0.000690059,-0.00299973,-0.00100248,0.000262498,551.846,0.000690059,1,-0.0030505,-0.000965766,-0.0002625,708.943
0,2848121,6,phononTS,0.000528369,-0.00224278,-2.65184e-05,-0.0002625,597.367,0.000382,1,-0.00199834,-1.24595e-06,0.0002625,1358.08
0,2848121,5,phononTS,0.00240146,-0.00381722,-0.000461919,-8.43595e-05,597.367,0.00172234,1,-0.00381777,-0.000475375,-0.0002625,1299.33
0,2851771,8,phononTF,0.000680676,-0.0033846,-0.000627579,-0.0002625,206.746,0.000382,1,-0.00299974,-0.000998343,0.0002625,2025.25
0,2864464,8,phononTS,0.00049935,-3.59432e-06,0.00200488,0.000262498,7522.92,0.00049935,1,-0.000270053,0.0019666,-0.0002625,7722.58
0,2874875,5,phononTF,0.00115218,-0.00337368,-0.00119036,-0.000159667,154.917,0.000382,1,-0.00299829,-0.000999457,0.0002625,987.436
0,2874875,8,phononTS,0.000442612,-0.00299829,-0.000999457,0.000262498,987.436,0.000442612,1,-0.00305117,-0.000955187,-0.0002625,1145.15
0,2874875,4,phononTS,0.00212132,-0.00325058,6.74598e-05,0.000262498,154.917,0.00164394,1,-0.00325146,7.34456e-05,-0.0002625,309.586
0,2899536,3,phononTS,0.000476802,-0.00211595,0.00052658,-0.0002625,14.2051,0.000382,1,-0.00100173,0.00100276,0.0002625,895.67
0,2904747,2,phononTS,0.000968125,-0.002611,2.584e-05,-0.0002625,5.63358,0.000382,1,-0.00199849,-2.10792e-06,0.0002625,556.238
0,2904747,8,phononTF,0.000462324,-0.00199849,-2.10792e-06,0.000262498,556.238,0.000462324,1,-0.00221449,0.00023573,-0.0002625,729.456
0,2921651,7,phononL,0.000497125,-0.00199831,0.00200424,0.000262498,2628.31,0.000497125,1,-0.0016865,0.00193677,-0.0002625,2746.07
0,2927188,5,phononTS,0.000675553,0.000846116,-0.00190861,-0.000262498,2811.63,0.000382,1,-9.61306e-07,-0.00199708,0.0002625,3150.4
0,2966482,8,phononTF,0.000548832,-0.00370967,-0.000410951,-0.000262498,357.261,0.000382,1,-0.000998409,0.00100086,0.0002625,1258.94
0,2971723,10,phononTS,0.000453039,0.00300087,0.000999999,0.0002625,1998.26,0.000453039,1,0.00294398,0.00108808,-0.0002625,2321.9
0,2976954,8,phononTF,0.00100683,-0.00333236,-0.000882119,-0.0002625,211.583,0.000382,1,-0.0030046,-0.00100465,0.0002625,3619.29
0,2976954,12,phononTF,0.000620277,-0.0030046,-0.00100465,0.000262498,3619.29,0.000620277,1,-0.00326411,-0.00126336,-0.0002625,3800.57
0,2988040,10,phononL,0.000534342,-0.00169848,0.00191342,-0.000262498,1309.73,0.000382,1,-0.00200056,0.00199706,0.0002625,1427.16
0,2990606,4,phononTF,0.00103395,-0.00212715,-0.00020396,-0.0002625,85.7457,0.000382,1,-0.000996667,-0.000995642,0.0002625,2794.39
0,2998174,3,phononTS,0.00122008,0.00154487,0.00151658,-0.0002625,12.0166,0.000382,1,0.000997122,-0.000999685,0.0002625,4341.9
0,2999980,9,phononTS,0.000467119,-0.0020005,0.00200419,0.000262498,1656.31,0.000467119,1,-0.00204334,0.00206681,-0.0002625,1803.21
0,2999980,5,phononTS,0.00120756,-0.00323331,6.2169e-05,0.000262498,18.541,0.000835092,1,-0.00323878,6.25917e-05,-0.0002625,169.893
0,3001482,6,phononTS,0.0013117,-0.00211806,-0.000467898,-0.0002625,27.0056,0.000764,1,-0.00100488,-0.00100394,0.0002625,940.086
0,3001482,5,phononTF,0.000862598,-0.00323123,6.81448e-05,0.000262498,27.0056,0.000188085,1,-0.00349418,-7.92986e-06,-0.0002625,203.175
0,3002421,11,phononTF,0.000544083,-0.0031973,9.32743e-05,-0.000262498,155.445,0.000382,1,-0.00200455,-0.0020016,0.0002625,874.753
0,3024843,2,phononTF,0.000655186,9.96875e-08,-0.00200017,0.0002625,4.58011,0.000554792,1,0.0010235,-0.00277241,-0.0002625,1792.51
0,3040383,6,phononTS,0.00119859,-0.002601,2.19704e-05,-0.0002625,30.3975,0.000382,1,-0.00200421,-1.86428e-06,0.0002625,552.725
0,3043301,8,phononTS,0.00047505,0.00100029,0.0010034,0.000262498,1245.62,0.00047505,1,0.000325026,0.00253859,-0.0002625,1823.29
0,3043301,5,phononTS,0.000464461,-0.00324154,6.33683e-05,0.000262498,34.4369,0.000464461,1,-0.00320405,3.39613e-06,-0.0002625,181.744
0,3068244,4,phononTS,0.000396741,-0.00263295,-0.00204417,-0.0002625,2301.92,0.000382,1,-0.00199959,-0.00199998,0.0002625,4766.99
0,3079653,6,phononL,0.00184056,-0.00276558,-0.000600919,-0.0002625,1735.22,0.000382,1,-0.00299615,-0.00099999,0.0002625,1996.53
0,3082569,6,phononTF,0.000399626,-0.00200371,3.44157e-06,0.000262498,535.747,0.000399626,1,-0.00166539,-0.000330564,-0.0002625,736.745
0,3082569,4,phononL,0.000696983,-0.00369997,0.000698241,-7.01418e-05,5.1697,0.000542651,1,-0.00373154,0.000577128,-0.0002625,1243.96
0,3082569,3,phononTS,0.000748086,-0.00322509,5.13058e-05,0.000262498,5.1697,0.000748086,1,-0.00318107,6.58559e-05,-0.0002625,155.434
0,3093308,6,phononTF,0.00060939,-0.000511768,0.000652705,-0.000262498,1097.15,0.000382,1,-4.1858e-06,4.70242e-06,0.0002625,1381.7
0,3094254,8,phononTS,0.000620044,-0.00112674,-0.00105076,-0.0002625,1117.84,0.000382,1,-0.000998483,-0.00100133,0.0002625,3449.48
0,3097891,9,phononTS,0.00109906,-0.00300095,-0.00100364,0.000262498,2751.9,0.000470594,1,-0.00294894,-0.00176056,-0.0002625,3057.48
0,3103431,6,phononTS,0.00118859,-0.00228137,0.00150924,-0.0002625,146.302,0.000382,1,-0.00199663,0.00200186,0.0002625,1254.15
0,3115488,11,phononTS,0.0009789,-0.00304258,0.000433453,-0.0002625,745.735,0.000382,1,-0.00199922,-6.09418e-07,0.0002625,1640.65
0,3118671,4,phononTS,0.00129157,-0.00261264,2.68906e-05,-0.0002625,6.08636,0.000382,1,-0.00200315,-1.84759e-06,0.0002625,545.212
0,3136577,6,phononL,0.000907351,-1.09332e-06,0.00199941,0.0002625,122.486,0.00039579,1,0.00020631,0.00132483,-0.0002625,1340.52
0,3145259,10,phononTF,0.00048976,-0.0030045,-0.000996633,0.0002625,425.243,0.00048976,1,-0.00293299,-0.00122369,-0.0002625,764.297
0,3145259,2,phononTF,0.00362262,-0.00235277,0.00023764,-0.000171194,59.6117,0.0029219,1,-0.00231496,0.000200071,-0.0002625,1135.78
0,3154982,8,phononTS,0.000610715,-0.00199866,9.30109e-07,0.000262498,400.318,0.000610715,1,-0.00196886,-0.000442483,-0.0002625,632.045
0,3156441,7,phononTS,0.000507106,-0.00189019,0.000181946,-0.0002625,664.265,0.000382,1,-0.00200377,3.24461e-06,0.0002625,1242.68
0,3164894,5,phononTF,0.000876026,4.45493e-06,0.00200098,0.0002625,76.008,0.000824817,1,0.000298946,0.00171308,-0.0002625,2890.64
0,3166741,8,phononTS,0.000445254,-0.00303587,-0.00103046,-0.0002625,663.86,0.000382,1,-0.00300192,-0.0010001,0.0002625,1412.09
0,3183044,5,phononTF,0.000809636,0.005,0.0021019,9.57297e-05,1854.46,0.000382,1,-0.000997175,0.00300403,0.0002625,6347.98
0,3183044,2,phononTS,0.000870255,-0.00323629,6.0722e-05,0.000262498,12.0675,0.000305006,1,-0.00302711,6.17547e-05,-0.0002625,197.508
0,3220158,7,phononTS,0.00135741,0.00106421,-0.00296693,-0.0002625,992.863,0.000382,1,0.000999795,-0.00300055,0.0002625,4586.1
0,3221657,4,phononTF,0.000855094,-0.00366056,-0.000351357,-0.0002625,39.7539,0.000382,1,-0.00300395,-0.000999833,0.0002625,815.959
0,3226441,6,phononTS,0.000932484,-0.00200258,2.32186e-06,0.000262498,582.218,0.000414077,1,-0.00244749,0.00075372,-0.0002625,940.068
0,3267254,16,phononTF,0.000473309,-0.00299845,-0.000996577,0.000262498,3423.87,0.000473309,1,-0.00278064,-0.00121812,-0.0002625,3596.7
0,3315268,4,phononTS,0.00075127,-0.00204044,1.96681e-05,-0.0002625,13.7215,0.000382,1,-0.00199935,-1.63927e-06,0.0002625,1773.77
0,3319535,6,phononTF,0.00127233,-0.00338002,-0.000732107,-0.0002625,13.1024,0.000382,1,-0.00299991,-0.000999427,0.0002625,1108.55
0,3319535,8,phononTS,0.000527921,-0.00299991,-0.000999427,0.000262498,1108.55,0.000527921,1,-0.00246876,-0.00108666,-0.0002625,1369.56
0,3324454,9,phononTS,0.000405975,-0.00199663,6.60612e-07,0.000262498,598.292,0.000405975,1,-0.0039253,-0.000824796,-0.0002625,1301.89
0,3327356,12,phononTS,0.000553638,-0.00203269,-0.00196408,-0.000262498,972.287,0.000382,1,-0.00199815,-0.00200416,0.0002625,1135.6
0,3345613,6,phononTS,0.00138218,-0.0010521,-0.00105262,-0.0002625,44.8671,0.000764,1,-0.000997333,-0.000996271,0.0002625,975.734
0,3345613,5,phononTF,0.000496351,-0.00319896,-4.35845e-05,0.000262498,44.8671,0.000496351,1,-0.00298431,0.000192855,-0.0002625,217.803
0,3345613,3,phononTF,0.00126908,-0.00322745,6.23465e-05,0.000262498,4.31026,0.00118883,1,-0.00323511,0.00180813,-0.0002625,571.422
0,3345613,2,phononTS,0.000714248,-0.00322745,6.23465e-05,0.000262498,4.31026,0.000714248,1,-0.00322786,9.8327e-05,-0.0002625,156.573
0,3351048,8,phononTS,0.000453073,-0.00200154,0.00200232,0.000262498,819.075,0.000453073,1,-0.00221378,0.00207581,-0.0002625,1012.52
0,3371399,4,phononTS,0.000545242,-0.00261341,2.70601e-05,-0.0002625,4.8762,0.000382,1,-0.00199917,-1.1592e-08,0.0002625,537.48
0,3372103,8,phononTS,0.000603329,-0.00193679,-4.45685e-05,-0.000262498,1256.66,0.000382,1,-0.00199718,5.07723e-07,0.0002625,1415.3
0,3374546,6,phononTS,0.000708915,-0.00200231,-3.94258e-06,0.000262498,991.969,0.000708915,1,-0.00206535,-5.30746e-05,-0.0002625,1138.45
0,3386625,13,phononTS,0.000464862,-0.00300261,-0.000997245,0.000262498,1079.88,0.000464862,1,-0.00154943,-0.0018308,-0.0002625,1649.14
0,3410356,2,phononTS,0.00319588,-0.0020468,-1.08636e-05,0.000241242,14.1071,0.001146,1,-0.00199761,-3.14109e-06,0.0002625,1950.51
0,3410356,9,phononTS,0.00134137,-0.00199761,-3.14109e-06,0.000262498,1950.51,0.000856953,1,0.000980702,0.00274536,-0.0002625,3175.25
0,3416753,3,phononL,0.00117831,-0.00261681,2.99632e-05,-0.0002625,12.631,0.000764,1,-0.00200303,-2.50123e-06,0.0002625,307.773
0,3431775,6,phononTF,0.000686247,-0.00215576,0.00213324,-0.0002625,1361.34,0.000382,1,-0.00199981,0.00200331,0.0002625,3269.86
0,3436857,10,phononTF,0.000405794,-0.00210878,-0.0020919,-0.0002625,1268.2,0.000382,1,-0.002002,-0.001995,0.0002625,2017.68
0,3440525,4,phononTS,0.000599315,-0.00311679,-0.000474238,-0.0002625,5.04857,0.000382,1,-0.00299898,-0.0010034,0.0002625,532.29
0,3493581,12,phononTS,0.000875622,-0.00350866,0.000344795,-0.000262499,192.882,0.000382,1,-0.00300166,-0.000995443,0.0002625,702.91
0,3496513,7,phononTS,0.000408952,-0.000938923,0.000988216,-0.000262498,2059.96,0.000382,1,-0.00100339,0.00100172,0.0002625,2209.15
0,3501735,4,phononTF,0.00136655,-0.00212669,-0.00179379,-0.0002625,31.7024,0.000382,1,-0.00200122,-0.00199807,0.0002625,1698.9
0,3504789,3,phononTF,0.00366556,-0.00302706,-0.000972253,0.000181947,186.855,0.001146,1,-0.00300031,-0.000997252,0.0002625,1155.75
0,3504789,5,phononTS,0.000463673,-0.00300031,-0.000997252,0.000262498,1155.75,0.000463673,1,-0.0044593,-0.00175724,-0.0002625,1726.17
0,3509675,7,phononTF,0.00267755,-0.00200172,-5.5748e-07,0.0002625,933.754,0.00256061,1,-0.00231287,-0.000289753,-0.0002625,1857.09
0,3509675,6,phononTS,0.00242999,-0.00315349,0.000104294,8.01942e-05,933.754,0.00199723,1,-0.00365895,0.00021865,-0.0002625,1141.79
0,3510918,8,phononTS,0.000434894,-0.005,-0.000586528,4.92809e-05,146.706,0.000382,1,-0.00200315,0.0019973,0.0002625,3151.45
0,3518015,8,phononTS,0.000963638,-0.00200313,1.55884e-06,0.0002625,54.2541,0.000963638,1,-0.00170109,-1.98755e-05,-0.0002625,1057.31
0,3518015,7,phononTS,0.00135057,-0.00321131,8.72963e-05,0.000262498,54.2541,0.000757582,1,-0.00343393,-0.00100561,-0.0002625,468.935
0,3523316,6,phononTS,0.000399882,-0.0030943,-0.000145559,-0.0002625,2084.43,0.000382,1,-0.00299572,-0.000997029,0.0002625,2742.4
0,3531206,6,phononTS,0.000526195,-0.00261331,2.46522e-05,-0.0002625,11.7038,0.000382,1,-0.00200026,-2.2779e-06,0.0002625,555.477
0,3532886,7,phononTS,0.000582697,-0.00194556,0.00141077,-0.000262498,896.361,0.000382,1,-0.000996336,0.00299579,0.0002625,1529.83
0,3532886,2,phononL,0.00314872,-0.00480607,-0.000442938,0.000108153,123.302,0.00262659,1,-0.00455188,-0.000200637,-0.0002625,1068.38
0,3539177,2,phononTS,0.000603294,-0.00261987,3.10522e-05,-0.0002625,37.8601,0.000382,1,-0.00200124,3.30818e-06,0.0002625,591.403
0,3555349,8,phononTF,0.000866846,-0.00214428,-0.000156734,-0.0002625,128.056,0.000382,1,-0.00200435,-4.28315e-06,0.0002625,896.696
0,3559598,14,phononL,0.000490676,-0.00100136,0.00300348,0.000262498,1669.15,0.000490676,1,-0.00157309,0.00345615,-0.0002625,1839.21
0,3572128,3,phononTF,0.00083747,-0.00312885,-0.00112732,-0.0002625,2.53416,0.000382,1,-0.0030027,-0.0009975,0.0002625,2002.72
0,3574039,2,phononTS,0.000433857,-0.00261478,2.76905e-05,-0.0002625,2.1581,0.000382,1,-0.00200283,3.93127e-06,0.0002625,551.879
0,3576854,11,phononTF,0.000419345,0.005,-0.00282532,0.000209325,2382.67,0.000419345,1,0.00434261,-0.00219001,-0.0002625,4999.8
0,3583887,3,phononTF,0.000885743,-0.00200047,2.08241e-06,0.0002625,11.8015,0.000669512,1,-0.00179534,-0.000224018,-0.0002625,984.445
0,3583887,2,phononTS,0.00302685,-0.00323785,5.72829e-05,0.000262498,11.8015,0.00117027,1,-0.00328447,4.03703e-05,-0.0002625,158.995
0,3592942,5,phononTF,0.000623837,-0.0018624,0.000124343,-0.0002625,10.1506,0.000382,1,-0.00200061,-3.98483e-06,0.0002625,1055.91
0,3597583,4,phononTS,0.00131697,-0.00211706,0.00052369,-0.0002625,94.4125