Run ID,Event ID,Track ID,Particle Name,Start Energy [eV],Start X [m],Start Y [m],Start Z [m],Start Time [ns],Energy Deposited [eV],Track Weight,End X [m],End Y [m],End Z [m],Final Time [ns]
0,437,10,phononTF,0.00060572,0.00200285,-0.00199662,0.000262498,994.222,0.00060572,1,0.00227662,-0.0019403,-0.0002625,1101.68
0,2443,2,phononTS,0.00249284,0.0018747,-0.00263166,-0.0002625,191.091,0.000382,1,0.00200005,-0.00200445,0.0002625,511.501
0,2646,3,phononTS,0.000543179,0.000648324,-0.00208127,-0.0002625,395.454,0.000382,1,-3.87331e-06,-0.00200471,0.0002625,739.863
0,5038,1,phononTS,0.01,0.00199473,-0.00199891,0.000229344,0,0.00191,1,0.00199824,-0.00199791,0.0002625,1018.73
0,5038,7,phononTS,0.00107408,0.00199824,-0.00199791,0.000262498,1018.73,0.00107408,1,0.0018334,-0.00180386,-0.0002625,1139.2
0,5828,17,phononTS,0.000491264,0.00248838,0.00204724,-0.000262498,4745.74,0.000382,1,0.00199658,0.00199907,0.0002625,4890.2
0,5828,2,phononTS,0.000550542,0.00189689,-0.00230508,0.000262498,270.618,0.000550542,1,0.00177499,-0.0020404,-0.0002625,394.822
0,9360,11,phononTF,0.000437123,0.001827,-0.00183555,-0.0002625,1822.87,0.000382,1,0.00199772,-0.00200201,0.0002625,2020.37
0,9360,6,phononTF,0.000561428,0.00225546,-0.00176046,0.000262498,1574.36,0.000561428,1,0.00265175,-0.00203139,-0.0002625,1700.9
0,10429,4,phononTF,0.00258318,0.0011669,-0.00237085,-0.0002625,308.195,0.000382,1,-3.96337e-07,-0.00200175,0.0002625,674.241
0,12342,13,phononTS,0.000549781,0.00382628,-0.000224165,-0.0002625,367.47,0.000382,1,0.000999314,-0.002996,0.0002625,2353.87
0,16483,12,phononTS,0.00055087,0.00199963,-0.00200181,0.000262498,349.329,0.00055087,1,0.00200214,-0.00230505,-0.0002625,469.441
0,16483,3,phononTS,0.0007028,0.00167685,-0.00278285,0.000262498,6.41774,0.000425925,1,0.00178605,-0.00280324,-0.0002625,106.332
0,16483,2,phononTS,0.00226757,0.00167685,-0.00278285,0.000262498,6.41774,0.0021501,1,0.00134106,-0.00326958,-0.0002625,174.999
0,16484,1,phononTF,0.01,0.00162964,-0.00272601,-0.000186665,0,0.00905362,1,0.00166935,-0.00268583,-0.0002625,102.351
0,24298,9,phononTF,0.000762028,0.0010107,-0.00244845,-0.000262498,383.376,0.000382,1,3.76979e-06,-0.00200419,0.0002625,607.994
0,25240,16,phononTF,0.000621168,0.00187003,-0.00204688,-0.0002625,389.91,0.000382,1,0.00199565,-0.00199605,0.0002625,577.862
0,30092,15,phononTS,0.000528978,0.00118135,-0.00235582,-0.0002625,327.215,0.000382,1,4.22322e-06,-0.002001,0.0002625,864.182
0,30635,4,phononL,0.00155786,0.00133856,-0.0028991,-0.0002625,4.20506,0.000382,1,0.00100233,-0.00299796,0.0002625,144.235
0,35690,1,phononTF,0.01,0.00101566,-0.00302022,0.000248641,0,0.002292,1,0.000999588,-0.00300333,0.0002625,318.027
0,35690,7,phononTF,0.000403103,0.000840743,-0.005,0.000190339,318.027,0.000403103,1,0.000305472,-0.0044861,-0.0002625,814.805
0,39627,13,phononTS,0.00195046,0.00102635,-0.00300305,-0.0002625,309.45,0.000764,1,0.000998614,-0.0029984,0.0002625,494.96
0,39627,14,phononTS,0.000460448,0.000998614,-0.0029984,0.000262498,494.96,0.000460448,1,0.000945991,-0.00294098,-0.0002625,589.489
0,45429,17,phononTF,0.00104897,0.00134523,-0.00263847,-0.0002625,259.857,0.000382,1,0.000995355,-0.00300324,0.0002625,509.188
0,49150,20,phononTF,0.000662292,1.11487e-06,-0.00200152,0.0002625,337.472,0.000662292,1,-0.000451705,-0.00243857,-0.0002625,617.891
0,54992,3,phononTS,0.00056904,0.00179436,-0.00248659,-0.0002625,258.389,0.000382,1,0.00200025,-0.00199961,0.0002625,573.158
0,56027,14,phononTS,0.000444536,0.00200291,-0.00200079,0.000262498,1686.27,0.000444536,1,0.00203418,-0.00270832,-0.0002625,1861.89
0,60549,22,phononTF,0.000442332,0.000995118,-0.000999833,0.000262498,4300.28,0.000442332,1,0.000296616,-0.000473306,-0.0002625,4480.5
0,60549,2,phononTF,0.00154888,0.00170069,-0.00279594,0.000262498,32.73,0.000255309,1,0.0012629,-0.00323555,-0.0002625,171.867
0,60565,13,phononTS,0.000855922,-2.24256e-06,-0.00199572,0.000262498,444.029,0.000855922,1,-4.83967e-05,-0.00202517,-0.0002625,537.987
0,60565,5,phononL,0.000392423,0.00167629,-0.00279392,0.000262498,3.4135,0.000392423,1,0.00241274,-0.00299597,-0.0002625,103.569
0,67615,10,phononTS,0.000408591,0.000996663,-0.00299594,0.000262498,294.921,0.000408591,1,0.00117439,-0.00220202,-0.0002625,488.926
0,67615,3,phononTS,0.00569313,0.00267276,-0.00428593,-0.000240397,21.7997,0.00182952,1,0.00267145,-0.00428557,-0.0002625,618.431
0,73379,20,phononTS,0.00225735,0.00100261,-0.00299739,0.000262498,554.243,0.00135153,1,0.00109864,-0.00371546,-0.0002625,729.565
0,94601,7,phononTF,0.000804224,0.00171595,-0.00306569,-0.0002625,553.096,0.000382,1,0.00199837,-0.00199926,0.0002625,1015.13
0,107709,3,phononL,0.000740143,0.00120495,-0.00287932,-0.0002625,49.564,0.000382,1,0.000998447,-0.00300203,0.0002625,181.197
0,107709,2,phononTF,0.00221639,0.00141146,-0.0027566,0.000262498,49.564,0.00198752,1,0.0013328,-0.00268972,-0.0002625,141.321
0,108841,2,phononTS,0.00121943,0.00171305,-0.00290638,-0.000262498,163.432,0.000382,1,0.00100474,-0.0029983,0.0002625,340.301
0,108841,9,phononTF,0.000460298,0.00100474,-0.0029983,0.000262498,340.301,0.000460298,1,0.000333756,-0.0042213,-0.0002625,608.387
