Run ID,Event ID,Track ID,Particle Name,Start Energy [eV],Start X [m],Start Y [m],Start Z [m],Start Time [ns],Energy Deposited [eV],Track Weight,End X [m],End Y [m],End Z [m],Final Time [ns]
0,1088,1,phononTS,0.01,-0.00200583,1.68185e-07,0.000250414,0,0.002292,1,-0.00200468,-5.31748e-07,0.0002625,25.7736
0,2888,4,phononTF,0.00158466,-0.00199828,-0.00199729,0.0002625,868.84,0.000379824,1,-0.00217697,-0.00165727,-0.0002625,1207.45
0,3016,1,phononTS,0.01,-0.00196107,-2.10823e-05,0.000225413,0,0.001146,1,-0.00199746,-2.14531e-06,0.0002625,36.5085
0,3016,6,phononTF,0.000825166,-0.00199746,-2.14531e-06,0.000262498,36.5085,0.000265204,1,-0.00226862,0.000281492,-0.0002625,148.642
0,3619,4,phononTF,0.000718845,-0.00194804,-5.50629e-05,-0.000262498,247.73,0.000382,1,-0.00200278,2.65537e-07,0.0002625,338.601
0,4117,1,phononL,0.01,-0.00202178,0.000104345,0.000233961,0,0.001528,1,-0.00200151,-3.34811e-06,0.0002625,74.1263
0,4117,4,phononTS,0.000430618,-0.00200151,-3.34811e-06,0.000262498,74.1263,0.000430618,1,-0.0019937,6.98175e-05,-0.0002625,171.626
0,4117,3,phononTS,0.000547596,-0.00376332,0.005,0.0002195,74.1263,0.000547596,1,-0.00357284,0.0045793,-0.0002625,3914.46
0,7125,8,phononTF,0.000794268,-0.00100472,-0.00100384,0.000262498,1220.6,0.000794268,1,-0.00132043,-0.000680788,-0.0002625,1339.14
0,7125,2,phononTF,0.00101778,-0.005,0.00124019,0.000111167,433.458,0.000956001,1,-0.00429028,0.000769384,-0.0002625,1243
0,7572,4,phononTS,0.00137253,-0.00196176,-3.91854e-05,-0.0002625,49.2117,0.000382,1,-0.00199858,-6.56128e-07,0.0002625,227.864
0,7572,5,phononTS,0.000471495,-0.00199858,-6.56128e-07,0.000262498,227.864,0.000471495,1,0.00368967,0.00396923,-0.0002625,1502.46
0,9970,1,phononL,0.01,-0.00193055,0.000124927,0.000122316,0,0.000764,1,-0.00199955,3.72936e-06,0.0002625,83.8192
0,9970,4,phononTS,0.000678705,0.00149348,0.005,-4.41035e-05,83.8192,0.000678705,1,0.00173429,0.00496136,-0.0002625,1258.8
0,10109,5,phononTS,0.000565948,-0.00199571,1.52278e-06,0.0002625,34.3592,0.000565948,1,-0.00202549,2.99402e-05,-0.0002625,302.931
0,20691,7,phononTS,0.00074432,-0.00199699,-2.78578e-06,0.000262498,330.327,0.00074432,1,-0.00195234,-0.000334964,-0.0002625,453.715
0,25764,1,phononTS,0.01,-0.00200299,1.73945e-06,0.000261593,0,0.002674,1,-0.00200305,1.55992e-06,0.0002625,50.3807
0,26892,1,phononL,0.01,-0.00199579,-2.14322e-05,0.000240859,0,0.001528,1,-0.00200461,-2.68186e-06,0.0002625,49.8122
0,26892,5,phononTS,0.000464782,-0.00200461,-2.68186e-06,0.000262498,49.8122,0.000464782,1,-0.00201677,-4.92852e-05,-0.0002625,146.413
0,29294,1,phononL,0.01,-0.00200031,-5.0479e-06,0.000259931,0,0.000382,1,-0.00199645,-4.00173e-06,0.0002625,23.8887
0,31095,1,phononTF,0.01,-0.00199087,-3.56763e-06,0.000250987,0,0.00191,1,-0.00199721,1.62434e-06,0.0002625,111.307
0,31095,5,phononTF,0.00119951,-0.00199721,1.62434e-06,0.000262498,111.307,0.00119951,1,-0.00175706,0.000200242,-0.0002625,217.176
0,32393,1,phononTS,0.01,-0.00201835,3.82285e-06,0.000183977,0,0.001146,1,-0.00200467,1.98983e-06,0.0002625,105.815
0,33252,10,phononL,0.000631062,-2.26678e-05,0.00219907,-0.000262498,1098.17,0.000382,1,-2.02745e-06,0.00199975,0.0002625,1162.86
0,35092,1,phononTS,0.01,-0.00199371,-7.59932e-06,0.000245927,0,0.002674,1,-0.00199833,4.15586e-06,0.0002625,62.5052
0,35441,8,phononTS,0.000419972,-0.00200485,1.18849e-06,0.000262498,225.432,0.000419972,1,-0.0020444,7.35732e-06,-0.0002625,316.262
0,35498,1,phononTS,0.01,-0.00201114,7.39282e-06,0.000225547,0,0.00191,1,-0.00199845,4.55124e-06,0.0002625,66.9494
0,37867,5,phononTF,0.00132332,-2.19273e-06,4.91077e-06,0.0002625,2968.06,0.00129283,1,-0.000410428,0.000294477,-0.0002625,3594.55
0,37867,4,phononTF,0.000857012,0.000804868,-0.00132416,0.000262498,2968.06,0.000543746,1,0.000468288,-0.000959369,-0.0002625,3092.92
0,40124,1,phononTF,0.01,-0.00204028,-4.14448e-05,0.000229422,0,0.002674,1,-0.00200143,-2.3156e-06,0.0002625,79.8231
0,40124,7,phononTS,0.00055778,-0.00200143,-2.3156e-06,0.000262498,79.8231,0.00055778,1,-0.0027192,-0.00065223,-0.0002625,309.351
0,41843,1,phononL,0.01,-0.00193755,2.56315e-05,0.000171239,0,0.002674,1,-0.00200019,3.04625e-06,0.0002625,41.2697
0,41843,7,phononL,0.000643551,-0.00200019,3.04625e-06,0.000262498,41.2697,0.000643551,1,-0.00246853,0.000429053,-0.0002625,131.672
0,41843,6,phononTS,0.000463239,-0.00200019,3.04625e-06,0.000262498,41.2697,0.000463239,1,-0.00208206,-5.50611e-06,-0.0002625,139.423
0,42540,1,phononTS,0.01,-0.00199965,1.2348e-05,0.000200884,0,0.001528,1,-0.00200492,4.14737e-06,0.0002625,120.5
0,42540,7,phononTS,0.000429513,-0.00200492,4.14737e-06,0.000262498,120.5,0.000429513,1,-0.00173381,0.000502647,-0.0002625,284.672
0,43213,7,phononL,0.00118183,-0.00199985,-0.00200291,0.000262498,761.116,0.000619611,1,-0.00223656,-0.00180159,-0.0002625,829.511
0,44190,1,phononTS,0.01,-0.00199852,2.04255e-06,0.000248621,0,0.00191,1,-0.00199942,2.10525e-06,0.0002625,77.6588
0,44190,6,phononTF,0.000729843,-0.005,0.00255208,0.000119546,77.6588,0.000729843,1,-0.00471915,0.0022825,-0.0002625,3167.14
0,44190,5,phononTS,0.00301674,-0.00199942,2.10525e-06,0.000262498,77.6588,0.00152193,1,-0.0048052,-0.000784585,-0.0002625,693.412
0,48419,6,phononTS,0.000916805,-0.00198897,-3.63836e-05,-0.0002625,147.041,0.000764,1,-0.00199961,-4.09741e-06,0.0002625,330.126
0,50695,3,phononTS,0.00103603,-0.001966,-3.87335e-05,-0.0002625,103.51,0.000382,1,-0.00199681,7.08722e-08,0.0002625,282.374
0,55214,5,phononTF,0.000717637,-0.000931617,-1.36048e-05,-0.0002625,109.956,0.000382,1,1.26551e-06,-0.00200124,0.0002625,1286.98
0,57683,1,phononTS,0.01,-0.00200167,8.58904e-06,0.000226907,0,0.001146,1,-0.00199936,-1.76017e-06,0.0002625,34.9261
0,58568,1,phononTF,0.01,-0.00194399,6.17055e-05,0.000219316,0,0.001146,1,-0.00200361,3.31722e-06,0.0002625,346.489
0,58568,4,phononTS,0.00153661,-0.00200361,3.31722e-06,0.000262498,346.489,0.000955439,1,-0.00194691,-0.000958467,-0.0002625,565.581
0,60017,1,phononTS,0.01,-0.001906,-2.12795e-06,0.000203486,0,0.000764,1,-0.00200434,7.99989e-07,0.0002625,70.4293
0,60017,5,phononTS,0.00126746,-0.00200434,7.99989e-07,0.000262498,70.4293,0.000776621,1,-0.00197842,4.82628e-05,-0.0002625,162.794
0,61799,1,phononTF,0.01,-0.00199763,-2.12288e-05,0.000205022,0,0.001146,1,-0.00199808,4.26043e-06,0.0002625,121.645
0,63732,1,phononTF,0.01,-0.00153129,-0.000527718,-0.00020156,0,0.0079452,1,-0.00149413,-0.000473464,-0.0002625,892.62
0,66706,4,phononL,0.000422398,-0.00124707,0.000612161,-0.0002625,184.721,0.000382,1,-0.00100346,0.0010031,0.0002625,414.166
0,67429,8,phononL,0.000561046,-0.000179064,0.000134526,-0.0002625,875.819,0.000382,1,5.86958e-07,-4.20578e-06,0.0002625,1072.11
0,68452,1,phononTF,0.01,-0.00200757,1.28175e-05,0.000245142,0,0.002292,1,-0.00200269,-3.03156e-06,0.0002625,27.4003
0,68452,3,phononTS,0.000636608,-0.00200269,-3.03156e-06,0.000262498,27.4003,0.000554071,1,-0.00248955,-9.27829e-06,-0.0002625,172.897
0,71324,9,phononTS,0.002794,-0.00199612,-2.7095e-07,0.0002625,774.191,0.00209031,1,-0.00197318,-3.87335e-05,-0.0002625,953.654
0,72673,5,phononTF,0.000536148,-0.00100359,0.000999064,0.0002625,689.026,0.000536148,1,-0.00144752,0.000538636,-0.0002625,972.131
0,73182,1,phononTS,0.01,-0.00201391,5.72598e-08,0.000247606,0,0.001146,1,-0.00199661,-5.01652e-07,0.0002625,73.4029
0,73182,7,phononTS,0.000904064,-0.00199661,-5.01652e-07,0.000262498,73.4029,0.000654662,1,-0.00169451,0.000239427,-0.0002625,211.687
0,73182,6,phononTS,0.00166991,-0.00199661,-5.01652e-07,0.000262498,73.4029,0.000912614,1,-0.0018172,-0.000509063,-0.0002625,231.65
0,73360,3,phononL,0.00706731,-0.00216709,2.78699e-05,0.000163178,191.112,0.001146,1,-0.00199821,3.70967e-06,0.0002625,432.967
0,73360,7,phononTF,0.00259789,-0.00199821,3.70967e-06,0.000262498,432.967,0.00248817,1,0.00015527,0.00228826,-0.0002625,979.373
0,73360,6,phononTF,0.000567338,-0.00199821,3.70967e-06,0.000262498,432.967,0.000567338,1,-0.0022849,-0.000721099,-0.0002625,609.313
0,74014,1,phononTF,0.01,-0.00200915,5.18305e-06,0.000235053,0,0.000382,1,-0.00200325,-4.80385e-06,0.0002625,133.618
0,74966,1,phononTS,0.01,-0.00198159,1.12344e-05,0.0002483,0,0.002292,1,-0.00199871,4.726e-06,0.0002625,86.283
0,75641,2,phononTS,0.00402602,-0.00195537,2.7314e-05,-0.0002625,23.6003,0.000764,1,-0.00200194,-4.899e-06,0.0002625,188.53
0,75641,8,phononTS,0.00147623,-0.00200194,-4.899e-06,0.000262498,188.53,0.0009602,1,-0.00199977,5.48233e-05,-0.0002625,285.519
0,75711,1,phononTF,0.01,-0.00171354,0.00049035,-0.000199746,0,0.00710058,1,-0.00169439,0.000509458,-0.0002625,1189.36
0,79138,1,phononTS,0.01,-0.00204448,-1.19724e-05,0.000220903,0,0.002292,1,-0.00200339,-6.70821e-07,0.0002625,98.2284
0,79138,6,phononTF,0.00191022,-0.00200339,-6.70821e-07,0.000262498,98.2284,0.00123596,1,-0.00243677,0.00051363,-0.0002625,247.258
0,83872,1,phononL,0.01,-0.00191273,-1.75119e-05,0.000179846,0,0.002674,1,-0.00199519,3.52957e-06,0.0002625,52.8273
0,83872,6,phononTF,0.00312732,-0.00199519,3.52957e-06,0.000262498,52.8273,0.00138433,1,-0.00171944,0.000315494,-0.0002625,168.921
0,84058,1,phononTF,0.01,-0.00202009,1.46224e-05,0.00022462,0,0.003056,1,-0.00200154,-4.76723e-06,0.0002625,176.102
0,85294,1,phononL,0.01,-0.00199885,-9.46906e-06,0.000253761,0,0.001528,1,-0.00200371,-2.25858e-06,0.0002625,33.5864
0,86083,1,phononTF,0.01,-0.00201658,9.28741e-06,0.000150273,0,0.002674,1,-0.00199702,-4.43689e-06,0.0002625,70.6732
0,86868,1,phononTS,0.01,-0.00200547,1.78131e-06,0.000260876,0,0.002292,1,-0.00200381,-2.3348e-06,0.0002625,22.2778
0,86868,5,phononTF,0.00321444,-0.00200381,-2.3348e-06,0.000262498,22.2778,0.00227945,1,-0.00191595,-3.778e-05,-0.0002625,114.184
0,89290,1,phononTS,0.01,-0.0019798,-1.26833e-07,0.000239776,0,0.001528,1,-0.00199506,-2.09156e-06,0.0002625,32.709
0,89290,6,phononTF,0.000491744,-0.00199506,-2.09156e-06,0.000262498,32.709,0.000491744,1,-0.00256833,-0.000591553,-0.0002625,200.463
0,95779,5,phononTF,0.000406154,-0.0020841,-8.12645e-05,-0.000262498,193.235,0.000382,1,-0.00300328,-0.000999342,0.0002625,433.385
0,100012,7,phononTS,0.00139219,-0.00200368,0.00200364,0.000262498,1016.43,0.0010854,1,-0.00344275,0.00250517,-0.0002625,1335.91
0,102496,2,phononTF,0.0050159,-0.00189914,-0.000157495,0.000134838,0.505489,0.000764,1,-0.00199913,-3.59711e-06,0.0002625,79.0076
0,102496,7,phononL,0.000712917,-0.00199913,-3.59711e-06,0.000262498,79.0076,0.000712917,1,-0.00208128,0.000208521,-0.0002625,144.43
0,102496,6,phononTF,0.00200287,-0.00199913,-3.59711e-06,0.000262498,79.0076,0.00143034,1,-0.00251838,-0.000225041,-0.0002625,222.457
0,106164,4,phononTS,0.00041744,-0.0019709,3.78604e-05,-0.000262498,163.216,0.000382,1,-0.00200118,2.76074e-06,0.0002625,256.908
0,107191,4,phononTF,0.00133411,-0.00100393,0.00100285,0.0002625,72.3403,0.000774295,1,-0.00044965,0.00154025,-0.0002625,551.563
0,108529,4,phononTS,0.000553223,-0.00200365,-5.65697e-07,0.000262498,1444.5,0.000553223,1,-0.0017095,0.000472749,-0.0002625,1607.57
0,109068,1,phononTS,0.01,-0.0019844,1.56032e-06,0.000251218,0,0.00191,1,-0.00200115,-2.0707e-06,0.0002625,49.9888
0,109068,5,phononL,0.00173788,-0.00200115,-2.0707e-06,0.000262498,49.9888,0.000636017,1,-0.00255125,2.23154e-05,-0.0002625,131.823
0,112921,1,phononTF,0.01,-0.0020036,-6.53603e-06,0.000249957,0,0.002674,1,-0.00199791,-5.93739e-07,0.0002625,25.3735
0,112921,5,phononTS,0.000843942,-0.00199791,-5.93739e-07,0.000262498,25.3735,0.000768023,1,-0.00205383,-1.23606e-05,-0.0002625,115.415
0,112921,4,phononTS,0.000956186,-0.00199791,-5.93739e-07,0.000262498,25.3735,0.00053121,1,-0.00196495,3.75583e-05,-0.0002625,118.726
0,120428,1,phononTF,0.01,-0.00198242,2.33843e-05,0.000225625,0,0.002674,1,-0.00200496,-8.44809e-07,0.0002625,61.2104
0,120428,8,phononTS,0.000505438,-0.00200496,-8.44809e-07,0.000262498,61.2104,0.000505438,1,-0.00203439,0.000205101,-0.0002625,170.279
0,120428,7,phononTS,0.000859981,-0.00200496,-8.44809e-07,0.000262498,61.2104,0.000647187,1,-0.00194989,6.18217e-05,-0.0002625,161.708
0,121233,1,phononL,0.01,-0.00199265,-6.2285e-06,0.000251313,0,0.00191,1,-0.00200074,-5.68805e-07,0.0002625,70.1053
0,121233,4,phononTF,0.00247603,-0.00200074,-5.68805e-07,0.000262498,70.1053,0.000725105,1,-0.00171126,0.000284262,-0.0002625,183.85
0,121366,1,phononTS,0.01,-0.00197914,-7.80517e-05,0.000228601,0,0.001146,1,-0.00200065,5.9738e-07,0.0002625,61.8188
0,124452,1,phononTF,0.01,-0.00198609,-1.29788e-05,0.000237943,0,0.002292,1,-0.00200243,3.05068e-06,0.0002625,196.263
0,124452,4,phononTF,0.000665395,-0.00200243,3.05068e-06,0.000262498,196.263,0.000665395,1,-0.00181185,-0.000197411,-0.0002625,297.8
0,124452,3,phononTS,0.000565583,-0.00200243,3.05068e-06,0.000262498,196.263,0.000565583,1,-0.00195518,0.000476261,-0.0002625,338.149
0,124452,2,phononTF,0.00452801,-0.00243552,0.000313316,-0.000111822,196.263,0.00207549,1,-0.00240245,0.000418864,-0.0002625,565.124
0,124847,1,phononTF,0.01,-0.00203291,2.8858e-05,0.000233335,0,0.001146,1,-0.00200142,-3.32321e-06,0.0002625,76.7345
