Run ID,Event ID,Track ID,Particle Name,Start Energy [eV],Start X [m],Start Y [m],Start Z [m],Start Time [ns],Energy Deposited [eV],Track Weight,End X [m],End Y [m],End Z [m],Final Time [ns]
0,17757,6,phononTF,0.000792884,0.00293668,-0.00240659,-0.000262498,1016.47,0.000382,1,0.000995596,0.000997527,0.0002625,1706.37
0,23603,8,phononTF,0.00043365,0.00100256,-0.00299595,0.000262498,1380.06,0.00043365,1,0.00127268,-0.00304471,-0.0002625,1487.05
0,26533,9,phononTF,0.000453462,-0.00299517,-0.00099647,0.000262498,2082.5,0.000453462,1,-0.00280001,-0.000792704,-0.0002625,2184.51
0,35533,5,phononTF,0.00051319,0.00200101,-0.00199864,0.0002625,341.958,0.00051319,1,0.00165092,-0.00166117,-0.0002625,1076.58
0,46267,7,phononTS,0.000588521,0.000169967,0.00161063,-0.0002625,1481.26,0.000382,1,1.768e-06,0.00199662,0.0002625,2220.35
0,68047,7,phononTF,0.000580959,0.00137148,-0.00335845,-0.0002625,1084.36,0.000382,1,0.00100049,-0.00300234,0.0002625,1795.8
0,68369,5,phononTS,0.000499548,0.00200091,0.00200342,0.0002625,521.009,0.000499548,1,0.000276769,0.00300007,-0.0002625,3093.36
0,90463,9,phononTF,0.000515861,-9.77976e-07,-0.00200083,0.000262498,1638.83,0.000515861,1,0.000566406,-0.00141606,-0.0002625,1804.67
0,107037,8,phononL,0.000537536,3.48182e-07,-2.56693e-06,0.000262498,2078.96,0.000537536,1,0.000279718,0.000237325,-0.0002625,2150.05
