Run ID,Event ID,Track ID,Particle Name,Start Energy [eV],Start X [m],Start Y [m],Start Z [m],Start Time [ns],Energy Deposited [eV],Track Weight,End X [m],End Y [m],End Z [m],Final Time [ns]
0,20890,11,phononTS,0.00107245,0.000137702,-0.000355811,-0.0002625,1038.21,0.000382,1,0.00199513,0.00199647,0.0002625,2170.48
0,20890,3,phononTS,0.000883074,-0.00108514,-0.00332636,0.000262498,584.931,0.000403997,1,-0.00104084,-0.00277865,-0.0002625,732.501
0,66589,11,phononTF,0.000473326,-0.00137142,-0.000547395,-0.0002625,3821.09,0.000382,1,-0.00200189,-3.85933e-06,0.0002625,4163.86
0,74216,17,phononTS,0.000548928,4.65446e-05,-0.00221618,-0.0002625,656.216,0.000382,1,2.5795e-06,-0.0019995,0.0002625,875.778
0,74216,3,phononTS,0.00153178,-0.000944648,-0.00403106,0.000262498,17.381,0.0009995,1,-0.00154907,-0.00404642,-0.0002625,174.956
0,80650,6,phononTS,0.00129164,-0.000125188,-0.00340898,-0.0002625,105.629,0.000382,1,0.000998968,-0.00299766,0.0002625,879.828
0,80650,10,phononTF,0.000761697,0.000998968,-0.00299766,0.000262498,879.828,0.000761697,1,0.000957751,-0.00295757,-0.0002625,970.243
0,83149,14,phononTS,0.00128937,-1.97267e-06,-0.00199611,0.000262498,573.018,0.000762224,1,0.000564358,-0.000774808,-0.0002625,863.475
0,100396,7,phononTF,0.000599139,-0.005,0.00178863,-4.42023e-05,2740.9,0.000382,1,-0.000995851,0.000996034,0.0002625,3671.02
