Run ID,Event ID,Track ID,Particle Name,Start Energy [eV],Start X [m],Start Y [m],Start Z [m],Start Time [ns],Energy Deposited [eV],Track Weight,End X [m],End Y [m],End Z [m],Final Time [ns]
0,319,2,phononTF,0.0018629,-0.00193632,-6.40305e-05,0.000143136,76.9885,0.000764,1,-0.00199766,-6.615e-07,0.0002625,165.193
0,319,11,phononTF,0.000878947,-0.00199766,-6.615e-07,0.000262498,165.193,0.000441991,1,-0.00280491,-0.000771052,-0.0002625,512.415
0,414,5,phononTS,0.000391138,-0.000371032,3.12445e-05,-0.0002625,566.32,0.000382,1,1.0155e-06,-1.27441e-08,0.0002625,2537.7
0,835,9,phononL,0.000725529,0.00100463,-0.00100372,0.0002625,7642.1,0.000220539,1,0.00134945,-0.000916686,-0.0002625,8364.4
0,900,20,phononTF,0.000809028,-0.00288104,-0.000868246,-0.0002625,184.454,0.000382,1,-0.0030012,-0.000998029,0.0002625,1589.68
0,3802,5,phononTF,0.000794276,-0.00282682,-0.000839364,-0.0002625,26.2204,0.000382,1,-0.0029991,-0.000996843,0.0002625,1313.34
0,4103,16,phononTS,0.000837269,-0.00205982,6.62992e-06,-0.000262498,183.796,0.000382,1,-0.00199628,3.22678e-06,0.0002625,334.691
0,4423,3,phononTF,0.0058718,-0.00200104,-7.19689e-06,0.000259777,3.23377,0.001528,1,-0.00200493,-3.10729e-06,0.0002625,217.167
0,4891,4,phononTS,0.00042732,-0.00195563,-1.54409e-05,-0.0002625,172.007,0.000382,1,-0.00199565,-3.20602e-06,0.0002625,467.322
0,4941,8,phononTF,0.00107881,-0.000254965,-0.000254487,-0.0002625,312.621,0.000382,1,-1.67608e-06,-3.16573e-06,0.0002625,2165.81
0,7399,13,phononTS,0.0011294,-0.000594931,-0.00137007,-0.0002625,158.505,0.000382,1,-2.61511e-06,-0.00199677,0.0002625,1692.39
0,7399,17,phononTS,0.000660548,-2.61511e-06,-0.00199677,0.000262498,1692.39,0.000276636,1,0.000716926,-0.000214077,-0.0002625,2344.34
0,8013,16,phononTF,0.00045466,-0.00190842,9.65314e-05,-0.000262498,369.54,0.000382,1,-0.0019983,-2.24585e-06,0.0002625,522.191
0,8373,5,phononTF,0.0013047,-0.0019974,3.54235e-06,0.0002625,107.348,0.000601245,1,-0.00207802,1.61085e-05,-0.0002625,559.814
0,9730,3,phononTF,0.00526249,-0.00196768,3.63936e-05,0.000234486,24.9657,0.001146,1,-0.00200309,2.93467e-06,0.0002625,189.763
0,9730,6,phononTS,0.000793857,-0.00200309,2.93467e-06,0.000262498,189.763,0.000586897,1,-0.002067,4.81654e-05,-0.0002625,336.457
0,12796,8,phononTS,0.00109032,-0.000977663,-0.00102462,3.55053e-05,763.012,0.000382,1,-0.000998239,-0.00100393,0.0002625,1397.79
0,14654,6,phononTS,0.000642193,-0.00102395,-0.000237304,-0.0002625,297.677,0.000382,1,0.000995415,0.000999213,0.0002625,1594.3
0,14887,15,phononTF,0.00216336,-0.00199927,-1.03246e-06,0.0002625,276.001,0.000198561,1,-0.00252003,-0.000493362,-0.0002625,531.138
0,15308,3,phononTS,0.000613479,-0.00193504,-4.28402e-06,-0.0002625,8.07498,0.000382,1,-0.00199879,7.51318e-07,0.0002625,308.137
0,17500,8,phononTF,0.000736854,-0.00299913,-0.00100133,0.0002625,15.2241,0.000736854,1,-0.00356065,-0.00149958,-0.0002625,804.671
0,20376,4,phononTF,0.00130042,-0.0020028,-0.000112119,-0.0002625,54.4777,0.000382,1,-0.00200498,2.98127e-06,0.0002625,360.099
0,20629,2,phononTS,0.000686444,-0.0020001,-4.83499e-06,0.0002625,3.97274,0.000686444,1,-0.00205856,-1.89862e-06,-0.0002625,455.151
0,23659,8,phononTS,0.00116212,-0.002056,-5.85865e-05,-0.0002625,331.053,0.000382,1,-0.00199947,-4.5528e-06,0.0002625,1907.1
0,23909,6,phononTF,0.000496178,-0.00214115,-0.000152235,-0.0002625,826.83,0.000382,1,-0.00200499,-4.57828e-06,0.0002625,1302.03
0,24690,10,phononTF,0.000442978,-0.00200205,0.000136361,-0.0002625,523.929,0.000382,1,-0.00199806,1.67107e-06,0.0002625,991.142
0,25599,3,phononTF,0.00292779,-0.00200919,9.47193e-06,0.000124727,65.6546,0.000764,1,-0.00200051,1.64815e-06,0.0002625,160.857
0,25980,15,phononTS,0.000441024,-0.00426416,-0.00222674,-0.0002625,1729.81,0.000382,1,-0.00200037,4.66076e-06,0.0002625,4367.31
0,25980,4,phononTS,0.000862041,-0.0018784,-2.37668e-05,0.000262498,84.6307,0.000217208,1,-0.0018314,1.69588e-05,-0.0002625,231.614
0,26753,6,phononTS,0.00087771,-0.00197049,0.000856383,-0.0002625,361.602,0.000382,1,-0.00199821,0.0019962,0.0002625,1169.89
0,27343,4,phononTS,0.000814586,-0.000937039,-4.94778e-06,-0.0002625,8.90508,0.000382,1,4.40502e-06,2.32577e-06,0.0002625,749.176
0,27343,3,phononTS,0.0017352,-0.00187848,-1.22213e-05,0.000262498,8.90508,0.000903089,1,0.00055154,0.00149336,-0.0002625,928.331
0,27713,4,phononTF,0.00119928,-0.00131099,-0.0012749,-0.0002625,90.9064,0.000382,1,-0.0010002,-0.0010023,0.0002625,2408.58
0,28672,3,phononTS,0.00494181,-0.00200178,-2.15184e-05,0.000245983,71.3644,0.001528,1,-0.00200135,-3.27836e-06,0.0002625,1078.9
0,32942,8,phononTF,0.000402534,-0.0026269,-0.00135853,-0.0002625,152.835,0.000382,1,-0.00200388,-0.00199649,0.0002625,1511.07
0,34217,2,phononTS,0.00377718,-0.00187417,1.29492e-05,0.000223087,294.451,0.000764,1,-0.00200168,-1.69913e-06,0.0002625,341.829
0,34412,4,phononTS,0.000602172,-0.00196559,-1.82454e-05,-0.0002625,12.3722,0.000382,1,-0.00200403,1.61878e-06,0.0002625,638.682
0,35314,6,phononTS,0.00335121,-0.00199598,-6.26089e-08,0.00025832,103.657,0.000764,1,-0.0019962,7.39284e-08,0.0002625,652.485
0,35314,8,phononTS,0.00158956,-0.0019962,7.39284e-08,0.000262498,652.485,0.000174185,1,-0.00200273,-7.27726e-06,-0.0002625,804.58
0,35954,7,phononL,0.000818906,-0.0014748,-0.000390121,-0.0002625,1054.68,0.000382,1,-0.000997723,-0.00100142,0.0002625,1588.55
0,37055,3,phononTF,0.0059675,-0.00197218,-2.74394e-05,0.000227724,42.7052,0.000382,1,-0.0019992,1.04682e-06,0.0002625,145.107
0,37533,2,phononTF,0.00228012,-0.0019852,2.97773e-05,0.000160601,31.4209,0.000764,1,-0.00199806,-4.29129e-07,0.0002625,106.953
0,37579,3,phononTS,0.00492707,-0.00199936,4.01573e-06,0.000249308,5.29305,0.001528,1,-0.00200074,1.07288e-06,0.0002625,220.041
0,37988,2,phononTF,0.00328773,-0.00187699,-1.46329e-05,0.000259912,1.4006,0.000764,1,-0.00199587,-1.9141e-07,0.0002625,35.1278
0,38777,6,phononTF,0.000528254,-0.00216406,-0.000157394,-0.0002625,720.494,0.000382,1,-0.00200292,3.39991e-06,0.0002625,1204.37
0,38804,2,phononL,0.00460573,-0.00201039,-5.45e-05,-0.000157604,31.324,0.00124821,1,-0.00203705,5.37052e-05,-0.0002625,1249.1
0,41813,11,phononTF,0.00215473,-0.00200003,4.90483e-06,0.0002625,389.613,0.000890762,1,-0.00274571,0.000506419,-0.0002625,718.019
0,42129,3,phononTF,0.00613284,-0.00199088,7.40142e-06,0.00024528,7.23159,0.000382,1,-0.00199738,8.06595e-07,0.0002625,97.8927
0,43149,5,phononTS,0.000876735,5.43936e-05,0.00196014,-0.0002625,47.0499,0.000382,1,3.60215e-07,0.0019997,0.0002625,10479
0,46111,7,phononTS,0.000787757,-0.00219464,-0.000792648,-0.000262498,818.999,0.000382,1,-0.00300315,-0.00100364,0.0002625,1159.42
0,46111,10,phononTS,0.0028129,-0.00136337,0.000486553,-5.00869e-06,601.278,0.00117202,1,-0.000924163,0.000561491,-0.0002625,1399.94
0,47100,3,phononTS,0.00489109,-0.0019886,-7.67421e-07,0.000226978,15.31,0.00191,1,-0.00200248,-3.69323e-06,0.0002625,787.658
0,47100,5,phononTS,0.000856921,-0.00200248,-3.69323e-06,0.000262498,787.658,0.000856921,1,-0.00170087,0.00118465,-0.0002625,1235.16
0,47479,7,phononTS,0.000580351,2.60605e-07,0.00199724,0.000262498,7337.74,0.000580351,1,7.15418e-05,0.00195744,-0.0002625,7498.17
0,48279,7,phononTF,0.000770078,-0.00205202,-0.0018852,-0.0002625,2033.23,0.000382,1,-0.00200477,-0.00199627,0.0002625,2941.85
0,48279,5,phononTS,0.0011704,-0.00187637,-1.1734e-05,0.000262498,7.50394,0.00100572,1,-0.0020947,3.79805e-05,-0.0002625,191.362
0,48649,2,phononTF,0.00611229,-0.00199298,9.63589e-06,0.000199698,117.471,0.001146,1,-0.00200134,6.03261e-07,0.0002625,199.124
0,50391,24,phononTS,0.000489074,-0.005,-0.000340777,-0.000196401,28668.3,0.000382,1,-5.27145e-07,-0.00199894,0.0002625,30703.6
0,50391,2,phononTS,0.0010364,-0.00189227,-2.34035e-05,0.000262498,6.79229,0.000461831,1,-0.00193247,1.04721e-05,-0.0002625,154.301
0,52082,7,phononTS,0.000505003,-0.0019316,0.000238073,-0.000262498,761.558,0.000382,1,-0.00199631,6.26666e-07,0.0002625,958.529
0,53228,5,phononTS,0.000637152,-0.00199701,-2.229e-06,0.0002625,4.53727,0.000637152,1,-0.00205038,3.50264e-06,-0.0002625,459.501
0,54627,3,phononTS,0.00365457,-0.00202733,-4.56994e-05,1.41273e-06,18.6618,0.000764,1,-0.00200009,-1.02991e-06,0.0002625,318.992
0,54627,4,phononTS,0.00196025,-0.00200009,-1.02991e-06,0.000262498,318.992,0.000531618,1,-0.00103019,0.000406404,-0.0002625,709.708
0,55009,4,phononTS,0.00368768,-0.00188669,3.80695e-05,0.000203963,199.884,0.000382,1,-0.00199899,-4.26395e-06,0.0002625,248.174
0,55149,3,phononTF,0.00693574,-0.0020025,4.75645e-06,0.000262217,43.9307,0.000382,1,-0.00200259,4.70413e-06,0.0002625,382.792
0,55949,2,phononTS,0.00118157,-0.00199539,-4.63688e-06,0.0002625,25.0249,0.000141258,1,-0.00204275,3.25759e-06,-0.0002625,495.714
0,56283,4,phononTS,0.0035564,-0.00187313,-6.74871e-05,0.00024088,63.891,0.000382,1,-0.0019976,3.12924e-07,0.0002625,111.381
0,57014,9,phononTF,0.00127867,-0.00166276,0.000317113,-0.0002625,619.201,0.000764,1,-0.00199923,2.22949e-07,0.0002625,1408.75
0,57024,10,phononTS,0.000921065,0.00300164,0.000997374,0.0002625,1472.03,0.000450839,1,0.00466709,-0.000673353,-0.0002625,8936.1
0,57145,8,phononTS,0.00218271,-0.00198742,8.09287e-05,0.000139282,961.173,0.000764,1,-0.00199965,-1.78922e-06,0.0002625,1010.6
0,57430,9,phononTS,0.00389563,-0.002014,-0.000108242,0.000196309,147.266,0.000764,1,-0.00199954,1.05043e-06,0.0002625,243.694
0,61854,11,phononTS,0.000826051,-0.000808529,0.000794125,-0.000262498,1875.72,0.000382,1,-0.00099707,0.000998591,0.0002625,2083.59
0,61996,2,phononTS,0.0059145,-0.00199515,-1.57868e-06,0.000253046,87.9323,0.00191,1,-0.00199591,1.21023e-06,0.0002625,322.497
0,62372,7,phononTS,0.00051905,-0.0018023,2.70311e-05,-0.000262498,607.492,0.000382,1,-0.00199693,3.70604e-06,0.0002625,792.526
0,62473,17,phononTS,0.000382705,-0.0020165,-0.00206105,-0.000262498,3394.15,0.000382,1,-0.00199514,-0.00199786,0.0002625,3542.67
0,64925,8,phononL,0.000648495,-0.000995237,0.00100405,0.000262498,3248.45,0.000648495,1,0.000321318,0.000579256,-0.0002625,3529.56
0,65022,4,phononTF,0.00113887,-0.0015861,-0.000304996,-0.0002625,4.23164,0.000382,1,-0.0020015,4.49223e-07,0.0002625,679.668
0,66666,3,phononTS,0.000396022,-0.00193957,-4.28924e-06,-0.0002625,25.4336,0.000382,1,-0.00200296,1.03062e-06,0.0002625,327.636
0,66791,23,phononTS,0.00115363,-0.000983027,0.00167236,-0.000262498,3972.85,0.000764,1,-0.00100206,0.000995092,0.0002625,4257.11
0,68423,2,phononTF,0.00588321,-0.00199038,2.97102e-06,0.000249783,14.9708,0.000764,1,-0.0019975,-3.56963e-06,0.0002625,82.285
0,69027,10,phononTF,0.000389705,0.00256539,0.00256262,-0.0002625,1167.9,0.000382,1,0.00199505,0.0020002,0.0002625,5950.07
0,70664,4,phononL,0.000401611,-0.00223039,0.00242475,-0.000262498,809.971,0.000382,1,-0.00199788,0.00199902,0.0002625,943.31
0,71115,2,phononTS,0.00552441,-0.00199479,2.16463e-06,0.000262025,38.6921,0.000382,1,-0.00199539,9.69871e-07,0.0002625,120.356
0,71517,5,phononTF,0.00256988,-0.00198916,1.36467e-05,0.000218996,341.462,0.000382,1,-0.00200134,6.74248e-07,0.0002625,354.706
0,72539,7,phononTS,0.000597526,0.00172105,-0.00317044,-0.000262498,4207.12,0.000382,1,0.000996125,-0.00300076,0.0002625,4522.59
0,73380,2,phononTS,0.00284481,-0.000994219,-0.000972246,-0.000260119,21.7026,0.000843286,1,-0.00099556,-0.000966817,-0.0002625,626.553
0,74513,13,phononTF,0.00038595,-0.00200186,1.1686e-07,0.0002625,1006.75,0.00038595,1,-0.00192869,-6.78457e-05,-0.0002625,1307.98
0,79668,7,phononTS,0.000584533,-0.00148657,0.00108675,-0.0002625,734.455,0.000382,1,-0.00100399,0.000999429,0.0002625,2210.94
0,81070,3,phononTS,0.00626947,-0.00199463,1.2563e-06,0.000252148,29.3517,0.001528,1,-0.00199876,2.282e-06,0.0002625,126.266
0,84275,5,phononTS,0.000812485,-0.00196984,-3.07191e-07,-0.0002625,118.862,0.000382,1,-0.00200006,1.68574e-06,0.0002625,436.332
0,84705,13,phononTS,0.00295334,-0.00198768,1.6727e-05,0.000259988,284.093,0.000382,1,-0.00200188,1.08276e-06,0.0002625,337.311
0,84705,15,phononTS,0.00144562,-0.00200188,1.08276e-06,0.000262498,337.311,0.000439117,1,-0.000789217,0.000248642,-0.0002625,801.788
0,85807,17,phononTF,0.000409838,-0.00165907,0.00109527,-0.000262498,2302.06,0.000382,1,-0.00299931,-0.00100101,0.0002625,3038.34
0,86986,3,phononTS,0.00542385,-0.00200448,3.29253e-06,0.000249005,22.0777,0.000764,1,-0.00200289,2.13833e-06,0.0002625,435.444
0,87729,5,phononTS,0.000788398,-0.00131087,0.00119333,-0.0002625,3.26523,0.000382,1,-1.99407e-06,0.00199676,0.0002625,3450.46
0,87762,14,phononTF,0.000441805,0.00225891,-0.000632637,-0.0002625,12297.5,0.000382,1,0.00299882,0.000998185,0.0002625,14828.5
0,87911,15,phononTS,0.00176334,-0.00194788,-0.000121802,-0.0002625,457.877,0.000764,1,-0.0020032,1.99105e-07,0.0002625,791.913
0,89528,9,phononTS,0.000523541,-0.00177848,1.22916e-05,-0.000262499,1748.05,0.000382,1,-0.00199542,8.25271e-07,0.0002625,1932.16
0,91249,4,phononTS,0.000726207,-0.00194225,-2.65428e-06,-0.0002625,11.6318,0.000382,1,-0.00199772,3.69173e-06,0.0002625,314.83
0,91491,7,phononTF,0.00174662,-0.0016694,0.000189975,7.38439e-05,315.029,0.000414242,1,-0.000962015,-0.000540579,-0.0002625,744.123
0,92582,4,phononTS,0.000725462,-0.00193496,-2.72478e-06,-0.0002625,6.25314,0.000382,1,-0.00199793,-8.63692e-07,0.0002625,307.015
0,95510,12,phononTF,0.0012322,-0.00200104,-3.17608e-06,0.0002625,809.549,0.00105413,1,-0.00209296,3.6556e-05,-0.0002625,1113.15
0,96136,4,phononTS,0.000643407,-0.00194332,-6.27072e-06,-0.0002625,4.33416,0.000382,1,-0.00200075,-4.12867e-06,0.0002625,306.449
0,97639,15,phononTS,0.000698085,-0.00191851,-5.22149e-05,-0.000262498,923.395,0.000382,1,-0.00199724,-2.49648e-06,0.0002625,1084.25
0,101222,2,phononTF,0.00539432,-0.00200045,-1.81457e-06,0.000244593,25.7809,0.001146,1,-0.00199911,1.87995e-06,0.0002625,93.0232
0,101781,18,phononTF,0.000438399,0.000356391,-0.0036511,-0.0002625,7476.19,0.000382,1,0.00100291,-0.00299941,0.0002625,9894.03
0,103735,16,phononL,0.000630909,-8.88101e-05,-0.00161781,-0.0002625,2179.35,0.000382,1,-1.70841e-06,-0.00199822,0.0002625,2787.35
0,104358,2,phononL,0.00565152,-0.00201027,-2.70999e-06,0.000260486,13.5132,0.000764,1,-0.00200398,-2.87483e-06,0.0002625,472.124
0,104443,5,phononTS,0.0021479,-0.00280264,-0.000591963,9.55932e-05,32.3689,0.000764,1,-0.00299904,-0.000998927,0.0002625,510.868
0,107176,8,phononTF,0.000610519,-0.00141144,-0.00142601,-0.000262498,1861.66,0.000382,1,-0.00199829,-0.00200378,0.0002625,2136.92
0,108784,2,phononTS,0.000779468,0.00207986,-0.000632246,-0.0002625,8.04926,0.000382,1,0.0010032,-0.00100367,0.0002625,8417.11
0,109631,7,phononTS,0.00145326,-0.00195854,-3.84811e-05,-0.0002625,112.872,0.000382,1,-0.00200398,-4.00442e-06,0.0002625,734.291
0,109631,12,phononTF,0.000592931,-0.00200398,-4.00442e-06,0.000262498,734.291,0.000592931,1,-0.00240878,0.000489044,-0.0002625,974.012
0,110066,5,phononTS,0.00136348,-0.00195235,-5.16218e-06,-0.0002625,88.3768,0.000382,1,-0.00200226,6.33193e-07,0.0002625,388.958
0,112364,8,phononL,0.00193149,3.70456e-05,-0.00197278,0.000148211,2019.99,0.000382,1,4.29541e-06,-0.00200054,0.0002625,3242.22
0,113403,9,phononTS,0.000615024,-0.00199647,4.93597e-06,0.0002625,214.891,0.000466252,1,-0.00196748,6.9672e-05,-0.0002625,806.228
0,113475,2,phononTS,0.00088019,-0.000758715,0.0031295,-0.0002625,23.173,0.000382,1,-0.00100074,0.00299977,0.0002625,5034.48
0,113822,5,phononTS,0.000586026,-0.00195522,-2.25346e-05,-0.0002625,178.361,0.000382,1,-0.00199885,3.7307e-06,0.0002625,475.342
0,113822,4,phononL,0.00127226,-0.0019116,-4.87998e-05,0.000262498,178.361,0.00122919,1,-0.00256031,0.000198576,-0.0002625,339.639
0,113847,8,phononTS,0.000731076,-0.00259163,-0.000688736,-0.0002625,167.454,0.000382,1,-0.00299987,-0.00100353,0.0002625,961.562
0,114263,14,phononTF,0.00040474,-0.00303341,0.00109463,-0.000262498,2335.55,0.000382,1,-0.00199676,0.00200028,0.0002625,2756.95
0,117144,5,phononTS,0.000929506,-0.00114543,0.000121077,-0.0002625,4.03879,0.000764,1,-2.07394e-07,1.26335e-06,0.0002625,750.202
0,117567,2,phononTS,0.00416536,-0.0019851,2.40905e-05,3.61473e-05,179.236,0.000764,1,-0.00199829,-1.25947e-06,0.0002625,492.747
0,118753,4,phononTF,0.00440931,-0.00199178,1.23168e-05,0.00022047,52.2218,0.001146,1,-0.00200139,1.79654e-06,0.0002625,82.4037
0,118871,4,phononTS,0.000562546,-0.00200254,-3.72493e-06,0.0002625,6.79171,0.000268483,1,-0.00206269,2.06346e-06,-0.0002625,494.987
0,120267,8,phononTS,0.000544387,-0.0012692,0.0015526,-0.0002625,2300.77,0.000382,1,-0.000999357,0.00100425,0.0002625,2881.58
0,122846,2,phononTF,0.00577719,-0.00199441,-7.6346e-06,0.000253504,7.0331,0.001146,1,-0.00200003,-2.14493e-06,0.0002625,1143.12
0,123347,12,phononTS,0.00045228,0.00111579,0.000185227,-0.0002625,9157.55,0.000382,1,-6.72362e-07,3.4961e-06,0.0002625,10548.4
0,123529,3,phononTS,0.000582776,-0.0019351,7.64252e-06,-0.0002625,35.9758,0.000382,1,-0.00199745,-1.72092e-06,0.0002625,335.328
0,124076,2,phononTF,0.00329878,-0.00199165,-1.30302e-05,0.000218805,17.883,0.000382,1,-0.00200304,-2.72527e-06,0.0002625,135.862
0,124076,12,phononTS,0.000391549,-0.00200304,-2.72527e-06,0.000262498,135.862,0.000391549,1,-0.00206659,-3.7669e-06,-0.0002625,286.512
