Run ID,Event ID,Track ID,Particle Name,Start Energy [eV],Start X [m],Start Y [m],Start Z [m],Start Time [ns],Energy Deposited [eV],Track Weight,End X [m],End Y [m],End Z [m],Final Time [ns]
0,38037,10,phononL,0.00338539,0.00138684,-0.00189446,5.85441e-05,162.653,0.000834976,1,0.00121263,-0.00176047,-0.0002625,2623.63
0,41968,8,phononTF,0.0018929,0.00242771,-0.00242326,-0.0002625,836.52,0.001146,1,0.0019993,-0.00200082,0.0002625,1289.84
0,102323,13,phononTF,0.000626153,-0.000995526,-0.000995375,0.0002625,1769.63,0.000626153,1,-0.000719792,-0.000697543,-0.0002625,2271.88
0,102323,2,phononL,0.00208697,0.00378206,-0.00324101,0.000262498,27.4941,0.00187176,1,0.00490622,-0.00349939,-0.0002625,263.656
0,111759,16,phononTS,0.000590113,0.00100214,-0.0010039,0.000262498,3513.48,0.000290135,1,0.00159428,-0.00105248,-0.0002625,3772.08
0,167491,12,phononTS,0.000911667,0.00302975,0.000986532,0.000208262,1033.18,0.000382,1,0.00299724,0.00100231,0.0002625,2616.31
0,197332,4,phononTS,0.000666777,0.0029009,-0.00262726,-0.0002625,65.4223,0.000382,1,0.00199921,-0.00199918,0.0002625,908.031
0,197332,3,phononTS,0.000924985,0.0038026,-0.00325533,0.000262498,65.4223,0.000924985,1,0.00393716,-0.00328167,-0.0002625,236.178
0,248827,4,phononTS,0.000734628,0.005,-0.00456067,-0.000151378,10.2228,0.000382,1,-0.000999438,0.00299509,0.0002625,3854
0,293556,19,phononTF,0.000413196,-0.0010007,0.00299714,0.000262498,2702.43,0.000413196,1,-0.00106342,0.00306263,-0.0002625,2852.64
0,302070,13,phononTS,0.000395343,-2.43644e-05,-0.000248596,-0.0002625,2485.2,0.000382,1,1.16812e-06,-2.28335e-06,0.0002625,2866.24
0,302070,8,phononTS,0.000858888,0.00378994,-0.00325589,0.000262498,5.41883,0.000858888,1,0.00405704,-0.00330646,-0.0002625,198.576
0,302070,7,phononTS,0.000516028,0.00378994,-0.00325589,0.000262498,5.41883,0.000516028,1,0.00381754,-0.00325242,-0.0002625,164.002
0,341844,16,phononTF,0.000595394,0.0019951,-2.4339e-07,0.000262498,1887.65,0.000595394,1,0.00155681,-0.00047179,-0.0002625,2121.32
0,455120,7,phononTS,0.00102454,0.00288909,-0.00333563,-0.0002625,753.416,0.000382,1,0.00200412,-0.00199876,0.0002625,1833.61
0,459403,17,phononTS,0.000532855,0.0010022,0.000996946,0.000262498,2278.94,0.000532855,1,0.00232549,0.000348959,-0.0002625,2797.79
0,459677,15,phononL,0.00115108,0.00264764,0.000584848,-0.0002625,3500.44,0.000382,1,0.00299703,0.00100264,0.0002625,3865.09
0,460861,14,phononTS,0.000626862,-0.00301883,0.005,-0.000150619,3878.65,0.000382,1,-0.0009987,0.00300477,0.0002625,5778.5
0,460861,5,phononTS,0.000587991,0.00378729,-0.00324287,0.000262498,4.93454,0.000587991,1,0.0037236,-0.00319417,-0.0002625,151.424
0,461715,13,phononTF,0.00111074,0.00182336,-0.00215679,-0.0002625,1214.27,0.000382,1,0.00200039,-0.00199609,0.0002625,1539.17
0,462080,6,phononTS,0.000707293,0.00190332,-0.000629016,-0.0002625,70.7945,0.000382,1,-1.93712e-06,0.00199694,0.0002625,2155.12
0,462080,5,phononTF,0.00118056,0.00380857,-0.00325496,0.000262498,70.7945,0.000623959,1,0.00407791,-0.00297803,-0.0002625,255.023
0,488770,18,phononTS,0.000906776,0.00300044,0.000997894,0.0002625,3429.24,0.000906776,1,0.00404023,0.00316761,-0.0002625,5018.08
0,488829,11,phononTS,0.000470118,0.00195841,-0.00181193,-0.000262498,2498.48,0.000382,1,0.00200105,-0.00199928,0.0002625,2677.08
0,488829,4,phononTF,0.000950141,0.00233245,0.005,-8.84939e-05,60.1459,0.0004982,1,0.00242627,0.00474616,-0.0002625,3713.45
0,512143,13,phononTS,0.00051671,0.000612457,-0.00103436,-0.0002625,2374.35,0.000382,1,0.00100051,-0.00100359,0.0002625,3251.81
0,512143,7,phononL,0.000591867,0.00377951,-0.00325327,0.000262498,1.58781,0.000591867,1,0.00430867,-0.00323182,-0.0002625,138.561
0,512143,6,phononTS,0.000624501,0.00377951,-0.00325327,0.000262498,1.58781,0.000624501,1,0.00384318,-0.00325187,-0.0002625,151.986
0,543809,19,phononTF,0.00107307,0.00362005,0.000401332,-0.0002625,471.419,0.000382,1,0.00300341,0.00100308,0.0002625,1730.55
0,543809,10,phononTF,0.000627157,0.00382993,-0.00329857,0.000262498,85.5817,0.000627157,1,0.0041846,-0.00306461,-0.0002625,284.708
0,558941,4,phononTF,0.000543922,0.00289106,-0.000620071,-0.0002625,11.2016,0.000382,1,0.00199877,0.00199836,0.0002625,1677.59
0,558941,3,phononTS,0.000811315,0.00378334,-0.00323849,0.000262498,11.2016,0.000811315,1,0.00370262,-0.00418659,-0.0002625,375.044
0,573172,8,phononTF,0.000417414,0.00289118,-0.0026229,-0.0002625,4.40803,0.000382,1,0.00200262,-0.0019976,0.0002625,712.987
0,573172,7,phononTS,0.000829139,0.00377973,-0.0032482,0.000262498,4.40803,0.000829139,1,0.00274236,-0.00459732,-0.0002625,597.587
0,583978,5,phononTS,0.000838134,0.00438069,-0.00244302,-0.0002625,6.01143,0.000382,1,0.00199583,-1.59842e-06,0.0002625,1673.35
0,587519,13,phononTF,0.000602514,0.00322508,-0.00277644,-0.000262498,311.314,0.000382,1,0.00200007,-0.00199868,0.0002625,765.115
0,609559,18,phononTS,0.000420876,1.75111e-06,6.61961e-07,0.000262498,2841.78,0.000420876,1,-0.000479138,-0.00104946,-0.0002625,3261.68
0,644195,16,phononTS,0.000605315,0.00299685,0.00100318,0.000262498,1964.54,0.00024592,1,0.00147001,0.0017013,-0.0002625,2553.79
0,688924,18,phononTF,0.000634105,0.000941558,-0.00310931,-0.0002625,1547.03,0.000382,1,0.00100117,-0.00299913,0.0002625,1854.18
0,716997,16,phononTS,0.000695438,0.00202041,-8.37065e-05,-0.000262498,1675.66,0.000382,1,0.00200341,1.77203e-06,0.0002625,1839.75
0,719004,24,phononTS,0.000641256,0.00299457,-0.005,-0.000153084,904.851,0.000555087,1,0.00304189,-0.00482525,-0.0002625,7337.37
0,722858,7,phononTS,0.000577427,-0.00303477,0.005,-7.02402e-05,616.311,0.000382,1,3.87927e-06,0.00199921,0.0002625,4829.05
0,723951,31,phononTS,0.000464768,-1.21899e-06,0.00199811,0.000262498,7267.33,0.000464768,1,-0.000287673,0.00258321,-0.0002625,7564.47
0,751117,13,phononTS,0.00061768,-0.00199653,-0.00200476,0.000262498,2326.26,0.00061768,1,-0.00196784,-0.00179192,-0.0002625,2510.3
0,751117,6,phononTF,0.000830633,0.00373854,-0.00330806,0.000262498,220.33,0.000360829,1,0.00370644,-0.00327921,-0.0002625,368.802
0,812266,17,phononTF,0.00191219,0.00109866,-0.000897958,-0.000258186,547.433,0.000764,1,0.00100328,-0.00100417,0.0002625,1842.27
0,910577,12,phononTF,0.000534453,0.00199707,2.09797e-06,0.000262498,2135.57,0.000534453,1,0.001167,-0.000797273,-0.0002625,2492.26
0,961495,9,phononTS,0.000523479,0.00200493,5.21117e-07,0.0002625,3831.23,0.000523479,1,0.00205818,0.000428186,-0.0002625,4597.87
0,961495,5,phononTS,0.000482547,0.00379041,-0.00326512,0.000262498,22.0936,0.000482547,1,0.00354822,-0.00284578,-0.0002625,277.641
0,961495,4,phononTS,0.00136195,0.00379041,-0.00326512,0.000262498,22.0936,0.000847052,1,0.00373996,-0.00321733,-0.0002625,168.912
0,971124,18,phononTS,0.000891288,-0.005,-0.0037093,4.98256e-05,2928.05,0.000370605,1,-0.00371954,-0.00224176,-0.0002625,5421.47
0,974890,18,phononTF,0.000387823,0.00130234,-0.00267232,-0.000262498,4300.22,0.000382,1,0.00100053,-0.00300056,0.0002625,4494.02
0,975440,13,phononTF,0.000491124,1.81138e-06,-1.2076e-06,0.0002625,1972.37,0.000491124,1,0.00020071,-0.000196894,-0.0002625,2475.09
0,975440,3,phononTS,0.000779929,0.00377879,-0.00325552,0.000262498,28.7647,0.000199327,1,0.00359419,-0.00329136,-0.0002625,206.749
0,978403,12,phononTF,0.000441082,0.00370085,-0.000807547,-0.000262498,1718.33,0.000382,1,0.00199947,-4.03936e-06,0.0002625,2298.64
0,1033852,13,phononTS,0.000977555,-0.0019951,-3.7934e-08,0.0002625,185.299,0.000886357,1,-0.00473843,0.00152707,-0.0002625,3211.61
0,1033852,12,phononTS,0.00121538,0.0030447,-0.00257627,-0.000225767,185.299,0.00099095,1,0.00298818,-0.00256749,-0.0002625,441.624
0,1060079,22,phononTF,0.0018788,0.00285965,-0.00244964,0.000145339,861.485,0.000382,1,0.00199732,-0.00199531,0.0002625,1832.79
0,1106273,11,phononTF,0.000594492,-0.00087151,-0.00106933,-0.0002625,3112.85,0.000382,1,-0.000998739,-0.00100167,0.0002625,3734.36
0,1142465,9,phononL,0.000900955,0.00167737,-0.00214295,-0.0002625,2262.47,0.000382,1,0.000998613,-0.00299544,0.0002625,2734.59
0,1159814,4,phononTS,0.000573218,0.00189124,-0.000624723,-0.0002625,4.20461,0.000382,1,2.34085e-06,0.00200062,0.0002625,2081.59
0,1270225,12,phononTF,0.00157507,0.000147926,-0.000176725,-0.0002625,4036.1,0.000764,1,-4.477e-06,3.63128e-07,0.0002625,4363.08
0,1270225,13,phononTF,0.000549461,-4.477e-06,3.63128e-07,0.000262498,4363.08,0.000549461,1,0.000587731,0.000573496,-0.0002625,4638.38
0,1270225,6,phononTF,0.00132011,0.00362077,-0.00295947,0.000262498,1339.42,0.000685863,1,0.00374642,-0.00282858,-0.0002625,1495.97
0,1289215,13,phononTF,0.000385926,0.00100178,0.0010025,0.0002625,2316.43,0.000385926,1,0.00107638,0.00117582,-0.0002625,2799.86
0,1289215,11,phononTS,0.0011737,0.00377688,-0.00325866,0.000262498,20.7862,0.000324841,1,0.00376308,-0.00325281,-0.0002625,168.7
0,1297992,7,phononTF,0.00169965,0.00128399,-0.0032913,-0.0002625,62.6639,0.001146,1,0.000998789,-0.00299959,0.0002625,1777.13
0,1302985,9,phononTS,0.000405187,0.00180362,-0.00440337,-0.0002625,29.4588,0.000382,1,0.00100469,-0.00300288,0.0002625,1520.94
0,1302985,8,phononTF,0.000733922,0.00378342,-0.00324533,0.000262498,29.4588,0.000113076,1,0.00393616,-0.00341143,-0.0002625,190.458
0,1411971,9,phononL,0.00120789,0.00339719,-0.00111927,-0.0002625,37.432,0.000382,1,0.00300103,0.00100447,0.0002625,875.718
0,1561166,10,phononTS,0.000445702,0.000425973,-0.00195996,-0.0002625,1323.89,0.000382,1,4.508e-06,-0.00199844,0.0002625,1776.52
0,1561166,5,phononL,0.000440995,0.00378387,-0.0032513,0.000262498,28.229,0.000440995,1,0.00372249,-0.00382953,-0.0002625,171.639
0,1561166,4,phononTS,0.000435717,0.00378387,-0.0032513,0.000262498,28.229,0.000435717,1,0.00375832,-0.0032148,-0.0002625,183.15
0,1573014,13,phononTS,0.00114801,0.0019387,0.00206568,-0.0002625,3101.28,0.000382,1,0.00200168,0.00200257,0.0002625,3440.26
0,1573014,14,phononTF,0.000598172,0.00200168,0.00200257,0.000262498,3440.26,0.000598172,1,0.00209951,0.00209991,-0.0002625,3593.43
0,1604890,10,phononTF,0.000402151,0.000999291,-0.00299919,0.0002625,1021.58,0.000402151,1,0.000666707,-0.00331187,-0.0002625,1609.3
0,1612919,18,phononTS,0.000799659,0.00199614,-0.00200404,0.000262498,1885.16,0.000213112,1,0.00201393,-0.00193943,-0.0002625,2033.96
0,1625908,18,phononTS,0.000413237,-0.000998312,0.00299563,0.000262498,4295.95,0.000413237,1,-0.00029837,0.00307962,-0.0002625,4586.87
0,1626335,10,phononTS,0.00179315,0.00261399,-0.00300252,-0.0002625,573.666,0.000382,1,-0.0010024,0.00100426,0.0002625,3866.6
0,1626335,11,phononL,0.000684158,-0.000874752,0.00086705,6.62086e-05,3866.6,0.000684158,1,-0.00273785,0.000658355,-0.0002625,4299.9
0,1626335,6,phononTS,0.000467338,0.00374865,-0.00332372,0.000262498,207.779,0.000467338,1,0.00376036,-0.00244882,-0.0002625,547.142
0,1626335,4,phononTF,0.000952531,0.00377742,-0.00325495,0.000262498,2.68829,0.000952531,1,0.00328607,-0.00270668,-0.0002625,262.151
0,1642200,17,phononTS,0.000600144,0.00328085,-0.00231834,-0.0002625,580.197,0.000382,1,0.00199996,-0.00200463,0.0002625,2082.2
0,1672089,19,phononTS,0.000748456,0.001001,-0.00100021,0.000262498,2149.58,0.000748456,1,0.00123662,-1.33584e-05,-0.0002625,2533.72
0,1712303,4,phononTF,0.00132774,0.00139881,-0.00212623,-0.0002625,8.2593,0.000764,1,-0.00100375,-0.00099588,0.0002625,1595.26
0,1767999,30,phononL,0.000647266,0.00200478,-0.00200454,0.000262498,5837.03,0.000647266,1,0.00176522,-0.0022091,-0.0002625,5954.77
0,1785479,13,phononTS,0.00091955,0.00198929,-0.00245585,-0.000262498,3894.14,0.000382,1,0.00200325,-0.00200018,0.0002625,4129.6
0,1805567,21,phononTS,0.000523915,0.000390962,0.0019623,-0.0002625,2134.22,0.000382,1,0.000995385,0.000997351,0.0002625,2974.97
0,1805567,2,phononTS,0.00152396,0.00378337,-0.00324697,0.000253198,3.11243,0.000999647,1,0.00392885,-0.00345932,-0.0002625,203.288
0,1845065,7,phononTF,0.000488663,0.00240818,-0.00236564,-0.0002625,342.803,0.000382,1,3.1016e-06,4.67358e-06,0.0002625,1812.11
0,1845065,5,phononTS,0.000780891,0.00378386,-0.00325055,0.000262498,3.26478,0.000453575,1,0.00383842,-0.00283056,-0.0002625,228.517
0,1918662,17,phononTF,0.000411202,0.00127559,-0.00130422,-0.000262498,2902.49,0.000382,1,0.000999199,-0.00100448,0.0002625,3092.21
0,1965791,13,phononTS,0.000581196,0.00105018,0.00226649,-0.0002625,2834.47,0.000382,1,-4.27723e-06,0.00199762,0.0002625,3652.54
0,1995373,8,phononTS,0.000551604,0.00199561,-0.00200131,0.000262498,2440.77,0.000551604,1,0.00195249,-0.00201551,-0.0002625,2597.09
0,2005633,14,phononTS,0.000590987,0.00370219,-0.000790099,-0.0002625,835.373,0.000382,1,0.00300427,0.000997747,0.0002625,2137.08
0,2014897,7,phononL,0.00122744,0.00100733,-0.00340809,-0.000262498,1805.55,0.000382,1,0.00100113,-0.0030018,0.0002625,1929.92
0,2014897,8,phononTF,0.000481498,0.00100113,-0.0030018,0.000262498,1929.92,0.000481498,1,0.00173708,-0.00223009,-0.0002625,2264.59
0,2018042,3,phononTS,0.00142158,0.00198982,-5.83682e-05,-0.000257326,21.2394,0.000382,1,0.00199943,4.7215e-06,0.0002625,3225.59
0,2090612,6,phononTF,0.00237689,0.00185602,-0.00213932,-0.0002625,1726.69,0.000382,1,0.00200095,-0.00199772,0.0002625,4235.42
0,2114310,9,phononTS,0.000742782,0.0027782,-0.00251336,-0.0002625,343.428,0.000382,1,0.00200395,-0.00200115,0.0002625,1090.86
0,2120177,9,phononTS,0.000436791,0.00199865,-4.33421e-07,0.000262498,4391.82,0.000436791,1,0.0021774,-4.91313e-05,-0.0002625,4568.58
0,2173944,12,phononTS,0.00045842,0.00199776,-0.00200399,0.000262498,838.293,0.00045842,1,0.00196492,-0.00194926,-0.0002625,986.061
0,2173944,10,phononTF,0.000650868,0.00377992,-0.00324933,0.000262498,2.22008,0.000650868,1,0.00355027,-0.00349435,-0.0002625,179.485
0,2173944,9,phononTF,0.000524374,0.00377992,-0.00324933,0.000262498,2.22008,0.000524374,1,0.00391451,-0.00350451,-0.0002625,177.92
0,2188638,14,phononTS,0.000538965,-0.00387805,-0.00108461,-0.0002625,3884.57,0.000382,1,-0.00299887,-0.00099525,0.0002625,4558.54
0,2214638,11,phononTS,0.000431701,0.005,-0.00494072,-0.000118062,1269.13,0.000431701,1,0.00472932,-0.00495666,-0.0002625,2637.78
0,2222869,7,phononTS,0.000490097,0.00237685,-0.00250799,-0.0002625,1516.6,0.000382,1,0.00200434,-0.0020011,0.0002625,2104.17
0,2222869,6,phononTS,0.00101204,0.00274935,-0.00301487,0.000262498,1516.6,0.00052209,1,0.00345758,-0.00421271,-0.0002625,1999.13
0,2230393,10,phononTF,0.000491928,0.00167054,-0.00170158,-0.000262498,1417.42,0.000382,1,-0.000999176,-0.000997884,0.0002625,2254.18
0,2230393,7,phononTS,0.000614488,0.0037633,-0.00324322,0.000262498,27.7377,0.000614488,1,0.00296732,-0.00373406,-0.0002625,402.83
0,2230393,6,phononTF,0.00127738,0.0037633,-0.00324322,0.000262498,27.7377,0.00127738,1,0.0045824,-0.0024536,-0.0002625,380.687
0,2230393,5,phononTS,0.00128709,0.00361263,-0.00378394,-0.00021145,27.7377,0.00128709,1,0.0034987,-0.00407544,-0.0002625,393.82
0,2233961,8,phononTS,0.000482945,0.00200099,3.21727e-06,0.000262498,3481.53,0.000482945,1,0.0020577,5.85967e-05,-0.0002625,3627.92
0,2337551,9,phononTS,0.00128307,0.00090877,-0.00297085,-6.06679e-05,30.5722,0.000382,1,0.00100248,-0.002997,0.0002625,1003.75
0,2337551,15,phononTS,0.000644026,0.00100248,-0.002997,0.000262498,1003.75,0.000465995,1,0.00107845,-0.00304213,-0.0002625,1164.48
0,2337551,8,phononTF,0.00116759,0.00381807,-0.0032329,0.000262498,30.5722,0.000714176,1,0.0039706,-0.0030637,-0.0002625,191.712
0,2337551,2,phononL,0.00135426,0.00379036,-0.00325214,0.000262498,1.85781,0.0003659,1,0.00376731,-0.00279329,-0.0002625,131.227
0,2340409,4,phononTF,0.0016162,0.00290412,-0.00261292,-0.0002625,11.7184,0.000382,1,0.00200174,-0.00199903,0.0002625,725.261
0,2408489,16,phononTF,0.000435782,-0.00100134,0.00300314,0.0002625,5591.21,0.000435782,1,-0.0012831,0.00274628,-0.0002625,6138.86
0,2499690,13,phononTF,0.000562772,0.00189697,-0.00410987,-0.0002625,336.579,0.000382,1,0.000997209,-0.00300266,0.0002625,1728.75
0,2590669,12,phononL,0.000517974,0.00228823,-0.000952249,-0.0002625,351.155,0.000382,1,0.00200204,3.19e-06,0.0002625,1363.56
0,2618685,13,phononTS,0.000454532,0.00281263,-0.00171936,-0.0002625,933.806,0.000382,1,0.000996969,-0.000995385,0.0002625,2310.64
0,2618685,3,phononTS,0.0007237,0.00378136,-0.00325478,0.000262498,7.49974,0.0007237,1,0.00346783,-0.00103698,-0.0002625,823.004
0,2661161,22,phononTF,0.00043336,0.000349793,0.000387154,-0.0002625,3742.28,0.000382,1,3.83185e-06,3.80614e-07,0.0002625,4165.88
0,2685088,5,phononTF,0.00125579,0.000852761,-0.00118242,-0.000123439,11.9569,0.000382,1,0.00100386,-0.0010029,0.0002625,1295.39
0,2699102,20,phononTF,0.000402476,0.00361065,-0.00210801,-0.0002625,336.547,0.000382,1,0.000998435,0.000996533,0.0002625,2518.68
0,2701461,8,phononTS,0.00130051,0.000998111,-0.00394386,-0.000246813,172.165,0.000382,1,0.00100066,-0.00299824,0.0002625,1613.48
0,2701461,11,phononTS,0.000843931,0.00100066,-0.00299824,0.000262498,1613.48,0.000534572,1,0.000972721,-0.00296615,-0.0002625,1767.77
0,2738394,18,phononTF,0.000892413,0.000570563,-0.00139098,-0.0002625,3557.65,0.000382,1,0.000997031,-0.00100332,0.0002625,4004.41
0,2738394,19,phononTF,0.000493863,0.000997031,-0.00100332,0.000262498,4004.41,0.000493863,1,0.00179838,-0.00182637,-0.0002625,4360.29
0,2826180,13,phononTF,0.000649893,0.000775736,0.000771957,-0.000262498,2615.75,0.000382,1,0.00100176,0.00100376,0.0002625,2790.06
0,2831944,8,phononTS,0.00045769,0.00261297,-0.00243468,-0.0002625,155.563,0.000382,1,0.00199885,-0.00199931,0.0002625,1134.84
0,2866716,20,phononTF,0.000744147,0.00172344,-0.00242818,-0.000262498,1901.88,0.000382,1,0.00200197,-0.00199792,0.0002625,2120.04
0,2896325,13,phononTS,0.000512265,-0.0010045,0.00100259,0.000262498,2230.54,0.000512265,1,-0.00119913,0.000824487,-0.0002625,2435.22
0,2926672,13,phononTS,0.000464928,0.00100193,-0.00300074,0.0002625,289.854,0.000464928,1,0.000951287,-0.00301476,-0.0002625,1499.69
0,2929669,10,phononTS,0.000575637,0.00300499,0.00100357,0.000262499,3223.55,0.000575637,1,0.00303922,0.00125945,-0.0002625,3414.83
0,2950077,14,phononTS,0.000552269,-0.0043288,0.005,-0.000220646,319.338,0.000552269,1,-0.0042764,0.00490244,-0.0002625,4285.95
0,2950077,3,phononTF,0.000517765,0.00375283,-0.00326957,0.000262498,39.5916,0.000517765,1,0.0035071,-0.00302142,-0.0002625,217.318
0,2950077,2,phononTS,0.0022021,0.00375283,-0.00326957,0.000262498,39.5916,0.0022021,1,0.00369887,-0.0032202,-0.0002625,186.522
0,3059471,16,phononTF,0.000840088,0.0017176,-0.00234279,-0.000262498,1779.89,0.000382,1,0.00200282,-0.00199677,0.0002625,1979.4
0,3082649,16,phononTS,0.00195332,2.95021e-06,-0.00200257,0.000262498,3323.97,0.001315,1,5.57092e-05,-0.00202328,-0.0002625,3472.79
0,3082649,2,phononTS,0.000420719,0.00377368,-0.00325004,0.000262498,6.21398,0.000420719,1,0.00375754,-0.00318803,-0.0002625,158.541
0,3118487,6,phononTS,0.000546661,0.00199636,-0.00161446,-0.0002625,5.17596,0.000382,1,0.00199834,-0.00200242,0.0002625,1028
0,3118487,5,phononTS,0.00112459,0.00179182,-0.005,7.91009e-05,5.17596,0.00112459,1,0.00267587,-0.00456865,-0.0002625,1115.1
0,3118487,4,phononTS,0.000816626,0.00378488,-0.00325599,0.000262498,5.17596,0.000689639,1,0.00351342,-0.00371256,-0.0002625,272.673
0,3152574,16,phononTS,0.000437921,0.00099761,-0.00100424,0.000262498,6655.89,0.000437921,1,0.00066546,-0.00105155,-0.0002625,6862.33
0,3152574,8,phononTS,0.00129613,0.00382145,-0.00335432,0.000262498,122.555,0.00103539,1,0.00243808,-0.0040483,-0.0002625,658.384
0,3172761,17,phononTS,0.000891668,-0.00200003,-0.00199791,0.000262499,2481.77,0.000891668,1,-0.00195116,-0.00167668,-0.0002625,2685.89
0,3172761,2,phononL,0.00143062,0.00377123,-0.00324256,0.000262498,41.6758,0.000665547,1,0.00381904,-0.00309447,-0.0002625,151.797
0,3179120,13,phononTS,0.00060631,0.000999178,-0.000997985,0.0002625,1849.61,0.00060631,1,0.00143302,-0.000994958,-0.0002625,3371.95
0,3179120,6,phononTF,0.00144363,0.0037829,-0.00325497,0.000262498,3.33769,0.000947826,1,0.0038478,-0.00332589,-0.0002625,153.762
0,3181450,7,phononTS,0.00057528,0.00163551,-0.00179908,-0.0002625,1987.84,0.000382,1,0.0020043,-0.00199544,0.0002625,2465.49
0,3183093,19,phononTS,0.000581859,-0.00199507,0.00199662,0.000262498,7070.23,0.000581859,1,-0.00201452,0.0022422,-0.0002625,7264.16
0,3216436,11,phononTF,0.000685797,0.00260269,-0.00263627,-0.0002625,1295.53,0.000382,1,0.0020019,-0.00199946,0.0002625,1870.12
0,3216436,8,phononL,0.00225296,0.00393877,-0.00336218,0.00025776,66.6054,0.00177892,1,0.00376362,-0.0029638,-0.0002625,421.626
0,3290603,12,phononTS,0.000541785,-0.005,0.00417334,-0.000261619,9709.9,0.000541785,1,-0.0049969,0.00417529,-0.0002625,9739.87
0,3290603,5,phononTS,0.000629759,0.00382027,-0.00325258,0.000262498,42.8844,0.000417411,1,0.00382234,-0.00320216,-0.0002625,200.19
0,3310174,17,phononTF,0.000522361,0.0019984,-0.00200187,0.000262498,945.38,0.000522361,1,0.0038409,-0.00476749,-0.0002625,1911.8
0,3341176,4,phononTS,0.00150088,0.00199635,7.95855e-07,0.0002625,52.4125,0.00104668,1,0.00206223,5.58776e-05,-0.0002625,3878.86
0,3376992,7,phononTS,0.000805399,0.00299209,-0.00258856,-0.000262498,605.525,0.000382,1,0.00199702,5.31194e-07,0.0002625,1573.48
0,3376992,8,phononTS,0.000393578,0.00199702,5.31194e-07,0.000262498,1573.48,0.000393578,1,0.00194883,-3.40141e-05,-0.0002625,1731.25
0,3383505,24,phononTF,0.000664576,0.00200228,-0.00200379,0.0002625,2500.47,0.000664576,1,0.00149561,-0.00149062,-0.0002625,3254.7
0,3409540,12,phononTF,0.000673422,0.00200048,-0.00199811,0.0002625,290.577,0.00021171,1,0.00149624,-0.00148875,-0.0002625,1296.13
0,3468066,21,phononTS,0.000430303,3.71469e-06,6.16316e-07,0.000262498,4574.54,0.000430303,1,-0.00091505,-0.000595957,-0.0002625,4994.42
0,3483140,19,phononTS,0.00045369,-0.00208644,0.00155213,-0.0002625,3472.86,0.000382,1,-0.00100049,0.00100083,0.0002625,4512.12
0,3499056,4,phononTS,0.000954563,0.00100918,-0.000945203,0.00011035,1.35166,0.000382,1,0.00100492,-0.00100332,0.0002625,1074.35
0,3499056,9,phononTF,0.000439007,0.00100492,-0.00100332,0.000262498,1074.35,0.000439007,1,0.000779341,-0.00126251,-0.0002625,1253.88
0,3525760,4,phononTS,0.000953356,0.00109374,0.00105896,-0.0002625,16.2349,0.000382,1,0.000999876,0.000997219,0.0002625,1905.68
0,3555390,19,phononTF,0.000996365,-0.00100439,0.000997182,0.000262498,2029.71,0.000757908,1,0.000534215,0.00175036,-0.0002625,2563.07
0,3555390,3,phononTS,0.00126405,0.00377803,-0.00324902,0.000262498,4.50671,0.000211929,1,0.00368781,-0.00320857,-0.0002625,167.553
0,3590150,7,phononTS,0.000397729,0.005,-0.0030104,-0.000164646,1.8613,0.000382,1,0.00199912,1.47999e-06,0.0002625,2795.14
0,3637835,18,phononTF,0.000569776,0.00100032,0.00100317,0.0002625,1261.94,0.000569776,1,0.000438687,0.00143742,-0.0002625,2036.1
0,3637835,10,phononTS,0.00150141,0.00485428,-0.00416683,-0.000120359,90.6895,0.00107959,1,0.00484708,-0.00416931,-0.0002625,530.735
0,3668850,16,phononTF,0.00180667,0.00192264,-7.3544e-05,2.9907e-05,2121.5,0.000764,1,0.00199877,-4.49716e-07,0.0002625,2289.01
0,3668850,14,phononTS,0.00333121,0.00360926,-0.00303143,-0.000250957,846.807,0.00172742,1,0.0035424,-0.00295656,-0.0002625,875.153
0,3670403,10,phononTS,0.000589701,0.00200126,-3.11862e-06,0.000262498,2467.13,0.000589701,1,0.00194139,-5.13735e-05,-0.0002625,2623.39
0,3764999,13,phononTS,0.000984809,-0.0011575,0.00195234,-0.0002625,6220.58,0.000382,1,-0.000997717,0.00300346,0.0002625,7813.03
0,3772762,15,phononTF,0.00058625,-0.005,-0.000314792,-9.87303e-05,351.328,0.000382,1,-0.00100134,0.000999663,0.0002625,4349.24
0,3772762,14,phononTF,0.0018296,0.00389925,-0.00392428,0.00014511,351.328,0.00133581,1,0.00341488,-0.0035061,-0.0002625,786.253
0,3775533,12,phononTS,0.000429717,0.00200351,-0.0019968,0.000262498,3317.81,0.000429717,1,0.00199164,-0.00217242,-0.0002625,3496.46
0,3775533,8,phononL,0.000754387,0.00378468,-0.00330185,0.000262498,37.4109,0.000754387,1,0.00402141,-0.00468286,-0.0002625,316.148
0,3775533,7,phononTS,0.000794119,0.00378468,-0.00330185,0.000262498,37.4109,0.000521058,1,0.00452396,-0.00425766,-0.0002625,489.984
0,3811143,20,phononTS,0.000835322,0.00210045,-0.00201282,-0.0002625,1642.75,0.000382,1,0.00199612,-0.00199866,0.0002625,1972.63
0,3815020,18,phononTS,0.000459655,0.00199628,-0.00200079,0.000262498,1349.04,0.000459655,1,0.00159675,-0.00143028,-0.0002625,1660.39
0,3833419,13,phononTF,0.000875017,0.00325819,-0.00208783,-0.0002625,886.726,0.000382,1,0.000998799,-0.00100128,0.0002625,2253.04
0,3836731,5,phononTS,0.000759849,0.0029998,0.000997989,0.0002625,375.399,0.000759849,1,0.000515808,0.00341317,-0.0002625,2898.22
0,3852540,9,phononTS,0.000485741,0.00349504,-0.00363795,-0.0002625,21.9442,0.000382,1,0.000998577,-0.0010036,0.0002625,2197.44
0,3852540,8,phononTS,0.000628699,0.00377444,-0.00325223,0.000262498,21.9442,0.000628699,1,0.00382853,-0.00283775,-0.0002625,245.961
0,3852540,7,phononL,0.000629283,0.00377444,-0.00325223,0.000262498,21.9442,0.000423082,1,0.00425665,-0.00334214,-0.0002625,154.788
0,3904181,15,phononTF,0.000743929,0.00222281,-0.000256675,-0.0002625,1209.13,0.000382,1,0.000998183,0.00100479,0.0002625,2242.97
0,3904181,14,phononTS,0.000800289,0.00344744,-0.00151814,0.000262498,1209.13,0.000800289,1,0.00394461,-0.00151699,-0.0002625,1454.96
0,3917887,23,phononTS,0.000463224,-2.39609e-08,2.62394e-07,0.0002625,1018.36,0.000463224,1,-5.10146e-05,-8.85299e-05,-0.0002625,2123.24
0,3927769,10,phononTS,0.00132653,0.00214261,-0.00197589,-0.0002625,2261.78,0.000382,1,0.00200149,-0.00199728,0.0002625,2773.94
0,3927769,13,phononTS,0.000608439,0.00364016,-0.00126797,-7.63277e-05,2773.94,0.000180483,1,0.00258438,-0.00231906,-0.0002625,3922.75
0,3928400,18,phononTS,0.000526764,-0.00100127,0.00100133,0.000262498,2962,0.000526764,1,-0.000974144,0.0010167,-0.0002625,3114.87
0,3928400,3,phononTF,0.00265336,0.00388129,-0.00284876,-0.000124493,4.21464,0.00228614,1,0.00407187,-0.00265508,-0.0002625,692.168
0,3946042,11,phononTS,0.000842315,0.00420423,-0.00388998,-0.0002625,1776.43,0.000382,1,0.00200411,-0.00200459,0.0002625,3007.98
0,3946042,7,phononTF,0.00213619,0.00194881,-0.00256798,-8.67177e-05,996.391,0.00182216,1,0.000474665,-0.00404026,-0.0002625,2166.12
0,3956215,14,phononTF,0.000692483,0.00086976,-0.00242249,-0.0002625,1274.15,0.000382,1,3.19025e-06,-0.00199514,0.0002625,1944.61
0,3957010,13,phononTS,0.000458973,0.00299711,-0.00265216,-0.000262498,542.382,0.000382,1,0.00199729,-0.001997,0.0002625,990.308
0,3957010,8,phononTS,0.000421996,0.00378327,-0.00326304,0.000262498,5.06702,0.000421996,1,0.00193097,-0.00167373,-0.0002625,769.994
0,3957010,7,phononTF,0.00100481,0.00378327,-0.00326304,0.000262498,5.06702,0.00021251,1,0.00457275,-0.00401682,-0.0002625,346.111
0,3965471,14,phononTF,0.00127811,0.00199566,-0.00200027,0.000262498,2178.44,0.00127811,1,0.0017159,-0.00226505,-0.0002625,2361.86
0,3966499,3,phononTF,0.00160335,0.00256722,0.000601387,-0.0002625,36.3428,0.000382,1,0.00200475,4.89024e-06,0.0002625,2360.88
0,3966499,18,phononL,0.000987125,0.00200475,4.89024e-06,0.000262498,2360.88,0.000314583,1,0.00180456,0.000582016,-0.0002625,2509.56
0,3974895,11,phononTS,0.000584332,0.0029972,0.000997924,0.000262498,2695.67,0.000584332,1,0.00299669,0.000965826,-0.0002625,2848.24
0,3974895,6,phononTF,0.000800046,0.00376662,-0.00325443,0.000262498,19.9364,0.000458901,1,0.00403855,-0.00350231,-0.0002625,200.329
0,3974895,5,phononTS,0.00135309,0.00376662,-0.00325443,0.000262498,19.9364,0.000884844,1,0.00368904,-0.00346606,-0.0002625,213.755
0,3974895,4,phononL,0.00199794,0.00376662,-0.00325443,0.000262498,19.9364,0.00115208,1,0.00401417,-0.00277751,-0.0002625,159.644
0,4005928,10,phononTS,0.000578437,0.0019329,-0.00261551,-0.0002625,797.35,0.000382,1,0.00100378,-0.00299569,0.0002625,1578.06
0,4005928,6,phononTS,0.000606513,0.00376837,-0.00325315,0.000262498,59.3685,0.000606513,1,0.00381019,-0.00328128,-0.0002625,222.165
0,4014513,9,phononTS,0.000535041,0.00299639,0.00102417,-0.0002625,1373.77,0.000382,1,0.00300243,0.00100044,0.0002625,1671.76
0,4018122,10,phononTS,0.000597963,-0.005,0.00109659,-0.000135564,1029.17,0.000382,1,-0.00300095,-0.00100239,0.0002625,6276.55
0,4082199,6,phononTS,0.000411826,0.00238981,-0.00153762,-0.0002625,838.796,0.000382,1,0.00100398,-0.000999688,0.0002625,1890
0,4115083,14,phononTF,0.000391665,0.000923979,-0.0029186,-0.0002625,2087.55,0.000382,1,0.000997195,-0.00299753,0.0002625,2540.72
0,4123792,9,phononTF,0.00126782,0.00106892,-0.00107449,-0.0002625,1554.9,0.000764,1,0.00100324,-0.00100126,0.0002625,1855.93
0,4137363,10,phononTS,0.000561112,-0.00274007,0.005,-0.000174616,274.133,0.000561112,1,-0.00282489,0.00478094,-0.0002625,4894
0,4137363,6,phononTS,0.000426084,0.00377799,-0.00325395,0.000262498,19.8268,0.000426084,1,0.00392789,-0.00318171,-0.0002625,202.754
0,4137363,5,phononTS,0.000437242,0.00377799,-0.00325395,0.000262498,19.8268,0.000437242,1,0.00373354,-0.00319033,-0.0002625,166.583
0,4137363,4,phononTS,0.000487494,0.00377799,-0.00325395,0.000262498,19.8268,0.000487494,1,0.00371583,-0.00326286,-0.0002625,169.555
0,4144159,8,phononTS,0.00182792,0.00199985,-0.00199318,0.000257632,300.659,0.000382,1,0.00199712,-0.00199522,0.0002625,923.903
0,4144159,9,phononTS,0.000816813,0.00199712,-0.00199522,0.000262498,923.903,0.000816813,1,0.00202588,-0.0020308,-0.0002625,1078.25
0,4159534,6,phononTS,0.000548508,-0.000578007,-0.00341317,-0.0002625,1083.73,0.000382,1,-0.00299793,-0.000995842,0.0002625,2958.48
0,4224448,21,phononTS,0.000458432,0.000995869,-0.00299675,0.000262498,1429.22,0.000458432,1,0.00104078,-0.00298528,-0.0002625,1576.54
0,4224448,2,phononTF,0.0030234,0.00322448,-0.00381724,-0.000249569,11.9841,0.00162382,1,0.00322093,-0.00381788,-0.0002625,370.531
0,4240678,11,phononTS,0.000448293,-0.005,0.00272972,-0.000251634,1774.97,0.000448293,1,-0.00494241,0.00279329,-0.0002625,4851.62
0,4240678,5,phononTF,0.001647,0.00354662,-0.00282257,-0.000208927,72.609,0.00122601,1,0.00359607,-0.00299423,-0.0002625,254.225
0,4301952,16,phononL,0.000434315,-2.71226e-05,-0.00226372,-0.0002625,1873.28,0.000382,1,1.19978e-07,-0.00199873,0.0002625,2130.15
0,4305018,17,phononTS,0.00100598,0.00299807,0.000995167,0.0002625,1329.35,0.00018955,1,0.00255418,0.0018484,-0.0002625,2472.47
0,4317543,4,phononL,0.00179481,0.00082092,-0.000821055,2.72635e-05,1227.93,0.000382,1,0.000996201,-0.000995836,0.0002625,4701.35
0,4319445,12,phononTS,0.000481409,0.00111482,-0.00179285,-0.0002625,725.157,0.000382,1,0.000998434,-0.00100275,0.0002625,1378.28
0,4394296,11,phononTF,0.0005656,0.00100349,-0.00100037,0.000262498,3237.97,0.0005656,1,0.00121353,-0.00101508,-0.0002625,3404.21
0,4394296,8,phononTS,0.000489482,0.00384072,-0.00327184,0.000262498,210.165,0.000489482,1,0.00378244,-0.00330095,-0.0002625,358.306
0,4412028,14,phononTS,0.00133382,0.00319068,-0.005,-0.000246732,1204.98,0.000382,1,0.00100242,-0.00300134,0.0002625,2984.9
0,4429059,4,phononTS,0.00156037,0.00420824,-0.00313263,-0.0002625,11.2514,0.001146,1,0.00199934,-0.00200089,0.0002625,2809.59
0,4429059,11,phononTF,0.00333632,0.00422926,-0.00325152,-3.95831e-05,402.921,0.00206188,1,0.00406444,-0.00307406,-0.0002625,618.909
0,4429059,13,phononTF,0.00064524,0.005,-0.000706359,-0.000257305,618.909,0.000455289,1,0.00499676,-0.000702827,-0.0002625,3850.19
0,4557777,4,phononTF,0.00149071,0.00123415,-0.00134471,-0.000222143,4.79173,0.000382,1,0.00100151,-0.000999393,0.0002625,2266.87
0,4588931,18,phononTS,0.000595841,-0.000119491,0.00146554,-0.0002625,2029.08,0.000382,1,-2.69961e-06,0.00200058,0.0002625,2558.82
0,4589303,19,phononTS,0.000632291,0.00310461,-0.00259206,-0.0002625,371.544,0.000382,1,0.00199957,-0.00200274,0.0002625,1261.06
0,4589303,2,phononTF,0.0015866,0.00334158,-0.00388914,5.47711e-05,2.98489,0.0015866,1,0.005,-0.00224322,-0.000196211,1076.47
0,4594536,20,phononL,0.000661756,0.00174634,-0.005,9.28734e-05,1237.89,0.000382,1,-1.11685e-06,-0.00199546,0.0002625,2215.88
0,4594536,17,phononTF,0.00115154,0.00372148,-0.00335882,0.000262498,207.104,0.000996583,1,0.00420082,-0.00290577,-0.0002625,447.528
0,4616290,15,phononTF,0.000468518,0.00154618,-0.00153474,-0.0002625,689.447,0.000382,1,1.33101e-06,-3.96488e-06,0.0002625,3484.52
0,4630579,6,phononTS,0.00217198,0.00201291,-0.000347684,-0.0002625,3919.6,0.000764,1,0.00199722,-2.158e-06,0.0002625,4341.95
0,4670673,17,phononTS,0.000433728,0.00157133,-0.00347804,-0.0002625,1384.28,0.000382,1,-0.00100179,-0.000999493,0.0002625,3306.2
0,4670673,14,phononTS,0.000458492,0.00376053,-0.00327705,0.000262498,139.142,0.000458492,1,0.00308799,-0.00359477,-0.0002625,460.321
0,4676113,15,phononTS,0.000738497,4.07066e-05,-0.00211502,-0.0002625,2961.85,0.000382,1,3.08457e-06,-0.001998,0.0002625,3296.31
0,4679495,8,phononTF,0.000663002,0.0010506,-0.00101422,-0.0002625,1219.31,0.000382,1,-0.00100032,0.00100147,0.0002625,2866.97
0,4679495,5,phononL,0.000997439,0.003802,-0.00328827,0.000262498,207.227,0.000206282,1,0.00377108,-0.00351131,-0.0002625,319.854
0,4693013,9,phononTS,0.00176595,0.000997511,-0.00100021,0.0002625,1201.26,0.00148597,1,0.00141729,-0.00102042,-0.0002625,3728.68
0,4693013,4,phononTS,0.000409902,0.00419317,-0.00334296,0.000262498,305.251,0.000409902,1,0.0041764,-0.00392819,-0.0002625,562.939
0,4693013,11,phononTS,0.00246079,0.00420791,-0.00265174,-0.000180404,949.478,0.000930079,1,0.00455741,-0.00226989,-0.0002625,1297.01
0,4737329,14,phononL,0.000520352,0.00199942,-0.00200289,0.0002625,1050.9,0.000520352,1,-0.00294107,-0.0017954,-0.0002625,2662.17
0,4752749,14,phononTF,0.000908188,0.00285692,-0.0027876,-0.0002625,2210.85,0.000382,1,0.000999389,-0.00100189,0.0002625,3697.52
0,4753899,9,phononTF,0.0004651,0.00113824,-0.000876369,-0.0002625,1916.99,0.000382,1,0.00100013,-0.0010016,0.0002625,2230.85
0,4775558,12,phononTS,0.000431687,0.00199528,-0.00200483,0.0002625,1643.46,0.000431687,1,-0.00123363,0.000549798,-0.0002625,4286.68
0,4775558,4,phononTS,0.000494388,0.00379193,-0.0032487,0.000262498,7.80253,0.000494388,1,0.00442728,-0.00350408,-0.0002625,312.067
0,4776179,7,phononTF,0.00125028,0.00287575,-0.000520013,-0.0002625,52.0903,0.000382,1,0.00199786,1.58624e-06,0.0002625,1766.88
0,4776179,8,phononTS,0.000843483,0.00199786,1.58624e-06,0.000262498,1766.88,0.000843483,1,0.000943802,-0.00223735,-0.0002625,2581.31
0,4790630,14,phononTS,0.000489729,0.000327425,-0.00431111,-0.000262498,5359.26,0.000382,1,0.00100124,-0.00299816,0.0002625,5876.33
0,4816255,11,phononTS,0.000612214,0.00345586,-0.005,0.000227689,162.363,0.000382,1,0.000998141,-0.00299685,0.0002625,2275.11
0,4904555,13,phononTS,0.000654469,0.00321926,-0.00294298,-0.000262498,416.23,0.000382,1,3.42123e-06,0.00200273,0.0002625,2241.87
0,4920474,11,phononTS,0.000431101,-0.00116764,-0.000990741,-0.000262498,2721.24,0.000382,1,-0.0010039,-0.000998886,0.0002625,2899.59
0,4920474,7,phononL,0.000707959,0.00362674,-0.00340798,0.000262498,198.62,0.000707959,1,0.00353715,-0.00377299,-0.0002625,320.584
0,4957119,3,phononTF,0.00086433,0.000907589,-0.000873609,-0.000239345,22.0784,0.000382,1,0.00100431,-0.00100086,0.0002625,1388.67
0,4963317,13,phononTF,0.000597956,-0.000999233,-0.00100024,0.000262498,3740.29,0.000597956,1,-0.00128378,-0.00127487,-0.0002625,3925.5
0,4963317,2,phononTF,0.00127399,0.00378071,-0.00325844,0.000262498,18.183,0.00127399,1,0.00321679,-0.00269514,-0.0002625,288.462
0,5079698,20,phononL,0.000675124,-0.00112174,0.00338513,-0.0002625,7260.84,0.000382,1,-0.00100116,0.00300334,0.0002625,7509.12
0,5079698,9,phononTS,0.000810161,0.00357222,-0.00324902,0.000262498,234.582,0.000810161,1,0.00352261,-0.00406113,-0.0002625,555.56
0,5097194,16,phononTS,0.000913787,0.00193763,-0.00219751,-0.000262498,1968.49,0.000764,1,0.00199641,-0.00199588,0.0002625,2158.41
0,5115200,2,phononTS,0.00150165,0.00289059,-0.00262916,-0.0002625,9.78283,0.000382,1,0.00199881,-0.00200412,0.0002625,846.972
0,5115200,17,phononTS,0.000466576,0.00199881,-0.00200412,0.000262498,846.972,0.000466576,1,0.00101558,-0.0019505,-0.0002625,1219.16
0,5155380,22,phononTF,0.000400051,0.000109749,-0.00213226,-0.0002625,1099.55,0.000382,1,-3.54689e-06,-0.00200279,0.0002625,1412.61
0,5167886,11,phononTF,0.00153845,-0.00209592,0.000109642,-0.0002625,388.241,0.000382,1,-0.00199659,4.72473e-06,0.0002625,3141.88
0,5167886,12,phononTF,0.00104939,-0.00199659,4.72473e-06,0.000262498,3141.88,0.00104939,1,-0.00222937,-0.000219685,-0.0002625,3315.64
0,5201627,13,phononTF,0.000791178,0.000997324,-0.00100069,0.000262498,1888.33,0.000497695,1,0.00119623,-0.000820936,-0.0002625,2054.27
0,5201627,4,phononTS,0.000400489,0.00377988,-0.00324586,0.000262498,10.5339,0.000400489,1,0.00395743,-0.00328843,-0.0002625,187.417
0,5201627,3,phononL,0.000542011,0.00377988,-0.00324586,0.000262498,10.5339,0.000542011,1,0.00384881,-0.00359828,-0.0002625,131.136
0,5214781,11,phononTS,0.000502213,0.000998936,0.00100037,0.0002625,2506.67,0.000502213,1,0.00095826,0.000998272,-0.0002625,3409.21
0,5214781,4,phononTS,0.00113139,0.00377599,-0.00324379,0.000262498,10.5988,0.000498853,1,0.00371515,-0.00327406,-0.0002625,158.515
0,5215687,5,phononTS,0.000763311,0.00199675,-0.00200453,0.0002625,280.009,0.000763311,1,0.000230115,-0.00126861,-0.0002625,1577.91
0,5228302,8,phononTS,0.000444795,0.00239265,-0.00312372,-0.0002625,10.031,0.000382,1,0.00100441,-0.00299711,0.0002625,1054.87
0,5228302,7,phononTS,0.000398994,0.00378088,-0.00325033,0.000262498,10.031,0.000398994,1,0.00445466,-0.00316514,-0.0002625,295.29
0,5228302,6,phononTF,0.00182638,0.00378088,-0.00325033,0.000262498,10.031,0.00134398,1,0.00346163,-0.00290838,-0.0002625,208.092
0,5247543,17,phononTS,0.000395185,0.00139724,3.73823e-05,-0.0002625,3602.79,0.000382,1,-0.0020038,0.00200409,0.0002625,6089.8
0,5328630,5,phononTF,0.00141986,0.00289747,-0.0040569,-0.0002625,60.9093,0.000382,1,0.00200387,-0.00199598,0.0002625,1673.71
0,5328630,13,phononTS,0.00086931,0.00200387,-0.00199598,0.000262498,1673.71,0.000558257,1,0.00195236,-0.00193698,-0.0002625,1820.19
0,5365208,17,phononTF,0.000412434,0.00145874,-0.00142588,-0.0002625,1604.64,0.000382,1,0.00100484,-0.00100065,0.0002625,3515.24
0,5367458,7,phononTS,0.000522064,0.00250233,-0.000622641,-0.0002625,347.353,0.000382,1,7.01871e-07,0.0019966,0.0002625,2370.67
0,5367458,5,phononTS,0.000439576,0.00259667,-0.005,-0.000173259,2.3212,0.000439576,1,0.00229571,-0.00449355,-0.0002625,886.028
0,5387632,11,phononTS,0.000417039,0.00264921,-0.005,5.83671e-05,489.881,0.000382,1,-1.41251e-06,-0.0019971,0.0002625,2382.35
0,5392926,10,phononTF,0.000445252,-0.00123625,0.000118437,-0.0002625,2046.54,0.000382,1,-0.00299555,-0.000999416,0.0002625,3007.54
0,5412807,13,phononTS,0.000617599,0.00166017,-0.00279648,-0.0002625,1573.6,0.000382,1,0.00100273,-0.0029979,0.0002625,2179.09
0,5412807,12,phononTS,0.000481202,0.0023176,-0.00259507,0.000262498,1573.6,0.000481202,1,0.00225184,-0.00276603,-0.0002625,1759.14
0,5430342,6,phononTS,0.000690908,0.00305779,-0.005,-0.00020056,66.9284,0.000382,1,-4.72866e-06,-0.00200181,0.0002625,1907.22
0,5430342,5,phononTF,0.00148963,0.00228196,-0.000295559,0.000198315,66.9284,0.00148963,1,0.0025218,-4.26031e-05,-0.0002625,1830.03
0,5492280,15,phononL,0.000725895,0.00200274,-0.0020011,0.000262498,3000.92,0.000542171,1,0.00177438,-0.00232016,-0.0002625,3124.79
0,5555768,4,phononTS,0.000829839,0.00189847,-0.00162954,-0.0002625,11.4203,0.000382,1,4.2969e-06,-3.51739e-06,0.0002625,1573.94
0,5574256,10,phononTS,0.000752099,0.0010032,-0.00300219,0.0002625,1151.34,0.000752099,1,0.000680698,-0.00392309,-0.0002625,1892.93
0,5574256,3,phononTS,0.000623894,0.00378586,-0.00324962,0.000262498,4.7226,0.000623894,1,0.00374514,-0.00329693,-0.0002625,151.698
0,5580282,16,phononTF,0.000662581,0.00204147,-0.00187602,-0.0002625,2932.87,0.000382,1,0.00199805,-0.00199548,0.0002625,3241.47
0,5636587,6,phononTS,0.000492996,0.00100647,-0.00229222,-0.000262498,1409.56,0.000382,1,0.00099867,-0.00299547,0.0002625,1703.03
0,5679972,15,phononTF,0.000397364,0.00200444,1.56313e-06,0.000262498,8614.21,0.000397364,1,0.00179527,0.000217247,-0.0002625,8785.06
0,5679972,11,phononTS,0.000631741,0.00439046,-0.00395593,0.000262498,482.45,0.000631741,1,0.00442738,-0.0039716,-0.0002625,643.338
0,5738039,15,phononTF,0.00105699,-0.000453491,0.00355266,-0.0002625,99.0355,0.000382,1,-0.000996449,0.00299983,0.0002625,3534.86
0,5738039,16,phononTS,0.000423232,-0.000996449,0.00299983,0.000262498,3534.86,0.000423232,1,0.00207591,-0.000553539,-0.0002625,4980.36
0,5742965,12,phononL,0.000587029,0.00100053,-0.0010011,0.000262498,1614.66,6.36845e-05,1,0.00231907,-0.00120857,-0.0002625,1881.05
0,5782000,14,phononTF,0.00112532,0.00100361,-0.000998942,0.0002625,835.957,0.000245722,1,-0.000977478,0.000573348,-0.0002625,3051.65
0,5814031,20,phononTF,0.000653071,0.00200108,-0.00200362,0.000262498,835.501,0.000653071,1,0.00223551,-0.00221768,-0.0002625,1008.2
0,5814031,2,phononTF,0.00277889,0.0047768,-0.00379918,3.4556e-06,5.29436,0.00072428,1,0.00467116,-0.00390593,-0.0002625,528.571
0,5895085,11,phononL,0.000422203,0.0021374,-0.00310331,-0.0002625,798.228,0.000382,1,0.000999692,-0.00299507,0.0002625,1260.87
0,5909675,20,phononTS,0.000388128,-0.00200098,-0.0019991,0.000262498,10077,0.000388128,1,-0.00108198,-0.00201315,-0.0002625,10428
0,5989507,5,phononTS,0.000664088,0.00103308,-0.00294605,-0.000262498,2030.88,0.000382,1,0.000997299,-0.00299665,0.0002625,2178.5
0,6012958,6,phononTS,0.00210307,0.00200442,-0.00198805,1.95492e-05,2592.18,0.00210307,1,0.00141336,-0.00200304,-0.0002625,3653.25
0,6067340,12,phononTF,0.000617873,0.00200138,-0.00199541,0.000262498,1105.32,0.000617873,1,0.00240175,-0.00240868,-0.0002625,1324.8
0,6077319,4,phononTS,0.000859173,0.00369474,-0.00323294,-0.0002625,72.1051,0.000382,1,0.00100256,-0.00100002,0.0002625,1353.61
0,6127931,19,phononTS,0.000419397,0.000997458,-0.00314721,-0.0002625,2538.11,0.000382,1,0.000996355,-0.00300224,0.0002625,4586.11
0,6157583,15,phononTF,0.000623153,0.000995469,-0.00299865,0.000262498,2368.1,0.000623153,1,0.00125479,-0.00325432,-0.0002625,2548.19
0,6212985,15,phononTF,0.000430883,0.00300397,0.000999586,0.0002625,2495.75,0.000430883,1,0.00292422,0.00108376,-0.0002625,2835.74
0,6260924,12,phononTS,0.000447042,0.00200011,-0.00200026,0.000262498,486.04,0.000447042,1,0.00190386,-0.00215823,-0.0002625,673.244
0,6269717,5,phononTS,0.000476051,7.52519e-05,-0.00083212,-0.0002625,9.13081,0.000382,1,-1.84589e-07,-2.10591e-06,0.0002625,1724.37
0,6269717,4,phononL,0.00114911,0.00379004,-0.00324635,0.000262498,9.13081,0.000416315,1,0.00405189,-0.00316785,-0.0002625,124.154
0,6278985,12,phononTF,0.000435009,-0.00215892,-0.0021484,-0.0002625,2556.02,0.000382,1,-0.00200017,-0.00200254,0.0002625,2875.77
0,6278985,7,phononTS,0.00145004,0.00063951,0.000452717,-9.04766e-05,1.96503,0.000504808,1,0.00168645,-0.000954226,-0.0002625,2077.3
0,6410719,6,phononTS,0.00108551,0.00376462,-0.00325274,-0.000262498,157.71,0.000382,1,0.0019981,-0.00199897,0.0002625,864.896
0,6410719,7,phononTS,0.000672957,0.0019981,-0.00199897,0.000262498,864.896,0.000518127,1,0.00204383,-0.00204775,-0.0002625,1011.82
0,6411359,18,phononTS,0.00111569,0.0028672,-0.00263274,-0.0002625,42.9881,0.000382,1,0.00200348,-0.00200451,0.0002625,868.881
0,6417359,18,phononL,0.000483018,0.00221357,-0.00232182,-0.0002625,623.785,0.000382,1,0.00199923,-0.00199823,0.0002625,1117.62
0,6441542,6,phononTS,0.00202183,-0.000229264,7.39691e-05,0.000120469,23.9755,0.000382,1,-4.19106e-06,4.22413e-06,0.0002625,1669.07
0,6444254,11,phononTF,0.000447787,0.00163136,0.00065158,-0.0002625,568.959,0.000382,1,-4.99758e-06,0.0020005,0.0002625,2442.68
0,6486214,23,phononTS,0.000469075,-0.005,0.00162293,-0.00024418,498.748,0.000469075,1,-0.00393496,0.00291163,-0.0002625,4167.12
0,6526779,13,phononTF,0.000497605,-0.005,0.00243302,0.000221446,621.729,0.000497605,1,-0.00443395,0.00301104,-0.0002625,4657.2
0,6526779,12,phononTS,0.00138168,0.00392066,-0.00356525,-0.000262498,621.729,0.00138168,1,0.005,-0.00465282,-0.00025858,1063.19
0,6578634,19,phononTS,0.000439832,-8.68258e-07,-0.00199509,0.000262498,2093.25,0.000439832,1,2.65676e-05,-0.0013311,-0.0002625,2381.13
0,6651544,10,phononTF,0.0011644,0.00100338,-0.00300347,0.000262498,2123.89,0.000817656,1,0.00051183,-0.00253631,-0.0002625,2365.39
0,6651544,8,phononTF,0.000678167,0.00378414,-0.0032427,0.000262498,54.059,0.000678167,1,0.003033,-0.00400674,-0.0002625,390.323
0,6670128,20,phononTS,0.00050989,0.00100013,0.000995327,0.000262498,4568.97,0.00050989,1,0.000333422,0.000997154,-0.0002625,4855.79
0,6742923,15,phononTS,0.000616236,-1.24072e-07,-0.00199674,0.000262498,1878.56,0.000389447,1,-2.82296e-05,-0.00193663,-0.0002625,2026.69
0,6742923,13,phononTS,0.000692493,0.00402636,-0.00377585,0.000262498,411.048,0.000200653,1,0.00398458,-0.00406325,-0.0002625,608.666
0,6752373,22,phononTS,0.000521084,0.00200423,-0.00199914,0.0002625,1542.18,0.000521084,1,0.00199809,-0.00169948,-0.0002625,1893.28
0,6752373,17,phononTS,0.000474588,0.0033397,-0.00365514,0.000262498,869.103,0.000474588,1,0.00328069,-0.00274168,-0.0002625,1230.23
0,6765580,9,phononTS,0.000441189,1.42798e-06,-7.39346e-07,0.0002625,2774.4,0.000441189,1,-3.36585e-05,3.30454e-05,-0.0002625,3968.63
0,6797432,11,phononTF,0.00043077,0.00307779,-0.00311065,-0.0002625,4094.8,0.000382,1,0.000997522,-0.00100176,0.0002625,7203.74
0,6797432,5,phononTF,0.000882406,0.00377881,-0.00324608,0.000262498,9.15949,0.000882406,1,0.00354885,-0.00302089,-0.0002625,183.231
0,6871057,15,phononTS,0.000706507,-0.00214674,0.0024998,-0.0002625,6539.77,0.000382,1,-0.00100487,0.00299897,0.0002625,7305.42
0,6873946,17,phononL,0.000761799,-0.00216779,-0.00171956,-0.0002625,2685.21,0.000382,1,-0.00200064,-0.00200004,0.0002625,2922.16
0,6903015,4,phononTS,0.000847198,0.00262356,-0.005,-0.000110987,13.4753,0.000382,1,0.00200249,-0.00199946,0.0002625,1808.81
0,6905855,14,phononTS,0.000644972,-4.56832e-05,-0.00206858,-0.0002625,1638.82,0.000382,1,-4.51981e-06,-0.00200383,0.0002625,1932.67
0,6905855,5,phononTS,0.00045033,0.00379067,-0.00322087,0.000262498,346.53,0.00045033,1,0.00390947,-0.00316784,-0.0002625,513.149
0,6905855,4,phononTF,0.000548576,0.00379067,-0.00322087,0.000262498,346.53,0.000548576,1,0.00369547,-0.00309431,-0.0002625,502.32
0,6905855,3,phononTF,0.00179889,0.00391345,-0.00254522,-0.000248824,346.53,0.00146385,1,0.00330157,-0.00244351,-0.0002625,816.849
0,6905855,2,phononTS,0.00178179,0.00379067,-0.00322087,0.000262498,346.53,0.00106179,1,0.00374406,-0.00319798,-0.0002625,495.267
0,6907690,10,phononTF,0.000442273,0.00199599,-4.26532e-06,0.000262498,1270.14,0.000442273,1,0.00149642,-0.000479988,-0.0002625,1514.47
0,6907690,8,phononTS,0.000528596,0.0037821,-0.00324937,0.000262498,1.94903,0.000528596,1,0.00383002,-0.00320164,-0.0002625,148.81
0,6919427,6,phononTS,0.00046276,0.00134225,-0.0038935,-0.0002625,1406.17,0.000382,1,0.00100278,-0.00300311,0.0002625,2891.17
0,6926021,10,phononTS,0.000730936,0.00196575,-0.00199692,-0.0002625,4126.97,0.000382,1,0.00200226,-0.00199509,0.0002625,4430.98
0,6926021,9,phononTS,0.000959284,0.00192924,-0.00199875,0.000262498,4126.97,0.000873666,1,0.00225053,-0.00195682,-0.0002625,4331.26
0,6926021,4,phononTS,0.000911123,0.00377624,-0.00325948,0.000262498,12.3198,0.00061903,1,0.00307916,-0.00290261,-0.0002625,344.661
0,6926021,3,phononTS,0.00186123,0.00377624,-0.00325948,0.000262498,12.3198,0.00146615,1,0.00378268,-0.00333996,-0.0002625,177.81
0,7055325,9,phononTS,0.00069742,0.005,-0.00459298,-0.000113563,1489.84,0.000382,1,0.00199838,-0.00200083,0.0002625,2722.7
0,7055325,7,phononTS,0.00103387,0.005,-0.00222822,-6.5921e-05,489.334,0.00103387,1,0.00498209,-0.00224359,-0.0002625,998.961
0,7055325,2,phononTS,0.00138256,0.005,-0.00306136,-8.39084e-05,8.83668,0.00138256,1,0.00472466,-0.00304689,-0.0002625,582.956
0,7076670,7,phononL,0.00046851,0.00289409,-0.0026267,-0.0002625,6.69082,0.000382,1,0.00200171,-0.00199824,0.0002625,477.83
0,7092047,19,phononTS,0.000812455,0.0010002,-0.00300005,0.0002625,924.835,0.00029799,1,0.000976539,-0.0029519,-0.0002625,1372.41
0,7097873,7,phononTS,0.000442176,0.00369609,-0.00320024,-0.000262498,275.867,0.000382,1,0.000998135,0.000996347,0.0002625,1828.21
0,7097873,2,phononL,0.00474318,0.00337318,-0.0032882,-0.000150408,58.1896,0.00350288,1,0.00326649,-0.00320635,-0.0002625,477.22
0,7097902,10,phononTS,0.000487838,0.00261579,-0.00234651,-0.0002625,3861.99,0.000382,1,0.0010018,-0.00300289,0.0002625,5575.97
0,7097902,2,phononL,0.00395251,0.00400781,-0.00366086,-0.000243196,112.667,0.00192123,1,0.00400602,-0.00367928,-0.0002625,722.628
0,7111797,21,phononL,0.00072079,0.00100439,-0.00100338,0.000262498,1064.15,0.000578204,1,0.00155975,-0.000560825,-0.0002625,1231
0,7113139,16,phononL,0.000433748,0.0015698,0.00296394,-0.0002625,3743.97,0.000382,1,0.00200385,0.00200323,0.0002625,4128.74
0,7161743,17,phononTS,0.000630658,-0.00103512,-0.000946255,-0.0002625,3925.02,0.000382,1,-0.000995957,-0.00100203,0.0002625,4220.05
0,7188752,21,phononTF,0.000786355,0.00285432,-0.00286879,-0.0002625,543.84,0.000382,1,0.00199795,-0.00199911,0.0002625,1292.76
0,7259988,17,phononL,0.000476405,0.00254935,-0.00313292,-0.0002625,1478.42,0.000382,1,0.000995292,-0.00300455,0.0002625,2087.98
0,7259988,2,phononTS,0.0013006,0.00378354,-0.00325376,0.000262498,16.1892,0.0013006,1,0.00347216,-0.00327616,-0.0002625,223.251
0,7279880,17,phononTS,0.000402584,-0.000996195,0.00300217,0.000262498,3121.46,0.000402584,1,-0.0010722,0.00297175,-0.0002625,3288.8
0,7279880,14,phononTS,0.000473306,0.00373671,-0.00324838,0.000262498,35.0123,0.000473306,1,0.0037589,-0.00330941,-0.0002625,188.063
0,7279880,13,phononTS,0.000527077,0.00373671,-0.00324838,0.000262498,35.0123,0.000527077,1,0.00357388,-0.00327379,-0.0002625,210.47
0,7306131,4,phononTS,0.0017407,0.00144298,-0.000937526,-0.000259171,78.3444,0.000382,1,0.0010033,-0.000997623,0.0002625,1655.38
0,7318157,11,phononTF,0.000481829,0.00200155,-6.57435e-07,0.000262498,2004.04,0.000481829,1,0.00207999,7.05544e-05,-0.0002625,2154.97
0,7328538,18,phononTF,0.000448152,0.000138872,-0.00217386,-0.0002625,2309.61,0.000382,1,3.9218e-07,-0.0020031,0.0002625,2633.97
0,7484475,9,phononTS,0.000796069,0.00256071,-0.00200115,-0.0002625,534.904,0.000382,1,0.00199572,-0.00199582,0.0002625,2506.71
0,7484475,2,phononL,0.00117972,0.00378294,-0.00325805,0.000262498,7.23614,0.000939802,1,0.00319598,-0.00341499,-0.0002625,154.895
0,7497069,7,phononTF,0.000683611,0.00290181,-0.00262291,-0.0002625,28.8117,0.000382,1,0.00200407,-0.0019986,0.0002625,741.848
0,7502951,5,phononL,0.00225267,0.00202613,-0.00198388,0.000172898,13.4576,0.000764,1,0.00199662,-0.00199741,0.0002625,1464.3
0,7502951,6,phononL,0.000575805,0.00199662,-0.00199741,0.000262498,1464.3,0.000202659,1,0.00220576,-0.000975756,-0.0002625,1680.45
0,7504256,15,phononTS,0.000604685,0.00296377,-0.00152427,-0.0002625,191.558,0.000382,1,0.00199964,4.39065e-06,0.0002625,1399.65
0,7504977,11,phononTS,0.00241289,0.000995792,-0.00299904,0.000260679,1380.5,0.000764,1,0.000998104,-0.0029981,0.0002625,1688.2
0,7504977,2,phononTF,0.00200671,0.00378378,-0.00324825,0.000262498,2.55219,0.000595556,1,0.00334449,-0.00370284,-0.0002625,236.32
0,7534217,9,phononTF,0.000739417,0.00300021,0.000999804,0.000262498,1904.79,0.000739417,1,0.00292858,0.00107963,-0.0002625,2055.78
0,7534217,6,phononTS,0.000405981,0.00378023,-0.00324839,0.000262498,13.1832,0.000405981,1,0.00317156,-0.00334763,-0.0002625,293.545
0,7534217,5,phononTS,0.00249558,0.00379908,-0.00327538,-0.000236782,13.1832,0.00220823,1,0.00379459,-0.00333614,-0.0002625,213.669
0,7537664,14,phononTS,0.000581818,0.00112348,-0.00165337,-0.0002625,1005.81,0.000382,1,0.00100334,-0.00100281,0.0002625,1590.65
0,7559622,8,phononTF,0.00109266,-0.000351597,0.00231824,-0.0002625,3433.69,0.000382,1,-0.00099528,0.00299767,0.0002625,4449.6
0,7559622,9,phononTS,0.000409935,-0.00099528,0.00299767,0.000262498,4449.6,0.000409935,1,-0.00104596,0.00383274,-0.0002625,4776.5
0,7559622,6,phononTS,0.00242864,0.00265948,-0.002724,2.50564e-05,1890.89,0.00186334,1,0.00253004,-0.00273463,-0.0002625,2093.28
0,7601478,22,phononTS,0.000477757,0.00300344,0.00100366,0.000262498,3551.63,0.000477757,1,0.00298599,0.00130096,-0.0002625,3755.43
0,7623483,13,phononTS,0.000637655,0.00209619,-0.005,-7.92126e-05,275.297,0.000382,1,0.00100064,-0.00299718,0.0002625,2714.82
0,7688009,9,phononTF,0.000382806,0.000114451,0.00188497,-0.0002625,2401.35,0.000382,1,3.39786e-06,0.00200471,0.0002625,2711.29
0,7710667,16,phononTS,0.000434436,-0.00100167,0.00099681,0.000262498,3585.43,0.000434436,1,-0.00105491,0.000848888,-0.0002625,3756.73
0,7723961,9,phononTS,0.000481636,0.00100486,-0.00300054,0.000262498,2291.44,0.000481636,1,0.000442858,-0.00265683,-0.0002625,2592.06
0,7726142,8,phononTF,0.000814901,-0.000412293,-0.0016003,-0.0002625,2573.17,0.000382,1,-3.99154e-06,-0.00200051,0.0002625,3448.21
0,7765811,14,phononTS,0.000455832,0.00200283,-0.00200144,0.0002625,3415.17,0.000455832,1,0.00194295,-0.00204505,-0.0002625,4193.53
0,7846847,11,phononL,0.000406551,-3.26248e-06,1.96942e-06,0.0002625,1956.36,0.000406551,1,-0.000219728,0.000312833,-0.0002625,2201.67
0,7846847,4,phononTS,0.00135818,0.00378458,-0.00325232,0.000262498,1.5829,0.000772687,1,0.00373546,-0.00321863,-0.0002625,159.538
0,7869030,15,phononTF,0.000669427,0.00288338,-0.00163119,-0.0002625,13.0888,0.000382,1,0.00199545,-2.99978e-06,0.0002625,1149.57
0,7875391,15,phononL,0.000573684,-0.00286551,8.92223e-05,-0.0002625,1220.47,0.000382,1,-0.0019968,-1.29097e-06,0.0002625,4250.97
0,7876594,19,phononTS,0.000549391,0.00114042,-0.00171471,-0.0002625,1622.37,0.000382,1,0.00100356,-0.000996442,0.0002625,2259.73
0,7876594,3,phononTF,0.000665142,0.00375187,-0.00325294,0.000262498,52.3688,0.000665142,1,0.00341527,-0.00296771,-0.0002625,249.918
0,7876594,2,phononTS,0.00101622,0.00375187,-0.00325294,0.000262498,52.3688,0.000784395,1,0.00383238,-0.0030704,-0.0002625,241.577
0,8016677,11,phononTS,0.000603231,0.00200065,-1.60115e-06,0.0002625,2343.1,0.000603231,1,0.00173277,5.06389e-05,-0.0002625,3298.78
0,8026544,11,phononL,0.000799946,3.747e-07,4.49026e-06,0.000262498,1979.56,0.000799946,1,3.58534e-05,-0.00124505,-0.0002625,2228.79
0,8026544,9,phononL,0.000489787,0.00381132,-0.00317554,0.000262498,84.9422,0.000489787,1,0.00396097,-0.00359343,-0.0002625,213.296
0,8038955,10,phononTF,0.000393716,0.00199686,0.00200091,0.000262499,3346.56,0.000393716,1,0.00220214,0.00220583,-0.0002625,3516.27
0,8040735,10,phononTF,0.00060155,-0.00100429,-0.000999102,0.000262498,2393.63,0.00060155,1,-0.00119121,-0.000799391,-0.0002625,2560.52
0,8110821,23,phononTS,0.000460587,0.00106291,-0.00102568,-0.000262498,2079.24,0.000382,1,0.00100347,-0.000997454,0.0002625,2227.39
0,8145299,18,phononTF,0.000407348,-0.000494841,0.00053029,-0.000262498,3778.68,0.000382,1,-3.805e-06,4.79877e-06,0.0002625,4029.19
0,8161638,9,phononTS,0.000590595,0.00200103,-0.00199892,0.000262498,1553.11,0.000590595,1,0.00227501,-0.00203106,-0.0002625,1753.64
0,8161638,5,phononTS,0.000770464,0.00378658,-0.00375092,0.000262498,296.679,4.4847e-05,1,0.00490998,-0.0042558,-0.0002625,741.982
0,8166209,16,phononTS,0.000896934,0.00200498,-9.27042e-07,0.000262498,2810.15,0.000896934,1,0.00194736,3.1968e-05,-0.0002625,2969.24
0,8166209,8,phononTF,0.000575662,0.00377121,-0.00325079,0.000262498,21.5364,0.000575662,1,0.00358089,-0.00305762,-0.0002625,188.535
0,8200053,7,phononTS,0.00238306,0.00224227,-0.00129286,0.000186476,2143.77,0.00096025,1,0.00241729,-0.00140597,-0.0002625,3613.06
0,8241523,9,phononL,0.000494492,-0.0019232,-0.00092784,-0.0002625,3073.68,0.000382,1,-0.00199999,-4.70374e-06,0.0002625,3462.99
0,8259629,18,phononTS,0.000435701,0.00110234,-0.00298693,-0.0002625,827.568,0.000382,1,0.000999722,-0.00300142,0.0002625,1945.8
0,8259629,16,phononTS,0.000952672,0.00362731,-0.00329799,0.000262498,147.135,0.000952672,1,0.00366444,-0.00321878,-0.0002625,315.647
0,8270245,11,phononTS,0.00126643,0.00194971,-0.00188439,0.000225258,3327.92,0.00126643,1,0.00298999,-0.00332413,-0.0002625,3948.39
0,8270245,6,phononTS,0.00270747,0.00279477,-0.00418113,-0.000244284,617.57,0.00193619,1,0.00279307,-0.00418907,-0.0002625,1302.99
0,8274226,22,phononTF,0.000652769,0.000997043,-0.002997,0.000262498,1249.71,0.000652769,1,0.000685383,-0.00270888,-0.0002625,1439.73
0,8299934,8,phononTS,0.000499757,0.00210523,-0.00352857,-0.0002625,929.514,0.000382,1,0.00100351,-0.00299809,0.0002625,1809.21
0,8321527,13,phononTS,0.000998081,0.00263551,-0.00260121,-0.0002625,2143.38,0.000382,1,0.00200101,-0.00199641,0.0002625,2865.15
0,8328495,6,phononL,0.000700294,0.00290671,-0.00263209,-0.0002625,43.1722,0.000382,1,0.00200293,-0.00200261,0.0002625,517.917
0,8366612,25,phononTF,0.000434668,-0.00199856,4.88447e-06,0.000262498,3255.55,0.000434668,1,-0.00132985,-0.00129396,-0.0002625,3719.3
0,8394734,10,phononTF,0.000512254,0.00299588,0.00100397,0.000262498,1992.95,0.000512254,1,0.00325469,0.00124051,-0.0002625,2170.62
0,8395252,18,phononTF,0.00156152,0.00244509,-0.00123804,-0.000262498,4141.18,0.000382,1,0.00200188,-1.36436e-06,0.0002625,4575.6
0,8395321,10,phononTS,0.000396662,0.00199813,-0.00194668,-0.0002625,564.911,0.000382,1,0.00199533,-0.00200171,0.0002625,2044.89
0,8418376,11,phononTS,0.00053888,-1.96586e-05,-0.00204323,-0.000262498,1677.74,0.000382,1,-4.75817e-06,-0.00199671,0.0002625,1827.2
0,8418376,3,phononL,0.0008174,0.00380161,-0.00324862,0.000262498,65.3659,0.000516026,1,0.00369929,-0.00304239,-0.0002625,178.257
0,8434887,10,phononL,0.000394713,-0.000493483,0.00223208,-0.000262498,2237.89,0.000382,1,1.1292e-06,0.00199657,0.0002625,2378.78
0,8475455,13,phononTS,0.000634288,0.00199676,-0.00199653,0.0002625,1721.06,0.000433865,1,0.00200971,-0.00201011,-0.0002625,2458.31
0,8485662,11,phononTF,0.000661553,0.00274194,-0.00286025,-0.0002625,733.348,0.000382,1,0.00199557,-0.00200409,0.0002625,1450.95
0,8556255,6,phononTF,0.000446196,0.00100117,-0.00300037,0.000262498,1694.23,0.000446196,1,0.000480359,-0.00340169,-0.0002625,1940.28
0,8571407,13,phononTS,0.000710267,0.00205095,-1.51605e-05,-0.000262498,2090.52,0.000382,1,0.00200494,1.86481e-06,0.0002625,2237.75
0,8571407,7,phononL,0.00175846,0.00386129,-0.0032744,0.000262498,237.758,0.00164679,1,0.00365541,-0.00429654,-0.0002625,453.809
0,8592700,18,phononTF,0.000654996,-0.00010212,4.3249e-05,-0.0002625,11987.5,0.000382,1,-8.75859e-07,2.60426e-06,0.0002625,12292.7
0,8592700,7,phononTS,0.00140527,0.00378549,-0.00325378,0.000262498,10.6797,0.00140527,1,0.00173077,-0.00473482,-0.0002625,844.553
0,8646266,7,phononTS,0.000663861,0.000899598,-0.000948082,-0.0002625,8.06861,0.000382,1,0.000999645,-0.00100354,0.0002625,1326.34
0,8646266,6,phononTF,0.000530421,0.00377249,-0.00324427,0.000262498,8.06861,0.000530421,1,0.00484754,-0.00368111,-0.0002625,398.92
0,8646266,5,phononTF,0.000678198,0.00484765,-0.005,0.000223481,8.06861,0.000678198,1,0.00454791,-0.00467644,-0.0002625,775.208
0,8656185,24,phononTS,0.000835837,0.00199939,0.00200176,0.000262498,4377.22,0.000835837,1,0.00180248,0.00129702,-0.0002625,4690.72
0,8656185,19,phononTS,0.00189448,0.00488646,-0.00393642,-5.77103e-05,74.846,0.00117933,1,0.00494523,-0.00394779,-0.0002625,506.81
0,8666580,13,phononTS,0.000629757,0.00297591,-0.000885933,-0.0002625,610.31,0.000382,1,0.00200271,6.6946e-07,0.0002625,1562.79
0,8701701,5,phononTS,0.000401418,-0.00200139,-1.86638e-06,0.0002625,7.48913,0.000401418,1,-0.00179406,0.000322956,-0.0002625,2362.08
0,8725044,19,phononTF,0.000496283,0.000997432,0.00100365,0.000262498,6125.48,0.000496283,1,0.000335353,0.00119153,-0.0002625,6401.74
0,8725044,10,phononTF,0.00137418,0.00342148,-0.00345027,0.000262498,170.796,0.00111065,1,0.00331903,-0.00354238,-0.0002625,323.717
0,8725044,9,phononTF,0.000673686,0.00342148,-0.00345027,0.000262498,170.796,0.000673686,1,0.00401255,-0.00400267,-0.0002625,445.986
0,8725044,4,phononTS,0.00230569,0.00378243,-0.00325054,0.000262498,6.66367,0.00176729,1,0.00382985,-0.00330165,-0.0002625,153.486
0,8734843,4,phononL,0.000901787,0.000967017,-0.00312582,-0.0002625,33.7111,0.000764,1,0.00099546,-0.00299856,0.0002625,812.71
0,8748414,6,phononTS,0.000527807,-0.000120901,-0.00402424,-0.0002625,6931.78,0.000382,1,0.000995206,-0.00299892,0.0002625,8364.89
0,8750446,6,phononTS,0.000425696,0.00196284,-0.000122482,-0.0002625,1161.32,0.000382,1,0.00199771,-2.71713e-07,0.0002625,1834.15
0,8751173,15,phononTF,0.000610284,0.00276455,-0.0027269,-0.0002625,326.805,0.000382,1,0.00200321,-0.00200143,0.0002625,988.679
0,8774309,10,phononTS,0.000455074,0.0038224,-0.00321244,-0.000262498,166.339,0.000382,1,0.00199743,-0.0019983,0.0002625,900.439
0,8786480,4,phononTF,0.000423851,0.00149513,-0.00237651,-0.0002625,1.93476,0.000382,1,0.00100352,-0.0029953,0.0002625,1290.43
0,8786480,3,phononTS,0.000570469,0.00377593,-0.00325125,0.000262498,1.93476,0.000570469,1,0.0037173,-0.00328815,-0.0002625,149.456
0,8856926,14,phononTF,0.00050569,0.000999256,-0.00300195,0.000262498,2765.39,0.00050569,1,0.000750715,-0.00323136,-0.0002625,2941.28
0,8888677,16,phononTS,0.000535313,0.0020576,-0.00194691,-0.000262498,793.822,0.000382,1,0.0020047,-0.00199509,0.0002625,940.582
0,8898981,14,phononTS,0.000531861,0.000283608,0.00201931,-0.000262498,3313.73,0.000382,1,2.39751e-06,0.00200104,0.0002625,3511.55
0,8898981,6,phononTF,0.000534125,0.00378026,-0.00325254,0.000262498,1.55199,0.000534125,1,0.00345586,-0.00295562,-0.0002625,194.198
0,8902878,16,phononTS,0.000771453,0.00373968,-0.000828397,-0.000262498,5260.54,0.000382,1,0.0019975,0.00200397,0.0002625,6319.79
0,8944003,14,phononTS,0.00129344,0.005,-0.00424171,-4.94984e-05,1267.86,0.000382,1,0.000998225,-0.000999851,0.0002625,3769.73
0,8944003,15,phononTS,0.000629587,0.000998225,-0.000999851,0.000262498,3769.73,0.000629587,1,0.00140348,-0.00101174,-0.0002625,3994.04
0,9031578,12,phononTF,0.000913758,0.00287645,0.000887557,-0.0002625,2079.48,0.000382,1,0.00299742,0.000996281,0.0002625,2389.12
0,9069466,5,phononTF,0.000841737,0.00238594,-0.00211509,-0.0002625,33.1581,0.000382,1,0.000999274,-0.000995116,0.0002625,1099.75
0,9069466,4,phononTF,0.00221101,0.0037726,-0.00323507,0.000262498,33.1581,0.00221101,1,0.00368133,-0.00358414,-0.0002625,227.865
0,9089660,6,phononTS,0.000446863,2.71813e-06,0.00200457,0.000262498,2851.73,0.000446863,1,-0.000529297,0.00221971,-0.0002625,3127.45
0,9089660,3,phononTS,0.000629862,0.00377398,-0.00325321,0.000262498,9.24676,0.00022418,1,0.00382942,-0.00326017,-0.0002625,159.509
0,9101801,3,phononTS,0.000520934,0.005,0.00371473,-0.00014043,7.61978,0.000520934,1,0.004327,0.00325706,-0.0002625,4189.69
0,9101801,2,phononL,0.000399916,0.00378688,-0.00324995,0.000262498,7.61978,0.000399916,1,0.00371827,-0.00274013,-0.0002625,143.009
0,9118575,12,phononTS,0.000666063,-0.00140922,-0.005,-0.000181905,972.042,0.000382,1,0.0020033,-0.00199763,0.0002625,7126.56
0,9148473,14,phononTS,0.000507067,0.00290289,-0.00353474,-0.000262498,1304.44,0.000382,1,-4.24831e-06,-0.00199779,0.0002625,2359.05
0,9152351,13,phononTS,0.00110466,0.00199921,-0.0019989,0.0002625,368.681,0.000341969,1,0.00133556,-0.00156602,-0.0002625,1378.46
0,9155828,13,phononL,0.000827783,0.00321506,-0.00335066,-0.0002625,1488.72,0.000382,1,0.00100478,-0.00300007,0.0002625,2294.39
0,9155828,14,phononTS,0.000397732,0.00100478,-0.00300007,0.000262498,2294.39,0.000397732,1,0.00105517,-0.00300384,-0.0002625,2444.87
0,9155828,4,phononL,0.000981358,0.00377052,-0.00328457,0.000234784,3.06826,0.000906148,1,0.00407909,-0.00278133,-0.0002625,162.189
0,9155828,3,phononTF,0.000434096,0.00378328,-0.00325561,0.000262498,3.06826,0.000434096,1,0.0033297,-0.0037396,-0.0002625,241.135
0,9177696,18,phononL,0.000401961,-0.0014309,0.00105122,-0.000262498,3449.35,0.000382,1,-0.0010012,0.000999718,0.0002625,3576.18
0,9253339,15,phononTS,0.000576367,0.00126859,-0.00296858,-0.000262498,2325.91,0.000382,1,0.000999735,-0.00299892,0.0002625,2520.5
0,9278181,10,phononL,0.000462445,-0.00100099,-0.00100167,0.000262498,3163.86,0.000462445,1,-0.00126497,-0.000204712,-0.0002625,3347.9
0,9280608,11,phononTS,0.000435642,0.00199966,-0.00199635,0.000262499,1606.92,0.000435642,1,0.00184558,-0.0015718,-0.0002625,1851.59
0,9297167,11,phononTF,0.000447382,0.00172171,-0.0017008,-0.0002625,2373.95,0.000382,1,0.00199958,-0.0019954,0.0002625,2740.3
0,9325802,26,phononTF,0.000597407,0.0020036,0.0019987,0.0002625,1619.04,0.000597407,1,-0.00168746,-0.00165471,-0.0002625,6580.03
0,9360670,14,phononTF,0.000491364,0.000997067,-0.00299887,0.000262498,1810.06,0.000491364,1,0.00145027,-0.00343811,-0.0002625,2041.91
0,9362166,13,phononTS,0.000409907,0.00199973,-0.00199641,0.000262498,901.502,0.000409907,1,0.00232378,-0.00204697,-0.0002625,1106.2
0,9362166,2,phononTS,0.00194714,0.00377783,-0.00326471,0.000262498,39.1063,0.000555525,1,0.00416674,-0.00331219,-0.0002625,257.664
0,9382957,6,phononTS,0.000818679,0.00289188,-0.00262601,-0.0002625,1.77835,0.000382,1,0.00199901,-0.00199871,0.0002625,840.215
0,9384760,2,phononTS,0.00231383,0.00204909,-0.0028516,-0.0002625,4.29811,0.000382,1,0.000998224,-0.00299699,0.0002625,1373.68
0,9384760,17,phononTF,0.00186982,0.000998224,-0.00299699,0.000262498,1373.68,0.00109112,1,0.000596132,-0.00257176,-0.0002625,1595.06
0,9410528,9,phononL,0.000626935,0.0020001,-0.00199723,0.000262498,2380.99,0.000626935,1,0.00223053,-0.00165085,-0.0002625,2507.08
0,9477726,14,phononTF,0.000492306,0.00263456,-0.00261577,-0.0002625,842.093,0.000382,1,0.00200132,-0.00200191,0.0002625,1421.21
0,9477726,11,phononTS,0.00120613,0.00375516,-0.00335548,0.000262498,229.804,0.00120613,1,0.00369904,-0.00331953,-0.0002625,377.532
0,9477726,10,phononTF,0.000915291,0.00375516,-0.00335548,0.000262498,229.804,0.000900432,1,0.00492214,-0.00450399,-0.0002625,715.859
0,9477726,3,phononTF,0.000474091,0.005,-0.00358239,1.29572e-05,27.6562,0.000474091,1,0.00482111,-0.00375402,-0.0002625,516.566
0,9521512,14,phononTS,0.000487665,0.000996682,-0.0030023,0.0002625,1467.94,0.000487665,1,-0.000270411,-0.00334044,-0.0002625,2412.2
0,9521512,2,phononTS,0.00136899,0.00379379,-0.00323969,0.000262498,20.6705,0.00136899,1,0.00423969,-0.0032837,-0.0002625,258.336
0,9547725,13,phononTS,0.000727772,0.0020527,0.00204344,-0.0002625,2653.46,0.000382,1,0.00199854,0.0019991,0.0002625,2981.69
0,9561520,18,phononTS,0.000495388,0.00100399,-0.00299995,0.0002625,2918.59,0.000495388,1,-0.000162668,-0.00333862,-0.0002625,3804.84
0,9562618,20,phononTS,0.000604435,0.0010032,-0.00300439,0.0002625,2839.41,0.000604435,1,0.00105581,-0.00240267,-0.0002625,3663.25
0,9568851,16,phononTS,0.000421464,0.000855846,-0.00130526,-0.0002625,2817.75,0.000382,1,-0.0019997,0.0019978,0.0002625,5755.19
0,9619996,14,phononL,0.000609102,0.00169714,-0.00236147,-0.0002625,4853.52,0.000382,1,0.00200125,-0.00200451,0.0002625,5117.37
0,9625931,18,phononTF,0.000677174,-0.00113009,-0.00115057,-0.0002625,3406.92,0.000382,1,-0.000996253,-0.00100225,0.0002625,4039.73
0,9651083,5,phononTF,0.000421408,0.005,-0.0037238,-0.000183227,9.97788,0.000382,1,-0.00100167,0.000998506,0.0002625,2592.47
0,9679396,10,phononTS,0.00102302,-0.00185845,0.00297538,-0.0002625,4529.92,0.000382,1,-0.00100071,0.0030024,0.0002625,5197.99
0,9688502,9,phononTS,0.000450377,0.00337715,-0.00123911,-0.0002625,1226.11,0.000382,1,0.00199581,-0.00199503,0.0002625,2315.55
0,9740332,20,phononTF,0.000527371,0.00205596,-0.00203876,-0.0002625,834.65,0.000382,1,0.00200223,-0.00199925,0.0002625,1133.47
0,9740332,2,phononL,0.000469623,0.00379578,-0.00324668,0.000262498,32.8633,0.000469623,1,0.00395382,-0.00345452,-0.0002625,147.311
0,9767610,7,phononTS,0.000383294,0.00296976,-0.00164599,-0.0002625,177.671,0.000382,1,0.00200327,-4.2293e-06,0.0002625,1477.63
0,9770725,3,phononTF,0.00117404,0.00158993,0.005,7.7836e-05,10.1344,0.000382,1,0.00200026,-0.00199965,0.0002625,4837.09
0,9770725,15,phononTF,0.000552923,0.00200026,-0.00199965,0.000262498,4837.09,0.000552923,1,0.00141428,-0.00127043,-0.0002625,5148.3
0,9770725,2,phononTF,0.00149272,0.00377996,-0.00325434,0.000262498,10.1344,0.00149272,1,0.0040202,-0.00328442,-0.0002625,181.651
0,9780618,13,phononTS,0.00074112,-0.00100307,0.000997797,0.000262498,4376.13,0.00074112,1,-0.000844447,0.000966374,-0.0002625,4549.67
0,9782779,10,phononTF,0.000455503,0.000788646,-0.00122959,-0.000262498,1813.88,0.000382,1,0.000999227,-0.000999698,0.0002625,1985.8
0,9782779,6,phononTS,0.000783684,0.0037859,-0.00325011,0.000262498,1.67306,0.000783684,1,0.00378581,-0.0024151,-0.0002625,331.236
0,9786606,23,phononTF,0.00065729,0.00200463,-0.00200309,0.000262498,1234.61,0.00065729,1,0.00145155,-0.00247974,-0.0002625,1493.9
0,9789151,14,phononTS,0.000463939,0.000997932,0.00100265,0.000262498,2340.43,0.000463939,1,0.000747006,0.00131904,-0.0002625,2577.48
0,9790665,13,phononTF,0.000408058,-0.00100116,0.00100035,0.0002625,785.73,0.000408058,1,-0.00404689,0.00408364,-0.0002625,4971.19
0,9874862,11,phononL,0.000962255,-0.000997848,-0.00100299,0.000262498,1900.54,0.000962255,1,-0.00130213,-0.00105944,-0.0002625,2017.67
0,9953622,9,phononTS,0.000682289,3.74101e-06,-0.0019988,0.000262498,5517.24,0.000609247,1,0.000904368,-0.000655952,-0.0002625,6060.36
0,9972277,10,phononTS,0.00050616,0.005,-0.00356476,0.000125774,1842.55,0.000382,1,0.00200088,3.37008e-06,0.0002625,4116.63
0,9997915,15,phononTS,0.00137288,0.00224837,-0.0019657,-6.77032e-05,432.5,0.000764,1,0.00199768,-0.00199683,0.0002625,1359.69
