Run ID,Event ID,Track ID,Particle Name,Start Energy [eV],Start X [m],Start Y [m],Start Z [m],Start Time [ns],Energy Deposited [eV],Track Weight,End X [m],End Y [m],End Z [m],Final Time [ns]
0,35766,9,phononTF,0.00222151,-0.00129126,0.00327468,0.000141083,15.3799,0.000382,1,-0.00100376,0.00299616,0.0002625,556.844
0,35766,11,phononL,0.000695548,-0.00100376,0.00299616,0.000262498,556.844,0.000305684,1,-0.00122083,0.0032995,-0.0002625,679.007
0,98264,9,phononTF,0.000483387,-0.00171182,0.00226097,-0.0002625,1162.54,0.000382,1,-0.00200336,0.00199945,0.0002625,1537.17
0,98264,7,phononTS,0.00331155,-0.00203296,0.00452814,-0.000225962,120.534,0.00250492,1,-0.00203244,0.00447844,-0.0002625,569.382
0,98264,4,phononTS,0.00101822,-0.002239,0.00390472,0.000262498,64.3303,0.00101822,1,-0.0022772,0.00379834,-0.0002625,229.322
0,107000,5,phononTF,0.000670051,-0.00211632,0.00210965,-0.0002625,322.62,0.000382,1,-0.00200083,0.00199603,0.0002625,951.178
0,107000,3,phononTS,0.00105707,-0.00220623,0.00388039,0.000262498,2.57925,0.000229961,1,-0.00221503,0.0030387,-0.0002625,332.31
0,111111,20,phononTS,0.000487465,-0.00100877,0.00335483,-0.0002625,1133.69,0.000382,1,-0.00100234,0.00300495,0.0002625,1559.16
0,123526,12,phononTS,0.000564756,-0.00277215,0.00494497,-0.000262498,931.618,0.000382,1,-0.00100151,0.0029987,0.0002625,1795.01
0,123526,4,phononTS,0.00104357,-0.00220021,0.00387962,0.000262498,31.8618,0.000809419,1,-0.00216875,0.00448903,-0.0002625,296.843
0,178262,14,phononTS,0.000546141,-0.00100139,0.00300078,0.000262498,1066.35,0.000546141,1,-0.00016403,0.0029825,-0.0002625,1395.5
0,178262,11,phononTF,0.000604925,-0.00231295,0.00386059,0.000262498,76.164,0.000604925,1,-0.00275051,0.00346977,-0.0002625,302.229
0,195750,8,phononL,0.000485246,-0.00200426,0.00199831,0.0002625,46.5911,0.000485246,1,-0.0023143,0.00230796,-0.0002625,573.01
0,232190,19,phononL,0.000426515,-0.001026,0.00339778,-0.0002625,344.823,0.000382,1,-0.00099735,0.00299661,0.0002625,592.874
0,319418,3,phononTF,0.00147793,-0.00109866,0.00311294,-0.0002625,19.5292,0.000382,1,-0.000995756,0.00299867,0.0002625,800.171
0,324284,4,phononTS,0.00116374,-0.0013564,0.00219197,-0.0002625,1000.89,0.000382,1,-0.000998091,0.00100197,0.0002625,1908.54
0,324284,10,phononTS,0.000760729,-0.000998091,0.00100197,0.000262498,1908.54,0.000760729,1,-0.00142282,0.00100515,-0.0002625,2137.76
0,339366,8,phononTS,0.000786764,-0.001055,0.00280162,-0.0002625,377.092,0.000382,1,-0.00100338,0.00300368,0.0002625,720.184
0,365672,18,phononTF,0.00104608,-0.0021101,0.001871,-0.0002625,1684.55,0.000382,1,-0.00200353,0.00200103,0.0002625,1997.38
0,371089,24,phononTF,0.000687926,0.000618616,0.00136023,-0.0002625,2804.94,0.000382,1,0.00100419,0.00100397,0.0002625,3569.5
0,406758,20,phononL,0.000448854,-0.00199552,0.00200123,0.000262498,2390.56,0.000448854,1,-0.00143122,0.0020194,-0.0002625,2531.72
0,424642,7,phononTS,0.00269812,-0.000999501,0.00299874,0.0002625,449.943,0.00110414,1,-0.00104619,0.00305955,-0.0002625,2116.43
0,454696,13,phononTS,0.00140428,-0.00061116,0.00394975,-0.0002625,2408.97,0.000382,1,-0.00099966,0.00299615,0.0002625,3177.75
0,454696,14,phononTS,0.000410414,-0.00099966,0.00299615,0.000262498,3177.75,0.000410414,1,-8.83694e-06,0.00341033,-0.0002625,3575.43
0,501966,11,phononTS,0.000495396,-0.000344886,0.00211139,-0.0002625,815.03,0.000382,1,0.00199808,5.74243e-07,0.0002625,2847.36
0,522156,26,phononTF,0.000981584,-0.000997371,0.00299605,0.0002625,763.919,0.000981584,1,-0.000587068,0.00307491,-0.0002625,1182.78
0,527169,7,phononTS,0.00116861,-0.000777259,0.005,0.000160229,564.075,0.000382,1,-0.00100352,0.00299588,0.0002625,1401.78
0,577309,15,phononL,0.000488522,3.16696e-05,-0.000749892,-0.0002625,2169.19,0.000382,1,-3.24505e-06,-0.00200127,0.0002625,3032.8
0,581746,19,phononTS,0.000668675,-0.000999582,0.00300306,0.0002625,1597.52,0.000668675,1,-0.000963977,0.0029775,-0.0002625,1892.48
0,593230,18,phononL,0.00057068,-0.00200058,0.00200326,0.000262498,2814.77,0.00057068,1,-0.00293244,0.0021545,-0.0002625,3013.34
0,597634,11,phononTF,0.00158451,3.74026e-06,-4.06282e-06,0.000262498,2232.65,0.00129846,1,0.000296544,0.000290777,-0.0002625,2421.37
0,597634,2,phononTS,0.00216971,-0.00220587,0.00387592,0.000262498,6.01495,0.000757919,1,-0.00223672,0.00292856,-0.0002625,367.136
0,603774,19,phononTS,0.000666153,-0.000999121,0.00099894,0.000262498,1978.24,0.000666153,1,-0.00198391,0.000906656,-0.0002625,2353.03
0,603774,14,phononTS,0.000396955,-0.00190887,0.00382241,0.000262498,147.561,0.000396955,1,-0.00192619,0.00382635,-0.0002625,305.059
0,603774,13,phononTF,0.000709341,-0.00190887,0.00382241,0.000262498,147.561,0.000709341,1,-0.00221665,0.00353453,-0.0002625,337.122
0,629044,21,phononTS,0.000705251,0.00195715,-0.000653313,-0.0002625,3129.22,0.000382,1,0.00199535,4.95156e-06,0.0002625,3694.06
0,630384,21,phononTF,0.000655355,-0.000995035,0.00300157,0.0002625,7428.66,0.000655355,1,-0.00127349,0.0027083,-0.0002625,7989.53
0,633121,14,phononTF,0.000402795,-0.00200043,-1.78651e-06,0.000262498,4546.52,0.000402795,1,-0.00208623,-7.94611e-05,-0.0002625,4698.01
0,659573,8,phononTF,0.000559833,-0.00100234,0.00100019,0.0002625,12.8622,0.000559833,1,-0.000401445,-0.000436456,-0.0002625,1500.41
0,659573,7,phononTS,0.000388242,-0.00220413,0.00387347,0.000262498,12.8622,0.000388242,1,-0.00226193,0.00393084,-0.0002625,159.145
0,659573,6,phononTF,0.00160203,-0.00220413,0.00387347,0.000262498,12.8622,0.00160203,1,-0.00272416,0.00442611,-0.0002625,272.555
0,724360,12,phononTF,0.000541041,-0.00200006,0.00200361,0.0002625,871.782,0.000541041,1,-0.0017268,0.00175365,-0.0002625,1233.38
0,749604,8,phononTF,0.00143484,-0.00210937,0.00212072,-0.000191664,298.908,0.000764,1,-0.00199535,0.00199997,0.0002625,3921.01
0,763955,12,phononTS,0.00222288,-0.000547566,0.00342176,-0.000261896,1344.25,0.00141503,1,-0.000546617,0.00341953,-0.0002625,2295.01
0,786017,8,phononL,0.00239973,-0.000486956,0.00311323,9.78222e-05,3.25442,0.001146,1,-0.00100448,0.00300132,0.0002625,1631.69
0,802758,8,phononTS,0.000461602,-0.00210178,0.00294261,-0.0002625,1.05862,0.000382,1,-0.00200067,0.00200261,0.0002625,704.636
0,847739,17,phononTF,0.000873503,-0.000998629,0.00300404,0.000262498,2746.63,0.000873503,1,-0.00073563,0.00328799,-0.0002625,2930.25
0,881255,14,phononTS,0.00122535,-0.00214372,0.00292196,-0.0002625,137.359,0.000764,1,-0.00200292,0.00199737,0.0002625,858.389
0,885573,14,phononTF,0.000693086,0.00199572,-3.46419e-05,-0.0002625,2907.64,0.000382,1,0.00200311,-4.6232e-07,0.0002625,3204.64
0,899672,7,phononTS,0.000453995,0.00160828,-0.00268827,-0.0002625,1.58446,0.000382,1,-0.00300301,-0.000995916,0.0002625,6067.12
0,903739,9,phononTS,0.00149251,-0.000767466,0.00246238,-6.86424e-05,106.77,0.000764,1,-4.91021e-06,0.00200235,0.0002625,1049.72
0,957986,14,phononTF,0.000865492,0.00180059,-0.00177092,-0.0002625,3169.59,0.000382,1,0.0010013,-0.0010025,0.0002625,3860.8
0,969247,6,phononTS,0.000845799,-0.00186557,0.00335422,-0.0002625,135.726,0.000382,1,0.00199865,-0.00199676,0.0002625,3301.62
0,973264,3,phononTS,0.000514147,-0.000108688,0.00293403,-0.0002625,13.0109,0.000382,1,0.00199648,0.00199584,0.0002625,1541.95
0,978464,16,phononTS,0.000776576,0.005,-0.00101775,-8.47527e-05,1621.4,0.000382,1,0.00199882,0.00200384,0.0002625,6013.61
0,987053,13,phononTS,0.000571624,-0.005,-0.00248528,-6.04198e-05,1509.61,0.000382,1,-0.000995058,0.00100332,0.0002625,7766.27
0,987053,12,phononTS,0.000472388,-0.00179329,0.00171732,0.000262498,1509.61,0.000472388,1,-0.00149548,0.00145994,-0.0002625,1744.37
0,1014179,19,phononTS,0.000714631,-0.000996201,-0.000999011,0.0002625,2148.71,0.0004896,1,-0.00104908,-0.000958318,-0.0002625,2926.21
0,1015531,7,phononTF,0.000404336,-0.000999406,0.00300077,0.0002625,335.017,0.000404336,1,-0.000555118,0.00257075,-0.0002625,793.151
0,1034704,4,phononTS,0.00270117,-0.00097548,0.000980406,-5.90851e-05,70.3073,0.000382,1,-0.00100136,0.0010027,0.0002625,2813.76
0,1034704,12,phononTS,0.00178961,-0.00100136,0.0010027,0.000262498,2813.76,0.000930742,1,-0.000962594,0.000997681,-0.0002625,2965.29
0,1042423,11,phononTS,0.000429509,-0.000999737,0.00299719,0.000262498,2195.9,0.000429509,1,-0.00254408,0.00218317,-0.0002625,2789.63
0,1069839,7,phononTF,0.000450633,4.97298e-06,0.00200002,0.0002625,195.407,0.000450633,1,-0.000269994,0.00225914,-0.0002625,1226.03
0,1075490,9,phononTF,0.000388777,-0.00100412,0.00300049,0.000262498,661.027,0.000388777,1,-0.00177478,0.00375265,-0.0002625,998.621
0,1094404,13,phononTF,0.000965105,-0.00221095,0.00222545,-0.000262498,793.395,0.000764,1,-0.002002,0.00200122,0.0002625,964.723
0,1105789,9,phononTF,0.00049553,-0.00099898,0.00299551,0.000262498,1093.44,0.00049553,1,-0.000722961,0.00270779,-0.0002625,1279.57
0,1105789,4,phononTS,0.00305873,-0.00218525,0.00388992,0.000262498,9.20751,0.00222983,1,-0.00226774,0.00393547,-0.0002625,170.511
0,1111401,19,phononL,0.000429661,-0.000471403,0.00277022,-0.000262498,1630.23,0.000382,1,-4.6543e-07,0.00200406,0.0002625,1828.99
0,1132069,10,phononTS,0.000396982,-0.00199778,0.00200023,0.000262498,1118.01,0.000396982,1,-0.00194071,0.00155817,-0.0002625,1348.13
0,1133710,9,phononTF,0.000467648,0.00100422,0.00100441,0.000262498,1973.92,0.000467648,1,0.000960578,0.00118492,-0.0002625,2135.74
0,1138525,7,phononL,0.00065892,-0.000998003,0.00299529,0.000262498,596.107,0.00065892,1,-0.00158629,0.00247739,-0.0002625,775.834
0,1138525,3,phononTS,0.002494,-0.00220848,0.00391116,-0.000184223,59.4801,0.00164401,1,-0.00230813,0.00390805,-0.0002625,228.889
0,1138525,2,phononTF,0.000626181,-0.00220078,0.00388082,0.000262498,59.4801,0.000626181,1,-0.00201279,0.00368639,-0.0002625,226.226
0,1193831,14,phononTS,0.000629951,0.00158937,0.000143952,-0.0002625,4476.46,0.000382,1,0.000996859,-0.000995747,0.0002625,5387.22
0,1208830,17,phononTS,0.00123936,-0.00200187,0.00200268,0.000262498,1462.49,0.000515635,1,-0.00273798,0.000840889,-0.0002625,1961.07
0,1209060,16,phononTS,0.000619915,-0.000815728,-0.000294421,-0.0002625,2507.86,0.000382,1,0.000995765,-0.00300497,0.0002625,4575.55
0,1211981,10,phononL,0.000482718,-0.00137691,0.00122129,-0.0002625,829.908,0.000382,1,-0.00100126,0.00100325,0.0002625,1341.2
0,1222973,15,phononTS,0.000615458,-0.00112258,0.00352329,-0.0002625,793.457,0.000382,1,-0.000995135,0.0029958,0.0002625,1321.98
0,1234596,11,phononTS,0.000956728,-0.00186377,0.00459245,-0.0002625,168.25,0.000382,1,-0.000999335,0.00300306,0.0002625,1613.77
0,1234596,4,phononL,0.000809528,-0.00221043,0.003863,0.000262498,4.84723,0.000809528,1,-0.00175647,0.00368396,-0.0002625,138.061
0,1234596,3,phononTF,0.00119084,0.000580937,0.005,5.8942e-05,4.84723,0.00119084,1,0.00183911,0.00382864,-0.0002625,1458.45
0,1235942,22,phononTS,0.000763906,-0.00200466,0.00200382,0.000262498,2615.15,0.000763906,1,-0.00116934,0.00222871,-0.0002625,2963.74
0,1238132,17,phononTS,0.00139978,4.23393e-06,0.00200234,0.0002625,213.923,0.000667677,1,0.00195628,-7.99201e-05,-0.0002625,1960.74
0,1277960,8,phononTS,0.000383624,-0.000999266,0.00300312,0.000262498,820.139,0.000383624,1,0.00206554,0.00052014,-0.0002625,2035.12
0,1306413,15,phononTS,0.000392312,-0.000997418,0.00300339,0.0002625,346.773,0.000392312,1,-0.000712972,0.00274695,-0.0002625,1508.05
0,1306413,14,phononTF,0.00117902,-0.0021352,0.00402915,0.000262498,346.773,0.000527145,1,-0.00297727,0.00322297,-0.0002625,706.814
0,1364174,12,phononTF,0.000703522,-0.000996348,0.000996793,0.0002625,1654.1,0.000703522,1,-0.000789376,0.000988084,-0.0002625,1985.54
0,1434679,18,phononTS,0.00065063,-0.000995527,0.000999842,0.0002625,2470.78,0.00065063,1,-0.0010479,0.0010619,-0.0002625,3021.7
0,1441334,11,phononTF,0.0019069,-0.000190019,0.0022237,-0.000262498,1416.47,0.000764,1,0.00099701,-0.00100397,0.0002625,2435.25
0,1441334,12,phononTS,0.000508253,0.00099701,-0.00100397,0.000262498,2435.25,0.000508253,1,0.000997653,-0.00100352,-0.0002625,2586.51
0,1441334,7,phononTS,0.00038405,-0.00220758,0.00388981,0.000262498,16.3746,0.00038405,1,-0.00283135,0.00372994,-0.0002625,306.493
0,1442819,21,phononTS,0.000585077,-0.00200319,0.00199681,0.0002625,100.302,0.000347006,1,-0.00184387,0.00104839,-0.0002625,1213.21
0,1442819,20,phononTS,0.00133812,-0.00288389,0.00406336,3.59079e-05,100.302,0.00133812,1,-0.004154,0.00466864,-0.0002625,773.675
0,1454480,4,phononTS,0.00188713,-0.00210434,0.00294358,-0.0002625,1.92853,0.000382,1,-0.00200455,0.00200397,0.0002625,726.936
0,1462352,11,phononTS,0.00181983,-0.00112822,0.00197074,-0.0002625,84.2518,0.000382,1,2.59103e-06,4.45399e-06,0.0002625,1577.97
0,1462352,12,phononTS,0.000875335,2.59103e-06,4.45399e-06,0.000262498,1577.97,0.000875335,1,4.4495e-05,-0.000333868,-0.0002625,1786.06
0,1485961,2,phononTS,0.00218271,0.00194949,0.00207328,-0.000259003,26.3767,0.000764,1,0.00199997,0.00199681,0.0002625,1854.88
0,1485961,16,phononTF,0.000735551,0.00199997,0.00199681,0.000262498,1854.88,0.000293512,1,3.4978e-06,0.00398216,-0.0002625,2662.9
0,1506559,19,phononTS,0.000596546,0.00050983,0.005,5.72686e-05,2030.36,0.000382,1,-0.00199953,0.00200144,0.0002625,4218.93
0,1507965,12,phononTF,0.00057852,-0.00100383,0.00299719,0.000262498,1204.01,0.00057852,1,-0.00128687,0.00330135,-0.0002625,1392.5
0,1507965,7,phononTF,0.000849833,-0.00224055,0.00393257,0.000262498,86.4094,0.000739017,1,-0.00251933,0.00421339,-0.0002625,272.77
0,1535318,13,phononL,0.00182223,4.21607e-05,0.00148963,-0.0002625,231.516,0.000764,1,0.000997358,0.00100033,0.0002625,1672.17
0,1535318,14,phononTF,0.000409068,0.000997358,0.00100033,0.000262498,1672.17,0.000409068,1,0.000567367,0.00068184,-0.0002625,1892.04
0,1535318,12,phononTF,0.000519362,-0.00231905,0.00373454,0.000262498,231.516,0.000519362,1,-0.00249087,0.00354636,-0.0002625,395.849
0,1535318,11,phononL,0.000493787,-0.00231905,0.00373454,0.000262498,231.516,0.000493787,1,-0.00255297,0.00332544,-0.0002625,363.319
0,1540338,11,phononTF,0.000855825,-0.00110658,0.000936225,-0.0002625,1130.63,0.000382,1,-0.0010049,0.00100039,0.0002625,1436.39
0,1541608,12,phononTF,0.000544094,-0.000997913,0.00299753,0.000262498,1065.02,0.000544094,1,0.00342404,0.0033499,-0.0002625,2379.47
0,1541608,2,phononTS,0.00121369,-0.00221041,0.00386862,0.000262498,23.0648,0.000584414,1,-0.00195142,0.00379513,-0.0002625,224.994
0,1629558,24,phononTS,0.000671927,-0.00186787,0.00280774,-0.0002625,1090.02,0.000382,1,-0.00100183,0.0010006,0.0002625,2443.87
0,1632599,12,phononTS,0.000571099,-0.000995098,0.00300049,0.000262498,2245.36,0.000571099,1,-0.00109169,0.00369813,-0.0002625,2547.08
0,1644147,6,phononTF,0.000479479,-0.0019962,0.00217375,-0.000262498,995.766,0.000382,1,-0.00200398,0.00200309,0.0002625,1156.02
0,1644147,3,phononTF,0.00138981,-0.00219678,0.00388168,0.000262498,10.9381,0.00138981,1,-0.00156625,0.00292565,-0.0002625,382.744
0,1667198,20,phononTS,0.000427341,0.00200328,0.00200323,0.0002625,1997.21,0.000427341,1,0.00195231,0.00206266,-0.0002625,3043.79
0,1667198,3,phononTS,0.000547917,-0.00219848,0.00388278,0.000262498,3.48155,0.000547917,1,-0.00234542,0.00354565,-0.0002625,229.358
0,1697169,7,phononTF,0.000559587,-0.00127371,0.00329411,-0.0002625,753.113,0.000382,1,-0.000997579,0.00299941,0.0002625,1499.2
0,1728177,13,phononTF,0.00059633,-0.000998088,0.00299758,0.0002625,2133.82,0.000528462,1,-0.000849636,0.00283665,-0.0002625,2614.54
0,1744358,15,phononTS,0.000540903,-0.00199578,0.00200243,0.000262498,1602.1,0.000540903,1,-0.00202905,0.00197207,-0.0002625,1749.6
0,1748025,12,phononTS,0.000602624,-0.0010005,0.0029975,0.000262499,1425.74,0.000602624,1,-0.00119908,0.00296554,-0.0002625,1606.98
0,1748025,10,phononTF,0.00089501,-0.00078241,0.00453037,0.000262498,1083.82,0.00089501,1,-0.000910226,0.00466172,-0.0002625,1240.55
0,1748025,7,phononTS,0.000400665,-0.00221785,0.00388447,0.000262498,15.3145,0.000400665,1,-0.00250131,0.00383839,-0.0002625,211.814
0,1755745,20,phononTF,0.000771759,-0.00134428,0.00342431,-0.0002625,953.623,0.000382,1,-0.00100278,0.00300205,0.0002625,1392.33
0,1758152,7,phononTS,0.000846099,0.00200483,-4.38059e-06,0.000262498,1950.88,0.000466316,1,0.00175822,-3.86095e-05,-0.0002625,2140.37
0,1773740,14,phononTF,0.00128378,-0.00200113,0.00199923,0.0002625,373.441,0.00103994,1,-0.0022438,0.00176282,-0.0002625,905.144
0,1773740,5,phononTF,0.00048837,-0.00222299,0.00388324,0.000262498,17.2942,0.00048837,1,-0.00380377,0.00307269,-0.0002625,566.375
0,1777720,10,phononTS,0.000587203,2.73802e-05,0.00204324,-0.000262499,816.18,0.000382,1,4.55946e-06,0.00199936,0.0002625,974.319
0,1781528,4,phononL,0.00259393,-0.000566342,0.00315454,-8.70532e-05,72.1099,0.000764,1,-0.00100255,0.00300421,0.0002625,1107.13
0,1781528,9,phononL,0.000851659,-0.00100255,0.00300421,0.000262498,1107.13,0.000645057,1,-0.0010033,0.0037144,-0.0002625,1267.9
0,1781528,3,phononTF,0.000983951,-0.00221001,0.00387767,0.000262498,72.1099,0.00036661,1,-0.0022989,0.00390157,-0.0002625,223.573
0,1783721,10,phononTS,0.000467899,-0.00100428,0.00299589,0.0002625,1470.59,0.000467899,1,-0.00133099,0.00304585,-0.0002625,2207.34
0,1784337,12,phononTS,0.000435988,-0.00300194,-0.00100459,0.0002625,1690.71,0.000435988,1,-0.00306376,-0.000990396,-0.0002625,2138.45
0,1800231,5,phononTS,0.000542999,-0.00100029,0.00300052,0.000262499,1211.95,0.000542999,1,-0.00121988,0.00381598,-0.0002625,1545.06
0,1800231,3,phononTS,0.000958163,-0.00220757,0.00388669,0.000262498,17.1779,0.000958163,1,-0.001931,0.00392788,-0.0002625,212.661
0,1804716,6,phononTF,0.000803609,-0.00100479,0.00299545,0.0002625,15.8988,9.70969e-05,1,-0.000405807,0.00256137,-0.0002625,817.303
0,1813540,18,phononL,0.00235518,-0.00200272,0.00200115,0.0002625,2816.36,0.00115589,1,-0.00177762,-0.00172167,-0.0002625,4604.61
0,1860882,7,phononTF,0.0011701,-0.00102886,0.0029703,-0.000262498,1228.62,0.000764,1,-0.000998141,0.00300264,0.0002625,1377.14
0,1860882,3,phononTF,0.000638197,-0.00219339,0.00388039,0.000262498,15.2363,0.000347712,1,-0.00183842,0.00343029,-0.0002625,241.763
0,1909682,10,phononTS,0.00131136,-0.00147334,0.00304855,-0.0002625,133.232,0.000764,1,-0.000996305,0.00299688,0.0002625,788.036
0,1938252,5,phononL,0.00093464,-0.00160376,0.00343886,-0.0002625,5.47075,0.000382,1,-0.00100298,0.00299667,0.0002625,350.816
0,1990473,16,phononTS,0.000715035,-0.00198622,0.00307549,-0.000262498,346.395,0.000382,1,-0.000999915,0.0030011,0.0002625,720.565
0,1990473,2,phononTS,0.00125535,-0.00219227,0.00388573,0.000262498,6.07996,0.00125535,1,-0.00200245,0.00401598,-0.0002625,202.972
0,1994021,15,phononTS,0.000977624,4.56289e-06,0.00199957,0.0002625,1204.54,0.000439586,1,-0.000266328,-0.00131002,-0.0002625,4112.48
0,2003777,20,phononTS,0.000544257,-0.00412857,0.00245388,-0.0002625,398.129,0.000382,1,-0.000997215,-0.0010044,0.0002625,3414.09
0,2003777,2,phononTS,0.000744769,-0.00220373,0.00388191,0.000262498,1.07818,0.000744769,1,-0.00225748,0.00382184,-0.0002625,147.43
0,2025897,5,phononL,0.0032257,-0.00134095,0.00316082,0.000254475,1024.56,0.000986361,1,-0.00119212,0.00316482,-0.0002625,1541.29
0,2030185,9,phononTS,0.000431282,0.000811235,0.000999585,-0.0002625,1204.36,0.000382,1,0.00100376,0.00100364,0.0002625,1570.17
0,2030185,4,phononTF,0.00135061,-0.00220465,0.00386764,0.000262498,16.9863,0.00135061,1,-0.00221567,0.00370956,-0.0002625,175.561
0,2030185,3,phononTF,0.000550481,-0.00220465,0.00386764,0.000262498,16.9863,0.000550481,1,-0.0023062,0.00397533,-0.0002625,170.713
0,2063717,11,phononTS,0.000473218,-0.00197973,0.00197771,-0.000262498,1374.33,0.000382,1,-0.0020021,0.00199982,0.0002625,1522.09
0,2063717,5,phononTF,0.000409148,-0.00218885,0.00387288,0.000262498,100.479,0.000409148,1,-0.00204233,0.00403107,-0.0002625,260.426
0,2063717,4,phononL,0.00124405,-0.00218885,0.00387288,0.000262498,100.479,0.00124405,1,-0.00174546,0.00403791,-0.0002625,231.959
0,2070236,15,phononTF,0.000642869,0.00111768,0.000891441,4.98736e-05,1045.63,0.000382,1,0.00100171,0.000997639,0.0002625,2120.17
0,2108845,15,phononTF,0.000647236,-0.00168783,0.005,-0.000155652,2401.78,0.000382,1,1.23998e-06,1.20704e-06,0.0002625,11106.7
0,2108845,14,phononTF,0.00127793,0.00218278,0.00304647,0.000262498,2401.78,0.00095382,1,0.00149046,0.00272697,-0.0002625,2687.46
0,2137189,4,phononTS,0.000751508,-0.00160463,0.00344835,-0.0002625,39.2715,0.000382,1,-0.000999581,0.00299534,0.0002625,694.269
0,2137189,3,phononTF,0.000567375,-0.00220968,0.00390136,0.000262498,39.2715,0.000567375,1,-0.00194301,0.00418167,-0.0002625,223.001
0,2137189,2,phononTF,0.00156001,-0.00220968,0.00390136,0.000262498,39.2715,0.000739305,1,-0.00291389,0.00459312,-0.0002625,354.369
0,2187976,18,phononTS,0.00105128,-0.00207468,0.00293319,-0.0002625,332.682,0.000382,1,-0.00199905,0.00199983,0.0002625,1053.37
0,2187976,19,phononTS,0.000600914,-0.00199905,0.00199983,0.000262498,1053.37,0.000600914,1,-0.00195932,0.00199014,-0.0002625,1204.38
0,2206323,11,phononTS,0.000420591,-0.000969139,0.00297658,-0.000262498,1940.26,0.000382,1,-0.000999824,0.0030009,0.0002625,2088.58
0,2208913,19,phononL,0.000552631,-0.00090559,0.00120031,-0.000262498,2377.52,0.000382,1,-0.000995764,0.00100412,0.0002625,2489.78
0,2208994,21,phononTS,0.00104783,0.00199689,-0.00200328,0.000262498,3997.29,0.00104783,1,0.000927316,-0.00328438,-0.0002625,4581.37
0,2224188,13,phononTF,0.000385331,-0.00200343,0.00199567,0.000262498,1861.23,0.000385331,1,-0.00165765,0.00168955,-0.0002625,2061.87
0,2224188,10,phononL,0.000684021,-0.000820733,0.00269314,0.000262498,956.891,0.000684021,1,-0.0014176,0.00256188,-0.0002625,1104.72
0,2226107,10,phononTS,0.000550744,-0.00205541,0.00205687,-0.000262498,1459.19,0.000550744,1,0.00184012,0.005,0.000123926,2961.64
0,2231745,12,phononTS,0.000679169,-2.64292e-06,2.93051e-06,0.000262498,5276.97,0.000191333,1,-0.000550157,-0.000248437,-0.0002625,5560.94
0,2233606,11,phononTS,0.000502653,-0.000995169,0.00300192,0.000262498,547.827,0.000502653,1,-0.00101194,0.00303551,-0.0002625,697.292
0,2234134,22,phononTS,0.000511248,-0.00199718,0.00199558,0.000262498,1051.95,0.000511248,1,-0.0014448,0.00307161,-0.0002625,1485.01
0,2241681,15,phononTS,0.00043626,-0.00149922,0.00389219,-0.0002625,354.592,0.000382,1,-0.000995157,0.00299504,0.0002625,901.818
0,2244730,11,phononTF,0.000879024,-0.00115582,0.00316705,-0.0002625,952.884,0.000382,1,-0.000995721,0.00299681,0.0002625,1276.96
0,2266503,9,phononTS,0.000751655,-0.00095453,0.00295097,-0.000262498,763.812,0.000382,1,-0.00100084,0.0030001,0.0002625,910.713
0,2304441,10,phononTS,0.000539578,1.00891e-05,0.00194847,-0.000262498,1342.75,0.000382,1,-2.18908e-06,0.00200424,0.0002625,1492.29
0,2304441,6,phononTS,0.000701869,-0.0022109,0.00389287,0.000262498,23.4043,0.000701869,1,-0.00221519,0.00394825,-0.0002625,173.93
0,2304441,5,phononTF,0.000723256,-0.0022109,0.00389287,0.000262498,23.4043,0.000723256,1,-0.00258049,0.00432244,-0.0002625,246.183
0,2323407,10,phononTS,0.000425237,-0.00200084,0.00200362,0.000262498,784.68,0.000425237,1,-0.00204855,0.00175146,-0.0002625,975.045
0,2323407,11,phononTS,0.000422078,0.005,-0.00133704,-0.00021464,161.839,0.000422078,1,0.00493009,-0.00133033,-0.0002625,2886.48
0,2336568,11,phononTS,0.00108286,-0.00224294,0.00308403,-0.000262498,419.201,0.000382,1,-0.00199808,0.00199687,0.0002625,841.426
0,2336568,12,phononTS,0.000611667,-0.00199808,0.00199687,0.000262498,841.426,0.000611667,1,-0.0020978,0.00180617,-0.0002625,1034.38
0,2340203,9,phononTS,0.000479558,0.00100494,-0.00300323,0.000262498,5104.18,0.000479558,1,0.000985506,-0.0030647,-0.0002625,5256.9
0,2344355,4,phononTF,0.00158523,-0.00101321,0.000992508,-2.97738e-05,28.72,0.000382,1,-0.000997715,0.000998753,0.0002625,1152.79
0,2347058,26,phononTS,0.000491389,-0.0020036,2.51419e-06,0.000262498,2859.12,0.000491389,1,-0.00183551,-0.000231897,-0.0002625,3068.9
0,2366485,22,phononTF,0.000556537,-1.88865e-06,2.54835e-06,0.000262498,1340.97,0.000556537,1,0.000808824,0.000849084,-0.0002625,1702.64
0,2366485,3,phononTF,0.000999172,-0.00220562,0.00388125,0.000262498,1.46855,0.000711733,1,-0.00253151,0.00421469,-0.0002625,200.92
0,2389198,18,phononTF,0.000522905,-0.00149654,0.0035734,-0.000262498,187.768,0.000382,1,-0.00100007,0.0029959,0.0002625,454.497
0,2396436,8,phononTS,0.000395408,-0.00200445,0.00199578,0.0002625,499.764,0.000395408,1,-0.00140576,0.00153778,-0.0002625,1480.9
0,2405638,8,phononTS,0.000980965,0.000104764,1.67385e-05,-0.0002625,2402.02,0.000382,1,5.26785e-07,-4.73717e-06,0.0002625,3815.03
0,2406552,20,phononTS,0.000645355,-0.00135778,0.00156831,-0.0002625,3504.98,0.000382,1,-0.00200297,0.0019982,0.0002625,4169.23
0,2477707,17,phononTF,0.000445828,-0.000996466,0.00100116,0.000262498,2032.19,0.000445828,1,-0.000752839,0.00124752,-0.0002625,2210.44
0,2477707,12,phononTS,0.00100891,-0.00209997,0.00344628,0.000262498,166.42,0.000785998,1,-0.00428258,0.00452499,-0.0002625,969.383
0,2497063,10,phononTF,0.00217566,-0.00110286,0.00290749,-0.0002625,477.003,0.000764,1,-0.00100271,0.00299874,0.0002625,2178.72
0,2506043,12,phononTF,0.000933233,-0.00114425,0.00311237,-0.0002625,356.418,0.000382,1,-0.00100173,0.00300162,0.0002625,1034.75
0,2514568,19,phononTS,0.000915211,-0.00163372,0.00302828,-0.0002625,648.948,0.000382,1,-0.0010007,0.0029989,0.0002625,1199.41
0,2560161,25,phononTF,0.000393335,-0.000996555,0.00299803,0.000262498,2796.82,0.000393335,1,-0.00116598,0.00284508,-0.0002625,2958.01
0,2572277,10,phononTF,0.000466451,0.000998699,-0.00100097,0.000262498,1871.09,0.000466451,1,0.00117831,-0.000814118,-0.0002625,2036.09
0,2579279,16,phononTF,0.000390204,-0.00100278,0.00299918,0.000262498,997.699,0.000390204,1,-0.00168011,0.00251985,-0.0002625,1287.32
0,2580303,10,phononTS,0.000493031,-0.000995063,0.00300155,0.000262498,1482.66,0.000493031,1,-0.00106157,0.00218232,-0.0002625,1803.78
0,2580303,6,phononTS,0.000546176,-0.00219909,0.00387766,0.000262498,4.93386,0.000546176,1,-0.00216157,0.00391109,-0.0002625,160.698
0,2580303,5,phononTF,0.000690795,-0.00219909,0.00387766,0.000262498,4.93386,0.000690795,1,-0.0030168,0.00466343,-0.0002625,356.904
0,2598925,14,phononTS,0.000456455,0.00199945,-2.53538e-06,0.0002625,2595.96,0.000456455,1,0.00194524,-3.36485e-05,-0.0002625,3090.1
0,2641871,17,phononTS,0.000949788,-0.000996306,0.00300053,0.0002625,421.218,0.00042253,1,-0.000818167,0.00301333,-0.0002625,779.244
0,2657483,6,phononL,0.00046044,-0.000998947,0.00100361,0.0002625,395.084,0.00046044,1,-0.000660775,8.96645e-06,-0.0002625,1278.46
0,2657483,4,phononL,0.0025207,-0.00215917,0.00380688,0.000252045,210.821,0.000978656,1,-0.00192843,0.00431178,-0.0002625,372.024
0,2696742,6,phononTS,0.000653291,-0.00110222,0.00193724,-0.0002625,3.36289,0.000382,1,-2.15921e-06,-4.18546e-06,0.0002625,1492.23
0,2696742,5,phononTF,0.0020173,-0.00223689,0.00384329,0.000254096,3.36289,0.0004351,1,-0.000451159,0.00441212,-0.0002625,604.764
0,2737872,10,phononTS,0.00076086,-0.00093724,0.00294661,-0.0002625,667.428,0.000382,1,-0.000996672,0.00300164,0.0002625,960.072
0,2751474,19,phononTF,0.00112857,-0.0010018,0.00300072,0.0002625,312.566,0.000766767,1,-0.000454083,0.00244401,-0.0002625,1113.46
0,2772134,8,phononL,0.00121023,-0.00213404,0.00353233,-0.0002625,13.2802,0.000382,1,-0.000995401,0.00100222,0.0002625,1077.37
0,2787032,9,phononTS,0.000436629,-0.00200186,0.00199656,0.000262498,398.18,0.000436629,1,-0.00196119,0.00202365,-0.0002625,560.726
0,2787032,5,phononTS,0.000824584,-0.00220451,0.00387691,0.000262498,2.0285,0.000824584,1,-0.0026795,0.00381779,-0.0002625,239.568
0,2787032,4,phononTS,0.00135361,-0.00220451,0.00387691,0.000262498,2.0285,0.000680948,1,-0.00121556,0.00343194,-0.0002625,400.948
0,2823048,15,phononTS,0.00085007,-0.000312257,-0.001955,-0.0002625,3872.17,0.000382,1,4.78261e-07,-0.0020008,0.0002625,4291.13
0,2840023,6,phononTF,0.000758805,-0.00314292,0.00444675,-0.0002625,360.5,0.000382,1,-0.00199565,5.92981e-07,0.0002625,2341.27
0,2878939,4,phononTS,0.00191905,-0.00112717,0.00268746,8.28463e-05,12.9753,0.000382,1,-0.000998082,0.00300481,0.0002625,1100.05
0,2900437,12,phononTF,0.000597638,0.00362746,-0.005,-0.000178187,501.541,0.000597638,1,0.00344079,-0.00493469,-0.0002625,4439.09
0,2900437,8,phononTS,0.000668116,-0.00220581,0.00387272,0.000262498,44.9619,0.000287194,1,-0.00223001,0.00391815,-0.0002625,192.142
0,2900686,14,phononTS,0.000402529,-0.000996642,0.00299573,0.000262498,2217.58,0.000402529,1,-0.000965455,0.00301101,-0.0002625,2365.21
0,2900686,9,phononTF,0.000754514,-0.00223136,0.00382205,0.000262498,30.3349,0.000754514,1,-0.00201575,0.00359102,-0.0002625,204.574
0,2901837,22,phononL,0.00140745,-0.000798854,0.00131258,-0.000255625,1046.78,0.00140745,1,-0.00080023,0.00130754,-0.0002625,1875.06
0,2926850,16,phononTS,0.000392375,-3.71766e-05,6.56559e-05,-0.000262498,3411.32,0.000382,1,-3.28134e-07,1.13196e-06,0.0002625,3558.56
0,2927384,13,phononTS,0.00065922,-0.000382822,0.00101572,-0.0002625,3866.65,0.000382,1,-5.13132e-07,-4.71422e-06,0.0002625,6355.8
0,2927384,6,phononTF,0.00262167,-0.00212457,0.00395899,0.000262498,1074.18,0.00207268,1,-0.00198795,0.00408381,-0.0002625,1231.02
0,2927384,4,phononTS,0.00287464,-0.00231704,0.00335013,-0.000239412,1027.29,0.00130103,1,-0.00234869,0.00334787,-0.0002625,1307.85
0,2929084,17,phononTF,0.000428783,-0.00083677,-0.000849931,-0.000262498,4429.38,0.000382,1,-0.00100439,-0.00100134,0.0002625,4590.31
0,2951535,22,phononTF,0.000567934,-0.00310288,0.005,-8.72631e-05,233.62,0.000382,1,-0.00200001,0.00199549,0.0002625,1670.99
0,2964647,4,phononTS,0.000911726,-0.00210406,0.00294012,-0.0002625,1.46935,0.000382,1,-0.00200203,0.00199766,0.0002625,706.304
0,2964647,3,phononTS,0.00107068,-0.00220608,0.00388258,0.000262498,1.46935,0.000635174,1,-0.00472942,-0.00252933,-0.0002625,2376.84
0,2969140,16,phononTF,0.000413188,-0.00267869,0.00264373,-0.0002625,3503.7,0.000382,1,-0.00199786,0.00199619,0.0002625,4986.56
0,2969140,12,phononTS,0.00139646,-0.00264114,0.00380618,0.000262498,1631.23,0.00106271,1,-0.00198398,0.00383857,-0.0002625,1910.08
0,2979511,8,phononTF,0.00129543,0.00170015,0.00196795,-0.0002625,1691.89,0.000382,1,0.00199619,0.00199692,0.0002625,2024.03
0,2979511,9,phononTF,0.000637636,0.00199619,0.00199692,0.000262498,2024.03,0.000637636,1,0.00220886,0.00218934,-0.0002625,2192.41
0,2979511,5,phononTF,0.000401462,-0.00220456,0.00388906,0.000262498,4.36572,0.000401462,1,-0.00218105,0.00405307,-0.0002625,163.763
0,2982458,6,phononL,0.001443,-0.00209801,0.00194939,-0.0002625,23.2196,0.000382,1,-0.00200244,4.25437e-06,0.0002625,772.202
0,2982458,7,phononTF,0.000427512,-0.00200244,4.25437e-06,0.000262498,772.202,0.000427512,1,-0.00193649,-6.61845e-05,-0.0002625,922.649
0,2989457,11,phononTS,0.000513663,0.00039464,-0.00280784,-0.0002625,3192.68,0.000382,1,3.92185e-07,-0.00199785,0.0002625,3920.16
0,3006420,12,phononTS,0.000453077,0.00200362,0.00200233,0.000262498,1714.37,0.000453077,1,0.00202697,0.00131248,-0.0002625,2003.74
0,3029338,7,phononTS,0.00169679,-0.00214481,0.00294729,-0.0002625,61.574,0.000382,1,-0.0019969,0.00200152,0.0002625,807.652
0,3060862,10,phononTF,0.000443511,-0.000753506,0.000516594,-0.000262498,1056.67,0.000382,1,-0.00199765,3.87436e-06,0.0002625,1496.17
0,3107677,3,phononTS,0.000927665,-0.00160721,0.00344022,-0.0002625,6.69158,0.000382,1,-0.00100438,0.00299692,0.0002625,657.47
0,3108750,10,phononTS,0.000707712,-0.00100386,0.00100269,0.0002625,1099.73,0.000707712,1,-0.000776483,0.00103492,-0.0002625,1596.27
0,3211028,11,phononTS,0.000594146,0.000999238,0.0010041,0.0002625,812.049,0.000594146,1,0.00292845,-0.000282604,-0.0002625,3072.22
0,3216841,14,phononTS,0.000404658,1.02885e-06,0.00200121,0.000262498,1690.8,0.000404658,1,0.00025283,0.00166138,-0.0002625,1932.32
0,3219854,28,phononTS,0.000570037,-0.00105459,0.00295976,-0.000262498,1822.44,0.000382,1,-0.000996469,0.00300302,0.0002625,1978.14
0,3220021,7,phononL,0.000736089,0.00139558,0.00123048,-0.0002625,94.554,0.000382,1,0.00100284,0.000997624,0.0002625,1397.93
0,3273307,14,phononTF,0.000399673,-0.00199745,0.0019986,0.0002625,3023.09,0.000399673,1,-0.00154089,0.00248868,-0.0002625,3741.33
0,3273307,10,phononTF,0.00055267,-0.00214138,0.0029324,0.000262498,350.484,0.00055267,1,-0.00157633,0.00346241,-0.0002625,613.805
0,3281995,9,phononTS,0.000532709,-0.00200221,0.00199767,0.000262498,1122.59,0.000532709,1,-0.0019577,0.0020325,-0.0002625,1269.73
0,3281995,6,phononTS,0.00139922,-0.00212008,0.00384554,0.000262498,116.781,0.000809277,1,-0.00208999,0.00409755,-0.0002625,308.106
0,3283208,18,phononTF,0.000699387,-0.00100229,0.00299994,0.0002625,3107.74,0.000699387,1,-0.00149013,0.00350431,-0.0002625,3807.26
0,3283208,11,phononTS,0.0018993,-0.00359265,0.00486217,-0.000240752,273.899,0.00142251,1,-0.00369278,0.0048138,-0.0002625,1447.42
0,3324703,8,phononTS,0.000708891,-0.0011959,0.00345435,-0.0002625,979.334,0.000382,1,-0.00100359,0.00300248,0.0002625,2000.74
0,3349248,6,phononTF,0.00134287,-0.00185875,0.00396601,-0.0002625,7.51312,0.000382,1,-0.00100398,0.00300155,0.0002625,1190.58
0,3360432,8,phononTS,0.000463617,-0.00100404,0.00299572,0.0002625,145.964,0.000463617,1,-0.000995459,0.00305976,-0.0002625,953.636
0,3428440,4,phononTS,0.00044714,-0.00158582,0.00343132,-0.0002625,89.6769,0.000382,1,-0.00100135,0.00299893,0.0002625,729.112
0,3480197,5,phononTF,0.000979623,-0.00138146,0.00340505,-0.0002625,182.333,0.000382,1,-0.00100006,0.00299631,0.0002625,723.933
0,3480197,7,phononTS,0.000420511,-0.00100006,0.00299631,0.000262498,723.933,0.000420511,1,-0.00129608,0.00203332,-0.0002625,1105.03
0,3549738,8,phononTS,0.000499633,-0.000606291,0.00401477,-0.0002625,1194.28,0.000382,1,-0.000996979,0.00300356,0.0002625,2325.23
0,3549738,3,phononTF,0.00162461,-0.00219061,0.00388031,0.000262498,25.0512,0.00150628,1,-0.00174049,0.00345141,-0.0002625,256.939
0,3602123,16,phononTS,0.000512701,-0.000995806,0.00299765,0.000262498,868.623,0.000512701,1,-0.0015832,0.00303256,-0.0002625,1133.84
0,3602123,9,phononTS,0.0011233,-0.00222918,0.00399322,0.000262498,193.257,0.0011233,1,-0.00228232,0.00396438,-0.0002625,347.295
0,3610474,9,phononTS,0.000431162,-0.00079004,0.00285226,-0.0002625,46.5082,0.000382,1,-0.000998906,0.0030002,0.0002625,826.631
0,3610474,8,phononTS,0.000430057,-0.00221094,0.00386933,0.000262498,46.5082,0.000430057,1,-0.00226979,0.003814,-0.0002625,192.842
0,3610474,7,phononTS,0.000980814,-0.00221094,0.00386933,0.000262498,46.5082,0.000718699,1,-0.00305059,0.00403995,-0.0002625,390.599
0,3610474,6,phononTS,0.00124917,-0.00221094,0.00386933,0.000262498,46.5082,0.000699099,1,-0.00193253,0.00392109,-0.0002625,241.856
0,3628896,14,phononTS,0.0010624,-0.00206928,0.00111407,-0.0002625,692.189,0.000382,1,-0.00199551,-0.0019979,0.0002625,2954.65
0,3663898,7,phononTF,0.00193989,-0.00198886,0.00234542,-9.7014e-05,931.141,0.00113629,1,-0.00193521,0.00228624,-0.0002625,1150.22
0,3688692,4,phononTS,0.000435223,-0.00160614,0.00244025,-0.0002625,18.1966,0.000382,1,-0.00100034,0.000995221,0.0002625,1109.1
0,3688692,3,phononL,0.000699233,-0.00221195,0.00388527,0.000262498,18.1966,0.000699233,1,-0.00241363,0.0040735,-0.0002625,133.475
0,3717758,5,phononL,0.00263889,-0.0011166,0.00262857,-0.0002625,16.182,0.000382,1,-0.000997349,0.00300321,0.0002625,885.27
0,3721953,2,phononTS,0.000417584,-0.00160295,0.00244082,-0.0002625,2.66279,0.000382,1,-0.00100349,0.000996146,0.0002625,1099.63
0,3743549,6,phononTS,0.000387185,-0.00232942,0.00362677,-0.0002625,1332.61,0.000382,1,-0.00100491,0.000996723,0.0002625,2506.54
0,3743549,5,phononTF,0.000978079,-0.00212842,0.00389545,0.000262498,1332.61,0.000731282,1,-0.00254303,0.00434225,-0.0002625,1558.91
0,3743549,4,phononTS,0.000936288,0.00171309,-0.0038242,0.000114163,1332.61,0.000139342,1,0.00181221,-0.00316104,-0.0002625,6026.52
0,3755365,10,phononTS,0.000459462,0.00100135,-0.000995795,0.0002625,2340.41,0.000459462,1,0.0011883,-0.000937917,-0.0002625,2715.01
0,3797391,12,phononTS,0.000783374,-0.000995268,0.000998803,0.0002625,3572.33,0.000783374,1,-0.00101329,0.00129837,-0.0002625,4593.82
0,3808513,11,phononTF,0.000946477,-0.000600537,0.00356247,-0.0002625,416.707,0.000382,1,-0.00100248,0.0030028,0.0002625,1225.01
0,3818939,11,phononTS,0.00187116,0.000997013,0.000995026,0.000262498,2374.39,0.000922358,1,0.00104349,0.00105871,-0.0002625,2521.02
0,3863034,24,phononTS,0.000408592,0.000513985,-0.00139221,-0.0002625,4988.2,0.000382,1,0.00100445,-0.000998472,0.0002625,5492.32
0,3895568,16,phononTF,0.00136935,-0.00100275,-0.00099894,0.000262498,1712.69,0.00101727,1,-0.00115434,-0.00115904,-0.0002625,1873.15
0,3904031,14,phononTS,0.000451176,-0.00177925,0.000846257,-0.0002625,3632.05,0.000382,1,-0.00199864,4.93349e-06,0.0002625,4313.36
0,3920913,14,phononTF,0.000421742,-0.00200112,0.00199857,0.0002625,531.095,0.000421742,1,-0.00241618,0.00242795,-0.0002625,1317
0,3920913,12,phononTS,0.0014722,-0.000967614,0.005,-5.56755e-05,97.0561,0.000930052,1,-0.00109095,0.00478277,-0.0002625,754.036
0,3948003,22,phononTS,0.00184569,-0.000329007,0.00209404,0.000190839,997.51,0.000382,1,0.000995481,0.00100443,0.0002625,2125.4
0,3948003,24,phononTS,0.00118516,0.000995481,0.00100443,0.000262498,2125.4,0.00118516,1,0.00102116,0.000720785,-0.0002625,2327.22
0,3948003,2,phononTS,0.00055056,-0.0022243,0.00388912,0.000262498,32.0704,0.00055056,1,-0.0022634,0.00390156,-0.0002625,185.353
0,3957565,12,phononTS,0.000613482,-0.000998547,-0.000997382,0.0002625,797.882,0.000613482,1,-0.000333381,-0.00468534,-0.0002625,4695.6
0,3957565,4,phononTS,0.00160533,-0.00222754,0.00390353,0.000262498,62.6262,0.00159839,1,-0.00218266,0.0041725,-0.0002625,263.42
0,4008276,15,phononTS,0.000477205,-0.00200446,0.00199851,0.000262498,1325.98,0.000477205,1,-0.00195626,0.00201001,-0.0002625,1478.56
0,4018364,19,phononTS,0.000420221,0.000383901,0.00223,-0.0002625,3013.76,0.000382,1,1.0531e-06,0.00200024,0.0002625,3555.92
0,4052845,22,phononTS,0.000413266,-4.69671e-06,-1.09916e-06,0.0002625,3452.9,0.000413266,1,0.0027702,-0.00171548,-0.0002625,5546.38
0,4090861,17,phononTS,0.000468863,0.00249815,-0.0020487,-0.0002625,4761.62,0.000382,1,0.00200232,-0.00200395,0.0002625,5757.78
0,4109844,7,phononTS,0.000454472,-0.00197653,0.00285491,-0.0002625,334.019,0.000382,1,-0.0020049,0.00199864,0.0002625,1001.17
0,4109844,6,phononTS,0.000463808,-0.00194815,0.00371118,0.000262498,334.019,0.000463808,1,-0.00196647,0.00350472,-0.0002625,516.148
0,4112898,14,phononTS,0.000383791,-0.000995071,0.00100338,0.000262498,1244.91,0.000383791,1,-0.000972745,0.00106137,-0.0002625,1398.05
0,4114464,7,phononTS,0.000520499,-0.00010366,0.00194822,-0.0002625,12.1657,0.000382,1,0.00200331,5.55827e-07,0.0002625,1878.12
0,4116435,18,phononTS,0.000393203,-0.0010026,0.00300285,0.000262498,5774.39,0.000393203,1,-0.000965856,0.00296334,-0.0002625,5923.13
0,4143492,22,phononTS,0.000430894,-0.00238126,0.00354578,-0.0002625,860.461,0.000382,1,0.00200146,-0.00200008,0.0002625,3177.02
0,4143492,21,phononTF,0.000432393,-0.00233375,0.00350026,0.000262499,860.461,0.000432393,1,-0.00259916,0.00378671,-0.0002625,1044.73
0,4143937,23,phononTF,0.00042178,-0.00119865,0.0028245,-0.000262498,1421.82,0.000382,1,-0.00100393,0.00300322,0.0002625,1587.35
0,4145382,12,phononTS,0.000492449,0.00203971,0.0020572,-0.000262498,3596.84,0.000382,1,0.001996,0.00200313,0.0002625,3752.81
0,4156521,18,phononTF,0.000391383,-0.0010022,0.00300162,0.000262498,633.797,0.000391383,1,-0.000839817,0.00303918,-0.0002625,793.057
0,4272369,12,phononL,0.000948156,0.000684071,0.00215125,-0.0002625,1340,0.000764,1,4.34767e-06,0.00200486,0.0002625,1659.46
0,4292799,9,phononTS,0.000481704,-0.000967957,0.00325121,-0.000262499,1196.54,0.000382,1,-0.000996474,0.00299541,0.0002625,1387.89
0,4292799,5,phononTS,0.000889379,-0.00220402,0.00388528,0.000262498,1.03437,0.000889379,1,-0.00333812,0.00347742,-0.0002625,444.857
0,4293327,12,phononTF,0.000991996,-0.000804344,0.000787944,-0.0002625,1305.26,0.000382,1,-0.000999575,0.00100355,0.0002625,1643.11
0,4293327,10,phononTS,0.00108312,-0.00224112,0.00386906,0.000262498,46.3796,0.00108312,1,-0.00220144,0.00392962,-0.0002625,201.531
0,4296781,13,phononTF,0.000680395,-0.00130885,0.00331582,-0.000262498,389.814,0.000382,1,-0.00100021,0.00299531,0.0002625,583.726
0,4302314,11,phononTS,0.000676782,-0.00162477,0.00226966,-0.0002625,594.248,0.000382,1,-0.00199551,0.00200109,0.0002625,1094.28
0,4302314,5,phononTF,0.00133036,-0.00220725,0.00388765,0.000262498,2.73337,0.00100824,1,-0.00203383,0.00404403,-0.0002625,164.513
0,4302314,4,phononTF,0.00139416,0.00100741,-0.0019032,-1.73344e-05,2.73337,0.00098377,1,0.00102418,-0.0017905,-0.0002625,1966.28
0,4302314,3,phononL,0.000455558,-0.00220725,0.00388765,0.000262498,2.73337,0.000455558,1,-0.00228841,0.00345028,-0.0002625,130.82
0,4302314,2,phononTS,0.00119953,-0.00220725,0.00388765,0.000262498,2.73337,0.000737599,1,-0.00215242,0.00375418,-0.0002625,171.599
0,4307149,5,phononTF,0.00246058,-0.00223849,-0.000125346,-2.15018e-05,3.41553,0.000382,1,-0.00199619,4.51771e-06,0.0002625,3481.17
0,4327342,16,phononTS,0.00108029,-4.06864e-06,-3.24073e-06,0.0002625,1101.54,0.000580469,1,0.00393652,-0.00459673,-0.0002625,4159.83
0,4327786,17,phononTF,0.000759547,-0.00200154,0.0019974,0.000262498,1063.79,0.000759547,1,-0.0020055,0.00203916,-0.0002625,1212.53
0,4348304,21,phononTF,0.000508802,3.79028e-06,4.43191e-06,0.000262498,4251.92,0.000508802,1,0.000524991,-0.000505926,-0.0002625,4505.2
0,4348304,8,phononTF,0.000506316,-0.00312583,0.005,6.63519e-05,210.928,0.000506316,1,0.0019682,0.000274068,-0.0002625,2583.45
0,4359121,5,phononTS,0.000505631,0.00199695,0.00200399,0.0002625,227.647,0.000505631,1,0.00170432,0.00246076,-0.0002625,2046.43
0,4360918,19,phononTF,0.000563452,-0.00222892,0.00178657,-0.000262498,525.306,0.000382,1,-0.00200281,0.00200363,0.0002625,697.606
0,4379382,19,phononTS,0.000425192,-0.00263007,0.00414447,-0.0002625,1244.92,0.000382,1,-0.000997191,0.00299541,0.0002625,2115.77
0,4379382,13,phononTS,0.000498638,-0.00219985,0.00388278,0.000262498,12.5035,0.000498638,1,-0.00222008,0.00394458,-0.0002625,165.295
0,4379382,12,phononTS,0.00110947,-0.00219985,0.00388278,0.000262498,12.5035,0.00110947,1,-0.00224491,0.00383296,-0.0002625,159.49
0,4410972,12,phononTF,0.00044278,0.000189268,-0.00179563,-0.000262498,4727.47,0.000382,1,1.44716e-06,-0.00200107,0.0002625,4894.79
0,4417611,2,phononTF,0.00180087,-0.00135565,0.00338571,-0.0002625,4.57876,0.000764,1,-0.000996541,0.00299618,0.0002625,576.078
0,4417611,21,phononTF,0.000861384,-0.000996541,0.00299618,0.000262498,576.078,0.000861384,1,7.41541e-05,0.00204436,-0.0002625,1011.61
0,4465338,7,phononTS,0.000564791,-0.00230733,0.00447065,-0.000262498,308.234,0.000382,1,-0.00100147,0.00300207,0.0002625,977.955
0,4492217,15,phononTS,0.00124299,-0.00199597,0.00199818,0.000262498,707.586,0.00039685,1,-0.0020533,0.00208536,-0.0002625,869.256
0,4497590,4,phononTF,0.00226917,-0.00100103,0.00300307,0.0002625,1016.2,0.00106294,1,-0.00066628,0.0033451,-0.0002625,1866.75
0,4533508,4,phononTF,0.0011578,0.000222502,0.00176248,-0.0002625,2.15533,0.000382,1,-2.2029e-06,0.00199901,0.0002625,1229.46
0,4557146,20,phononTF,0.000415303,-0.000275784,0.00185727,-0.0002625,1065.8,0.000382,1,1.88298e-06,0.001998,0.0002625,1495.62
0,4557146,2,phononTS,0.000825388,-0.00220168,0.0038811,0.000262498,2.48481,0.000825388,1,0.000715506,0.00122463,-0.0002625,1198.49
0,4560235,10,phononTF,0.00163874,0.000622143,0.000759436,-0.0002625,4466.63,0.000764,1,0.000998114,0.00100334,0.0002625,4827.94
0,4567299,23,phononTF,0.000547221,-0.00272196,0.00297795,-0.000262498,2868.66,0.000382,1,-0.00200014,-3.67985e-06,0.0002625,3792.18
0,4585662,5,phononL,0.00346536,-0.00233968,0.00218237,-2.92717e-05,416.676,0.000764,1,-0.00200346,0.00200439,0.0002625,1178.27
0,4630257,7,phononTS,0.00132315,-0.00219974,0.00194854,-0.0002625,876.963,0.000382,1,-0.00199749,0.00199768,0.0002625,1437.31
0,4630257,8,phononTF,0.000605484,-0.00199749,0.00199768,0.000262498,1437.31,0.000605484,1,-0.00331467,0.00120488,-0.0002625,1916.18
0,4646017,6,phononTF,0.00105733,-0.00107121,0.00293314,-0.000262498,1097.88,0.000382,1,-0.00100074,0.00299966,0.0002625,1248.35
0,4682370,3,phononTS,0.000552807,0.000396978,0.00244069,-0.0002625,2.78572,0.000382,1,0.00300017,0.00100127,0.0002625,1926.77
0,4682370,2,phononTS,0.000476663,-0.0022062,0.0038801,0.000262498,2.78572,0.000476663,1,-0.0021633,0.00379756,-0.0002625,164.148
0,4702848,4,phononTS,0.00140056,-0.00092543,0.0037573,-0.000152709,210.778,0.000382,1,-0.00100242,0.0030024,0.0002625,976.752
0,4702848,5,phononTS,0.00056296,-0.00100242,0.0030024,0.000262498,976.752,0.00056296,1,-0.00115173,0.00324407,-0.0002625,1185.11
0,4736713,9,phononTF,0.00168494,-0.000782036,0.00285384,0.000125854,330.179,0.000764,1,-0.000998784,0.0030015,0.0002625,1358.36
0,4736713,15,phononTS,0.000520246,-0.000998784,0.0030015,0.000262498,1358.36,0.000520246,1,-0.00165052,0.00305244,-0.0002625,1638.54
0,4791526,23,phononTF,0.000392842,-0.000366739,0.00240143,-0.0002625,1351.26,0.000382,1,0.00200322,1.25766e-06,0.0002625,3275.61
0,4808663,13,phononTS,0.00140593,-0.00189331,0.0029597,-0.0002625,276.348,0.000382,1,-0.00199663,0.00200286,0.0002625,1293.02
0,4808663,15,phononTF,0.000568858,-0.00199663,0.00200286,0.000262498,1293.02,0.000568858,1,-0.00183459,0.00215949,-0.0002625,1454.04
0,4808663,3,phononTF,0.000962906,-0.0022035,0.00388367,0.000262498,1.45139,0.000207211,1,-0.00180944,0.00342417,-0.0002625,232.68
0,4857387,15,phononTF,0.00203564,-0.00113251,0.00313225,-0.0002625,482.488,0.000382,1,-0.00099707,0.00299574,0.0002625,1114.02
0,4858152,14,phononTS,0.000816276,-0.00202202,-0.002,-0.0002625,1770.91,0.000382,1,-0.00200483,-0.0020014,0.0002625,3599.54
0,4858152,4,phononTS,0.00118911,-0.00219176,0.00388045,0.000262498,168.209,0.000885755,1,-0.00257504,0.00383006,-0.0002625,385.534
0,4862223,11,phononL,0.00128337,-0.00199832,0.00200038,0.000262498,1168.85,0.00127214,1,-0.00145874,0.00217955,-0.0002625,1311.7
0,4877725,13,phononTS,0.000688823,0.000996932,0.000996536,0.000262498,2874.72,0.000549888,1,0.00119235,0.000971389,-0.0002625,3055.86
0,4877725,6,phononTS,0.000575622,-0.00220774,0.00389318,0.000262498,5.70848,0.000503379,1,-0.00219345,0.00384885,-0.0002625,152.973
0,4883418,7,phononTS,0.000451612,-0.00100082,0.00300187,0.0002625,685.449,0.000451612,1,0.00206634,0.00131526,-0.0002625,2918.89
0,4894936,17,phononTF,0.000485548,-0.00183177,0.00368732,-0.000262498,486.568,0.000382,1,-0.00100226,0.00299825,0.0002625,832.53
0,4894936,3,phononTS,0.00107334,0.005,-0.00218511,0.000208011,1.27055,0.000798861,1,0.00396595,-0.00247849,-0.0002625,4026.16
0,4920105,15,phononL,0.00149391,-0.00199512,0.00200491,0.000262498,1008.49,0.00149391,1,-0.00167274,0.00244895,-0.0002625,1150.37
0,4920105,3,phononTS,0.000861474,-0.00220031,0.00389266,0.000262498,53.3251,0.000185519,1,-0.00224942,0.00394633,-0.0002625,200.289
0,4936011,8,phononTS,0.000610711,-0.00160092,0.00244584,-0.0002625,11.216,0.000382,1,-0.000995358,0.000998012,0.0002625,1126.98
0,4940967,26,phononTS,0.000481041,-0.00200074,4.52882e-06,0.000262498,6555.03,0.000481041,1,-0.00200847,0.000749959,-0.0002625,6861.7
0,4989380,9,phononTF,0.000399323,-0.00201983,0.00227369,-0.0002625,440.137,0.000382,1,-0.00199501,0.0019971,0.0002625,1154.01
0,4992908,9,phononTF,0.000477926,-0.00160031,0.00343802,-0.0002625,15.2924,0.000382,1,-0.000995331,0.00299965,0.0002625,553.081
0,4992908,8,phononTS,0.00147987,-0.000680697,0.005,8.5568e-05,15.2924,0.001168,1,-0.00072254,0.00450869,-0.0002625,807.731
0,4997563,13,phononTS,0.000480127,-0.00221296,0.00365751,-0.000262498,158.217,0.000382,1,-0.00100126,0.00299706,0.0002625,656.818
0,4997563,4,phononTF,0.00166491,-0.00222264,0.0038921,0.000262498,45.1682,0.000559435,1,-0.00202819,0.00356478,-0.0002625,237.02
0,5011468,3,phononL,0.000982628,-0.00100157,0.00300105,0.0002625,1.2922,0.000935628,1,-0.000400608,0.00255997,-0.0002625,519.017
0,5011468,2,phononTS,0.00294268,-0.00181683,0.00378963,-4.21472e-05,1.2922,0.000978007,1,-0.00209054,0.00379468,-0.0002625,352.902
0,5015300,12,phononTS,0.000971582,-1.01251e-06,0.00199776,0.000262498,1868.6,0.000500286,1,-6.17161e-05,0.00150029,-0.0002625,2111.27
0,5036830,17,phononTS,0.000496422,-4.20563e-06,-0.00199674,0.000262498,3778.58,0.000496422,1,0.00076835,-0.00174885,-0.0002625,4114.33
0,5036830,13,phononTS,0.00178337,-0.00257248,0.00381446,0.000262498,659.264,0.00171359,1,-0.00216649,0.00391392,-0.0002625,893.637
0,5081587,7,phononTS,0.00124262,0.00193397,0.00138919,-0.0002625,6.27663,0.000382,1,0.0020019,0.00200474,0.0002625,3249.56
0,5087285,12,phononTS,0.000725217,3.83686e-06,-0.00200444,0.000262498,3703.71,0.000725217,1,1.96874e-05,-0.00198973,-0.0002625,3862.15
0,5095729,2,phononTS,0.00229197,-0.00194429,0.00285253,-0.0002625,84.2639,0.000382,1,-0.00199836,0.00199949,0.0002625,823.601
0,5102683,12,phononL,0.000407835,0.00200573,-0.00147448,-0.000262498,2081.93,0.000382,1,0.00200005,-0.00199616,0.0002625,2217.98
0,5106445,13,phononTF,0.000397099,-0.00361285,-0.000350273,-0.0002625,3429.23,0.000382,1,-0.00299577,-0.00100192,0.0002625,4014.61
0,5134704,12,phononTS,0.000628167,-0.00101985,0.00302127,-0.000262498,2154.93,0.000382,1,-0.000999758,0.00299574,0.0002625,2306.1
0,5141796,21,phononTS,0.000494509,-0.00150965,0.00157051,-0.000262498,2352.94,0.000382,1,-0.00200034,0.00199614,0.0002625,2652.64
0,5142285,11,phononTF,0.000508622,-0.000144236,0.0021339,-0.0002625,1104.5,0.000382,1,1.51614e-06,0.00199791,0.0002625,1421.1
0,5142285,10,phononTS,0.000670502,-0.000289987,0.00226988,0.000262498,1104.5,0.000670502,1,0.000225793,0.00174974,-0.0002625,1426.38
0,5164661,15,phononTS,0.00039456,0.00100388,0.00100433,0.000262498,3364.52,0.00039456,1,0.000590133,2.76292e-05,-0.0002625,3757.74
0,5164661,2,phononTF,0.000858395,-0.00223491,0.00392218,0.000262498,110.034,0.000858395,1,-0.00227138,0.00394409,-0.0002625,258.648
0,5168366,15,phononTF,0.000444204,-0.00163325,0.00233376,-0.0002625,814.306,0.000382,1,-0.00199601,0.00199697,0.0002625,1220.53
0,5175835,13,phononTS,0.000713857,-0.00099941,0.00299954,0.000262498,720.721,0.000713857,1,-0.00105115,0.00366013,-0.0002625,1002.46
0,5197700,33,phononTF,0.000898504,-0.00100125,0.00299546,0.000262498,1064.03,0.000666429,1,-0.00176136,0.00221126,-0.0002625,1405.66
0,5197700,2,phononTS,0.00136961,-0.00220702,0.00389349,0.000262498,12.836,0.00112113,1,-0.00318757,0.00381591,-0.0002625,385.599
0,5210244,6,phononTS,0.000907744,-0.00199584,0.00200473,0.000262498,748.144,0.000907744,1,-0.00208069,0.00206206,-0.0002625,909.481
0,5210244,4,phononTS,0.00134828,-0.00221464,0.00387042,0.000262498,22.6481,0.00119228,1,-0.00321759,0.00380569,-0.0002625,400.887
0,5215463,11,phononTS,0.000653039,-0.000890493,0.000972382,-0.0002625,5048.19,0.000382,1,-0.0010033,0.000996413,0.0002625,5391.88
0,5248698,5,phononTS,0.000528315,-0.00231732,0.00302434,-0.0002625,1068.51,0.000382,1,-0.00200009,0.00200242,0.0002625,1880.25
0,5262592,15,phononTF,0.000589471,7.47408e-07,0.00199534,0.000262498,1580.51,0.000589471,1,-0.000407385,0.00155864,-0.0002625,1804.45
0,5271386,12,phononTS,0.00108868,-0.00100483,0.00299994,0.0002625,78.0272,0.00063232,1,8.07081e-06,0.000828071,-0.0002625,2006.93
0,5310389,17,phononTS,0.000534566,-0.00164987,0.00294023,-0.0002625,488.558,0.000382,1,-0.00100009,0.0030022,0.0002625,1047
0,5346112,17,phononTF,0.00054507,0.00266685,0.000632982,-0.0002625,2872.36,0.000382,1,0.00299992,0.000995411,0.0002625,3277.21
0,5346112,14,phononTS,0.000914198,-0.00164699,0.00373627,0.000262498,325.01,0.000449383,1,-0.00380875,0.00243305,-0.0002625,1155.31
0,5347329,11,phononTS,0.000526119,-0.00434473,-0.005,9.46565e-05,2804.47,0.000526119,1,-0.00442601,-0.00483224,-0.0002625,5368.21
0,5359733,12,phononTF,0.000583306,-0.000592739,0.00141681,-0.0002625,1259.26,0.000382,1,1.84464e-06,0.00200251,0.0002625,1815.04
0,5359733,5,phononL,0.00143817,-0.00220391,0.00388023,0.000262498,4.72358,0.00106298,1,-0.00200841,0.00350236,-0.0002625,131.544
0,5396837,12,phononTF,0.00052968,-0.00130256,0.00188769,-0.0002625,2578.25,0.000382,1,-0.00100256,0.000998195,0.0002625,3928.12
0,5432652,2,phononTS,0.000473018,-0.00210027,0.00293771,-0.0002625,14.0597,0.000382,1,-0.00200064,0.00199743,0.0002625,717.803
0,5436334,3,phononTS,0.000666668,-0.00200352,0.00199948,0.0002625,4.32162,0.000458255,1,-0.00216773,0.00296033,-0.0002625,1119.32
0,5451026,11,phononTF,0.00044047,-0.000879355,0.00279266,-0.0002625,350.178,0.000382,1,2.57732e-06,0.00200473,0.0002625,1782.59
0,5461833,10,phononTF,0.000572566,-0.00205862,0.00427788,-0.000262499,2668.32,0.000382,1,-0.001001,0.00300221,0.0002625,3166.66
0,5467924,14,phononTF,0.000455852,-0.00117571,0.00316756,-0.000262499,865.506,0.000382,1,-0.00100402,0.00300239,0.0002625,1027.99
0,5485581,13,phononTS,0.00044181,-0.00100488,0.0030017,0.000262498,695.71,0.00044181,1,-0.000654038,0.00201338,-0.0002625,1089.38
0,5501548,7,phononTS,0.000935394,-0.00210208,0.00294643,-0.0002625,25.1148,0.000382,1,-0.00199947,0.00199842,0.0002625,732.809
0,5504256,14,phononTF,0.00071378,-0.00131928,0.00321463,-0.0002625,501.491,0.000382,1,-0.00100027,0.00300142,0.0002625,1264.26
0,5504257,3,phononTF,0.00301212,-0.00308529,0.00429369,-0.000182691,8.74028,0.00208544,1,-0.00307123,0.00428104,-0.0002625,593.695
0,5535075,7,phononTS,0.000880789,-0.00210386,0.00294334,-0.0002625,2.87637,0.000382,1,-0.0019999,0.00200211,0.0002625,729.262
0,5575120,11,phononTS,0.000596694,-0.000943355,-0.00107363,-0.000262498,2252.82,0.000382,1,-0.00100111,-0.00100249,0.0002625,2412.21
0,5611310,16,phononL,0.000488689,-0.00200047,0.00200436,0.000262498,1473.58,0.000488689,1,-0.00227955,0.00145732,-0.0002625,1623.87
0,5611310,2,phononTS,0.00367437,-0.00215958,0.00404196,-2.98137e-05,4.24418,0.00204843,1,-0.00215098,0.0040301,-0.0002625,341.284
0,5644066,11,phononTS,0.000768947,-0.000999035,0.00299725,0.0002625,332.894,0.000768947,1,-0.000579546,0.00227771,-0.0002625,1026.44
0,5699967,18,phononTS,0.00121155,-0.00225497,0.00350683,-0.000262498,437.485,0.000382,1,-0.000997918,0.0030021,0.0002625,925.829
0,5702379,13,phononTF,0.000445899,-0.00199811,-0.00199732,0.000262499,5630.11,0.000445899,1,-0.000300279,-0.000264034,-0.0002625,6329.65
0,5710479,14,phononTS,0.000516379,-0.000650041,0.00294636,-0.000262498,2198.5,0.000382,1,-0.0010044,0.00299955,0.0002625,2409.47
0,5762667,3,phononTS,0.00233397,-0.00203022,0.00198573,0.000244556,3.48344,0.000764,1,-0.00199559,0.00200182,0.0002625,751.731
0,5762667,19,phononTS,0.000931297,-0.00199559,0.00200182,0.000262498,751.731,0.000676139,1,-0.00196398,0.00203307,-0.0002625,899.264
0,5811648,10,phononTS,0.000394487,-0.000168673,0.00421506,-0.000262498,1189.74,0.000382,1,0.00199658,0.0019983,0.0002625,2127.15
0,5811648,3,phononTF,0.0032542,-0.00300054,0.00318963,-0.000255299,12.5302,0.00198273,1,-0.00300269,0.00318895,-0.0002625,1122.13
0,5819970,16,phononTS,0.000475256,0.00285146,-9.48102e-05,-0.0002625,4072.89,0.000382,1,0.00200258,2.62716e-06,0.0002625,4730.22
0,5855561,2,phononTS,0.00184974,-0.00110532,0.00293953,-0.0002625,10.3746,0.000382,1,4.17423e-06,0.00199607,0.0002625,1056.98
0,5855561,11,phononL,0.000535663,4.17423e-06,0.00199607,0.000262498,1056.98,0.000535663,1,-0.000271067,0.00256258,-0.0002625,1209.42
0,5890814,16,phononTF,0.000717941,0.000812586,-0.00319362,-0.0002625,4022.3,0.000382,1,0.00100463,-0.00300116,0.0002625,6508.79
0,5906978,6,phononTS,0.0022732,-0.00162044,0.00343304,-0.0002625,62.1495,0.001528,1,-0.000997123,0.00300393,0.0002625,716.811
0,5910665,12,phononTS,0.000410081,-0.00200388,0.00199751,0.000262498,406.09,0.000410081,1,-0.00225519,0.00294552,-0.0002625,785.911
0,5911450,13,phononTS,0.000404417,-1.6621e-06,0.00200019,0.000262498,9821.01,0.000404417,1,0.000204314,0.00196102,-0.0002625,10003.2
0,5946419,11,phononTF,0.000441445,-0.000153933,-0.000117564,-0.0002625,5139.84,0.000382,1,0.000999031,0.000999566,0.0002625,5773.64
0,5946419,5,phononTS,0.00192058,-0.00220482,0.00388685,0.000262498,2.41679,0.001688,1,-0.00174522,0.00405388,-0.0002625,256.188
0,5988674,8,phononTF,0.000758602,0.00199611,-2.23097e-06,0.0002625,3047.38,0.00062496,1,0.00168535,0.000306599,-0.0002625,3625.59
0,5988674,4,phononTF,0.000632839,-0.00220693,0.0038859,0.000262498,6.80325,0.000632839,1,-0.00209574,0.00400933,-0.0002625,161.92
0,6003679,11,phononTS,0.000464369,0.00100037,0.000996334,0.000262498,2392.18,0.000464369,1,0.00104526,0.000407354,-0.0002625,2656.67
0,6027508,10,phononTF,0.00113772,-0.00105269,0.00195166,-0.0002625,316.358,0.000382,1,-4.31255e-06,1.42999e-06,0.0002625,1650.82
0,6027508,14,phononTF,0.00048525,-4.31255e-06,1.42999e-06,0.000262498,1650.82,0.00048525,1,-0.000580972,0.000590719,-0.0002625,1926.28
0,6034475,5,phononTS,0.00070863,-0.00160503,0.00343887,-0.0002625,2.44773,0.000382,1,-0.0010018,0.00299572,0.0002625,653.345
0,6041916,9,phononTF,0.000396145,-0.00327706,0.005,-0.000237009,609.222,0.000382,1,-4.44117e-06,0.00200475,0.0002625,2356.75
0,6041916,6,phononTS,0.00130812,-0.00220415,0.00388297,0.000262498,1.6679,0.00130812,1,-0.00171936,0.0040031,-0.0002625,255.503
0,6041916,5,phononL,0.00153163,-0.00220415,0.00388297,0.000262498,1.6679,0.000889795,1,-0.0038175,0.00451824,-0.0002625,352.189
0,6041978,18,phononTS,0.000456776,0.00290848,0.000685263,-0.0002625,2784.54,0.000382,1,0.00200363,-1.19516e-06,0.0002625,3485.83
0,6054919,14,phononTS,0.00137926,-0.00121432,-0.000148483,-0.0002625,684.321,0.000382,1,-0.000997857,-0.000998122,0.0002625,2056.16
0,6059611,9,phononTS,0.000530741,-0.00200241,0.0019955,0.000262498,1688.26,0.000530741,1,-0.00200109,0.00183026,-0.0002625,1866.25
0,6059611,4,phononTF,0.000446568,-0.0022068,0.00388539,0.000262498,4.12799,0.000446568,1,-0.00300922,0.00465348,-0.0002625,350.098
0,6064634,11,phononTS,0.000393681,-0.00199945,0.0020014,0.000262498,748.648,0.000393681,1,-0.00194801,0.00229381,-0.0002625,946.807
0,6066379,19,phononTF,0.000676493,-0.00121067,0.005,6.98233e-05,633.582,0.000676493,1,-0.00141859,0.00452585,-0.0002625,2058.85
0,6069364,8,phononTF,0.000594788,8.0435e-05,0.00192711,-0.000262498,1510.4,0.000382,1,1.33006e-06,0.0020013,0.0002625,1661.52
0,6093344,3,phononTS,0.00159663,-0.000997483,0.0030021,0.0002625,4.48037,0.00159663,1,-0.00148056,0.0035271,-0.0002625,971.922
0,6121510,16,phononTS,0.000399145,0.00275834,0.005,-5.3224e-05,1991.55,0.000399145,1,0.000411821,0.00266496,-0.0002625,4180.95
0,6128755,8,phononTS,0.000659751,-0.00200309,0.00199924,0.0002625,2504.25,0.000659751,1,-0.001769,0.00241375,-0.0002625,3411.75
0,6128755,4,phononTS,0.000857066,-0.00221565,0.00389877,0.000262498,109.86,0.000857066,1,-0.0028015,0.00401598,-0.0002625,365.88
0,6135334,10,phononTF,0.000752913,-0.00192077,0.00395384,-0.000262498,349.06,0.000382,1,-0.00100216,0.00299831,0.0002625,750.589
0,6135334,6,phononTF,0.00185256,-0.00209584,0.00376914,0.000262498,186.197,0.0017066,1,-0.00193208,0.00394892,-0.0002625,349.142
0,6143537,14,phononTF,0.000726329,-0.00102239,0.00273705,-0.000262498,1565.57,0.000382,1,-0.00100278,0.0030002,0.0002625,1741.36
0,6161614,7,phononTF,0.00292283,-0.00102367,0.00300976,0.000244896,7.93699,0.000382,1,-0.000995027,0.00300087,0.0002625,733.641
0,6161614,9,phononL,0.000615309,0.00222137,-0.005,-6.52559e-05,733.641,0.000615309,1,0.00232035,-0.00481588,-0.0002625,6100.23
0,6161614,8,phononTS,0.0015294,-0.000995027,0.00300087,0.000262498,733.641,0.000783844,1,-0.00105966,0.00220596,-0.0002625,1057.19
0,6172932,22,phononTF,0.000432444,-0.00136759,0.00270251,-0.0002625,3328.49,0.000382,1,-0.00099949,0.00300067,0.0002625,4457.14
0,6178204,18,phononTF,0.000479024,-0.00100083,0.00100488,0.000262498,1118.74,0.000479024,1,-0.000717355,0.00241468,-0.0002625,1596.07
0,6209404,7,phononTS,0.000565713,-0.000543041,0.00247655,-0.0002625,313.298,0.000382,1,-2.4944e-06,0.00200233,0.0002625,1585.95
0,6209404,4,phononTS,0.000529236,-0.00221616,0.00388288,0.000262498,8.8446,0.000529236,1,-0.00190043,0.0041681,-0.0002625,251.409
0,6224834,18,phononTS,0.000440389,-0.000996015,0.00100051,0.000262498,2030.55,0.000440389,1,-0.000935132,0.000983541,-0.0002625,2179.53
0,6227393,7,phononTF,0.00171417,-0.00131005,0.00266787,-0.0002625,598.72,0.001146,1,-0.00100004,0.00300398,0.0002625,1048.04
0,6227393,4,phononTS,0.00132209,-0.00220923,0.00387497,0.000262498,7.60349,0.000783386,1,-0.00204316,0.0022591,-0.0002625,609.482
0,6240946,19,phononTS,0.000779567,0.00100389,-0.00299578,0.0002625,5126.54,0.000779567,1,0.000259195,-0.00334587,-0.0002625,6153.47
0,6243211,14,phononTS,0.000574249,-0.0017275,0.00340511,-0.000262498,281.173,0.000382,1,-0.00100413,0.00300242,0.0002625,626.251
0,6243211,5,phononTF,0.000593399,-0.00218983,0.00385353,0.000262498,44.8931,0.000391143,1,0.00380788,0.00173357,-0.0002625,1885.06
0,6265025,12,phononTS,0.000817188,-0.00200378,0.00199962,0.000262498,986.865,0.000570965,1,-0.0020445,0.00195184,-0.0002625,1142.83
0,6269305,23,phononTS,0.000418642,0.00100139,-0.00300412,0.000262498,3997.99,0.000418642,1,0.00106375,-0.00248741,-0.0002625,4245.11
0,6277589,15,phononTF,0.000386061,-0.00159562,0.00363036,-0.0002625,354.345,0.000382,1,-0.000996624,0.00300448,0.0002625,924.925
0,6277589,3,phononTS,0.00123862,-0.00220732,0.00387919,0.000262498,4.18875,0.000435005,1,-0.00325533,0.00271909,-0.0002625,558.235
0,6278027,8,phononTS,0.000443352,-0.00236152,0.00394456,-0.0002625,321.451,0.000382,1,-0.000999196,0.00299583,0.0002625,2093.61
0,6285742,5,phononTS,0.0014758,-0.0021042,0.00294321,-0.0002625,14.6644,0.000382,1,-0.00200042,0.00199681,0.0002625,743.952
0,6285742,9,phononL,0.000935857,-0.00200042,0.00199681,0.000262498,743.952,0.000935857,1,-0.00220124,0.00151276,-0.0002625,881.538
0,6317524,7,phononTS,0.000664053,-0.00160171,0.0024414,-0.0002625,1.77295,0.000382,1,-0.0010004,0.000999407,0.0002625,1097.82
0,6328645,10,phononTS,0.00056699,-0.00206748,0.00298967,-0.0002625,222.449,0.000382,1,-0.00199909,0.00200025,0.0002625,972.069
0,6328645,9,phononTF,0.00109659,-0.00213586,0.00397908,0.000262498,222.449,0.00109659,1,-0.0018157,0.00428383,-0.0002625,415.779
0,6328645,8,phononTS,0.000511928,-0.00213586,0.00397908,0.000262498,222.449,0.000511928,1,-0.00208347,0.00402724,-0.0002625,369.22
0,6330038,10,phononTS,0.000592873,-0.000103265,0.00294025,-0.0002625,20.3732,0.000382,1,0.0020033,0.001998,0.0002625,1551.07
0,6344810,14,phononL,0.000833774,-0.00120328,0.00324918,-0.000262498,2989.1,0.000764,1,-0.00100052,0.00300237,0.0002625,3107.14
0,6345819,10,phononTF,0.00137883,-0.000995348,0.00300452,0.000262499,2175.51,0.00137883,1,-0.000446323,0.00355181,-0.0002625,2439.4
0,6345819,8,phononTS,0.000753316,-0.00246676,0.00324253,0.000262498,1581.5,0.000753316,1,-0.00229377,0.00319926,-0.0002625,1757.55
0,6371752,13,phononTF,0.000575247,-0.00250033,0.0023737,-0.0002625,1156.12,0.000382,1,-0.00199977,0.00200375,0.0002625,1634.69
0,6398677,16,phononTS,0.000421866,0.00199953,0.00199507,0.000262498,1711.32,0.000421866,1,0.00200117,0.00176192,-0.0002625,1901.11
0,6416455,28,phononTS,0.000492545,-0.005,0.00164634,-0.000163588,1873.19,0.000382,1,-0.00199529,-0.00200318,0.0002625,3432.03
0,6416455,2,phononTS,0.00282606,-0.0039901,0.00435258,0.000134117,43.7329,0.00180174,1,-0.00396415,0.0044785,-0.0002625,1682.57
0,6435841,9,phononTF,0.000552499,-3.34822e-07,4.98715e-06,0.0002625,1702.69,0.000520749,1,0.00105324,-0.00124626,-0.0002625,2686.62
0,6443052,12,phononTF,0.000922601,-0.005,-0.00440296,-0.000181437,351.662,0.000537361,1,-0.00473068,-0.00467196,-0.0002625,6267.74
0,6471952,8,phononTS,0.000762462,-0.00100495,0.00300487,0.000262498,848.322,0.000648975,1,-0.000951315,0.00294986,-0.0002625,994.838
0,6471952,4,phononL,0.00337466,-0.00183454,0.00417498,-0.000145904,329.691,0.00275277,1,-0.00173402,0.00422768,-0.0002625,1705.83
0,6471952,10,phononL,0.00180341,-0.00229209,0.0033717,0.000108903,188.592,0.00160881,1,-0.00205424,0.00295727,-0.0002625,301.822
0,6506199,5,phononTS,0.00182697,-0.00199686,0.00192715,0.000194147,69.2459,0.000764,1,-0.00199933,0.00199843,0.0002625,759.865
0,6513060,21,phononTS,0.000681094,2.13581e-06,-4.09112e-06,0.0002625,6417.55,0.000681094,1,-0.000591878,-6.60446e-05,-0.0002625,6948.7
0,6558238,7,phononTF,0.000881443,-0.000641707,-0.00263207,-0.0002625,2225.6,0.000382,1,-1.65417e-06,-0.00199821,0.0002625,4549.64
0,6583852,8,phononTS,0.000753671,4.82637e-06,0.00200183,0.0002625,634.257,0.000753671,1,0.0020198,8.94378e-05,-0.0002625,2446.91
0,6585089,11,phononTF,0.000774107,-0.00213902,0.00414488,-0.0002625,1298.14,0.000382,1,-0.00100299,0.00300202,0.0002625,3406.38
0,6609197,11,phononTS,0.001505,-0.00199533,0.00199556,0.0002625,863.272,0.00094365,1,-0.00197717,0.00204033,-0.0002625,1180.54
0,6609515,12,phononTS,0.000518772,-0.00186687,0.005,1.04829e-05,641.793,0.000382,1,0.00199957,-6.63654e-07,0.0002625,2626.25
0,6626929,8,phononTF,0.000769736,0.00143104,0.00158852,-0.0002625,2573.14,0.000382,1,0.00199798,0.00199677,0.0002625,3088.43
0,6636882,15,phononTF,0.000507372,-0.00200386,-0.002003,0.000262498,2099.28,0.000507372,1,-0.00126839,-0.00129555,-0.0002625,2422.53
0,6636882,9,phononTS,0.00102486,-0.0021368,0.00380035,0.000262498,156.924,0.00102486,1,-0.00246051,0.00319532,-0.0002625,463.84
0,6640215,11,phononTF,0.000427632,0.000998824,0.000999399,0.000262498,2168.48,0.000427632,1,0.00428834,0.00240703,-0.0002625,3221.89
0,6654036,10,phononTS,0.000527834,-0.00246866,0.00334741,-0.000262498,1528.65,0.000382,1,-0.00100283,0.000997472,0.0002625,2421.09
0,6681132,12,phononL,0.00143011,-0.00227219,0.000483636,-0.0002625,2728.03,0.000382,1,-0.00199625,5.97179e-07,0.0002625,3012.9
0,6681132,13,phononTF,0.000803415,-0.00199625,5.97179e-07,0.000262498,3012.9,0.000803415,1,-0.00355926,-0.0017578,-0.0002625,3697.87
0,6702195,12,phononTF,0.000546114,3.6125e-06,0.00199731,0.000262498,4213.37,0.000546114,1,-0.00124419,0.0012095,-0.0002625,4673.93
0,6725914,8,phononTF,0.000771954,-0.00129844,0.00268157,-0.000262498,471.889,0.000382,1,-0.00100308,0.0030044,0.0002625,664.133
0,6775202,6,phononTS,0.00183119,-0.00162342,0.00283445,-0.000125707,442.411,0.000382,1,-0.00200061,0.00199755,0.0002625,1146.17
0,6775202,7,phononL,0.00139281,-0.00200061,0.00199755,0.000262498,1146.17,0.00101471,1,-0.00231867,0.000207848,-0.0002625,1501.26
0,6779169,18,phononTS,0.000807386,0.0020049,0.00200387,0.0002625,1696.56,0.000807386,1,0.00203658,0.00206905,-0.0002625,1991.78
0,6785335,12,phononTS,0.000536754,-2.73943e-06,-0.00199814,0.0002625,427.774,0.000536754,1,-0.000496299,-0.000262759,-0.0002625,3047.94
0,6788837,25,phononTS,0.000566994,-0.00236498,0.00286556,-0.0002625,1041.52,0.000382,1,-0.00100479,0.00299958,0.0002625,2067.08
0,6788837,15,phononL,0.00041289,-0.00224905,0.00387569,0.000262498,43.2107,0.00041289,1,-0.00227625,0.00323485,-0.0002625,194.352
0,6800760,8,phononTF,0.000836301,-0.00314777,0.00192923,-0.0002625,2169.44,0.000382,1,-0.00100313,0.0029995,0.0002625,3050.5
0,6809475,14,phononTS,0.000723662,0.000996004,-0.00300014,0.0002625,2327.53,0.00013456,1,0.00267827,-0.0042127,-0.0002625,4228.86
0,6825899,12,phononTS,0.000552268,-0.00187968,0.00465695,-0.0002625,1069.11,0.000382,1,-0.000997175,0.00299844,0.0002625,2708.37
0,6825899,5,phononTS,0.00308763,-0.00237883,0.00401689,0.000141728,25.1122,0.00141589,1,-0.00234227,0.00397678,-0.0002625,206.136
0,6826522,6,phononTS,0.00124231,-0.00228011,0.00386532,-0.0002625,4.39455,0.000382,1,4.14841e-06,-4.53756e-06,0.0002625,1581.14
0,6828202,15,phononTS,0.00102581,-0.00170171,0.00353918,-0.000262498,193.265,0.000382,1,-0.00100335,0.00299961,0.0002625,555.259
0,6828263,3,phononTS,0.000412817,-0.00210334,0.00294135,-0.0002625,2.55731,0.000382,1,-0.00199877,0.00199681,0.0002625,733.439
0,6852138,5,phononTS,0.000776583,-0.00200231,0.00199735,0.0002625,9.93185,0.000776583,1,-0.00174365,0.00202932,-0.0002625,931.685
0,6852138,4,phononTS,0.00156751,-0.00219757,0.00387452,0.000262498,9.93185,0.00101448,1,-0.00217016,0.00392271,-0.0002625,158.256
0,6870212,7,phononTS,0.000769336,-0.00210479,0.00293828,-0.0002625,4.21519,0.000382,1,-0.00199674,0.00199731,0.0002625,745.693
0,6872450,15,phononTF,0.000682787,-0.00102671,0.00296725,-0.000262498,756.591,0.000382,1,-0.00100146,0.00299543,0.0002625,904.949
0,6903510,10,phononTS,0.000977563,-0.00209818,0.00301052,-0.0002625,530.161,0.000382,1,-0.00200394,0.00199806,0.0002625,1295.43
0,6918448,8,phononTF,0.000589079,-0.001004,0.00100438,0.000262498,3918.24,0.000589079,1,-0.0029989,0.0025153,-0.0002625,4651.48
0,6960579,8,phononTS,0.000775122,0.00199966,0.00199871,0.000262498,1397.04,0.000775122,1,0.00142185,0.00150906,-0.0002625,1725.39
0,6960579,4,phononTF,0.000449049,-0.00220546,0.00388415,0.000262498,1.09528,0.000449049,1,-0.00178035,0.00397031,-0.0002625,214.321
0,6960579,3,phononL,0.000810129,-0.00220546,0.00388415,0.000262498,1.09528,0.000810129,1,-0.00197898,0.00447847,-0.0002625,153.63
0,6960579,2,phononTS,0.00379882,-0.00155636,0.00368994,-0.000101711,1.09528,0.00264054,1,-0.00154257,0.00369223,-0.0002625,908.296
0,6981706,13,phononTS,0.000469003,0.000998572,0.000998625,0.000262498,6599.14,0.000469003,1,0.00155152,0.00248823,-0.0002625,7168.53
0,7132526,18,phononTF,0.000538729,-0.00159424,0.00239978,-0.0002625,1133.29,0.000382,1,-0.00200397,0.00199527,0.0002625,1572.52
0,7132526,15,phononTS,0.000432384,-0.00104623,0.00341486,0.000262498,739.747,0.000432384,1,-0.000442928,0.00345433,-0.0002625,1007.74
0,7142496,12,phononL,0.000482776,-0.000316078,0.000198445,-0.0002625,2940.98,0.000382,1,-8.55184e-07,-3.92568e-06,0.0002625,3515.27
0,7157655,3,phononTF,0.000670011,-0.005,-0.000819383,-9.12552e-05,22.6539,0.000382,1,-0.00199533,3.54962e-06,0.0002625,9311.06
0,7157655,2,phononTS,0.00112426,-0.00221233,0.0038879,0.000262498,22.6539,0.00112426,1,-0.00115875,0.00357381,-0.0002625,436.085
0,7158940,12,phononTF,0.000546852,-0.00100284,0.00300343,0.000262498,1503.2,0.000546852,1,-0.00126873,0.00275518,-0.0002625,1683.07
0,7158940,7,phononTF,0.000490352,-0.0022929,0.0038799,0.000262498,63.3522,0.000490352,1,-0.00175246,0.00330541,-0.0002625,329.993
0,7163226,8,phononTF,0.000394814,0.00100365,0.000996001,0.000262498,2656.9,0.000394814,1,0.00176432,0.000208503,-0.0002625,2999.13
0,7204307,9,phononL,0.000481525,0.00206245,0.0028463,-0.000262498,2553.81,0.000382,1,0.00199765,0.00200451,0.0002625,2735.2
0,7204307,6,phononTF,0.00093054,0.005,0.00335626,0.000139743,877.715,0.000337165,1,0.00458891,0.00291879,-0.0002625,4710.79
0,7232696,4,phononTF,0.0018972,-0.00204945,0.00403485,-0.0002625,407.74,0.000382,1,-0.00100326,0.00300083,0.0002625,1005.21
0,7232799,10,phononTS,0.000474728,0.00193275,0.00156428,-0.000262498,2444.13,0.000382,1,0.0020005,0.00200171,0.0002625,2682.08
0,7232799,8,phononTS,0.000389925,-0.00199384,0.00384664,0.000262498,1019.1,0.000389925,1,-0.00193388,0.00379308,-0.0002625,1165.47
0,7246332,14,phononL,0.000531572,-0.00100069,0.00299634,0.000262498,1393.79,0.000531572,1,-0.00105607,0.00329795,-0.0002625,1510.74
0,7246332,5,phononTS,0.000529072,-0.00222911,0.00387975,0.000262498,12.1023,0.000529072,1,-0.00270007,0.00391917,-0.0002625,249.589
0,7246332,4,phononTF,0.00179193,-0.00222911,0.00387975,0.000262498,12.1023,0.00179193,1,-0.00241974,0.00368989,-0.0002625,178.383
0,7246332,3,phononTF,0.000486562,-0.00222911,0.00387975,0.000262498,12.1023,0.000486562,1,-0.00221475,0.00373829,-0.0002625,168.635
0,7266680,17,phononTS,0.000500386,0.00103834,0.000931875,-0.000262498,4107.21,0.000382,1,0.000998455,0.000997231,0.0002625,4254.21
0,7269059,11,phononTS,0.000649506,2.05808e-06,-0.00199587,0.000262498,3162.09,0.000374002,1,4.40937e-05,-0.00205976,-0.0002625,3308.99
0,7282451,13,phononTS,0.000616686,-0.000995906,0.00299546,0.0002625,198.138,0.000243868,1,0.000687802,0.00142982,-0.0002625,1731.5
0,7282451,6,phononL,0.00116073,-0.00220373,0.00388846,0.000262498,12.0512,0.000695352,1,-0.00274153,0.0042368,-0.0002625,167.117
0,7332839,16,phononTS,0.000588606,-0.000995369,0.00299797,0.000262498,2221.87,0.000588606,1,-0.00101932,0.0029726,-0.0002625,2375.76
0,7366407,4,phononTS,0.000547501,-0.00210409,0.00294085,-0.0002625,5.14315,0.000382,1,-0.00200189,0.00200028,0.0002625,733.577
0,7366407,3,phononTF,0.00153636,-0.0022063,0.00388142,0.000262498,5.14315,0.00117534,1,-0.00225352,0.00376738,-0.0002625,158.946
0,7374645,16,phononL,0.000465641,0.000190518,0.00209589,-0.000262498,2575.91,0.000382,1,-3.76047e-06,0.0019996,0.0002625,2688.21
0,7374645,13,phononL,0.000491346,0.000307357,0.00224738,0.000262499,2062.91,0.000491346,1,0.000414488,0.00174448,-0.0002625,2198.5
0,7374645,2,phononL,0.000695443,-0.00218227,0.00385146,0.000262498,68.5959,0.000695443,1,-0.00121209,0.00374231,-0.0002625,271.825
0,7423693,14,phononTF,0.000408845,-0.00100222,0.00300291,0.000262498,897.675,0.000408845,1,-0.000573366,0.00346001,-0.0002625,1127.87
0,7423693,10,phononTF,0.000931799,-0.00211966,0.00387697,0.000262498,87.6026,0.000931799,1,-0.00216059,0.00352976,-0.0002625,281.492
0,7464596,2,phononTF,0.00259824,-0.00122688,0.00323716,1.31276e-05,86.9608,0.000382,1,-0.000998071,0.0029967,0.0002625,912.592
0,7506962,9,phononL,0.00109453,0.000365309,0.000879282,-0.0002625,1496.49,0.000382,1,0.000996836,0.00100105,0.0002625,1800.6
0,7506962,10,phononTF,0.00051569,0.000996836,0.00100105,0.000262498,1800.6,0.00051569,1,0.00101286,0.000983332,-0.0002625,1948.73
0,7520771,7,phononTF,0.000472005,-0.00100395,0.00299728,0.000262498,973.482,0.000472005,1,-0.00132473,0.00268372,-0.0002625,1168.1
0,7526640,15,phononTS,0.0011232,0.005,-0.00277959,-0.000244819,32.3308,0.0011232,1,0.00497857,-0.00277832,-0.0002625,2892.79
0,7526640,14,phononTF,0.0014108,-0.00219954,0.00389396,0.000262498,32.3308,0.000798979,1,-0.00257395,0.00351598,-0.0002625,243.984
0,7526640,16,phononTS,0.000611825,-0.00403453,0.005,-0.000250988,243.984,0.000611825,1,-0.00394327,0.00490858,-0.0002625,897.966
0,7526640,13,phononTS,0.000629545,-0.00219954,0.00389396,0.000262498,32.3308,0.000629545,1,-0.00225206,0.00368173,-0.0002625,214.94
0,7530821,16,phononL,0.000821217,-0.00186163,0.00259128,-0.0002625,162.822,0.000382,1,-0.0019994,0.0019967,0.0002625,606.21
0,7559608,2,phononL,0.00182839,-0.00160399,0.00344108,-0.0002625,1.32969,0.000382,1,-0.00100382,0.00300105,0.0002625,346.043
0,7559608,14,phononTF,0.000998743,-0.00100382,0.00300105,0.000262498,346.043,0.000622873,1,-0.000974896,0.00317473,-0.0002625,506.791
0,7567115,17,phononL,0.000455337,0.00169683,-0.000389171,-0.0002625,6063.73,0.000382,1,0.00200023,-3.1278e-06,0.0002625,6332.72
0,7587884,15,phononTF,0.000425812,3.10984e-05,1.05601e-05,-0.000262498,1908.48,0.000382,1,-0.00100471,-0.000995652,0.0002625,2343.53
0,7603200,14,phononTS,0.000560412,-0.000997839,0.00299657,0.000262498,1088.82,0.000560412,1,-0.000938483,0.00298023,-0.0002625,1237.9
0,7613425,13,phononTS,0.000784983,0.00105509,0.00140847,-0.000262498,2671.35,0.000382,1,0.00100309,0.000998442,0.0002625,2894.48
0,7613425,7,phononL,0.00251015,-0.000884817,0.00259008,-0.000244593,29.7952,0.00157271,1,-0.000944359,0.00256424,-0.0002625,956.431
0,7634223,10,phononTF,0.000755586,-0.000995594,0.00300366,0.000262498,2336.6,0.000755586,1,-0.000798376,0.00308371,-0.0002625,2501.33
0,7634223,4,phononL,0.00176414,-0.00188555,0.00389255,0.000262498,421.989,0.000493119,1,-0.0013001,0.00379339,-0.0002625,567.23
0,7647022,21,phononTF,0.000470085,-0.00123383,0.00324056,-0.000262498,938.555,0.000382,1,-0.00099522,0.0030004,0.0002625,1114.63
0,7647022,10,phononTF,0.00188711,-0.00224764,0.00403946,0.000262498,132.605,0.00188711,1,-0.00250377,0.00379415,-0.0002625,311.125
0,7647022,9,phononL,0.000703562,-0.00224764,0.00403946,0.000262498,132.605,0.000703562,1,-0.00241375,0.00376382,-0.0002625,250.754
0,7709240,2,phononL,0.000830274,-0.00161059,0.00344473,-0.0002625,28.3374,0.000382,1,-0.00100426,0.00299947,0.0002625,375.818
0,7709665,6,phononTF,0.00295039,-0.00212756,0.0019144,3.15706e-05,1999.27,0.001146,1,-0.00199679,0.00199898,0.0002625,2542.87
0,7709665,10,phononTF,0.00128179,-0.00199679,0.00199898,0.000262498,2542.87,0.000805264,1,-0.00330172,0.00329351,-0.0002625,3081.67
0,7714783,9,phononTS,0.000734811,0.00304912,0.000951373,-0.0002625,2963.52,0.000382,1,0.00300144,0.00099694,0.0002625,3257.43
0,7714783,5,phononTS,0.000922976,-0.00222064,0.00382981,0.000262498,41.2683,0.00087564,1,-0.00207005,0.00342794,-0.0002625,280.74
0,7746064,14,phononTS,0.00112818,-0.000125385,0.0010346,-0.0002625,296.713,0.000382,1,2.47772e-06,0.00199729,0.0002625,2719.8
0,7746064,15,phononTF,0.00050265,2.47772e-06,0.00199729,0.000262498,2719.8,0.00050265,1,0.000521338,0.00234491,-0.0002625,2962.34
0,7777729,9,phononTF,0.000560743,0.00100137,-0.00100222,0.000262498,2003.26,0.000560743,1,0.000969505,-0.00118608,-0.0002625,2165.49
0,7777729,6,phononTS,0.00118611,-0.00223199,0.00391294,0.000262498,97.2704,0.000471657,1,-0.00254041,0.0041956,-0.0002625,338.114
0,7874970,4,phononL,0.000603157,-0.00159849,0.00345842,-0.0002625,121.357,0.000382,1,-0.0010019,0.00300281,0.0002625,468.544
0,7893902,8,phononTF,0.000968435,-0.00299035,0.005,-4.46168e-06,1315.1,0.000382,1,-0.000997489,0.00300479,0.0002625,2492.93
0,7893902,9,phononTS,0.000447992,-0.000997489,0.00300479,0.000262498,2492.93,0.000447992,1,-0.00101255,0.00345253,-0.0002625,2726.52
0,7923263,17,phononTS,0.000438332,-0.0019958,0.00199958,0.0002625,163.249,0.000438332,1,-0.00240157,0.0020153,-0.0002625,1064.24
0,7923263,16,phononTS,0.000424464,-0.00221241,0.00377684,0.000262498,163.249,0.000424464,1,-0.00222998,0.00381453,-0.0002625,313.688
0,7923263,15,phononTS,0.000918423,-0.00221241,0.00377684,0.000262498,163.249,0.000194117,1,-0.00220997,0.00384044,-0.0002625,314.04
0,7930180,10,phononTF,0.000429195,-0.00404098,0.005,0.000207818,547.955,0.000429195,1,-0.00298689,0.00368721,-0.0002625,2146.68
0,7934556,12,phononTF,0.000466129,-1.35811e-06,0.00199528,0.000262498,4050.8,0.000466129,1,-0.000439356,0.00155661,-0.0002625,4280.97
0,7972537,13,phononTF,0.000400755,6.23e-07,1.84954e-06,0.000262498,1857.27,0.000400755,1,0.000266146,-0.000247783,-0.0002625,2037.28
0,7972537,3,phononTS,0.000610326,-0.00220254,0.00388359,0.000262498,0.950471,0.000610326,1,0.000532293,-4.78945e-05,-0.0002625,1486.1
0,7972537,2,phononTF,0.00162393,-0.00220254,0.00388359,0.000262498,0.950471,0.000835655,1,-0.00293907,0.0031692,-0.0002625,325.684
0,7987958,9,phononTS,0.000446894,-0.00188142,0.00266322,-0.0002625,305.393,0.000382,1,-0.00200284,0.00199693,0.0002625,898.083
0,8017950,4,phononTF,0.000563899,-0.00160284,0.00344121,-0.0002625,1.62221,0.000382,1,-0.000998349,0.00300283,0.0002625,539.173
0,8024376,18,phononTS,0.000434856,0.00205557,0.00193937,-0.000262498,2126.6,0.000382,1,0.00200393,0.00200133,0.0002625,2272.99
0,8024376,15,phononTF,0.000838754,-0.00197626,0.0037475,0.000262498,317.056,0.000225884,1,-0.00245648,0.004219,-0.0002625,557.613
0,8059271,11,phononTS,0.000489568,-0.00199675,0.00200046,0.000262498,1057.33,0.000489568,1,-0.00196474,0.00196427,-0.0002625,1205.43
0,8068691,7,phononTS,0.00074578,-0.00139105,0.00235295,-0.0002625,821.778,0.000382,1,-0.00100407,0.0010042,0.0002625,1819.07
0,8085614,10,phononTS,0.000519518,-0.00103683,0.0027192,-0.000262498,669.596,0.000382,1,-0.00100352,0.0030044,0.0002625,872.418
0,8085614,5,phononTF,0.000538616,-0.00219822,0.00389023,0.000262498,10.4279,0.000538616,1,-0.00133509,-0.00177838,-0.0002625,1687.24
0,8121847,8,phononTS,0.00195474,-0.000102138,0.0029357,-0.0002625,5.66975,0.000764,1,0.00200099,0.00200219,0.0002625,1532.44
0,8161993,14,phononTS,0.000464462,0.00159003,0.00130946,-0.0002625,683.296,0.000382,1,-0.00200032,-0.00199879,0.0002625,4121.76
0,8170787,15,phononL,0.00114673,-0.00250211,0.00407499,-0.000262498,434.793,0.000382,1,-0.00200347,0.00199652,0.0002625,852.961
0,8175210,9,phononTS,0.00155828,-0.00129969,0.00316294,-0.000211794,311.366,0.000764,1,-0.00100433,0.00299937,0.0002625,864.685
0,8185072,20,phononTF,0.000408845,-0.00061156,0.00213703,-0.0002625,3646.42,0.000382,1,-0.000999885,0.00099585,0.0002625,5038.65
0,8185154,15,phononTS,0.000493535,-0.00100237,0.0010031,0.0002625,2768.65,0.000493535,1,-0.00078522,0.00128877,-0.0002625,4332.9
0,8202411,14,phononTF,0.00111009,1.83503e-05,0.000421348,-0.0002625,1925.4,0.000382,1,-1.12906e-06,-0.00199791,0.0002625,3429.92
0,8218419,10,phononTF,0.000656021,-0.00137348,0.00336407,-0.0002625,477.401,0.000382,1,-0.00100423,0.00299656,0.0002625,896.891
0,8218419,4,phononTS,0.000794382,-0.00221077,0.00387426,0.000262498,8.71263,0.000768313,1,-0.0022676,0.00380016,-0.0002625,178.85
0,8218419,3,phononTF,0.00155882,-0.00221077,0.00387426,0.000262498,8.71263,0.000770676,1,-0.00281546,0.00326102,-0.0002625,292.989
0,8226174,7,phononTS,0.000629063,-0.000996018,0.00300123,0.0002625,139.646,0.000629063,1,-0.000571079,0.00268131,-0.0002625,1392.33
0,8227538,12,phononL,0.000466089,-0.00170996,0.000393481,-0.0002625,1200.22,0.000382,1,-0.00200033,-8.25402e-08,0.0002625,1468.62
0,8227538,3,phononTS,0.00136279,-0.00359585,0.005,-0.000120981,17.5053,0.00136279,1,-0.0034152,0.00498149,-0.0002625,655.639
0,8227538,2,phononTF,0.00102987,-0.00221625,0.00388234,0.000262498,17.5053,0.000849017,1,-0.00203893,0.00376616,-0.0002625,179.985
0,8229265,17,phononTS,0.000768124,-0.00159525,0.00292998,-0.000262498,593.401,0.000382,1,-0.000995157,0.0029968,0.0002625,860.221
0,8232114,14,phononL,0.000404851,-0.000372667,0.000259571,-0.0002625,8075.8,0.000382,1,5.84171e-07,3.15316e-06,0.0002625,8332.52
0,8254926,13,phononTS,0.000532301,-0.00187136,-0.00148544,-0.0002625,4089.04,0.000382,1,-0.0020048,-0.00200008,0.0002625,4613.02
0,8254926,8,phononTS,0.00206276,-0.000612754,0.00481162,0.000137892,53.5004,0.0017608,1,-0.000546796,0.00476991,-0.0002625,1000.3
0,8283751,6,phononTS,0.000899855,-0.00210185,0.00293418,-0.0002625,19.9728,0.000382,1,-0.00200479,0.00200207,0.0002625,755.361
0,8335018,23,phononTS,0.000396154,-0.00100416,0.0030043,0.000262498,3724.66,0.000396154,1,-0.00242135,0.00257026,-0.0002625,4246.83
0,8335018,14,phononTS,0.000880453,-0.00220759,0.0037738,0.000262498,297.811,0.00055415,1,-0.000233405,0.000263696,-0.0002625,1570.74
0,8348077,15,phononTF,0.00053156,-0.00246278,0.00321916,-0.0002625,4341.87,0.000382,1,-0.00199988,0.00199955,0.0002625,5002.33
0,8348077,14,phononTS,0.0004625,-0.00288943,0.00367704,0.000262498,4341.87,0.0004625,1,-0.00331285,0.00372946,-0.0002625,4567.92
0,8356668,12,phononTF,0.000850872,-0.00212115,0.0048978,-0.0002625,538.902,0.000382,1,-0.00100323,0.00299889,0.0002625,1413.55
0,8362698,12,phononTF,0.000498793,-0.000997484,-0.000997042,0.0002625,3276.81,0.000498793,1,-0.00118887,-0.000924255,-0.0002625,3604.29
0,8433441,11,phononTS,0.000385059,-0.00164251,0.0035183,-0.0002625,705.52,0.000382,1,-0.000996281,0.00299864,0.0002625,1400.75
0,8483830,24,phononTF,0.000679047,-0.00110697,0.00292294,-0.0002625,48.6009,0.000382,1,-0.000997744,0.00300497,0.0002625,798.699
0,8483830,23,phononTS,0.00119361,-0.00214492,0.00388625,0.000262498,48.6009,0.000855049,1,-0.00381845,0.00273732,-0.0002625,735.899
0,8528467,15,phononTS,0.00038695,-0.0011262,0.00388388,-0.0002625,809.605,0.000382,1,-0.00100482,0.00299864,0.0002625,2281.62
0,8563028,8,phononTF,0.00136753,-0.000201149,0.00223669,-0.0002625,268.764,0.000382,1,0.00100425,0.000995524,0.0002625,1287.55
0,8563028,11,phononTS,0.000855509,0.00100425,0.000995524,0.000262498,1287.55,0.000855509,1,0.000989325,0.00121726,-0.0002625,1476.65
0,8599315,8,phononTS,0.000444999,-0.00134409,0.00263757,-0.0002625,2279.65,0.000382,1,-0.000997445,0.00300447,0.0002625,2991.64
0,8600807,8,phononTS,0.000458931,-0.00210041,0.00294447,-0.0002625,11.9645,0.000382,1,-0.00200339,0.0020006,0.0002625,739.073
0,8612518,11,phononTF,0.000659045,0.000819278,0.00313872,-0.0002625,10.215,0.000382,1,0.001998,0.00199896,0.0002625,1739.85
0,8612518,10,phononTF,0.000716202,-0.00220682,0.00387864,0.000262498,10.215,0.000716202,1,-0.00181221,0.00424213,-0.0002625,224.92
0,8615862,24,phononTF,0.00154909,-0.000995488,0.0030049,0.000262498,1894.15,0.000643785,1,-0.00165709,0.00366917,-0.0002625,2198.06
0,8641914,8,phononTS,0.000556043,2.6285e-06,0.00199995,0.0002625,4909.39,0.000556043,1,6.12487e-05,0.00205796,-0.0002625,5608.46
0,8649658,12,phononTS,0.00190848,8.22782e-05,0.00211439,0.000220886,124.157,0.000764,1,-4.46572e-07,0.00199646,0.0002625,1252.92
0,8649658,13,phononTS,0.000757166,-4.46572e-07,0.00199646,0.000262498,1252.92,0.000757166,1,-4.37924e-05,0.00222654,-0.0002625,1439.29
0,8649658,11,phononL,0.00392829,-0.00229718,0.00416716,-0.00017697,124.157,0.00183554,1,-0.00234463,0.00408553,-0.0002625,428.852
0,8652398,18,phononTF,0.000741255,-4.21443e-06,0.00200209,0.0002625,1332.65,0.000741255,1,0.000202108,0.00180367,-0.0002625,2343.71
0,8709617,8,phononL,0.000804733,-0.00122928,0.00368821,-0.0002625,19.961,0.000382,1,-0.000995389,0.00299508,0.0002625,766.772
0,8709617,7,phononTF,0.000746187,-0.00221361,0.00386946,0.000262498,19.961,0.000746187,1,-0.0024713,0.00378359,-0.0002625,195.244
0,8709617,6,phononTS,0.00279285,-0.00243847,0.00331709,-0.000203891,19.961,0.00208974,1,-0.00234446,0.00320545,-0.0002625,476.012
0,8750465,11,phononL,0.000733096,-0.0019423,0.00279167,-0.0002625,395.532,0.000382,1,-0.0019996,0.00199541,0.0002625,743.863
0,8750465,7,phononTS,0.000978024,-0.00220893,0.00388177,0.000262498,68.1832,0.000978024,1,-0.00215643,0.00407754,-0.0002625,247.792
0,8750465,6,phononTF,0.000386579,-0.00220893,0.00388177,0.000262498,68.1832,0.000386579,1,-0.00279768,0.00450368,-0.0002625,350.945
0,8750465,5,phononTS,0.000700442,-0.00220893,0.00388177,0.000262498,68.1832,0.000700442,1,-0.0025123,0.00390153,-0.0002625,270.348
0,8750465,4,phononTS,0.000605003,-0.00220893,0.00388177,0.000262498,68.1832,0.000605003,1,-0.00215809,0.00382256,-0.0002625,224.798
0,8750465,3,phononL,0.00041606,-0.00220893,0.00388177,0.000262498,68.1832,0.00041606,1,-0.00144478,0.00375439,-0.0002625,239.461
0,8750465,2,phononTS,0.000594199,-0.00220893,0.00388177,0.000262498,68.1832,0.000594199,1,-0.00221325,0.00393423,-0.0002625,219.467
0,8803788,20,phononTS,0.000465287,0.0020009,0.00200338,0.000262498,3664.17,0.000465287,1,0.00217837,0.00208168,-0.0002625,3852.27
0,8808320,13,phononTS,0.00059779,-0.000749345,0.00128013,-0.000262498,9958.54,0.000382,1,-0.00300412,-0.000999079,0.0002625,10924.7
0,8808320,6,phononTS,0.000812919,-0.00223133,0.0039147,0.000262498,79.3172,0.000812919,1,-0.00217899,0.00416044,-0.0002625,268.243
0,8859276,16,phononTF,0.000752435,-0.00136958,0.00342652,-0.0002625,427.024,0.000382,1,-0.00100148,0.00300048,0.0002625,870.808
0,8859276,13,phononTS,0.000644443,-0.00223394,0.00390651,0.000262498,22.9634,0.000644443,1,-0.00272623,0.00396586,-0.0002625,264.483
0,8859276,12,phononTS,0.00045234,-0.00226853,0.005,4.69083e-05,22.9634,0.00045234,1,-0.00451217,0.00271644,-0.0002625,1384.52
0,8870490,17,phononTF,0.0015574,-0.00139454,0.00337582,-0.0002625,2048.79,0.000382,1,-0.00100436,0.00300377,0.0002625,2473.34
0,8884752,8,phononTS,0.000860818,-0.00100118,0.00299677,0.000262498,347.445,0.000860818,1,-0.000952112,0.00294734,-0.0002625,494.26
0,8884752,4,phononTF,0.000653806,-0.0022017,0.00387864,0.000262498,2.50959,0.000186009,1,-0.00243082,0.00365147,-0.0002625,177.036
0,8911432,7,phononL,0.00183989,-0.00210945,0.00294002,-0.0002625,39.7963,0.000382,1,-0.00200249,0.00200102,0.0002625,435.91
0,8920097,9,phononTS,0.000988468,-0.000211305,0.00200895,-0.000262498,1259.4,0.000764,1,-2.23672e-06,0.00199756,0.0002625,1445.89
0,8929255,9,phononTS,0.000624512,-0.00229021,0.00396788,-0.000262498,163.352,0.000382,1,-0.00100385,0.00299589,0.0002625,730.74
0,8954209,14,phononL,0.00047658,-0.000827373,0.0040192,-0.000262498,2269.56,0.000382,1,-0.00100322,0.00300215,0.0002625,2483.21
0,8954209,5,phononTF,0.000687544,-0.00205125,0.00395501,0.000262498,278.553,0.000211971,1,-0.00265028,0.00473114,-0.0002625,602.47
0,8960683,2,phononTF,0.0022079,-0.00160545,0.00344284,-0.0002625,1.90332,0.000382,1,-0.00100352,0.00300453,0.0002625,538.178
0,8960872,11,phononTS,0.000538892,-0.00106013,0.00302159,-0.000262498,1879.36,0.000382,1,-0.00100247,0.00300412,0.0002625,2031.96
0,8960872,6,phononTS,0.000852128,-0.00226828,0.00379213,0.000262498,73.6235,0.00037919,1,-0.00231203,0.004464,-0.0002625,354.658
0,8983983,13,phononTS,0.000638045,-5.69381e-05,5.9394e-05,-0.000262498,3260.61,0.000382,1,3.78459e-06,2.69075e-06,0.0002625,3418.61
0,8985239,11,phononTF,0.000545705,-0.00100039,0.00299616,0.000262498,2087.79,0.000545705,1,-0.000257379,0.00377455,-0.0002625,2424.93
0,9003471,14,phononTF,0.000405163,-0.00193352,0.00195256,-0.000262498,932.301,0.000382,1,-0.00200159,0.00200358,0.0002625,1082.58
0,9003471,9,phononTF,0.000528364,-0.00221778,0.00388391,0.000262498,13.3418,0.000528364,1,-0.00249478,0.00415794,-0.0002625,197.619
0,9003761,16,phononL,0.000996026,0.000627428,0.00151327,-0.0002625,1078.57,0.000382,1,0.000996827,0.00100105,0.0002625,1701.4
0,9003761,2,phononTF,0.000735054,-0.00220377,0.00388279,0.000262498,7.04045,0.000735054,1,-0.00249395,0.00357009,-0.0002625,197.46
0,9015005,12,phononTF,0.000564428,-2.05078e-06,-0.00200192,0.000262498,6682.5,0.000564428,1,-2.18128e-05,-0.00196412,-0.0002625,6831.14
0,9053497,15,phononTS,0.000775935,-0.00100014,0.000997515,0.000262498,1097.82,0.000572608,1,-0.000956868,0.00141699,-0.0002625,1323.46
0,9100488,7,phononTF,0.000427672,-0.00167732,0.00363946,-0.0002625,1877.35,0.000382,1,-0.00100345,0.002996,0.0002625,3000.25
0,9121073,19,phononTS,0.000536701,-0.00199642,0.00224842,-0.0002625,3519.37,0.000382,1,-0.00200196,0.00200253,0.0002625,3904.91
0,9124218,20,phononTF,0.00075637,-0.000719034,0.0031087,-0.0002625,1417.18,0.000382,1,-0.000998659,0.00299937,0.0002625,1777.05
0,9141265,12,phononTS,0.00130329,-0.00490142,0.00336102,-0.0002625,899.287,0.000382,1,-0.00199706,-2.54042e-06,0.0002625,2922.46
0,9141265,13,phononTF,0.000592647,-0.00199706,-2.54042e-06,0.000262498,2922.46,0.000592647,1,-0.00192519,-9.25333e-05,-0.0002625,3074.51
0,9148257,14,phononTS,0.00061935,-0.0026616,0.00034773,-0.0002625,2119.03,0.000382,1,-0.00100428,-0.00100178,0.0002625,5252.11
0,9148257,11,phononTF,0.000440206,-0.00202512,0.0038023,0.000262498,475.955,0.000440206,1,-0.00177195,0.0035087,-0.0002625,663.229
0,9148257,10,phononL,0.000739984,-0.00202512,0.0038023,0.000262498,475.955,0.000739984,1,-0.00196013,0.00349024,-0.0002625,593.694
0,9154255,5,phononTF,0.0018103,-0.00102608,0.00298019,0.00014436,100.968,0.000382,1,-0.00099991,0.00300463,0.0002625,1339.29
0,9175953,9,phononTS,0.000502668,-0.000996245,0.000995214,0.0002625,1444.29,0.000502668,1,-0.00275312,0.000531082,-0.0002625,2631.24
0,9175953,4,phononTF,0.000438003,-0.00227999,0.00410405,0.000262498,186.963,0.000438003,1,-0.00266519,0.00372864,-0.0002625,398.78
0,9212125,13,phononTS,0.000428886,-0.00371567,0.00450706,-0.0002625,1300.06,0.000382,1,-0.0020022,0.00199633,0.0002625,3069.94
0,9214121,8,phononTS,0.00092349,-0.00386306,0.005,-0.00021353,100.217,0.000382,1,0.000996657,0.0010008,0.0002625,2523.47
0,9241289,8,phononTS,0.00121977,-0.00110058,0.00290252,-0.0002625,248.268,0.000382,1,4.04784e-06,0.00199712,0.0002625,1278.55
0,9246917,6,phononTF,0.00066055,-0.00160407,0.00343609,-0.0002625,14.8691,0.000382,1,-0.00100152,0.00299844,0.0002625,551.368
0,9246917,5,phononTF,0.000498753,-0.00197516,0.005,0.000247469,14.8691,0.000498753,1,-0.00224166,0.00449139,-0.0002625,575.706
0,9281940,16,phononL,0.000685424,-0.000999012,0.00100372,0.000262498,1115.86,0.000496106,1,4.83158e-05,0.000932645,-0.0002625,1330.94
0,9281940,4,phononTS,0.000390994,0.00024669,0.005,-1.73634e-05,4.22864,0.000390994,1,-0.00102482,0.00369791,-0.0002625,1455.12
0,9321241,15,phononTS,0.00178852,0.00145573,0.000496279,-0.0002625,982.477,0.000382,1,0.00200226,0.00200057,0.0002625,4366.02
0,9321241,17,phononTS,0.000875308,0.00200226,0.00200057,0.000262498,4366.02,0.000515722,1,0.00202966,0.0017803,-0.0002625,4556
0,9321241,16,phononTF,0.000522131,0.00200226,0.00200057,0.000262498,4366.02,0.000522131,1,0.00248841,0.00301868,-0.0002625,4744.03
0,9355444,5,phononTF,0.000865432,-0.000552006,0.00246889,-0.0002625,13.1314,0.000382,1,-1.25099e-06,0.00199641,0.0002625,1046.73
0,9355444,4,phononTS,0.00109301,-0.00220427,0.00388635,0.000262498,13.1314,0.00105217,1,-0.00217449,0.00352924,-0.0002625,225.87
0,9372917,21,phononTS,0.000701422,-0.00199608,-0.00199618,0.0002625,1931.5,0.000701422,1,0.000326892,-0.0041652,-0.0002625,5238.63
0,9383357,4,phononTF,0.000791343,-0.00160252,0.00144526,-0.0002625,3.17705,0.000382,1,-0.000995084,-0.000996399,0.0002625,1542.64
0,9383357,3,phononL,0.0004764,-0.00220996,0.0038869,0.000262498,3.17705,0.0004764,1,-0.00182241,0.00348491,-0.0002625,146.68
0,9383357,2,phononTF,0.00383863,-0.00190387,0.00393965,-2.33874e-05,3.17705,0.00383863,1,-0.00192393,0.00392144,-0.0002625,157.379
0,9438657,6,phononTS,0.00119763,-0.000784517,0.00304266,-0.0002625,1838.03,0.000382,1,-0.000996295,0.00299954,0.0002625,3217.4
0,9444761,24,phononTF,0.000474466,-0.00200002,0.00199618,0.000262498,4368.54,0.000474466,1,-0.00166993,0.00272722,-0.0002625,4664.66
0,9455687,13,phononTF,0.000728795,-0.0010095,0.00296413,-0.000262498,885.955,0.000382,1,-0.00100221,0.00300076,0.0002625,1034.53
0,9467741,17,phononTF,0.00134629,-0.00202187,0.00211518,-0.0002625,6196.23,0.000764,1,-0.00200252,0.00200438,0.0002625,6502.84
0,9471899,8,phononTF,0.000431804,0.000998353,0.00100381,0.0002625,1382.98,0.000431804,1,0.000174044,0.00183293,-0.0002625,2066.49
0,9471899,4,phononL,0.00306303,-0.00196388,0.00363187,-0.000186926,21.0222,0.00188397,1,-0.00196189,0.00341728,-0.0002625,327.824
0,9497488,12,phononTS,0.000414441,-0.000999327,-0.00100223,0.000262498,5943.54,0.000414441,1,-0.000957541,-0.00105185,-0.0002625,6108.81
0,9509613,7,phononTF,0.00160547,-0.00270892,0.00138659,-0.0002625,614.561,0.000382,1,-0.00199588,-2.65869e-06,0.0002625,1596.27
0,9509613,8,phononTF,0.000456375,-0.00199588,-2.65869e-06,0.000262498,1596.27,0.000456375,1,-0.00177599,-0.000242659,-0.0002625,1770.16
0,9516006,10,phononTS,0.00052069,-0.00233876,0.00333412,-0.000262498,379.571,0.000382,1,-3.12913e-06,0.00200169,0.0002625,1252.65
0,9516006,8,phononTS,0.000855655,-0.0023561,0.00364332,0.000262498,176.05,0.000364105,1,-0.00330192,0.00356637,-0.0002625,539.047
0,9572884,22,phononTF,0.000608867,0.000995651,0.000999134,0.000262498,1895.85,0.000608867,1,0.000261915,0.00176711,-0.0002625,2232.47
0,9610277,9,phononTS,0.000997558,-0.00210202,0.00293905,-0.0002625,1.36478,0.000382,1,-0.00199846,0.00199727,0.0002625,743.267
0,9620763,7,phononTF,0.000591598,-0.00160489,0.00344006,-0.0002625,1.11043,0.000382,1,-0.00100281,0.00299708,0.0002625,538.102
0,9620763,6,phononTF,0.000523842,-0.00220695,0.00388304,0.000262498,1.11043,0.000523842,1,-0.00273373,0.00348163,-0.0002625,248.588
0,9620763,5,phononTS,0.000496336,-0.00220695,0.00388304,0.000262498,1.11043,0.000496336,1,-0.00221253,0.00381953,-0.0002625,151.095
0,9620763,4,phononL,0.00139244,-0.00438399,0.000792303,-6.58406e-05,1.11043,0.00133296,1,-0.0042668,0.00069955,-0.0002625,1360.79
0,9642343,4,phononTS,0.000481054,-0.00149619,0.00414613,-0.0002625,59.5434,0.000382,1,-0.00200095,0.00199507,0.0002625,1600.97
0,9642444,9,phononTS,0.000403737,-0.00100071,0.00300036,0.0002625,324.583,0.000403737,1,-0.000431333,0.00259133,-0.0002625,1262.64
0,9653503,12,phononTS,0.000699635,-0.000351456,0.00415542,-0.0002625,306.402,0.000382,1,0.00300387,0.000995681,0.0002625,2531.03
0,9654019,17,phononTS,0.000420463,0.00200312,0.00199715,0.000262498,3130.03,0.000420463,1,0.00145439,0.000408018,-0.0002625,3710.69
0,9668463,11,phononTS,0.000441193,0.00262883,-0.0048514,-0.0002625,697.582,0.000382,1,0.00099503,-0.00299798,0.0002625,5703.87
0,9685578,15,phononTS,0.000492626,-0.00185626,0.00163451,-0.0002625,2656.64,0.000382,1,-0.00199785,-4.85301e-06,0.0002625,3876.18
0,9697692,6,phononTS,0.00052701,-0.000998384,-0.000997303,0.0002625,80.1153,0.00052701,1,-0.000702219,-0.00221395,-0.0002625,2350.28
0,9697692,5,phononTS,0.00104785,-0.00218304,0.00386927,0.000262498,80.1153,0.000593455,1,-0.0019792,0.00395045,-0.0002625,273.008
0,9698056,17,phononTS,0.000491906,-0.00200268,0.00199798,0.000262498,1033.22,0.000491906,1,-0.00208453,0.0019439,-0.0002625,1194.23
0,9706177,16,phononTS,0.000463147,-0.00207328,0.00348007,-0.0002625,1590.77,0.000382,1,-0.000997586,0.00300367,0.0002625,3598.16
0,9706177,2,phononTF,0.00153501,-0.0021956,0.00388201,0.000262498,6.81997,0.000273836,1,-0.00194986,0.00378478,-0.0002625,180.042
0,9717431,22,phononTF,0.00046299,-0.00130391,0.00355336,-0.0002625,312.913,0.000382,1,-0.00099886,0.00299913,0.0002625,812.216
0,9721567,13,phononTS,0.000399649,-0.00224476,0.000745654,-0.0002625,1450.89,0.000382,1,0.0010037,-0.00300099,0.0002625,4811.33
0,9737095,3,phononTF,0.000851689,-0.000602755,0.00244729,-0.0002625,22.0069,0.000382,1,0.0010008,0.00100193,0.0002625,1284.29
0,9750694,13,phononTS,0.000748706,-0.00207485,0.00451533,-0.000262498,1119.11,0.000382,1,-0.000997993,0.00300138,0.0002625,1730.16
0,9755637,3,phononTS,0.000462762,-0.000972518,0.0036032,-0.0002625,19.0218,0.000382,1,-0.00100323,0.00299525,0.0002625,1427.87
0,9755637,2,phononTS,0.00279242,-0.00220409,0.0038936,0.000262498,19.0218,0.0023158,1,-0.00246574,0.00384153,-0.0002625,211.044
0,9759780,19,phononTF,0.00054151,-0.00121619,0.00322701,-0.0002625,1208.88,0.000382,1,-0.00100324,0.00300296,0.0002625,1552.2
0,9773743,12,phononTS,0.000644124,-3.86322e-06,4.60976e-06,0.0002625,1323.99,0.000644124,1,1.27713e-06,-0.000346542,-0.0002625,1963.28
0,9785760,8,phononL,0.000723798,-0.000999758,0.00300188,0.000262498,1918.29,0.000723798,1,-0.00055486,0.0027584,-0.0002625,2054.28
0,9788832,9,phononTS,0.000510654,-0.00194503,0.00200387,-0.000262498,2251.07,0.000382,1,-0.00200047,0.00200218,0.0002625,2402.01
0,9788832,2,phononTF,0.00324746,-0.002221,0.00390705,3.53087e-06,11.8016,0.000542071,1,-0.00230282,0.00399806,-0.0002625,167.319
0,9805225,19,phononTF,0.000454464,-0.00152059,0.00353779,-0.0002625,834.658,0.000382,1,-0.00100203,0.00300472,0.0002625,1347.69
0,9812806,17,phononTS,0.000530857,-0.00200405,0.00200122,0.000262498,4388.48,0.000530857,1,-0.00222458,0.00317777,-0.0002625,4825.46
0,9812806,2,phononTS,0.00157748,-0.00220257,0.00389109,0.000262498,7.37859,0.00157748,1,-0.00220224,0.00384663,-0.0002625,158.971
0,9850204,14,phononTS,0.000477235,-0.00282774,0.00239947,-0.0002625,1282.16,0.000382,1,-0.00200322,0.00200253,0.0002625,1800.17
0,9863917,12,phononTF,0.000422606,-1.76185e-06,0.00199725,0.000262498,1043.89,0.000422606,1,0.00257799,0.00357618,-0.0002625,1930.62
0,9866340,16,phononTS,0.000451056,0.000252424,0.00204225,-0.000262498,2547.24,0.000382,1,-2.93826e-07,0.0020026,0.0002625,2744.43
0,9866340,13,phononTS,0.000439212,-0.00125275,0.00421705,0.000262498,810.943,0.000439212,1,-0.00250055,0.00393857,-0.0002625,1272.29
0,9866340,18,phononTS,0.00152839,-0.00199378,0.0044752,0.000244271,426.986,0.00104157,1,-0.00204677,0.00445174,-0.0002625,593.016
0,9869865,10,phononTF,0.00141367,-0.00201667,0.00392172,-0.000262498,378.821,0.000764,1,0.000995763,0.0010006,0.0002625,1572.47
0,9869865,8,phononTF,0.00133894,-0.00219208,0.00388392,0.000262498,19.1872,0.000993821,1,-0.00253025,0.00419468,-0.0002625,215.422
0,9869865,7,phononTS,0.00234959,-0.00219208,0.00388392,0.000262498,19.1872,0.00146518,1,-0.00224679,0.00384615,-0.0002625,166.585
0,9902337,19,phononTS,0.000390721,-0.00104775,0.00298222,-0.000262498,1201.99,0.000382,1,-0.000999345,0.00299946,0.0002625,1351.72
0,9919941,20,phononTS,0.000624306,-0.000998614,0.00300237,0.000262498,1799.68,0.000624306,1,-0.00104863,0.00295112,-0.0002625,1946.73
0,9950133,14,phononTS,0.000622468,-0.00146298,0.005,-9.08364e-05,1483.44,0.000622468,1,-0.000485236,0.00408769,-0.0002625,5721.23
0,9955050,10,phononTF,0.000466776,-0.00117914,0.00313719,-0.0002625,720.69,0.000382,1,-0.000995368,0.00299952,0.0002625,1048.61
0,9978127,8,phononTS,0.000420683,-0.0026363,0.00246579,-0.0002625,1041.62,0.000382,1,-0.000997659,0.00300403,0.0002625,1911.96
0,9978127,5,phononTS,0.000385401,-0.00205673,0.004021,0.000262498,170.95,0.000385401,1,-0.00218432,0.00399773,-0.0002625,340.823
0,9978127,4,phononTS,0.000688129,-0.00205673,0.004021,0.000262498,170.95,0.000688129,1,-0.00220083,0.00328256,-0.0002625,477.548
