Run ID,Event ID,Track ID,Particle Name,Start Energy [eV],Start X [m],Start Y [m],Start Z [m],Start Time [ns],Energy Deposited [eV],Track Weight,End X [m],End Y [m],End Z [m],Final Time [ns]
0,236,4,phononTF,0.000721847,-0.0029974,-0.00100118,0.0002625,3.3403,0.000721847,1,-0.00273548,-0.000721517,-0.0002625,552.459
0,1091,12,phononTF,0.000444513,-0.0030002,-0.00100151,0.000262498,384.882,0.000444513,1,-0.00322483,-0.000789466,-0.0002625,556.675
0,1091,6,phononTF,0.000505555,-0.0035267,-0.00155254,0.000262498,3.67726,0.000505555,1,-0.00315057,-0.00192686,-0.0002625,215.155
0,15016,11,phononTS,0.000598792,-0.000311534,0.000402533,-0.000262498,1457.84,0.000382,1,-0.00100198,0.00100447,0.0002625,1829.42
0,15016,8,phononTS,0.000541974,-0.00355149,-0.0015303,0.000262498,263.277,0.000541974,1,-0.00375676,-0.00150114,-0.0002625,445.912
0,28664,7,phononTF,0.000803232,-0.00300108,-0.000997738,0.000262498,377.644,0.000451091,1,-0.0025577,-0.00168311,-0.0002625,666.926
0,42828,7,phononTF,0.000742415,-0.00325538,-0.00124335,-0.0002625,84.8338,0.000382,1,-0.00300081,-0.00100002,0.0002625,441.704
0,46733,15,phononTS,0.000805051,-0.00130791,-0.000362846,-0.0002625,86.1506,0.000382,1,0.000996832,0.00100454,0.0002625,1837.65
0,62932,16,phononTF,0.000467052,-0.00199954,-0.00200184,0.0002625,1139.08,0.000467052,1,-0.00205982,-0.00206476,-0.0002625,1519.39
0,62932,11,phononTF,0.00312622,-0.00397184,-0.00159978,-0.000121167,240.173,0.00191559,1,-0.00393071,-0.00165279,-0.0002625,539.27
0,86389,6,phononTS,0.00168132,-0.00321435,-0.00127923,0.000170395,69.8894,0.001146,1,-0.00299516,-0.00100206,0.0002625,481.069
0,86389,5,phononTS,0.000385499,-0.00354053,-0.00158121,0.000262498,69.8894,0.000385499,1,0.000966138,-0.0049234,-0.0002625,1809.19
0,88672,12,phononTF,0.000738505,-0.00200351,-0.0020008,0.0002625,1222.75,0.000738505,1,0.000952626,-0.00221405,-0.0002625,3027.82
0,88672,2,phononTF,0.00261142,-0.00351646,-0.00155761,0.000262498,9.08373,0.00189258,1,-0.0038319,-0.00123177,-0.0002625,206.315
0,90145,11,phononTS,0.00127104,-0.00300441,-0.00100161,0.000262498,630.588,0.00085338,1,-0.00303326,-0.00109919,-0.0002625,794.378
0,108387,3,phononTF,0.000467126,-0.00313505,-0.00114021,-0.0002625,30.2334,0.000382,1,-0.00300042,-0.00100214,0.0002625,662.623
0,108387,2,phononTF,0.00122895,-0.00353893,-0.00155442,0.000262498,30.2334,0.00110436,1,-0.00293163,-0.000966681,-0.0002625,310.543
0,123325,16,phononTS,0.000472933,-0.00299965,-0.00100014,0.000262498,381.196,0.000472933,1,-0.00358272,-0.000999944,-0.0002625,644.54
0,123325,3,phononTF,0.00166245,-0.00345553,-0.00101808,0.000119296,14.4643,0.00141815,1,-0.00365985,-0.000830365,-0.0002625,428.847
0,136717,16,phononTS,0.00118623,-0.00277726,0.000118687,-0.0002625,1206.15,0.000382,1,-0.00199882,2.4876e-06,0.0002625,1840.37
0,136717,17,phononTS,0.000623474,-0.00199882,2.4876e-06,0.000262498,1840.37,0.000623474,1,-0.0032439,6.58316e-05,-0.0002625,2313.03
0,143780,8,phononTF,0.000862099,-0.00300135,-0.00100235,0.0002625,17.2977,0.000226997,1,-0.00274648,-0.000732605,-0.0002625,560.61
0,164645,11,phononTF,0.00182664,-0.00362113,-0.00158414,-0.0002625,150.467,0.000382,1,-0.00299605,-0.000995216,0.0002625,667.525
0,168168,19,phononTF,0.000870149,-0.00267998,-0.00132223,-0.000262498,961.461,0.000382,1,-0.00299621,-0.000997412,0.0002625,1158.55
0,178858,6,phononTS,0.00133625,-0.00295418,-0.000858906,-0.0002625,662.686,0.000382,1,-0.00299867,-0.00100043,0.0002625,1010.46
0,178858,7,phononL,0.000492786,-0.00299867,-0.00100043,0.000262498,1010.46,0.000492786,1,-0.00222827,-0.00090589,-0.0002625,1181.56
0,181697,20,phononTS,0.000874757,-0.00299669,-0.00100373,0.000262499,1221.84,0.000874757,1,-0.0029451,-0.000730267,-0.0002625,1416.21
0,185845,3,phononTF,0.000879238,-0.00326319,-0.0012781,-0.0002625,2.14226,0.000382,1,-0.00299763,-0.000997799,0.0002625,369.309
0,187770,16,phononTS,0.00101238,-0.00200423,-4.97076e-06,0.000262498,1144.33,0.000731799,1,-0.00203612,4.68234e-05,-0.0002625,1298.77
0,195159,3,phononTF,0.000676073,-0.00326103,-0.00127973,-0.0002625,23.7135,0.000382,1,-0.00299642,-0.00100048,0.0002625,390.903
0,199043,6,phononTS,0.000608653,4.61191e-06,0.00200072,0.0002625,11.4573,0.000608653,1,0.00150963,0.00406205,-0.0002625,2475.28
0,200114,11,phononTF,0.000715381,-0.00312018,-0.00110237,-0.0002625,49.7764,0.000382,1,-0.00300278,-0.000995667,0.0002625,415.63
0,200114,10,phononTS,0.00110631,-0.00351153,-0.00146888,0.000262498,49.7764,0.00065304,1,-0.00323126,0.000771011,-0.0002625,872.576
0,201283,13,phononTF,0.000889391,-0.00300066,-0.00100266,0.0002625,195.451,0.000606707,1,-0.00266566,-0.000656228,-0.0002625,597.075
0,201283,3,phononTF,0.00102706,-0.0035265,-0.00157082,0.000262498,23.8383,0.00102706,1,-0.00315899,-0.00193223,-0.0002625,231.201
0,201283,2,phononTF,0.000601629,-0.0035265,-0.00157082,0.000262498,23.8383,0.000601629,1,-0.00328048,-0.00133073,-0.0002625,201.836
0,208744,12,phononL,0.000690459,-0.00200426,-0.00200395,0.000262498,3188.38,0.000690459,1,-0.0023431,-0.00125086,-0.0002625,3371.98
0,214555,17,phononTF,0.000578128,-0.00199959,1.02209e-07,0.000262498,854.398,0.000578128,1,-0.00152695,0.000441232,-0.0002625,1088.75
0,232146,4,phononTF,0.00213965,-0.00300383,-0.00100085,0.0002625,7.99203,0.00051773,1,-0.00274241,-0.000715222,-0.0002625,558.707
0,242380,3,phononTS,0.000840742,-0.00162778,0.00186485,-0.0002625,31.4013,0.000382,1,-0.000999295,0.00300441,0.0002625,1937.09
0,258910,13,phononL,0.00055693,-0.00300375,-0.00100409,0.000262498,396.947,0.00055693,1,-0.00317629,-0.00242633,-0.0002625,679.886
0,258910,6,phononTF,0.000484607,-0.00344567,-0.00149113,0.000262498,48.3057,0.000484607,1,-0.00377047,-0.00119232,-0.0002625,241.286
0,259346,8,phononTF,0.000499856,-0.00317735,-0.00115161,-0.000262498,327.203,0.000382,1,-0.00299765,-0.000996009,0.0002625,491.162
0,274537,21,phononTS,0.000478219,-0.00200382,-0.00200377,0.0002625,1017.44,0.000478219,1,-0.00196257,-0.00204346,-0.0002625,1311.88
0,289071,13,phononTS,0.000556967,0.000998697,0.000998626,0.0002625,3217.17,0.000556967,1,0.00118718,0.000409295,-0.0002625,4073.22
0,293918,24,phononTS,0.000967821,-0.00270186,-0.00189877,-0.0002625,512.236,0.000382,1,-0.00200284,-0.00200386,0.0002625,1099.03
0,312660,12,phononTS,0.000527092,-0.00299884,-0.00100141,0.000262498,488.402,0.000527092,1,-0.00273165,-0.00205447,-0.0002625,896.914
0,327564,8,phononL,0.000740799,-0.00299854,-0.00100456,0.000262498,404.91,0.000456338,1,-0.00259608,-0.00128947,-0.0002625,539.555
0,327564,5,phononTS,0.000874261,-0.00351601,-0.00155169,0.000262498,13.5239,0.000874261,1,-0.00267502,-0.00306915,-0.0002625,613.86
0,327564,4,phononTS,0.00418872,-0.00370371,-0.00198546,-0.000204881,13.5239,0.00228552,1,-0.00372169,-0.0019968,-0.0002625,545.56
0,330072,14,phononTS,0.000509544,-0.00310729,-0.00104972,-0.0002625,2377.17,0.000382,1,-0.00299816,-0.000997716,0.0002625,2707.52
0,330072,8,phononTS,0.00060222,-0.00352129,-0.00155767,0.000262498,1.27549,0.00060222,1,-0.00357663,-0.00203105,-0.0002625,238.537
0,330072,7,phononTF,0.00115694,-0.00352129,-0.00155767,0.000262498,1.27549,0.000626528,1,-0.00294009,-0.00127704,-0.0002625,257.126
0,330072,15,phononTS,0.000530412,0.00167534,-0.005,0.000182727,257.126,0.000530412,1,0.00290046,-0.00352058,-0.0002625,2686.37
0,330813,15,phononTF,0.000650362,-0.00313161,-0.00117921,-0.0002625,840.188,0.000382,1,-0.00300233,-0.000998746,0.0002625,1166.7
0,330813,14,phononTF,0.000554862,-0.00326089,-0.00135967,0.000262498,840.188,0.000554862,1,-0.00346111,-0.00117818,-0.0002625,1008.08
0,339240,12,phononTS,0.000539043,-0.00200495,-0.00200419,0.0002625,1054.71,0.000539043,1,-0.00205104,-0.00194866,-0.0002625,1369.84
0,339240,6,phononTS,0.00199571,-0.00336439,-0.00150993,-0.000246445,41.4669,0.000899618,1,-0.00333952,-0.00154687,-0.0002625,229.411
0,341515,14,phononTS,0.000651777,-0.00299802,-0.00099698,0.000262498,631.51,0.000651777,1,-0.00294561,-0.00109186,-0.0002625,794.463
0,341515,6,phononL,0.000499751,-0.00352044,-0.00155695,0.000262498,1.41606,0.000499751,1,-0.00370267,-0.00172068,-0.0002625,115.039
0,341515,5,phononTS,0.000592991,-0.00352044,-0.00155695,0.000262498,1.41606,0.000592991,1,-0.00418328,-0.00248415,-0.0002625,434.317
0,341790,10,phononTF,0.00116594