Run ID,Event ID,Track ID,Particle Name,Start Energy [eV],Start X [m],Start Y [m],Start Z [m],Start Time [ns],Energy Deposited [eV],Track Weight,End X [m],End Y [m],End Z [m],Final Time [ns]
0,20890,11,phononTS,0.00107245,0.000137702,-0.000355811,-0.0002625,1038.21,0.000382,1,0.00199513,0.00199647,0.0002625,2170.48
0,20890,3,phononTS,0.000883074,-0.00108514,-0.00332636,0.000262498,584.931,0.000403997,1,-0.00104084,-0.00277865,-0.0002625,732.501
0,66589,11,phononTF,0.000473326,-0.00137142,-0.000547395,-0.0002625,3821.09,0.000382,1,-0.00200189,-3.85933e-06,0.0002625,4163.86
0,74216,17,phononTS,0.000548928,4.65446e-05,-0.00221618,-0.0002625,656.216,0.000382,1,2.5795e-06,-0.0019995,0.0002625,875.778
0,74216,3,phononTS,0.00153178,-0.000944648,-0.00403106,0.000262498,17.381,0.0009995,1,-0.00154907,-0.00404642,-0.0002625,174.956
0,80650,6,phononTS,0.00129164,-0.000125188,-0.00340898,-0.0002625,105.629,0.000382,1,0.000998968,-0.00299766,0.0002625,879.828
0,80650,10,phononTF,0.000761697,0.000998968,-0.00299766,0.000262498,879.828,0.000761697,1,0.000957751,-0.00295757,-0.0002625,970.243
0,83149,14,phononTS,0.00128937,-1.97267e-06,-0.00199611,0.000262498,573.018,0.000762224,1,0.000564358,-0.000774808,-0.0002625,863.475
0,100396,7,phononTF,0.000599139,-0.005,0.00178863,-4.42023e-05,2740.9,0.000382,1,-0.000995851,0.000996034,0.0002625,3671.02
0,125158,21,phononTS,0.000557156,-0.00199554,-3.22817e-06,0.000262498,2705.53,0.000557156,1,0.000944728,-0.00344116,-0.0002625,3530.66
0,132875,9,phononTF,0.00114232,0.000850231,-0.00110923,-0.0002625,1033.75,0.000382,1,0.00199684,-3.18883e-06,0.0002625,1609.93
0,132875,11,phononTS,0.000614399,0.00199684,-3.18883e-06,0.000262498,1609.93,0.000614399,1,0.00199449,5.15622e-05,-0.0002625,1700.48
0,137214,14,phononTS,0.000414268,0.000925204,-0.001226,-0.000262498,3640.41,0.000382,1,0.00199636,-0.00199533,0.0002625,3928.11
0,165147,7,phononTF,0.000607882,0.000916713,0.00488993,-0.0002625,82.2731,0.000382,1,-0.000996913,0.00299653,0.0002625,2159.66
0,225099,32,phononTS,0.000486386,-0.00199882,-0.00199568,0.000262498,1322.56,0.000486386,1,-0.00194442,-0.00194621,-0.0002625,1416.92
0,225099,3,phononTF,0.00201588,-0.000787271,-0.00409524,0.000262498,55.2593,0.00187993,1,-0.00125872,-0.00370665,-0.0002625,196.278
0,225099,2,phononTS,0.000579026,-0.000787271,-0.00409524,0.000262498,55.2593,0.000579026,1,-0.000223749,-0.00265273,-0.0002625,378.52
0,239605,4,phononTS,0.00355633,-0.0015662,-0.00113318,1.65244e-05,335.68,0.001146,1,-0.00100158,-0.000997779,0.0002625,1404.05
0,240815,14,phononL,0.000547577,-0.000891369,-0.00203639,-0.0002625,650.194,0.000382,1,4.70487e-06,-0.00199773,0.0002625,829.41
0,276398,15,phononTF,0.000833001,0.00187484,-0.00212436,-0.0002625,1589.69,0.000382,1,0.00199532,-0.00200182,0.0002625,1981.48
0,276398,11,phononTF,0.00194738,0.00154256,-0.00236269,0.000262498,1383.28,0.000788655,1,0.00167435,-0.00249167,-0.0002625,1478.53
0,296191,4,phononTS,0.000740396,-0.00195246,-0.00247098,-0.0002625,6.01107,0.000382,1,-0.00299615,-0.000999415,0.0002625,717.884
0,307364,6,phononL,0.000873482,0.000225262,-0.00283809,-0.0002625,783.02,0.000382,1,0.000996095,-0.00300366,0.0002625,987.123
0,309059,4,phononL,0.00448969,-0.000828294,-0.00215218,8.12538e-05,444.953,0.000382,1,3.79533e-07,-0.00200178,0.0002625,1542.98
0,311344,13,phononTF,0.000439791,0.00035932,0.0016046,-0.0002625,1099.17,0.000382,1,5.03014e-07,0.00199528,0.0002625,1357.32
0,330565,12,phononTS,0.000532464,-0.0014119,-0.00165576,-0.0002625,235.861,0.000382,1,-0.00200415,-0.00199631,0.0002625,772.404
0,346763,8,phononTS,0.000613702,-4.70988e-05,-0.0021341,-0.0002625,406.706,0.000382,1,1.40215e-06,-0.00200482,0.0002625,884.128
0,348299,12,phononL,0.000524278,0.00200304,-0.00200191,0.000262498,1078.93,0.000524278,1,0.00166329,-0.00153538,-0.0002625,1164.3
0,372482,16,phononTS,0.000637992,0.00194877,-0.00269127,-0.0002625,1652.89,0.000382,1,0.000999443,-0.00300127,0.0002625,2113.72
0,380712,11,phononTS,0.000397834,0.00100497,0.000998554,0.0002625,790.52,0.000397834,1,0.00104956,0.0012819,-0.0002625,1025.37
0,380712,4,phononTF,0.000486861,-0.00083462,-0.00369286,0.000262498,146.75,0.000486861,1,-0.000935301,-0.00342165,-0.0002625,254.251
0,381030,11,phononTF,0.000561895,0.00205413,0.00205099,-0.0002625,2430.72,0.000382,1,0.00200481,0.00200224,0.0002625,2793.78
0,381030,10,phononTS,0.000403787,0.00217382,0.00221949,0.000262498,2430.72,0.000403787,1,0.00231036,0.00325297,-0.0002625,2664.59
0,384007,6,phononTS,0.00115028,-0.000476853,-0.00284544,-0.0002625,71.0874,0.000382,1,-4.05341e-07,-0.00200492,0.0002625,526.787
0,384007,9,phononTS,0.000471474,-4.05341e-07,-0.00200492,0.000262498,526.787,0.000471474,1,0.00067695,-0.00234171,-0.0002625,720.081
0,385754,6,phononTS,0.000743775,0.00482437,7.34861e-05,-0.0002625,15.2075,0.000382,1,0.00199673,0.00199793,0.0002625,2033.81
0,390713,17,phononTS,0.000412428,-0.00101048,0.00301878,-0.0002625,2079.72,0.000382,1,-0.00100225,0.00300264,0.0002625,2260.83
0,402125,11,phononTF,0.000542225,-0.00146536,0.00364244,-0.0002625,162.464,0.000382,1,-0.000998743,0.00299775,0.0002625,2795.58
0,402125,3,phononTS,0.00100051,-0.000995686,-0.00401726,0.000262498,60.3019,0.00100051,1,-0.000805089,-0.0043078,-0.0002625,192.89
0,416569,4,phononTF,0.00110569,0.00118945,-0.00281038,-0.0002625,370.651,0.000382,1,0.00199907,-0.00200344,0.0002625,1017.64
0,416569,2,phononTF,0.00391834,-0.000957747,-0.00398759,-0.000109373,241.044,0.00285881,1,-0.00118275,-0.00421765,-0.0002625,302.034
0,434501,9,phononTF,0.000840186,0.00128348,-0.00128619,-0.0002625,1286.22,0.000382,1,0.000997026,-0.00100422,0.0002625,1513.34
0,434501,12,phononTS,0.000447481,-0.00287497,0.00157767,-0.0002625,1513.34,0.000447481,1,-0.005,0.00299468,2.56306e-05,2857.24
0,434501,8,phononTF,0.000547628,0.00156992,-0.00156816,0.000262498,1286.22,0.000547628,1,0.00190861,-0.00121665,-0.0002625,1408.87
0,435456,8,phononTF,0.000675792,-0.00300381,-0.00100093,0.000262498,1555.5,0.000675792,1,-0.00230971,-0.000251977,-0.0002625,1753.74
0,513703,2,phononTF,0.00449563,-0.00200366,-0.00200472,0.0002625,76.4189,0.00411572,1,-0.00184544,-0.00184022,-0.0002625,1021.68
0,535484,20,phononTS,0.000578903,-0.00242059,-0.00217214,-0.000262498,658.315,0.000382,1,-0.00300131,-0.00100251,0.0002625,935.229
0,535484,7,phononTF,0.000919478,-0.00124141,-0.0039838,0.000262498,231.259,0.000919478,1,-0.000902843,-0.00365852,-0.0002625,351.757
0,611180,13,phononTS,0.000450543,-0.00195169,-0.00203523,-0.0002625,853.597,0.000382,1,-0.00199924,-0.00199973,0.0002625,1535.76
0,619393,2,phononTS,0.000435452,-0.00208845,-0.0023102,-0.0002625,202.107,0.000382,1,0.00100058,-0.00299808,0.0002625,2410.03
0,620775,6,phononTF,0.000756925,-0.000882905,-0.000782664,-0.0002625,900.77,0.000382,1,-0.00100188,0.000997891,0.0002625,1593.97
0,624760,5,phononTS,0.000488211,-0.00197389,-0.00239844,-0.0002625,133.213,0.000382,1,-0.00299972,-0.00100389,0.0002625,849.658
0,626581,13,phononTF,0.000498576,0.00100245,-0.00300439,0.000262498,789.029,0.000498576,1,0.000677793,-0.00269368,-0.0002625,907.246
0,626581,3,phononTS,0.00506113,-0.000971763,-0.00392157,0.000262498,31.6347,0.00292593,1,-0.000801837,-0.00450567,-0.0002625,199.472
0,685095,5,phononTS,0.000436196,0.00181941,-0.00287257,-0.0002625,1054.49,0.000382,1,0.00200178,-0.00199951,0.0002625,1453.69
0,710602,13,phononTF,0.000428198,0.00199942,0.00199732,0.000262498,2966.17,0.000428198,1,0.00144699,0.0014573,-0.0002625,3126.72
0,729781,9,phononTS,0.000827795,0.00190159,-0.000391858,-0.0002625,2322.95,0.000382,1,0.00300426,0.00100433,0.0002625,3231.4
0,731338,11,phononTS,0.000401185,-0.00200245,-0.00199642,0.000262498,2024.53,0.000401185,1,-0.00203836,-0.00203403,-0.0002625,2118.17
0,761882,3,phononTS,0.00302248,-0.000182913,-0.00225858,-0.0002625,9.29104,0.001528,1,-1.75321e-06,-0.00199782,0.0002625,511.33
0,828032,7,phononTF,0.00116784,0.00438653,0.00239555,-0.0002625,1163.77,0.000382,1,0.00300091,0.0010008,0.0002625,5452.8
0,834031,12,phononTS,0.000382275,-0.00275955,-0.000967061,-0.000262498,1748.69,0.000382,1,-0.00299608,-0.00100186,0.0002625,1860.95
0,878566,16,phononTS,0.000436018,-0.00201593,-0.00455564,-0.0002625,2252.94,0.000382,1,0.00100349,-0.00299753,0.0002625,3426.19
0,917636,9,phononTF,0.00168232,0.00100322,-0.000998384,0.000262498,834.24,0.000916545,1,0.000922393,-0.000914952,-0.0002625,926.298
0,930861,9,phononTS,0.000398325,0.000981122,-0.000946565,-0.0002625,1037.66,0.000382,1,0.000998696,-0.00100155,0.0002625,1404.5
0,948383,17,phononTF,0.000501768,-0.000643419,-0.000635523,-0.0002625,2937.87,0.000382,1,-0.00100428,-0.000999031,0.0002625,3189
0,964675,10,phononTF,0.000444609,-0.000377343,0.000369599,-0.0002625,795.098,0.000382,1,0.00099837,-0.00100065,0.0002625,1276.73
0,964675,8,phononTS,0.000921982,-0.000902376,-0.00386219,0.000262498,60.4669,0.000921982,1,-0.000919132,-0.00384479,-0.0002625,150.232
0,965706,12,phononTS,0.000584488,-9.29593e-05,0.00107658,-0.0002625,734.704,0.000382,1,1.39875e-06,0.0019984,0.0002625,1982.44
0,965706,10,phononTS,0.000441611,-0.00100262,-0.00396559,0.000262498,302.077,0.000441611,1,-0.0010393,-0.00394357,-0.0002625,395.397
0,965706,2,phononTS,0.00196593,-0.000651562,-0.00430906,0.000262498,103.642,0.00107811,1,-0.00057254,-0.00434148,-0.0002625,200.519
0,969930,20,phononTF,0.000407117,-0.000997063,-0.000997091,0.0002625,2464.02,0.000407117,1,-0.000471829,-0.000485506,-0.0002625,2772.72
0,1039199,9,phononTS,0.000487091,-0.000117446,-0.00212548,-0.0002625,56.597,0.000382,1,1.79193e-06,-0.00199948,0.0002625,554.226
0,1039199,8,phononTF,0.000701272,-0.000849028,-0.00382715,0.000262498,56.597,0.00030781,1,-0.00399717,-0.00347217,-0.0002625,633.873
0,1039199,7,phononTS,0.00195919,-0.000849028,-0.00382715,0.000262498,56.597,0.00170166,1,-0.000839029,-0.00379504,-0.0002625,148.62
0,1039199,6,phononTS,0.00290279,-0.000849028,-0.00382715,0.000262498,56.597,0.00290279,1,-0.000477993,-0.005,-0.000191589,317.426
0,1039199,5,phononL,0.000683269,-0.000849028,-0.00382715,0.000262498,56.597,0.000683269,1,-0.000493933,-0.00343382,-0.0002625,138.283
0,1051634,15,phononTS,0.000432267,-5.59763e-05,0.00199369,-0.0002625,2500.42,0.000382,1,-3.57295e-06,0.00199853,0.0002625,2682.45
0,1051634,2,phononTF,0.00240314,-0.000980862,-0.00424657,0.000262498,720.51,0.00176359,1,-0.000814849,-0.00443509,-0.0002625,820.809
0,1060255,21,phononTS,0.00039591,0.00104444,-0.002896,-0.0002625,2311.08,0.000382,1,0.00100193,-0.00299567,0.0002625,2507.39
0,1060255,11,phononTF,0.000952842,-0.0004635,-0.00416619,0.000262498,614.385,0.000952842,1,-0.000254448,-0.00396192,-0.0002625,717.241
0,1060255,10,phononL,0.000480257,-0.0004635,-0.00416619,0.000262498,614.385,0.000480257,1,-0.000241139,-0.00451058,-0.0002625,687.717
0,1073246,14,phononL,0.000747596,-0.00119185,-0.00161303,-0.0002625,1065.09,0.000382,1,-0.00100356,-0.00100184,0.0002625,1243.86
0,1073246,8,phononTS,0.000556713,-0.00191483,-0.00171363,0.000262498,845.382,0.000556713,1,-0.00221452,-0.00267209,-0.0002625,1076.49
0,1084707,17,phononTF,0.000529252,0.000997868,-0.000995159,0.0002625,392.285,0.000529252,1,0.0020753,6.51188e-05,-0.0002625,1680.75
0,1101294,7,phononTS,0.000391069,0.000121658,-0.0049694,-0.0002625,357.948,0.000382,1,0.00100451,-0.0030014,0.0002625,917.142
0,1105235,11,phononTS,0.000508416,0.00113158,-0.000708383,-0.0002625,2802.88,0.000382,1,0.00100388,-0.000999547,0.0002625,3749.48
0,1148403,17,phononTF,0.000676591,0.00109379,-0.00290829,-0.000262498,1388.16,0.000382,1,0.00100085,-0.00300432,0.0002625,1480.91
0,1148403,10,phononTF,0.00216546,-0.000382691,-0.00402138,0.000262498,887.984,0.00176296,1,-3.92539e-05,-0.00457367,-0.0002625,1038.91
0,1169972,10,phononTF,0.000466265,-0.00300249,-0.000995397,0.0002625,1485.52,0.000466265,1,-0.00245537,-0.00128862,-0.0002625,1932.12
0,1213204,12,phononTF,0.000405716,-0.000530194,-0.00147058,-0.000262498,1192.82,0.000382,1,-0.000996721,-0.000996333,0.0002625,1338.01
0,1235477,2,phononTF,0.00175158,-0.000926967,-0.000403893,-0.0002625,94.514,0.000382,1,-0.0010025,0.003002,0.0002625,1331.74
0,1235477,17,phononTS,0.000734329,-0.00357804,0.005,-2.48968e-05,1331.74,0.000734329,1,-0.00297982,0.00469376,-0.0002625,2158.72
0,1259749,4,phononTF,0.00237302,-2.20526e-06,-0.0019977,0.0002625,469.019,0.00167619,1,0.000595725,-0.00126028,-0.0002625,1039.05
0,1262920,4,phononTS,0.00242172,-0.00135671,-0.00325789,-0.0002625,1189.35,0.000764,1,-0.00200049,-0.00200424,0.0002625,1700.23
0,1270960,12,phononL,0.000597879,-0.000565494,-0.001624,-0.0002625,2747.35,0.000382,1,-0.000998326,-0.000996729,0.0002625,2951.93
0,1283161,10,phononTS,0.000563898,-0.00129829,-0.00417319,-0.000262498,420.021,0.000382,1,0.00200335,-4.38314e-06,0.0002625,1407.3
0,1283193,7,phononTF,0.00049003,0.000950155,-0.00187119,-0.0002625,528.98,0.000382,1,0.000997612,0.000995345,0.0002625,1584.15
0,1283970,21,phononTS,0.000463883,3.68466e-07,-0.00199579,-0.0002625,7939.07,0.000382,1,-3.46374e-06,-0.00200004,0.0002625,8120.64
0,1316832,11,phononTS,0.000438899,0.00197986,-0.00153846,-0.000262498,1921.26,0.000382,1,0.000999179,-0.00299943,0.0002625,2271.61
0,1316832,2,phononTF,0.00172257,-0.000915122,-0.00392294,0.000262498,17.917,0.00172257,1,0.000210776,-0.00281334,-0.0002625,303.026
0,1336890,9,phononTS,0.000467817,0.00100103,-0.00099607,0.000262498,1138.79,0.000467817,1,0.000965813,-0.000922456,-0.0002625,1238.77
0,1372479,12,phononL,0.00054105,-0.00166347,-0.00163426,-0.0002625,1026.17,0.000382,1,-0.00200003,-0.00200008,0.0002625,1184.58
0,1397395,17,phononTF,0.000405527,0.00351137,-0.00267818,-0.000262498,1792.57,0.000382,1,0.00199894,-0.00199555,0.0002625,2107.14
0,1406972,16,phononTS,0.000436241,-0.002005,-0.00205847,-0.000262498,635.716,0.000382,1,-0.00199898,-0.00200286,0.0002625,726.719
0,1436013,9,phononTF,0.000935112,-0.00230165,-0.00206094,-0.000262498,641.75,0.000382,1,-0.00199744,-0.00200411,0.0002625,752.889
0,1438889,15,phononTS,0.000671599,1.5075e-06,-0.00206829,-0.0002625,1229.14,0.000382,1,1.54741e-06,-0.00200436,0.0002625,1843.57
0,1509468,11,phononTF,0.000501532,-0.000131867,-0.00212822,-0.0002625,1010.96,0.000382,1,-6.2371e-07,-0.00200205,0.0002625,1386.18
0,1509469,1,phononTF,0.01,-0.000976041,-0.00368546,-0.000252663,0,0.00671285,1,-0.000957559,-0.00370349,-0.0002625,390.913
0,1528414,8,phononTF,0.000592683,3.2826e-06,4.5021e-06,0.0002625,483.831,0.000592683,1,0.00040133,0.00168363,-0.0002625,1482.3
0,1528414,5,phononTS,0.00110825,-0.00105814,-0.005,-0.000239052,178.735,0.00110825,1,-0.0010576,-0.00499015,-0.0002625,399.032
0,1528414,4,phononL,0.00176377,-0.000881698,-0.00407072,0.000262498,178.735,0.00150854,1,-0.000783884,-0.00357813,-0.0002625,257.376
0,1561906,17,phononTS,0.000389668,0.000996529,0.000995574,0.000262498,1780.12,0.000389668,1,0.000764146,0.00105122,-0.0002625,1896.27
0,1562868,2,phononTS,0.00515065,-1.04188e-06,-0.00200797,0.000256557,129.001,0.000382,1,-1.32489e-06,-0.00199951,0.0002625,629.54
0,1562868,14,phononTS,0.000677458,-1.32489e-06,-0.00199951,0.000262498,629.54,0.000165808,1,0.000746684,-0.00175592,-0.0002625,825.625
0,1610275,9,phononTS,0.000484465,0.00093819,-0.00278344,-0.0002625,990.905,0.000382,1,0.00199626,-0.00199808,0.0002625,1566.13
0,1610275,4,phononTS,0.000742907,0.000742741,-0.005,-0.00010288,272.878,0.000742907,1,-0.00045768,-0.00384677,-0.0002625,941.276
0,1614462,14,phononTS,0.000571473,-0.0019957,-0.00199659,0.000262498,699.388,0.000571473,1,-0.00195333,-0.00181736,-0.0002625,805.187
0,1614462,2,phononTS,0.000383196,-0.000905984,-0.00391783,0.000262498,3.91663,0.000383196,1,0.000255951,-0.00334849,-0.0002625,285.793
0,1619905,7,phononTS,0.000489934,0.000615489,-0.00126419,-0.0002625,1165.13,0.000382,1,0.00100338,-0.000996631,0.0002625,1942.09
0,1624974,14,phononTS,0.000537846,-0.00300253,-0.000995816,0.000262498,1073.23,0.000537846,1,-0.00275099,-6.74156e-05,-0.0002625,1294.14
0,1631488,5,phononL,0.000946405,0.000533196,-0.00194695,-0.0002625,7.5465,0.000382,1,0.00200471,-4.16544e-06,0.0002625,590.334
0,1631488,7,phononTF,0.000455513,0.00200471,-4.16544e-06,0.000262498,590.334,0.000455513,1,0.0015469,0.00109764,-0.0002625,830.523
0,1631488,4,phononTF,0.000449801,-0.000938312,-0.00388973,0.000262498,7.5465,0.000449801,1,-0.000658728,-0.00383252,-0.0002625,115.689
0,1631488,3,phononTF,0.00145561,-0.000938312,-0.00388973,0.000262498,7.5465,0.00128008,1,-0.000709919,-0.00365993,-0.0002625,113.312
0,1658079,17,phononTF,0.000703626,0.000574369,-0.000576826,-0.0002625,2016.26,0.000382,1,0.00100359,-0.00100319,0.0002625,2291.29
0,1658079,2,phononTS,0.0034123,-0.000434782,-0.005,-0.000259247,557.655,0.00120717,1,-0.000440302,-0.00499731,-0.0002625,683.697
0,1714134,10,phononTS,0.00045444,-3.96796e-06,-0.00200101,0.000262498,1075.99,0.00045444,1,3.96742e-05,-0.0019927,-0.0002625,1166.36
0,1714134,8,phononTS,0.00040892,-0.00144357,-0.00340526,0.000262498,687.759,0.00040892,1,-0.00216513,-0.00341618,-0.0002625,867.548
0,1714723,2,phononTS,0.00376489,-8.2471e-06,-0.0034199,-0.0002625,36.0989,0.000382,1,0.000998191,-0.00300422,0.0002625,516.693
0,1736907,12,phononTS,0.000595881,-0.00199956,-4.93784e-06,0.0002625,874.01,0.000595881,1,-0.00205504,-1.2121e-06,-0.0002625,1146.64
0,1751296,12,phononTF,0.000670803,-0.00163642,-0.00255675,-0.0002625,184.886,0.000382,1,-0.00199619,-0.00199607,0.0002625,642.916
0,1784837,12,phononTF,0.000894386,-0.00311696,-0.00112657,-0.0002625,1947.76,0.000382,1,-0.00299641,-0.000999437,0.0002625,2137.22
0,1837627,3,phononL,0.0063119,-0.00188281,-0.00231479,6.91983e-07,246.826,0.00191,1,-0.00199947,-0.00199889,0.0002625,630.606
0,1863047,13,phononTS,0.000545209,1.0908e-06,-0.00200217,0.000262498,3984.59,0.000545209,1,-4.66256e-05,-0.00202949,-0.0002625,4074.15
0,1863646,21,phononL,0.00126095,-4.88582e-07,-0.00199794,0.000262498,804.033,0.00126095,1,-8.26835e-05,-0.00153921,-0.0002625,880.296
0,1863646,2,phononTS,0.000451085,-0.00114774,-0.00397071,0.000262498,60.2248,0.000451085,1,-0.00131342,-0.00400936,-0.0002625,164.792
0,1870614,6,phononTS,0.002095,-0.000950737,-0.00105071,-0.0002625,1585.43,0.000382,1,-0.0010002,-0.000997775,0.0002625,1773.29
0,1874260,3,phononTF,0.00154954,-0.00383089,-0.00157559,-0.0002625,68.3822,0.000382,1,-0.00300467,-0.00100157,0.0002625,1682.86
0,1908520,21,phononTF,0.00119048,-0.00147403,-0.00239605,-0.0002625,460.653,0.000764,1,-0.00200167,-0.00200191,0.0002625,758.889
0,1915299,5,phononTS,0.000548973,0.00220365,-0.00235513,-0.0002625,2406.17,0.000382,1,0.00200095,-0.00200496,0.0002625,2686.81
0,1924771,8,phononTF,0.000609235,0.00146529,-0.00154018,-0.000262498,1130.55,0.000382,1,0.0020049,-0.00200161,0.0002625,1284.53
0,1925167,10,phononTS,0.000615544,-0.000897222,-0.000343346,-0.0002625,1519.01,0.000382,1,-0.000999258,-0.000996017,0.0002625,1866.14
0,1925833,7,phononL,0.0019651,-0.000491345,-0.00295034,-0.0002625,17.0439,0.000764,1,3.24978e-06,-0.00199869,0.0002625,283.933
0,1943541,5,phononTF,0.000566966,0.000574646,-0.00259835,-0.000262498,513.346,0.000382,1,-1.47236e-06,-0.00200402,0.0002625,681.041
0,1962576,10,phononTF,0.00065783,0.00278526,0.005,-3.08886e-05,849.363,0.000382,1,0.00200485,0.00199676,0.0002625,3767.75
0,1962576,3,phononTS,0.00244732,-0.00083755,-0.00392693,0.000262498,21.0873,0.00158772,1,-0.000968714,-0.0039719,-0.0002625,126.494
0,1970934,4,phononTS,0.00223837,0.00357353,-0.00197863,-0.0002625,9.13918,0.001146,1,0.000999156,-0.00300319,0.0002625,2076.53
0,2001997,6,phononTF,0.000498634,-0.000741547,-0.00257873,-0.0002625,2151.76,0.000382,1,-3.93837e-06,-0.00199967,0.0002625,2464.97
0,2002453,22,phononTS,0.000431537,-0.00299711,-0.00100447,0.000262498,7041.71,0.000431537,1,-0.00369248,-0.00134526,-0.0002625,7237.79
0,2011097,14,phononTS,0.00052499,0.000395251,-0.000178487,-0.0002625,1338.07,0.000382,1,0.00100412,0.00099637,0.0002625,2265.88
0,2018446,13,phononTF,0.000556037,6.05935e-05,-0.00206114,-0.000262498,600.855,0.000382,1,6.22495e-07,-0.00200077,0.0002625,691.928
0,2034363,24,phononTS,0.000719935,-0.00228288,-0.000954277,-0.000262498,1222.88,0.000382,1,-0.00199871,9.0541e-07,0.0002625,1448.87
0,2038937,15,phononL,0.000751495,0.00314605,0.000460548,-0.0002625,1605.9,0.000382,1,0.00299698,0.000997334,0.0002625,1771.34
0,2039011,10,phononTS,0.00089977,0.0009849,-0.00279457,-0.000262498,955.909,0.000382,1,0.00100208,-0.002998,0.0002625,1066.77
0,2040876,9,phononTF,0.000499326,0.000620573,-0.00261672,-0.0002625,72.5795,0.000382,1,0.00100495,-0.00300166,0.0002625,650.825
0,2040876,8,phononTS,0.00154416,0.00207175,-0.000482527,-0.000214959,72.5795,0.00110583,1,0.00203325,-0.000430917,-0.0002625,950.886
0,2047986,4,phononTF,0.00124226,0.00100196,0.000999729,0.0002625,10.1255,0.00124226,1,-1.74219e-05,0.005,5.3677e-05,5602.6
0,2056084,18,phononTS,0.0010192,-0.00392862,0.00039275,-0.0002625,826.17,0.000382,1,-0.00300464,-0.000995068,0.0002625,4589.79
0,2056084,4,phononTS,0.000726155,-0.000918814,-0.00390733,0.000262498,71.2238,0.000419387,1,-0.00108101,-0.00359456,-0.0002625,203.92
0,2056084,3,phononTF,0.00072171,-0.000918814,-0.00390733,0.000262498,71.2238,0.00072171,1,-0.000970691,-0.00422387,-0.0002625,183.898
0,2056084,2,phononTS,0.000606558,-0.000918814,-0.00390733,0.000262498,71.2238,0.000606558,1,-0.000922991,-0.00396083,-0.0002625,161.713
0,2067723,22,phononTF,0.000799003,0.00199861,-0.00199701,0.000262498,727.237,0.000799003,1,0.00168659,-0.00167989,-0.0002625,845.451
0,2067723,6,phononTF,0.00101307,-0.00092162,-0.00396875,0.000262498,25.8596,0.000789747,1,-0.0019314,-0.00223159,-0.0002625,393.747
0,2068104,20,phononTS,0.00123817,0.00299538,0.000998735,0.000262498,1454.28,0.000240692,1,0.00274168,0.00194164,-0.0002625,1680.07
0,2075078,5,phononTS,0.000400108,-0.000966487,0.000753749,-0.000262498,2372.59,0.000382,1,-0.00100491,0.000996442,0.0002625,2485.43
0,2084730,4,phononTF,0.00175816,0.000315304,-0.005,-0.000183517,47.2771,0.000382,1,0.000999818,-0.00099712,0.0002625,4136.46
0,2094686,4,phononTS,0.000803854,-0.00248429,-0.00103871,-0.000262498,2354.7,0.000382,1,-0.00299577,-0.000996705,0.0002625,2501.94
0,2202950,15,phononTS,0.000721261,-4.30203e-05,-0.00287858,-0.0002625,642.163,0.000382,1,-2.71988e-06,-0.00200262,0.0002625,1539.85
0,2204388,10,phononTS,0.000505669,-0.000588403,-0.00367869,-0.000262498,161.36,0.000382,1,0.000995824,-0.00299815,0.0002625,515.286
0,2204908,21,phononTS,0.00040225,-5.37034e-07,-0.00199913,0.0002625,770.066,0.00040225,1,2.12428e-05,-0.00202852,-0.0002625,1038.8
0,2261230,13,phononTF,0.000503713,0.00199962,-0.00200429,0.000262498,800.322,0.000503713,1,0.0018369,-0.00216602,-0.0002625,898.499
0,2261230,4,phononTF,0.00055833,-0.000920786,-0.00392823,0.000262498,23.6024,0.00055833,1,-7.7935e-06,-0.003439,-0.0002625,234.904
0,2265240,13,phononTS,0.000768487,-0.000206033,-0.000357738,-0.0002625,2043.51,0.000382,1,0.00200085,-0.00199902,0.0002625,2673.08
0,2265240,9,phononTS,0.00042385,-0.00195491,-0.0019521,0.000262498,698.606,0.00042385,1,-0.00200339,-0.00227891,-0.0002625,825.211
0,2312858,14,phononTF,0.000448696,0.00127012,-0.00278532,-0.000262498,498.646,0.000382,1,0.000997902,-0.0030036,0.0002625,608.406
0,2312909,21,phononTS,0.000663617,0.00100174,-0.00299802,0.000262498,731.953,0.000663617,1,0.0010472,-0.00283438,-0.0002625,840.418
0,2334645,9,phononTS,0.000793565,-0.00200444,-0.00199735,0.0002625,2469.79,0.000793565,1,-0.00202539,-0.00200583,-0.0002625,2744.22
0,2364316,4,phononTS,0.000609431,-2.29086e-06,-0.00200027,0.0002625,620.171,0.000609431,1,0.000558542,1.95392e-05,-0.0002625,1515.36
0,2374219,21,phononL,0.000492977,-9.05379e-05,-0.00282282,-0.0002625,314.602,0.000382,1,-6.47477e-07,-0.00199707,0.0002625,630.713
0,2374219,20,phononTF,0.000401631,0.000251656,-0.005,0.000245254,314.602,0.000401631,1,0.000339708,-0.0046576,-0.0002625,582.363
0,2382757,13,phononTS,0.000406423,-0.00138383,0.000244394,-0.0002625,896.227,0.000382,1,-1.12961e-06,4.25925e-06,0.0002625,1518.1
0,2398537,21,phononL,0.000609159,-0.00199891,-0.00199742,0.000262498,1058.2,0.000609159,1,-0.00167655,-0.0022927,-0.0002625,1133.29
0,2416750,2,phononTS,0.00591877,-3.01577e-05,-0.00197809,-0.0002625,504.529,0.002292,1,-2.89492e-07,-0.00199932,0.0002625,1327.48
0,2424230,6,phononTS,0.00048817,-0.005,0.00332879,-4.17116e-05,26.5556,0.000382,1,-0.000995091,-0.000998199,0.0002625,9189.22
0,2442092,4,phononTS,0.000647652,-0.000904232,-0.00400903,-0.000262498,277.004,0.000382,1,0.000998667,-0.00299996,0.0002625,707.398
0,2472022,21,phononTS,0.000689213,-0.00200355,1.61007e-06,0.0002625,1032.35,0.000689213,1,-0.00215085,0.000216263,-0.0002625,1395.29
0,2479126,15,phononTF,0.000383044,3.88441e-06,0.00199925,0.0002625,262.782,0.000383044,1,0.000455232,0.00498104,-0.0002625,1915.12
0,2479126,4,phononTS,0.00169156,-0.000734325,-0.00396761,0.000262498,68.9758,0.00144242,1,-0.000657155,-0.00334505,-0.0002625,236.893
0,2479126,3,phononL,0.000494509,-0.000734325,-0.00396761,0.000262498,68.9758,0.000494509,1,-0.000242161,-0.0038222,-0.0002625,148.547
0,2488136,16,phononTS,0.001056,-0.005,0.00284695,-0.000113408,2922.79,0.000382,1,-0.00199916,0.00200173,0.0002625,5660.31
0,2521091,24,phononTF,0.000489582,0.00100064,-0.00299928,0.000262498,1528.63,0.000489582,1,0.000447374,-0.0024281,-0.0002625,1691.65
0,2567810,21,phononTF,0.000620086,-0.00100084,-0.00100339,0.000262498,2048.77,0.000620086,1,-0.000808379,-0.000811943,-0.0002625,2149.95
0,2612590,5,phononTS,0.000738732,0.00263732,-0.00103924,-0.0002625,45.2028,0.000382,1,0.00199772,3.86881e-06,0.0002625,1501.56
0,2632007,7,phononTS,0.000410745,-0.000657802,-0.00417529,-0.000262499,125.762,0.000382,1,-0.00199686,-0.00199712,0.0002625,626.925
0,2645117,11,phononTS,0.000445433,0.00199883,2.11316e-06,0.000262498,2967.83,0.000445433,1,0.00195307,-3.61684e-05,-0.0002625,3057.03
0,2652893,9,phononTS,0.000478854,-0.000860265,-0.00257249,-0.0002625,57.2802,0.000382,1,-0.000999009,-0.00099647,0.0002625,756.557
0,2761615,15,phononTS,0.000416191,0.000620525,-0.00321613,-0.0002625,435.05,0.000382,1,0.00100312,-0.00300402,0.0002625,724.874
0,2762275,2,phononTS,0.0011227,-4.89004e-05,-0.000852564,-0.0002625,41.959,0.000382,1,-4.64855e-07,7.76049e-07,0.0002625,1433.09
0,2770217,20,phononL,0.000703812,0.00200312,-0.00200046,0.000262498,1581.67,0.000703812,1,0.00241315,-0.00200309,-0.0002625,1654.58
0,2778752,8,phononTS,0.000967456,-0.005,0.00131073,4.86247e-05,464.169,0.000967456,1,-0.00254213,-0.000905621,-0.0002625,2599.49
0,2778752,6,phononL,0.00134169,-0.000872826,-0.00397389,0.000262498,11.9456,0.00114052,1,-0.00306107,-0.00377328,-0.0002625,258.603
0,2812316,10,phononTS,0.000883396,-0.00292662,-0.005,-0.000219679,7.63989,0.000382,1,0.000998882,-0.000999184,0.0002625,1729.32
0,2812316,9,phononTS,0.000424424,-0.000914129,-0.0038662,0.000262498,7.63989,0.000424424,1,-0.000696339,-0.00452778,-0.0002625,189.582
0,2812316,8,phononTS,0.000664752,-0.000914129,-0.0038662,0.000262498,7.63989,0.000664752,1,-0.000970073,-0.00359893,-0.0002625,127.672
0,2836581,17,phononL,0.000419921,0.00200285,0.0020019,0.000262498,3378.53,0.000419921,1,0.00281631,0.00106125,-0.0002625,3533.01
0,2836581,7,phononTF,0.00105618,-0.00216878,-0.00314457,0.000262498,372.916,0.00105618,1,-0.00219304,-0.00299103,-0.0002625,468.652
0,2867745,8,phononL,0.00349288,-0.00184334,3.53798e-05,3.01183e-05,1387.39,0.001528,1,-0.00200274,1.15201e-06,0.0002625,1814.02
0,2875354,24,phononTS,0.000604878,-0.00199755,0.00200448,0.0002625,2001.65,0.000604878,1,-0.00190859,0.00252174,-0.0002625,2308.96
0,2890264,10,phononTS,0.000593868,-0.000374872,-0.00121707,-0.0002625,326.666,0.000382,1,2.15995e-06,-6.09076e-07,0.0002625,1254.83
0,2893030,3,phononTF,0.000677743,-0.00272047,-0.00135808,-0.0002625,39.6588,0.000382,1,-0.00300063,-0.00100485,0.0002625,1009.3
0,2958736,5,phononTF,0.000594311,-0.00138549,-0.00304141,-0.0002625,75.9995,0.000382,1,-0.00200262,-0.00200127,0.0002625,549.647
0,2980656,24,phononTS,0.000426007,-0.0026524,0.00196906,-0.000262498,2530.34,0.000382,1,-0.00200404,0.00199658,0.0002625,2697.89
0,2980656,3,phononTF,0.00113617,-0.00134773,-0.00384412,0.000262498,440.034,0.000225387,1,-0.00171903,-0.00420067,-0.0002625,565.814
0,2984022,10,phononTS,0.00089449,-0.000675912,-0.00378162,-0.000262498,192.951,0.000382,1,-0.00200274,-0.00200064,0.0002625,620.949
0,2984022,11,phononTF,0.000473469,-0.000335057,-0.005,0.000249562,620.949,0.000473469,1,0.00177348,0.005,0.000134542,2958.27
0,2984022,2,phononL,0.00245775,-0.000862514,-0.00406185,0.000262498,82.8515,0.00217223,1,-0.00143371,-0.00428191,-0.0002625,170.26
0,2984023,1,phononTF,0.01,-0.00081743,-0.00279597,-0.000259279,0,0.00761277,1,-0.00081158,-0.00279021,-0.0002625,1412.18
0,3002658,4,phononTF,0.00348642,-0.005,-0.000174592,0.000190746,78.2951,0.000764,1,-4.03658e-06,3.59244e-06,0.0002625,2030.56
0,3025191,23,phononTS,0.000607969,-0.0019967,-0.0019976,0.0002625,1202.36,0.000607969,1,-0.00222779,-0.00204162,-0.0002625,1425.12
0,3039248,15,phononTF,0.000783557,1.58451e-06,-0.00199705,0.000262498,1786.81,0.000490731,1,0.000318783,-0.00232593,-0.0002625,1905.92
0,3063927,10,phononTF,0.000401772,-5.90938e-07,0.00200085,0.000262498,2659.23,0.000401772,1,-0.000417155,0.00273009,-0.0002625,2839.33
0,3068868,22,phononTS,0.000411388,-0.00211741,-0.00196118,-0.0002625,777.121,0.000382,1,-0.00200304,-0.00199511,0.0002625,976.247
0,3080022,7,phononTS,0.000453268,0.000997512,-0.00300234,0.000262498,888.809,0.000453268,1,-9.81529e-07,-0.0049998,-0.0002625,1332.89
0,3094769,9,phononL,0.000410984,-1.40524e-05,-0.00339946,-0.0002625,1181.58,0.000382,1,0.00199642,-0.00200289,0.0002625,1765.21
0,3094769,5,phononTS,0.00113486,-0.00102698,-0.00449899,0.000262498,853.971,0.00088547,1,-0.000985874,-0.00452145,-0.0002625,943.701
0,3118619,18,phononL,0.00075766,-3.39673e-06,0.00199504,0.0002625,5803.03,0.000368459,1,-0.000207961,0.00133456,-0.0002625,5990.74
0,3176744,3,phononL,0.00515961,-0.00283421,-0.00191667,-3.76533e-05,20.8902,0.001146,1,-0.00199799,-0.00199824,0.0002625,1210.78
0,3190452,8,phononTF,0.000457753,0.000998336,-0.00299749,0.000262498,766.534,0.000457753,1,0.0012091,-0.00277787,-0.0002625,870.823
0,3207431,2,phononTS,0.00276869,-0.00362617,-0.000555175,-0.0002625,219.716,0.000764,1,-0.00100191,0.00100061,0.0002625,1980.51
0,3220751,5,phononTS,0.000446741,-0.00311731,-0.00216822,-0.0002625,670.03,0.000382,1,-0.00299766,-0.00100226,0.0002625,1201.58
0,3220751,2,phononTS,0.00465476,-0.000957588,-0.00393712,8.75379e-05,29.6869,0.00207169,1,-0.00103168,-0.00396882,-0.0002625,98.9073
0,3227651,6,phononTF,0.000633905,0.000436526,-0.00249363,-0.000262498,681.653,0.000382,1,1.41352e-06,-0.001996,0.0002625,828.494
0,3227651,4,phononTS,0.00409966,0.00033166,-0.00258058,7.84557e-05,591.196,0.00378455,1,0.000313633,-0.00256507,-0.0002625,706.657
0,3227651,3,phononTF,0.000730742,-0.005,-0.000191812,0.000220784,591.196,0.00043188,1,-0.00395004,-0.0012533,-0.0002625,1876.28
0,3227652,3,phononTS,0.0090019,-0.00107189,-0.00440725,-0.000143267,713.375,0.00461736,1,-0.000959855,-0.00446798,-0.0002625,1093.85
0,3291764,21,phononL,0.000533158,0.00099938,-0.00100362,0.000262498,1434.75,0.000533158,1,0.00145414,-0.000692808,-0.0002625,1517.92
0,3300369,7,phononTS,0.00133013,0.000548641,-0.002963,-0.0002625,6.08117,0.000382,1,0.00200497,-0.00200154,0.0002625,702.881
0,3312735,7,phononL,0.00043919,-0.000678359,0.00021358,-0.000262498,1765.61,0.000382,1,-4.09857e-06,-4.52222e-06,0.0002625,1861.07
0,3312735,2,phononTS,0.00655039,-0.000312177,-0.00458249,-0.000252806,186.411,0.00246471,1,-0.000337896,-0.00456687,-0.0002625,1042.6
0,3324257,13,phononTF,0.000615409,1.21185e-06,4.45068e-06,0.000262498,8540.46,0.000615409,1,0.00044828,0.000435105,-0.0002625,8679.53
0,3366824,12,phononTF,0.000488924,-0.00199848,-0.00199922,0.000262498,1337.08,0.000488924,1,-0.0024477,-0.00246501,-0.0002625,1479.63
0,3367584,15,phononTS,0.00182482,-0.00138792,-0.00183513,-0.0002625,1157.78,0.000382,1,-0.0019976,-0.00199539,0.0002625,1499.37
0,3367584,19,phononTS,0.00100552,-0.0019976,-0.00199539,0.000262498,1499.37,0.00100552,1,-0.00234118,-0.00200327,-0.0002625,1625.37
0,3402089,17,phononTS,0.00103154,0.000271375,-0.005,5.45223e-05,1022.08,0.000630621,1,-0.000583605,-0.00447979,-0.0002625,1910.44
0,3437328,11,phononTS,0.000554822,1.0412e-06,-1.49577e-06,0.000262498,1225.69,0.000554822,1,-2.13724e-05,1.97709e-05,-0.0002625,1315.59
0,3442781,16,phononTF,0.00040591,-2.60946e-06,0.00199867,0.000262498,3309.66,0.00040591,1,-0.00146975,0.00280299,-0.0002625,3623.13
0,3451561,12,phononTS,0.00042523,-0.00011148,-0.00334085,-0.0002625,429.048,0.000382,1,0.000998889,-0.00300047,0.0002625,943.281
0,3469243,9,phononL,0.000518764,-0.000996241,-0.00100187,0.0002625,24.8203,0.000518764,1,-0.00107871,-0.000688105,-0.0002625,640.72
0,3469243,8,phononTF,0.000898639,-0.000862911,-0.00387018,0.000262498,24.8203,0.00063943,1,-0.00125189,-0.0042451,-0.0002625,153.705
0,3486341,19,phononTF,0.000598935,-0.00199515,-0.00199607,0.000262498,719.984,0.000598935,1,-0.00144478,-0.00146331,-0.0002625,878.857
0,3486341,2,phononTF,0.001631,-0.000941366,-0.00394011,0.000262498,5.25862,0.001631,1,-0.000900025,-0.0039792,-0.0002625,95.66
0,3486342,1,phononTS,0.01,-0.00151153,-0.00296731,-0.000187269,0,0.00704509,1,-0.00150574,-0.0030001,-0.0002625,650.607
0,3490607,11,phononTF,0.000559987,0.000999213,-0.00300018,0.0002625,205.868,0.000559987,1,0.00194281,-0.0020642,-0.0002625,1086.3
0,3510848,10,phononTS,0.00054579,0.000398748,-0.0030187,-0.0002625,217.726,0.000382,1,0.00199532,-0.00199851,0.0002625,970.655
0,3510848,2,phononL,0.00245287,-0.000918757,-0.00393777,0.000262498,4.67236,0.00120594,1,-0.00128436,-0.00372715,-0.0002625,78.6696
0,3557746,11,phononTS,0.000454898,0.00199533,-0.00200445,0.000262498,1519.13,0.000454898,1,0.00371613,-0.00398567,-0.0002625,2008.56
0,3558611,2,phononTS,0.00101857,0.00021966,-0.002386,-0.0002625,370.722,0.000382,1,0.000998989,-0.000996598,0.0002625,1037.72
0,3624154,5,phononTS,0.000895901,-0.000445404,-0.005,-0.000123117,36.8944,0.000382,1,0.00100497,-0.00300487,0.0002625,802.339
0,3624154,11,phononTS,0.000409404,0.00100497,-0.00300487,0.000262498,802.339,0.000409404,1,0.000973224,-0.00305763,-0.0002625,891.586
0,3624154,4,phononTS,0.00148284,-0.0010761,-0.00400665,0.000262498,36.8944,0.000846278,1,-0.00120514,-0.0040655,-0.0002625,143.027
0,3632329,6,phononTS,0.00043099,-0.00100245,-0.000996428,0.000262498,664.122,0.00043099,1,-0.00178903,-0.000661291,-0.0002625,872.48
0,3643980,9,phononL,0.00090296,-0.000869244,-0.00122987,-0.0002625,652.561,0.000382,1,-0.000995673,-0.00100441,0.0002625,785.361
0,3643980,3,phononTF,0.00251638,-0.000905446,-0.00395459,0.000262498,47.5725,0.00239089,1,-0.0011699,-0.00367741,-0.0002625,158.755
0,3652288,16,phononTS,0.00091051,0.00300427,0.00100022,0.000262498,2395.4,0.00035518,1,0.00174464,0.00271366,-0.0002625,2807.3
0,3652288,17,phononTS,0.00055533,-0.00103139,0.005,-0.000217895,2807.3,0.00055533,1,-0.00133623,0.00468217,-0.0002625,3491.87
0,3674312,20,phononTF,0.000405904,-8.16537e-07,-0.00200097,0.0002625,1593.23,0.000405904,1,0.00104067,-0.0029139,-0.0002625,2106.33
0,3674312,15,phononTF,0.000488046,-0.000509699,-0.00130659,0.000262498,981.069,0.000488046,1,-0.000934353,-0.00134922,-0.0002625,1108.95
0,3744370,9,phononTF,0.000390742,-0.00200253,6.78012e-07,0.0002625,1362.74,0.000390742,1,-0.00221772,0.000226564,-0.0002625,1747.42
0,3770364,3,phononTS,0.000667622,-0.0019859,-0.00248264,-0.0002625,26.4711,0.000382,1,-0.00300244,-0.000996248,0.0002625,740.882
0,3794842,17,phononTS,0.000545735,0.00201916,-3.7638e-05,-0.0002625,1010.74,0.000382,1,0.00199529,-2.85497e-06,0.0002625,1193.82
0,3874177,4,phononTF,0.000388873,0.00107619,-0.00350265,-0.0002625,210.1,0.000382,1,0.00199721,-0.00199681,0.0002625,1156.96
0,3874177,3,phononTS,0.0031955,-0.000799951,-0.00401568,0.000262498,210.1,0.00270732,1,-0.000760269,-0.00326264,-0.0002625,392.029
0,3923606,20,phononTS,0.000425963,0.000516265,-0.00392694,-0.000262498,1348.74,0.000382,1,0.00099513,-0.00299574,0.0002625,1589.51
0,3952662,8,phononTF,0.0026272,-0.00210219,-0.00175055,-0.0002625,884.65,0.000764,1,-0.00200234,-0.00199717,0.0002625,1544.36
0,3956773,18,phononTS,0.000766389,0.00176511,-0.000202268,-0.0002625,1260.29,0.000382,1,0.00199898,1.6516e-06,0.0002625,2525.55
0,3956857,16,phononTF,0.000804404,-0.00172118,-0.00111554,-0.0002625,900.16,0.000764,1,-0.0020048,0.00199799,0.0002625,2041.35
0,3966507,8,phononTS,0.000508632,-5.4961e-07,-0.00199568,0.0002625,764.932,0.000508632,1,2.98416e-05,-0.00121289,-0.0002625,1335.56
0,4021868,19,phononTS,0.000535519,-0.000141205,-0.00205015,-0.0002625,930.624,0.000382,1,-3.01037e-06,-0.00200219,0.0002625,1133.84
0,4036619,15,phononTS,0.00050095,-0.00100308,-0.00099949,0.0002625,4417.74,0.00050095,1,-0.0020218,-0.00117574,-0.0002625,4883.45
0,4092449,15,phononTF,0.00101672,7.98323e-05,-0.00361518,-0.0002625,240.595,0.000382,1,0.000996803,-0.00299671,0.0002625,676.508
0,4092449,2,phononTS,0.00206645,-0.000865538,-0.00398627,0.000262498,39.4919,0.00133229,1,-0.000309895,-0.00368713,-0.0002625,213.398
0,4125622,17,phononTS,0.000918928,-0.00235697,-0.000951605,-0.0002625,2162.31,0.000382,1,-0.00300257,-0.000999845,0.0002625,2495.08
0,4125622,18,phononTS,0.000447844,-0.00300257,-0.000999845,0.000262498,2495.08,0.000447844,1,-0.00303712,-0.000989881,-0.0002625,2586.57
0,4125622,9,phononTF,0.00196647,-0.00140531,-0.00414603,0.000262498,1053.51,0.0016048,1,-0.00172173,-0.00390244,-0.0002625,1169.06
0,4125622,2,phononTF,0.00159072,0.005,-0.00160923,-7.03449e-05,607.062,0.00022565,1,0.00469639,-0.0013082,-0.0002625,1953.32
0,4126002,11,phononTS,0.000894828,0.00200119,-0.00199837,0.000262498,2503.08,0.000894828,1,0.00203315,-0.00228746,-0.0002625,2621.35
0,4145468,8,phononTF,0.000459461,0.000620878,-0.00182232,-0.0002625,582.286,0.000382,1,0.000995979,-0.00100258,0.0002625,1354.33
0,4152689,15,phononTF,0.000939238,0.000151499,0.000205988,-0.0002625,1559.06,0.000382,1,-3.52027e-06,-4.98359e-07,0.0002625,1762.27
0,4156920,5,phononTF,0.000693839,-6.09246e-06,-0.00142316,-0.0002625,40.8132,0.000382,1,0.00100179,0.00100382,0.0002625,995.145
0,4156920,4,phononTF,0.0016248,-0.00101397,-0.00385012,0.000262498,40.8132,0.0016248,1,9.04098e-06,-0.00497613,-0.0002625,318.556
0,4216107,3,phononTF,0.00305387,0.00104553,-0.00311137,-0.0002625,223.41,0.000764,1,0.000999369,-0.00300117,0.0002625,688.176
0,4220999,13,phononTS,0.000471051,-0.00199876,-0.00200151,0.000262498,842.87,0.000471051,1,-0.0020849,-0.00233042,-0.0002625,971.971
0,4220999,11,phononTS,0.00204465,-0.00220118,-0.00224443,0.000262498,646.846,0.00135646,1,-0.00219998,-0.00225316,-0.0002625,738.383
0,4225787,10,phononTS,0.000958677,-3.31384e-06,-0.00200427,0.000262498,1542.54,0.000541082,1,0.000557305,-0.00183745,-0.0002625,1706.93
0,4225787,8,phononTS,0.000644283,-0.00154882,-0.00481862,0.000262498,712.093,0.000644283,1,-0.00098361,-0.00434171,-0.0002625,904.369
0,4231674,3,phononTF,0.000408063,-3.63628e-06,-0.00200049,0.0002625,103.736,0.000408063,1,0.0004471,-0.00117345,-0.0002625,693.081
0,4231674,2,phononTF,0.00174482,-0.00226839,-0.005,-0.000213957,103.736,0.00117009,1,-0.00218765,-0.00165981,-0.0002625,1013.22
0,4271153,25,phononTF,0.000646946,-0.00281383,-0.00118216,-0.000262498,1065.8,0.000382,1,-0.00299921,-0.000998093,0.0002625,1166.19
0,4276719,13,phononTS,0.000607792,0.000995345,-0.000999994,0.000262498,2295.56,0.000607792,1,0.000997775,-0.00103611,-0.0002625,2386.72
0,4276719,10,phononTF,0.000474477,0.00477165,-0.00425091,0.000262498,1312.8,0.000474477,1,0.00480171,-0.0042803,-0.0002625,1402.97
0,4276719,6,phononTS,0.000500572,-0.000938921,-0.00396119,0.000262498,18.5093,0.000500572,1,-0.000951504,-0.00441656,-0.0002625,159.957
0,4276719,5,phononL,0.000703584,-0.000938921,-0.00396119,0.000262498,18.5093,0.000703584,1,-0.000938723,-0.00419885,-0.0002625,84.2074
0,4280673,11,phononTS,0.000404731,-4.14199e-05,-0.0020372,-0.000262498,4174.49,0.000382,1,1.10625e-07,-0.00199746,0.0002625,4263.71
0,4283643,14,phononL,0.000628129,-0.00299657,-0.00100469,0.0002625,1107.65,0.000628129,1,-0.00332113,-0.000543453,-0.0002625,1276.16
0,4296918,3,phononTS,0.00620999,0.000655515,-0.0035293,2.54292e-05,271.688,0.001146,1,0.00100424,-0.00300037,0.0002625,769.842
0,4297791,26,phononTS,0.000613451,0.00199589,-0.00200023,0.000262498,5908.66,0.000613451,1,0.00231919,-0.00201974,-0.0002625,6031.18
0,4322999,17,phononTF,0.000496733,0.00171717,-0.00223933,-0.000262498,866.787,0.000382,1,0.0019997,-0.00199702,0.0002625,978.407
0,4322999,3,phononTS,0.00104993,-0.000725134,-0.00388862,0.000262498,344.899,0.000852992,1,-0.000674967,-0.00392832,-0.0002625,439.287
0,4332913,11,phononTF,0.000715845,0.000859071,-0.00279257,-0.0002625,468.614,0.000382,1,0.00100081,-0.00300164,0.0002625,672.092
0,4347719,13,phononTF,0.000440818,-0.00199589,-0.00199708,0.0002625,179.867,0.000440818,1,-0.00252811,-0.000705841,-0.0002625,725.999
0,4351771,20,phononTS,0.000572996,-0.000469467,0.005,-0.000106921,2100.47,0.000382,1,0.00299639,0.000995061,0.0002625,4650.18
0,4351861,19,phononTF,0.000782968,-0.00165165,-0.00123756,-0.0002625,2658.65,0.000382,1,4.14373e-07,-1.98109e-07,0.0002625,3401.64
0,4360840,8,phononL,0.00056513,0.000596151,-0.00288393,-0.0002625,474.329,0.000382,1,0.000997963,-0.00300013,0.0002625,621.37
0,4360840,5,phononL,0.00234736,-0.00109882,-0.00402567,0.000231255,114.391,0.00125932,1,-0.000987651,-0.00424827,-0.0002625,183.211
0,4367558,10,phononL,0.0023415,-0.00162986,-0.00275975,-0.0002625,957.638,0.000382,1,-0.00199823,-0.001999,0.0002625,1513.74
0,4384517,14,phononTS,0.000394896,0.00251383,-0.0043658,-0.0002625,1343.56,0.000382,1,0.000998921,-0.00299514,0.0002625,2339.65
0,4384517,2,phononTS,0.00417081,-0.000923217,-0.00393349,0.000262498,1.87686,0.00265672,1,-0.000932518,-0.00396219,-0.0002625,94.0002
0,4389305,7,phononTS,0.000499867,-0.000300529,-0.00221202,-0.000262498,759.34,0.000382,1,4.36563e-06,-0.0020049,0.0002625,894.938
0,4389305,5,phononTS,0.000685805,-0.00168437,-0.00321354,0.000262498,347.008,0.000153626,1,-0.00155482,-0.00321379,-0.0002625,449.686
0,4390214,16,phononTS,0.000401476,0.00255611,1.16708e-05,-0.0002625,2603.09,0.000382,1,0.002,-2.37068e-06,0.0002625,2901.32
0,4390214,13,phononTS,0.000656307,-6.8778e-05,-0.00494252,0.000262498,717.676,0.000656307,1,-1.45594e-05,-0.00491848,-0.0002625,807.193
0,4396016,9,phononTS,0.000887527,0.005,0.00218718,0.000145801,1211.82,0.000382,1,0.00099677,-0.000997119,0.0002625,4692.24
0,4399150,7,phononTF,0.000393755,-0.00109337,-0.00285105,-0.0002625,253.988,0.000382,1,-0.00199565,-0.00200101,0.0002625,717.716
0,4399224,18,phononTS,0.000384734,-0.00226202,-0.005,0.000254346,1179.74,0.000384734,1,-0.00329563,-0.00451698,-0.0002625,2435.64
0,4399224,6,phononTF,0.000751453,-0.000805289,-0.005,0.000188082,30.8014,0.000751453,1,-0.005,0.00103452,0.000153157,1456.91
0,4439047,8,phononTS,0.000472662,0.000996674,0.00100458,0.000262498,2128.52,0.000472662,1,0.000320332,0.000286688,-0.0002625,2361.05
0,4441891,14,phononTS,0.00204705,1.44754e-05,-0.00334702,-0.0002625,292.913,0.000382,1,0.000999759,-0.00300151,0.0002625,769.476
0,4460959,5,phononTS,0.00119509,-0.00147938,-0.00286698,-0.0002625,46.1922,0.000764,1,-0.00199612,-0.00200206,0.0002625,515.985
0,4460959,4,phononTS,0.00239516,-0.00096263,-0.0037319,0.000262498,46.1922,0.000654215,1,-0.000801485,-0.00372999,-0.0002625,151.976
0,4487349,15,phononTF,0.000428121,-0.00190606,-0.00153796,-0.000262498,1190.28,0.000382,1,-0.00100199,-0.00099567,0.0002625,1402.42
0,4487349,2,phononTS,0.00328539,-0.00145008,-0.00392665,2.09769e-05,229.958,0.00149104,1,-0.00102285,-0.00468031,-0.0002625,407.028
0,4490236,16,phononTS,0.000466976,0.00100105,-0.00100313,0.000262498,3510.89,0.000466976,1,0.0022167,-0.0030937,-0.0002625,3984.18
0,4490236,3,phononTS,0.000452986,-0.000423254,-0.00371494,0.000262498,490.391,0.000452986,1,-8.59519e-06,-0.00369757,-0.0002625,625.229
0,4564167,16,phononTF,0.000738444,8.06684e-05,-0.00237635,-0.0002625,654.139,0.000382,1,4.15122e-06,-0.00199663,0.0002625,1130.78
0,4590706,15,phononTS,0.0004206,-0.00106827,0.00334672,-0.0002625,2672.89,0.000382,1,-1.21481e-07,0.00199875,0.0002625,5365.84
0,4653340,11,phononTS,0.00070825,-0.00199886,-0.00200136,0.000262499,1186.81,0.00070825,1,-0.00203051,-0.00204695,-0.0002625,1276.25
0,4692602,13,phononTF,0.000478515,0.00113411,-0.000936753,-0.0002625,1225.57,0.000382,1,0.00100178,-0.00100495,0.0002625,1414.63
0,4692602,6,phononTF,0.00078232,-0.000714569,-0.00341987,0.000262498,329.638,0.00078232,1,-0.000256422,-0.003066,-0.0002625,467.376
0,4692602,5,phononTS,0.000532655,-0.000714569,-0.00341987,0.000262498,329.638,0.000532655,1,-0.000685933,-0.00315095,-0.0002625,445.541
0,4701784,11,phononTS,0.000555618,-0.00227416,-0.00156499,-0.000262498,951.155,0.000382,1,-0.0020046,-0.00200158,0.0002625,1107.54
0,4745498,9,phononTS,0.000442733,0.005,0.00283153,-1.78382e-05,2129.88,0.000382,1,0.00300001,0.000996009,0.0002625,2869.98
0,4748702,6,phononTF,0.000622847,-0.000538258,-0.00344777,-0.000262498,381.97,0.000382,1,-0.00200025,-0.00199597,0.0002625,745.954
0,4766243,9,phononTS,0.000431738,0.00186772,-0.000470816,-0.0002625,2264.71,0.000382,1,0.00199906,-1.39593e-06,0.0002625,3247.49
0,4769957,8,phononTF,0.000616718,0.00100157,-0.00300309,0.0002625,564.297,0.000345579,1,0.00032714,-0.00368116,-0.0002625,1087.45
0,4769957,5,phononTS,0.000818333,-0.00102144,-0.00384215,0.000262498,34.5324,0.000818333,1,-7.73641e-05,-0.00359921,-0.0002625,259.847
0,4775551,10,phononTS,0.000506042,0.0014139,-0.00321525,-0.000262498,1984.58,0.000382,1,0.000998002,-0.00300386,0.0002625,2133.45
0,4783308,11,phononTF,0.000494218,-0.00145963,0.000508943,-0.0002625,2072.61,0.000382,1,-0.00200275,-1.24479e-07,0.0002625,2387.12
0,4788495,18,phononTS,0.000444062,0.000995999,-0.00300266,0.000262498,526.915,0.000444062,1,0.00143921,-0.00441153,-0.0002625,837.9
0,4829298,18,phononL,0.00106164,0.00139807,-0.00368592,-0.0002625,808.86,0.000382,1,0.00199898,-0.00200048,0.0002625,1198.14
0,4829298,19,phononTF,0.000552203,0.00199898,-0.00200048,0.000262499,1198.14,0.000552203,1,0.00181184,-0.00219157,-0.0002625,1299.24
0,4848302,15,phononTS,0.00049089,0.000201114,-0.00111044,-0.0002625,1657.76,0.000382,1,1.7667e-06,-2.94144e-06,0.0002625,2155.24
0,4848302,2,phononTS,0.00331402,-0.000962265,-0.00392867,8.90985e-05,40.8049,0.00211507,1,-0.000930531,-0.00390657,-0.0002625,100.601
0,4875744,19,phononTF,0.0005243,0.000643168,-0.000666515,-0.0002625,1571.24,0.000382,1,-0.000999534,0.000997607,0.0002625,2392.64
0,4890722,7,phononTS,0.00108462,0.005,0.00174414,-2.14885e-05,41.0273,0.000410107,1,0.00490631,0.0017616,-0.0002625,1913.89
0,4890722,8,phononTF,0.000674516,0.005,0.00185773,-6.3467e-05,1913.89,0.000674516,1,0.00421662,0.00229796,-0.0002625,2117.54
0,4892032,7,phononTS,0.000390193,0.00200232,-0.00200079,0.000262498,1614.1,0.000390193,1,0.00150789,-0.00202073,-0.0002625,1761.2
0,4892032,4,phononTS,0.00513739,-0.000981844,-0.00399513,0.000262498,29.8039,0.00232115,1,-0.000996806,-0.00400436,-0.0002625,119.609
0,4925236,15,phononTF,0.000764509,0.000950174,-0.00141221,-0.0002625,787.939,0.000382,1,0.000995123,-0.000998808,0.0002625,1040.3
0,4974281,3,phononL,0.00111979,-0.000693657,-0.00213386,-0.0002625,24.4806,0.000382,1,4.44916e-06,-0.00200305,0.0002625,371.066
0,4975817,7,phononTF,0.000425645,0.00285748,-0.000516833,-0.0002625,1737.35,0.000382,1,0.00199623,-2.49129e-06,0.0002625,2047.39
0,4975817,4,phononTS,0.00155358,-0.000431321,-0.00407744,0.000262498,617.147,0.00106625,1,-0.000404133,-0.00343982,-0.0002625,780.592
0,4999530,18,phononTS,0.00105835,-0.000172337,0.000160552,-0.0002625,1602.99,0.000382,1,2.89392e-08,0.0020017,0.0002625,2412.71
0,5010438,12,phononTS,0.000422594,-0.005,-0.00379512,-9.53449e-05,2368.02,0.000382,1,-0.00100487,0.000999224,0.0002625,4259.11
0,5010438,6,phononTS,0.000923979,-0.00164689,-0.00387512,0.000262498,355.117,0.000923979,1,-0.0014477,-0.00443124,-0.0002625,521.152
0,5012038,11,phononTF,0.000549131,-1.62022e-06,1.97116e-06,0.0002625,814.523,0.000549131,1,-0.000232977,0.000530408,-0.0002625,1104.48
0,5013150,17,phononTS,0.000482977,-0.00314846,-0.00114515,-0.0002625,1845.86,0.000382,1,-0.00299568,-0.00100353,0.0002625,2075.14
0,5034899,8,phononTF,0.0012511,0.000463888,-0.00242601,-0.0002625,891.498,0.000382,1,-4.42972e-06,-0.00199524,0.0002625,1176.91
0,5037429,11,phononTF,0.000437108,-0.00116279,-0.00285423,-0.0002625,1892.01,0.000382,1,-0.00200035,-0.00199803,0.0002625,2563.42
0,5037429,8,phononTS,0.000959117,0.000275741,-0.00436443,0.000262498,1576.4,0.000861845,1,0.000456971,-0.00421571,-0.0002625,1694.26
0,5037429,7,phononTS,0.0012616,0.000275741,-0.00436443,0.000262498,1576.4,0.000487287,1,0.00034085,-0.00432943,-0.0002625,1675.73
0,5057223,7,phononL,0.000815092,-0.000408268,-0.000382937,-0.0002625,1233.33,0.000382,1,3.18669e-06,-3.87357e-06,0.0002625,1559.2
0,5057223,8,phononTS,0.00040072,3.18669e-06,-3.87357e-06,0.000262498,1559.2,0.00040072,1,-0.000668574,2.02488e-05,-0.0002625,1730.33
0,5070109,11,phononTS,0.000389781,0.000953961,-0.00268556,-0.000262498,1217.62,0.000382,1,0.000998811,-0.00300361,0.0002625,1339.25
0,5096776,11,phononTF,0.000395638,-0.00200161,-0.00199709,0.0002625,1091.88,0.000395638,1,-0.00149493,-0.000762804,-0.0002625,1753.11
0,5143971,16,phononTS,0.00054173,-0.0020016,-3.59165e-06,0.000262498,2584.05,0.00054173,1,-0.00227737,-0.000404778,-0.0002625,2736.79
0,5191938,13,phononTF,0.00110533,0.00100185,-0.00300143,0.000262498,1934.82,0.000679684,1,0.000842844,-0.00283394,-0.0002625,2032.97
0,5221575,7,phononTS,0.000468526,0.000455057,-0.00312633,-0.0002625,169.472,0.000382,1,0.000995186,-0.00299668,0.0002625,487.85
0,5233069,6,phononTS,0.000796812,-5.68484e-05,-0.00200379,-0.000262498,1741.59,0.000382,1,-8.9702e-07,-0.0019986,0.0002625,1831.96
0,5279696,7,phononTS,0.00120421,0.00130971,0.000428721,-0.0002625,3183.68,0.000382,1,0.00199705,-1.36593e-06,0.0002625,3589.56
0,5288005,3,phononTS,0.00105568,-0.00180494,-0.00416143,-0.000262498,1185.62,0.000382,1,0.00300314,0.000998605,0.0002625,2479.04
0,5313941,15,phononTS,0.000889159,0.000379567,0.00156618,-0.0002625,1224.42,0.000764,1,-0.00200295,-3.17513e-06,0.0002625,2088.14
0,5343446,9,phononTS,0.00114385,-0.000540493,-0.00310133,-0.0002625,427.766,0.000382,1,-1.60334e-06,-0.00199566,0.0002625,954.997
0,5343446,10,phononTF,0.000415671,-1.60334e-06,-0.00199566,0.000262498,954.997,0.000415671,1,-2.23436e-05,-0.00215952,-0.0002625,1051.5
0,5343591,11,phononTF,0.00295453,-0.000598614,-0.00461621,-0.0002625,2040.36,0.000764,1,0.00100304,-0.00299884,0.0002625,2616.8
0,5364265,17,phononTF,0.000483767,-0.000418955,-0.00392838,-0.000262498,657.443,0.000382,1,0.000998426,-0.00300454,0.0002625,970.505
0,5388297,20,phononTF,0.000685658,-0.00252013,-0.00336057,-0.0002625,424.62,0.000382,1,-1.71453e-07,0.00200424,0.0002625,1551.27
0,5389314,21,phononTF,0.000679932,0.000681513,-0.00331972,-0.0002625,1065.08,0.000382,1,0.00100404,-0.00300275,0.0002625,1302.3
0,5390871,18,phononL,0.000464889,-0.00199722,3.48448e-06,0.000262498,1747.27,0.000464889,1,-0.0025519,0.000268626,-0.0002625,1835.23
0,5403166,14,phononTF,0.000444696,-0.00137659,-0.00261283,-0.0002625,787.29,0.000382,1,-0.00200384,-0.00199975,0.0002625,1137.24
0,5418024,18,phononTF,0.000555751,-0.00225833,-0.00229599,-0.0002625,1703.23,0.000382,1,-0.00200145,-0.00199611,0.0002625,1931.32
0,5418024,10,phononTF,0.000607891,-0.000456362,-0.00324432,0.000262498,784.528,0.000607891,1,6.04845e-06,-0.00316592,-0.0002625,918.302
0,5426603,6,phononTS,0.00070315,0.000858916,-0.00150979,-0.0002625,212.057,0.000382,1,0.00299838,0.00100406,0.0002625,1432.63
0,5426603,5,phononTS,0.000826513,-0.00128054,-0.00402363,0.000262498,212.057,0.000826513,1,-0.00148005,-0.00432578,-0.0002625,346.684
0,5426603,4,phononTS,0.000502674,-0.00128054,-0.00402363,0.000262498,212.057,0.000502674,1,-0.000278025,-0.00391647,-0.0002625,432.601
0,5426603,3,phononTS,0.00113164,-0.00128054,-0.00402363,0.000262498,212.057,0.00109746,1,-0.00132792,-0.00394479,-0.0002625,308.406
0,5426603,2,phononTF,0.00465764,-0.00128054,-0.00402363,0.000262498,212.057,0.00346895,1,-0.00146894,-0.00383949,-0.0002625,312.607
0,5431743,7,phononTS,0.000529431,0.0010039,-0.00299656,0.000262498,940.333,0.000529431,1,0.001005,-0.00300281,-0.0002625,1030.2
0,5475815,14,phononTF,0.000399809,-0.00156708,-0.000417365,-0.000262498,2378.36,0.000382,1,-0.00200003,1.42302e-06,0.0002625,2515.09
0,5475815,11,phononTS,0.000916007,-0.00305465,0.005,5.41184e-05,1557.24,0.000916007,1,-0.00481885,0.00319942,-0.0002625,2512.39
0,5475815,15,phononTF,0.000615791,-0.00280434,0.005,0.000102253,343.661,0.000615791,1,-0.00240057,0.00458922,-0.0002625,1920.93
0,5479687,5,phononTF,0.00141344,-0.000133428,-0.00245814,-0.0002625,206.393,0.000382,1,-1.2651e-06,-0.00200262,0.0002625,738.146
0,5495910,15,phononTS,0.000507848,0.00099742,0.000998807,0.0002625,2541.87,0.000507848,1,0.00327014,0.00269004,-0.0002625,4152.79
0,5504625,5,phononL,0.000685037,0.000387943,-0.00332359,-0.0002625,1070.71,0.000382,1,-4.43364e-06,-0.002,0.0002625,1397.06
0,5544733,9,phononTF,0.000884745,-0.000605966,-0.00260999,-0.0002625,431.823,0.000382,1,-3.9726e-06,-0.0019953,0.0002625,776.927
0,5546695,2,phononTF,0.000579498,-0.000605515,-0.00256259,-0.0002625,556.863,0.000382,1,-1.52436e-06,-0.00200211,0.0002625,894.47
0,5567044,8,phononTF,0.000756473,-0.000911664,0.0037594,-0.0002625,332.159,0.000382,1,-0.00100205,0.00100322,0.0002625,2816.91
0,5588133,10,phononTF,0.000468728,-0.00117914,-0.00117101,-0.000262498,1422.06,0.000382,1,-0.00100148,-0.000998933,0.0002625,1521.39
0,5614400,17,phononTS,0.000687806,0.00198544,-0.00127705,-0.000262498,1990.44,0.000382,1,0.00199508,-0.00200048,0.0002625,2168.46
0,5617229,8,phononTF,0.000520165,-0.000533244,-0.00148752,-0.0002625,298.354,0.000382,1,-0.00100443,-0.000999845,0.0002625,591.785
0,5640096,9,phononTF,0.000540652,-0.000864775,-0.00345342,-0.0002625,337.176,0.000382,1,-0.00300089,-0.00099509,0.0002625,1473.23
0,5655111,16,phononTS,0.000445564,-0.00200228,-0.00199544,0.000262498,577.382,0.000445564,1,-0.00202442,-0.00150948,-0.0002625,721.224
0,5655111,3,phononTS,0.000494492,-0.005,-0.0039991,3.13467e-05,46.7059,0.000494492,1,-0.00468215,-0.00394834,-0.0002625,4137.05
0,5695878,7,phononTF,0.000394618,-0.00225135,-0.00283897,-0.000262498,796.835,0.000382,1,-0.0009957,-0.000998141,0.0002625,1197.82
0,5698046,10,phononTS,0.00107182,-4.11477e-05,-0.003398,-0.0002625,1015.26,0.000382,1,0.000995248,-0.00299836,0.0002625,1489.09
0,5718736,4,phononTF,0.000994234,-0.00194423,-0.00248645,-0.0002625,8.93565,0.000382,1,-0.00300091,-0.00100151,0.0002625,674.226
0,5718736,3,phononTS,0.000735058,-0.000754304,-0.005,-0.000175451,8.93565,0.000685335,1,-0.00402093,-0.00115361,-0.0002625,1110.28
0,5718736,2,phononTS,0.00403035,-0.000887561,-0.00397138,0.000262498,8.93565,0.00308312,1,-0.00083247,-0.00398973,-0.0002625,98.6827
0,5745647,9,phononTS,0.00142538,0.000408037,-0.0025791,-0.000262498,580.382,0.000382,1,-0.00100307,-0.00100278,0.0002625,1005.41
0,5765463,9,phononTS,0.00101432,-0.000163771,-0.00162447,-0.0002625,1231.89,0.000382,1,2.03333e-06,-0.00200253,0.0002625,1513.17
0,5782324,11,phononTS,0.00100422,-0.00102637,0.00349694,-0.0002625,2052.55,0.000382,1,3.36481e-06,0.00200105,0.0002625,2771.88
0,5782324,2,phononTS,0.00217756,-0.00118775,-0.00293204,0.000102423,500.235,0.00080657,1,-0.0012209,-0.00290468,-0.0002625,753.295
0,5838508,2,phononTS,0.00290021,0.000105956,-0.00360052,-0.0002625,324.01,0.000764,1,0.000995216,-0.00300063,0.0002625,816.314
0,5872010,9,phononTS,0.000723249,-0.00205507,-0.00290408,-0.000262498,311.344,0.000382,1,-0.00200057,-0.00200322,0.0002625,520.224
0,5872010,5,phononTF,0.000578585,-0.00103122,-0.00391772,0.000262498,48.8516,0.000578585,1,-0.000944545,-0.00408396,-0.0002625,145.973
0,5872010,4,phononTS,0.00178904,-0.00103122,-0.00391772,0.000262498,48.8516,0.00106327,1,-0.00107355,-0.00382181,-0.0002625,146.679
0,5896500,7,phononTS,0.000384504,-0.002095,-0.000570011,-0.000262498,985.36,0.000382,1,-0.00200009,4.86259e-08,0.0002625,1146.7
0,5906261,10,phononTF,0.00169629,-0.00100342,-0.00100175,0.000262498,1499.37,0.00169629,1,-0.0016652,-0.000348255,-0.0002625,1682.19
0,5917703,16,phononTS,0.00066887,0.00103189,-0.00308898,-0.000262498,1078.87,0.000382,1,0.000995642,-0.00299883,0.0002625,1176.53
0,5929487,10,phononTS,0.00086844,-0.00200399,-0.00199848,0.0002625,535.333,0.00086844,1,-0.00201647,-0.00197446,-0.0002625,1157.67
0,5935178,12,phononTS,0.000581024,0.005,0.000642113,-5.33657e-06,147.833,0.000581024,1,0.00371695,-0.00045805,-0.0002625,2172.31
0,5988991,18,phononTS,0.00061012,-0.00102675,-0.00269132,-0.0002625,916.434,0.000382,1,0.000999609,-0.0010025,0.0002625,1907.6
0,5988991,5,phononTF,0.00191117,-0.000901479,-0.00399161,0.000262498,12.2923,0.000602696,1,-0.00154024,-0.00369037,-0.0002625,175.374
0,5998019,7,phononL,0.000398343,-0.000352444,-0.00210891,-0.0002625,1303.87,0.000382,1,9.93673e-07,-0.00200207,0.0002625,1633.13
0,6001476,9,phononTS,0.000551201,0.00444446,0.000829548,-0.0002625,6264.39,0.000382,1,0.00300085,0.00100071,0.0002625,8397.55
0,6024361,23,phononTF,0.000503534,3.53906e-06,-5.99363e-07,0.000262498,2787.29,0.000503534,1,-0.00057593,-0.000265697,-0.0002625,2940.59
0,6034322,5,phononTF,0.00123886,0.0015905,-0.00360821,-5.34105e-05,468.997,0.000382,1,0.000996757,-0.00300267,0.0002625,1195.88
0,6036296,11,phononTS,0.000419852,-0.00314426,-0.000979381,-0.0002625,1852.4,0.000382,1,-0.0029964,-0.00100418,0.0002625,2059.01
0,6042518,13,phononTF,0.000640905,0.00180121,0.000201878,-0.000262498,2707.77,0.000382,1,0.00200346,2.1873e-06,0.0002625,2810.19
0,6063160,12,phononL,0.000449783,9.50526e-05,-0.00239006,-0.0002625,455.896,0.000382,1,3.54687e-06,-0.0019996,0.0002625,607.714
0,6106852,12,phononTS,0.00166543,-0.00212267,-0.000858551,-0.0002625,517.783,0.000764,1,-0.00199854,-9.53165e-07,0.0002625,2096.12
0,6177748,3,phononL,0.00461484,0.000245118,-0.000260267,-0.0002625,85.4881,0.001146,1,2.60561e-06,3.55721e-06,0.0002625,1219.78
0,6188592,16,phononTS,0.00064754,-0.00100446,0.000996649,0.000262498,2569.47,0.00064754,1,-0.00126639,0.00103919,-0.0002625,2684.41
0,6188592,5,phononTS,0.000391028,-0.000720436,-0.00418058,0.000262498,517.265,0.000391028,1,-0.000690124,-0.00433883,-0.0002625,621.062
0,6188592,4,phononTF,0.00206423,-0.000720436,-0.00418058,0.000262498,517.265,0.000894528,1,-0.000979845,-0.00445216,-0.0002625,627.702
0,6192803,12,phononTS,0.000447508,-0.00300423,-0.000998292,0.000262498,956.755,0.000447508,1,-0.00399177,-0.00119742,-0.0002625,1186.34
0,6215600,19,phononTF,0.000792594,-0.00113234,0.00313257,-0.0002625,4774.01,0.000382,1,-0.00100472,0.00300047,0.0002625,4964.76
0,6227081,2,phononTS,0.00349134,8.04522e-06,-0.00203729,-0.0002625,68.1152,0.001528,1,-2.35728e-06,-0.00200478,0.0002625,1089.32
0,6234270,15,phononL,0.000581416,-0.000120795,-0.0026567,-0.0002625,541.591,0.000382,1,4.70519e-07,-0.00199827,0.0002625,724.388
0,6234270,2,phononTF,0.00105579,-0.000835131,-0.00378516,0.000262498,75.3133,0.000784066,1,-0.00142917,-0.00430765,-0.0002625,240.326
0,6247363,14,phononL,0.000880668,0.00154807,-0.000903073,-0.0002625,980.713,0.000382,1,0.000995981,-0.000998565,0.0002625,1146.13
0,6247636,4,phononTS,0.00177522,0.005,0.000648634,-6.86951e-05,283.938,0.000382,1,0.00200114,-0.00199948,0.0002625,4497.06
0,6276299,9,phononTF,0.000437276,-0.000668724,0.000714091,-0.000262498,3448.66,0.000382,1,-0.000997667,0.00100037,0.0002625,3567.12
0,6279018,12,phononL,0.000626059,-0.00200015,0.00200166,0.000262499,3105.47,8.86336e-05,1,-0.0020322,0.00175025,-0.0002625,3171.66
0,6327560,15,phononTF,0.00267325,-0.00243914,-0.00154519,-0.0002625,867.775,0.000382,1,-0.00299951,-0.000997158,0.0002625,1190.8
0,6327560,16,phononTS,0.00221129,-0.00299951,-0.000997158,0.000262499,1190.8,0.00101491,1,-0.00221424,0.00326947,-0.0002625,2114.16
0,6328320,12,phononTF,0.000592571,-1.48726e-05,0.0021252,-0.0002625,1728.02,0.000382,1,-3.75153e-06,0.001997,0.0002625,1929.35
0,6339654,7,phononTF,0.000797223,-0.00155793,-0.000448673,-0.0002625,352.54,0.000382,1,-0.00200385,4.65092e-06,0.0002625,634.838
0,6341838,12,phononTF,0.000864043,-0.00199794,-0.00199687,0.0002625,2089.97,0.00075175,1,-0.00143842,-0.00259437,-0.0002625,2593.54
0,6386172,13,phononTF,0.000396794,0.000377082,-0.00237983,-0.0002625,411.522,0.000382,1,3.79529e-07,-0.00199817,0.0002625,912.394
0,6390356,2,phononTS,0.00162,-0.00139956,-0.00291045,-0.0002625,52.2261,0.000382,1,-0.00199627,-0.00200011,0.0002625,549.595
0,6428566,8,phononTF,0.000714786,0.00100464,-0.00100496,0.0002625,39.418,0.00016972,1,0.00193727,0.000496329,-0.0002625,1018.9
0,6447741,5,phononTF,0.00125792,-0.000768287,-0.00211851,-0.0002625,218.068,0.000382,1,1.78502e-06,3.08072e-06,0.0002625,1051.77
0,6454226,2,phononTS,0.00246025,-0.00191952,-0.005,2.82635e-05,171.358,0.000382,1,0.0019961,-2.85005e-06,0.0002625,1638.47
0,6456896,4,phononTF,0.000643198,0.000373574,-0.00365269,-0.0002625,695.57,0.000382,1,0.00100252,-0.00300372,0.0002625,971.66
0,6460489,12,phononTS,0.000511481,-0.00227638,-0.00202789,-0.0002625,677.484,0.000382,1,-0.00200123,-0.00199732,0.0002625,1197.06
0,6460489,7,phononTF,0.00100973,-0.000874442,-0.00387675,0.000262498,48.247,0.00100973,1,-0.000736443,-0.00402227,-0.0002625,144.428
0,6497363,4,phononTS,0.00202612,-0.000381242,-0.00287279,-0.0002625,912.556,0.000764,1,-1.00431e-06,-0.00200367,0.0002625,1360.02
0,6506796,9,phononTF,0.00134804,-0.000184066,-0.00381505,-0.0002625,6.62322,0.000764,1,-0.00199566,-0.00199775,0.0002625,633.903
0,6509256,16,phononTF,0.000439233,-0.00137763,-0.00328044,-0.0002625,764.148,0.000382,1,4.2837e-06,-0.00199646,0.0002625,1587.55
0,6522971,13,phononTF,0.000650351,-0.00299601,-0.00100381,0.000262498,1505.82,0.000650351,1,-0.00280531,-0.00119249,-0.0002625,1606.75
0,6555687,9,phononTS,0.000468608,0.000999329,-0.000999978,0.000262499,3219.45,0.000468608,1,0.00144767,-0.00091966,-0.0002625,3363.31
0,6555687,4,phononTF,0.000762544,-0.00104069,-0.00412094,0.000262498,97.5694,0.000628424,1,-0.00133132,-0.00383936,-0.0002625,211.547
0,6601312,19,phononTF,0.000666181,-0.00155261,-0.00219663,-0.000262498,941.121,0.000382,1,0.00200105,5.3781e-07,0.0002625,1673.43
0,6624202,16,phononTS,0.000456693,0.000995103,-0.000998519,0.0002625,2335.04,0.000456693,1,0.000950225,-0.00092525,-0.0002625,2883.28
0,6625910,15,phononTF,0.00105227,0.00104217,-0.00279518,-0.0002625,289.051,0.000382,1,0.000997049,-0.0030004,0.0002625,905.683
0,6629172,8,phononTS,0.000579382,-0.00169044,0.00247678,-0.000262498,2623.18,0.000382,1,-0.00199631,0.0020008,0.0002625,2787.65
0,6632069,10,phononTS,0.000477905,0.00099689,-0.00300102,0.0002625,2875.3,0.000477905,1,0.00103119,-0.00295512,-0.0002625,3410.93
0,6637576,8,phononTS,0.00171199,-0.000981668,-0.00173399,-0.0002625,3.85549,0.000382,1,-0.00100385,-0.00099695,0.0002625,734.061
0,6637576,20,phononTS,0.00110773,-0.00100385,-0.00099695,0.000262498,734.061,0.000560833,1,-0.000958977,-0.00120041,-0.0002625,846.485
0,6652130,9,phononTF,0.000397619,0.001002,-0.0010024,0.000262498,2789.66,0.000397619,1,0.00121085,-0.00106686,-0.0002625,2890.28
0,6655356,14,phononTF,0.000542801,-0.0009994,-0.000997166,0.000262498,608.275,0.000542801,1,-0.000724054,-0.00105692,-0.0002625,715.932
0,6671845,6,phononTS,0.000622585,-0.000178729,-0.00164077,-0.0002625,1595.78,0.000382,1,0.00100406,-0.00100422,0.0002625,2054.8
0,6680769,16,phononL,0.000501919,-0.00200091,-3.7785e-06,0.000262498,2878.63,0.000501919,1,-0.00194313,-0.000530344,-0.0002625,2959.04
0,6698892,12,phononTS,0.000615291,0.000995928,-0.000833354,-0.000262498,1834.85,0.000382,1,0.00100249,-0.00099995,0.0002625,1939.61
0,6698892,3,phononTS,0.00180736,-0.00165802,-0.005,2.10006e-05,633.388,0.00168457,1,-0.00167908,-0.00494613,-0.0002625,800.453
0,6746982,15,phononTF,0.00149245,-0.000395539,-0.00382876,-0.0002625,4362.44,0.000382,1,-0.00100271,-0.00100422,0.0002625,6652.28
0,6746982,16,phononTS,0.000637753,-0.00100271,-0.00100422,0.000262498,6652.28,0.000637753,1,-0.00174047,-0.000585952,-0.0002625,6860.85
0,6772275,11,phononTF,0.000426276,-0.00315555,-0.00118632,-0.000262498,1316.06,0.000382,1,-0.00299875,-0.00100333,0.0002625,1415.68
0,6795039,11,phononTF,0.000889098,-0.00139452,-0.00148305,-0.0002625,1780.68,0.000382,1,-0.00100022,-0.00100124,0.0002625,2208.76
0,6795039,4,phononTF,0.000676611,0.000264804,-0.00386799,0.000262499,1067.01,0.000676611,1,5.16609e-05,-0.0036588,-0.0002625,1170.48
0,6825999,13,phononTF,0.000390813,0.000476709,0.000455743,-0.000262498,3302.61,0.000382,1,2.8133e-06,-1.54661e-06,0.0002625,3446.69
0,6825999,6,phononTS,0.000509301,-0.000713048,-0.00341041,0.000262498,602.443,0.000509301,1,-0.00108341,-0.00341166,-0.0002625,732.103
0,6825999,5,phononTS,0.0033263,-0.000713048,-0.00341041,0.000262498,602.443,0.00296332,1,7.41617e-05,-0.0019417,-0.0002625,942.831
0,6825999,4,phononTS,0.00101036,-0.000713048,-0.00341041,0.000262498,602.443,0.00101036,1,-0.000761917,-0.00330217,-0.0002625,701.256
0,6825999,2,phononTF,0.00391225,-0.000456133,-0.00411617,-5.88762e-05,380.163,0.00265845,1,-0.00048549,-0.00408051,-0.0002625,416.003
0,6838893,9,phononTS,0.000493878,-0.00200117,-4.08141e-06,0.0002625,1940.37,0.000493878,1,-0.00232334,-0.000310956,-0.0002625,2234.35
0,6886660,17,phononTS,0.000477758,-8.27348e-05,-0.00323018,-0.000262498,360.255,0.000382,1,3.95663e-06,-0.00200194,0.0002625,638.382
0,6894911,16,phononTF,0.000418251,0.0017015,0.00156824,-0.0002625,1294.02,0.000382,1,0.00199985,0.00200009,0.0002625,1558.42
0,6941421,13,phononTS,0.000391881,-0.000298366,-0.00314426,-0.0002625,521.513,0.000382,1,3.24462e-06,-0.001997,0.0002625,1042.6
0,6949777,13,phononTF,0.000878372,0.00259492,0.000610727,-0.0002625,1006.6,0.000764,1,0.00300201,0.0010036,0.0002625,1794.22
0,6979663,15,phononTS,0.00038862,-0.00306714,-0.005,-0.000224034,736.803,0.000382,1,4.5385e-06,-2.02605e-06,0.0002625,2336.15
0,6997568,13,phononTS,0.00166109,-0.00392051,0.00134899,-0.0002625,317.102,0.000382,1,-0.0019968,-1.92267e-06,0.0002625,2319.27
0,6997568,19,phononTS,0.000905753,-0.0019968,-1.92267e-06,0.000262498,2319.27,0.000797538,1,-0.00195727,0.000517107,-0.0002625,2467.74
0,7013120,14,phononTF,0.000619687,-0.00184461,-0.00207219,-0.0002625,1677.6,0.000382,1,-0.00200383,-0.00199616,0.0002625,1870.55
0,7063718,8,phononTS,0.00057447,0.00299749,0.00100066,0.000262498,3186.83,0.00057447,1,0.00294641,0.00098793,-0.0002625,3276.95
0,7063718,2,phononTF,0.00347382,-0.000873236,-0.00397717,0.000262498,23.6013,0.00246483,1,-0.00081652,-0.00421204,-0.0002625,126.758
0,7072047,6,phononTS,0.000389278,0.005,-0.00277553,-3.84644e-05,1777.97,0.000382,1,0.00199974,1.26554e-06,0.0002625,3168.99
0,7081648,6,phononTS,0.000661898,0.00200361,-0.00199508,0.000262498,1142.46,0.000661898,1,0.00284036,-0.000682583,-0.0002625,1470.22
0,7114430,15,phononTS,0.000681673,0.005,-0.00120644,-3.73314e-05,2855.25,0.000382,1,0.00100475,-0.000999246,0.0002625,4423.21
0,7119077,2,phononTF,0.00125102,-0.00128774,-0.00389939,-0.0002625,90.8124,0.000764,1,1.51404e-06,-0.00199864,0.0002625,998.943
0,7161005,11,phononTS,0.000872433,0.000129204,-0.000517772,-0.0002625,768.115,0.000382,1,0.00199502,0.00199866,0.0002625,1972.81
0,7164276,13,phononTF,0.000735813,0.00100451,-0.00300231,0.000262498,1100.55,0.000735813,1,0.00154504,-0.00244605,-0.0002625,1260.82
0,7164276,8,phononTS,0.000873684,0.00137168,-0.003976,0.000262498,641.922,0.000873684,1,0.00144065,-0.00328688,-0.0002625,814.554
0,7164276,5,phononTS,0.00129951,-0.00110965,-0.00427521,0.000262498,114.72,0.000826553,1,-0.000537918,-0.00428028,-0.0002625,271.774
0,7188171,13,phononTF,0.00064796,0.005,-0.00141279,0.000110535,1374.5,0.00064796,1,0.00417097,-0.000587131,-0.0002625,2281.57
0,7226406,14,phononTF,0.000969952,0.00200008,-0.00199888,0.0002625,925.485,0.000969952,1,0.00143844,-0.002578,-0.0002625,1254.85
0,7243195,14,phononTS,0.000596985,0.000955902,-0.00287317,-0.0002625,798.09,0.000382,1,0.00100226,-0.0029981,0.0002625,1007.28
0,7243195,2,phononTS,0.00040859,-0.000947234,-0.00398717,0.000262498,27.7016,0.00040859,1,-0.000919631,-0.00406122,-0.0002625,127.24
0,7325905,18,phononTS,0.000395098,-0.00200123,-1.54162e-07,0.000262498,1712.43,0.000395098,1,-0.0020756,4.27273e-05,-0.0002625,1808.55
0,7325905,12,phononL,0.00056771,-0.00129722,-0.00175892,0.000262498,802.977,0.00056771,1,-0.00130091,-0.0029964,-0.0002625,947.86
0,7350856,10,phononTF,0.000777186,-0.00164681,-0.00234732,-0.0002625,508.616,0.000382,1,-0.00200305,-0.00199669,0.0002625,756.789
0,7398726,23,phononTS,0.000486216,-0.00291761,-0.00105264,-0.000262498,2883.04,0.000382,1,-0.00299527,-0.00100171,0.0002625,2979.2
0,7398726,3,phononTF,0.00114568,-0.000918571,-0.00393949,0.000262498,27.084,0.000200818,1,-0.000991113,-0.00373391,-0.0002625,127.452
0,7431104,6,phononTS,0.000967223,0.000997377,-0.00300391,0.0002625,516.084,0.000798025,1,0.00108895,-0.00370687,-0.0002625,867.883
0,7431104,3,phononTF,0.00261121,-0.000954476,-0.00393236,0.000262498,6.24857,0.00145743,1,-0.000827215,-0.00409442,-0.0002625,103.632
0,7493891,18,phononTS,0.000595468,-0.00035576,-0.00254689,-0.0002625,2500.45,0.000382,1,-0.000995647,-0.000998284,0.0002625,3193.19
0,7504932,13,phononTS,0.000390973,0.005,0.00313363,-4.76243e-05,317.099,0.000390973,1,0.0049086,0.00274947,-0.0002625,2515.8
0,7586933,8,phononTF,0.00103332,-0.000154269,-0.005,9.85974e-05,71.4307,0.000764,1,-0.00100321,0.00299816,0.0002625,1855.29
0,7588691,11,phononTS,0.000759192,0.000955264,-0.00103578,-0.000262498,1251.03,0.000382,1,0.000997771,-0.00100405,0.0002625,1340.41
0,7618360,4,phononTS,0.000509717,-0.0010635,-0.00399617,-0.000262498,214.57,0.000382,1,-0.00200405,-0.00200324,0.0002625,653.427
0,7631758,5,phononTF,0.00112239,0.000605413,-0.00284207,-0.0002625,310.142,0.000382,1,0.000998927,-0.00299828,0.0002625,846.184
0,7684073,7,phononTS,0.00129334,0.000238014,-0.00327572,-0.000262499,1379.62,0.000382,1,0.000997825,-0.00299798,0.0002625,1579.83
0,7693467,10,phononTF,0.000454769,-0.00206848,-0.00244955,-0.0002625,883.233,0.000382,1,-0.00299713,-0.000997533,0.0002625,1520.56
0,7695727,14,phononTS,0.000498403,-0.00282141,-0.00108203,-0.0002625,907.918,0.000382,1,-0.00299822,-0.00100268,0.0002625,1579.91
0,7701595,5,phononTS,0.000489126,-0.00230977,-0.00212276,-0.0002625,483.515,0.000382,1,-0.00199904,-0.00200424,0.0002625,1025.6
0,7701595,4,phononL,0.0014593,-0.000957879,-0.00365862,0.000262498,483.515,0.00048819,1,-0.00140975,-0.00416219,-0.0002625,577.911
0,7702451,9,phononTF,0.000729227,-0.0015112,-0.00309265,-0.0002625,281.343,0.000382,1,-0.00199551,-0.00200194,0.0002625,759.845
0,7740126,14,phononTF,0.000503154,0.00063525,-0.00262264,-0.0002625,791.987,0.000382,1,0.000995148,-0.00299752,0.0002625,1044.72
0,7744041,2,phononL,0.00276932,-0.00141504,-0.0028583,-0.0002625,59.053,0.001146,1,-0.00200019,-0.00200317,0.0002625,320.696
0,7763957,4,phononTS,0.000447129,1.44485e-06,-0.00199643,0.0002625,347.738,0.000447129,1,0.00104732,-0.000225612,-0.0002625,1175.29
0,7765382,11,phononTS,0.000598614,4.28815e-05,-0.00196851,-0.000262498,1920.27,0.000382,1,4.56329e-06,-0.00199919,0.0002625,2009.71
0,7774035,12,phononTF,0.000537696,-0.00184649,-0.00183214,-0.000262498,9000.96,0.000382,1,-0.00200402,-0.00199606,0.0002625,9099.14
0,7774035,4,phononTF,0.000737502,-0.000918313,-0.00392987,0.000262498,1.77019,0.000737502,1,-0.000711411,-0.00416791,-0.0002625,107.663
0,7779907,5,phononTS,0.00041459,-0.00103087,-0.00393559,-0.000262498,394.675,0.000382,1,0.00100402,-0.00300256,0.0002625,839.671
0,7785797,21,phononTS,0.000526053,-2.4848e-05,-0.0020233,-0.000262498,2296.67,0.000382,1,4.61704e-06,-0.00199955,0.0002625,2386.42
0,7785797,16,phononTS,0.000605368,-0.00136874,-0.00455266,0.000262499,1221.13,0.000605368,1,-0.00221212,-0.00447776,-0.0002625,1417.32
0,7790513,10,phononTS,0.00114662,4.62856e-06,1.86761e-06,0.000262498,1497.34,0.00114662,1,3.13691e-05,1.79353e-05,-0.0002625,1587.45
0,7790513,3,phononTS,0.00429252,-0.000802443,-0.00376424,0.000262498,217.709,0.00062298,1,-8.63879e-05,-0.00381932,-0.0002625,394.694
0,7802394,8,phononTF,0.000457562,0.000536043,-0.00327372,-0.0002625,271.639,0.000382,1,0.00100137,-0.00300382,0.0002625,544.072
0,7809162,10,phononTF,0.00090549,-0.00200105,-0.00199626,0.0002625,1586.53,0.000427983,1,-0.00243589,-0.00149235,-0.0002625,1881.89
0,7863336,9,phononTF,0.000496044,0.000997177,-0.00300001,0.000262498,920.567,0.000496044,1,0.0009407,-0.00305607,-0.0002625,1011.47
0,7883366,4,phononTF,0.000499958,-0.00115898,-0.00324934,-0.000262498,525.6,0.000382,1,2.72461e-07,-0.00199944,0.0002625,832.756
0,7901982,10,phononTS,0.000794874,-2.70323e-05,-0.00258711,-0.0002625,682.02,0.000382,1,0.000998304,-0.00300483,0.0002625,1170.09
0,7907919,10,phononTF,0.000546073,4.46496e-06,-0.00200226,0.000262498,802.209,0.000546073,1,-0.000186267,-0.00180339,-0.0002625,903.681
0,7913511,3,phononL,0.00525287,0.000426326,-0.0021121,-0.0002625,122.194,0.000382,1,0.000998099,-0.00100198,0.0002625,612.135
0,7922390,12,phononTS,0.000421171,0.00307674,0.000268901,-0.0002625,3705.32,0.000382,1,0.00300343,0.00100173,0.0002625,4063.56
0,7922390,3,phononL,0.00239303,-0.000918699,-0.00393979,0.000262498,3.92182,0.00125458,1,-0.0012473,-0.00280959,-0.0002625,145.437
0,7926907,8,phononTS,0.000436226,0.00103481,-0.00360022,-0.0002625,499.96,0.000382,1,0.00199613,-0.0019979,0.0002625,1414.87
0,7926907,3,phononTF,0.00120485,-0.000530025,-0.00416432,0.000262498,136.128,0.00120485,1,-0.000743068,-0.00441945,-0.0002625,243.922
0,7954351,9,phononTS,0.00292956,-0.000507757,-0.00315941,-0.000212074,1831.92,0.000839076,1,-0.000501599,-0.00316368,-0.0002625,3225.9
0,7978537,8,phononTF,0.000778883,-0.00115295,-0.00324212,-0.000262498,392.495,0.000382,1,-0.00200164,-0.00199609,0.0002625,674.496
0,7982690,10,phononTF,0.000384595,-0.00100257,-0.00100052,0.0002625,2581.33,0.000384595,1,-0.000802783,-0.000802865,-0.0002625,2785.63
0,7982690,6,phononTS,0.000488404,-0.000952418,-0.00379804,0.000262498,133.075,0.000488404,1,0.000780509,-0.00253002,-0.0002625,563.238
0,7982690,5,phononTF,0.00103005,-0.000952418,-0.00379804,0.000262498,133.075,0.00103005,1,-0.000825001,-0.00375451,-0.0002625,227.119
0,8072990,7,phononTS,0.000494869,0.00199965,-9.18213e-07,0.000262498,1454.09,0.000494869,1,0.00194501,-1.82146e-05,-0.0002625,1545.8
0,8080113,13,phononL,0.00102902,-0.000121321,-0.00277639,-0.0002625,560.076,0.000382,1,-2.51616e-06,-0.002,0.0002625,762.94
0,8125387,12,phononTS,0.0048471,-0.0020038,-0.00200346,0.0002625,230.453,0.00147683,1,-0.0020425,-0.00196565,-0.0002625,1757.26
0,8154401,34,phononTS,0.000405575,0.00100081,-0.00300083,0.000262498,2430.11,0.000405575,1,0.00101946,-0.00318754,-0.0002625,2539.32
0,8163706,3,phononTF,0.0035809,-0.00100527,-0.000966881,-0.000182214,32.4108,0.001146,1,-0.00100416,-0.00100128,0.0002625,755.981
0,8169069,15,phononTS,0.000591664,-0.0019959,-0.00200488,0.000262498,1811.51,0.000591664,1,-0.00250146,-0.0020082,-0.0002625,1959.25
0,8174368,2,phononTF,0.00302025,-0.000609887,-0.00373736,0.000212528,533.366,0.001528,1,-2.34566e-06,3.67272e-06,0.0002625,1204.51
0,8200258,16,phononTF,0.00042736,-0.000143483,0.000148125,-0.0002625,1470.35,0.000382,1,-7.38392e-07,4.87218e-06,0.0002625,1663.15
0,8218124,2,phononTS,0.00120168,-4.48223e-06,-0.00341009,-0.0002625,56.3584,0.000382,1,0.000998192,-0.00299863,0.0002625,535.466
0,8226432,14,phononTS,0.000540013,0.00241805,-7.81047e-05,-0.0002625,2359.61,0.000382,1,0.00199789,1.19826e-06,0.0002625,2639.82
0,8252058,15,phononTF,0.000413616,-0.0019978,0.00199561,0.0002625,5028.1,0.000413616,1,-0.00218262,0.00180104,-0.0002625,5330.76
0,8282908,7,phononTS,0.000928194,-0.000997078,0.00299801,0.000262498,2844.79,0.000551185,1,-0.00105231,0.00297961,-0.0002625,2934.53
0,8282908,4,phononTF,0.000495291,-0.000983438,-0.00385544,0.000262498,46.1258,0.000495291,1,-0.000513,-0.00265735,-0.0002625,302.188
0,8282908,3,phononTS,0.00322232,-0.000983438,-0.00385544,0.000262498,46.1258,0.00225103,1,-0.00153685,-0.00478902,-0.0002625,293.886
0,8304769,4,phononTF,0.00141905,-0.00135562,-0.00296057,-0.0002625,144.781,0.000382,1,-0.00200255,-0.00199737,0.0002625,597.923
0,8304769,9,phononTF,0.000802385,-0.00200255,-0.00199737,0.000262498,597.923,0.000802385,1,-0.00140018,-0.00259177,-0.0002625,768.523
0,8309075,7,phononTS,0.000796,-0.000622363,-0.005,-0.000107402,204.404,0.000382,1,0.00199585,-0.00199598,0.0002625,1160.14
0,8309075,6,phononTF,0.00184355,-0.00117686,-0.00399703,0.000262498,204.404,0.00159736,1,-0.000961668,-0.00392734,-0.0002625,305.667
0,8385937,13,phononTF,0.00138338,-0.00107671,-0.005,-0.000242788,719.951,0.000382,1,2.82696e-06,-0.00200354,0.0002625,1620.78
0,8385937,15,phononTS,0.000482268,2.82696e-06,-0.00200354,0.000262499,1620.78,0.000482268,1,3.10323e-05,-0.00204221,-0.0002625,1710.6
0,8385937,14,phononL,0.000440002,2.82696e-06,-0.00200354,0.000262499,1620.78,0.000440002,1,-0.0010469,-0.00240732,-0.0002625,1758.15
0,8406514,9,phononTF,0.000999347,-0.00299969,-0.00100376,0.000262498,860.373,0.000999347,1,-0.00259853,-0.000586533,-0.0002625,994.044
0,8419576,23,phononL,0.000627202,-1.72056e-06,0.00199956,0.0002625,650.418,0.000627202,1,-0.000672674,0.00153574,-0.0002625,1844.43
0,8419576,20,phononTS,0.000599504,-0.00107095,-0.00413518,0.000262498,283.478,0.000599504,1,-0.00181869,-0.00418463,-0.0002625,465.431
0,8446051,16,phononTS,0.0013261,-0.000139086,-0.0029621,-0.0002625,367.666,0.000382,1,4.66846e-06,-0.0019981,0.0002625,812.466
0,8469156,3,phononTS,0.00111675,-0.000999928,-0.00100207,0.0002625,201.624,0.00111675,1,-0.00101192,-0.000287963,-0.0002625,1091.04
0,8484202,8,phononTF,0.000652041,-0.00199856,-0.00200367,0.000262498,684.61,0.000652041,1,-0.00170089,0.00308914,-0.0002625,1590.64
0,8491874,3,phononL,0.00234488,0.000140302,-0.00350355,-0.0002625,50.5783,0.000764,1,0.00100353,-0.00299727,0.0002625,555.245
0,8491874,10,phononTF,0.000492944,0.00100353,-0.00299727,0.000262498,555.245,0.000492944,1,0.00124134,-0.00269497,-0.0002625,668.959
0,8506166,8,phononTF,0.000382258,-0.000998933,-0.000998744,0.0002625,428.43,0.000382258,1,-0.000654774,0.00176409,-0.0002625,1453.15
0,8525936,9,phononTF,0.00038582,0.00145645,-0.005,6.79229e-05,1374.01,0.00038582,1,0.00240283,-0.00241059,-0.0002625,2874.7
0,8525936,7,phononTS,0.000578374,-0.000593171,-0.0039233,0.000262498,182.276,0.000578374,1,8.18638e-05,-0.00344478,-0.0002625,388.306
0,8528672,14,phononTS,0.000482061,0.0019991,-0.00199915,0.000262498,1560.15,0.000482061,1,0.00216207,-0.00150126,-0.0002625,1715.83
0,8542744,16,phononTS,0.000576821,0.00100074,-0.00100472,0.0002625,208.016,0.000576821,1,-5.5675e-05,-0.0030446,-0.0002625,1328.45
0,8573995,22,phononTF,0.000777125,0.00100171,-0.00100415,0.000262498,1577.43,0.000777125,1,0.0015506,-0.0004545,-0.0002625,1737.94
0,8608092,18,phononTS,0.00090394,-0.000996189,0.000997275,0.000262498,1645.97,0.000698621,1,-0.00104244,0.00103633,-0.0002625,1735.13
0,8632926,5,phononTS,0.000542451,-0.000222296,-0.0020444,-0.000262498,1112.97,0.000382,1,-6.72205e-07,-0.00200492,0.0002625,1223.43
0,8696099,12,phononTS,0.000445143,-0.00100364,-0.000997124,0.0002625,1121.24,0.000445143,1,-0.00130228,-0.00096018,-0.0002625,1662.5
0,8733265,6,phononTS,0.000402466,0.000999067,-0.00300134,0.000262498,809.374,0.000402466,1,0.00099444,-0.0028457,-0.0002625,914.758
0,8740147,14,phononTF,0.000948332,-0.00277072,-0.000762131,-0.0002625,1093.11,0.000382,1,-0.0029987,-0.00099827,0.0002625,1649.87
0,8783322,18,phononTS,0.000498768,-0.001498,-0.00100634,-0.000262498,1504.86,0.000382,1,-0.00100463,-0.00100216,0.0002625,1651.17
0,8801867,9,phononTF,0.000562841,-0.00199662,-0.00200319,0.0002625,537.739,0.000521744,1,-0.00226816,-0.0017228,-0.0002625,762.696
0,8811854,4,phononTF,0.000993159,-0.00191535,-0.00250825,-0.0002625,52.8573,0.000382,1,-0.00299526,-0.00100137,0.0002625,728.18
0,8895227,3,phononTS,0.00249718,-0.000603519,-0.00361092,-0.0002625,455.223,0.000764,1,3.02335e-06,-0.00199554,0.0002625,1345.62
0,8969397,17,phononTS,0.00188295,-0.00205808,-0.00261151,-0.0002625,405.228,0.001146,1,-0.00199711,-0.00199926,0.0002625,728.009
0,8995926,12,phononL,0.00038402,-0.00140179,0.00173447,-0.000262499,3835.66,0.000382,1,-0.00199667,0.00200346,0.0002625,3926.8
0,8997461,9,phononTS,0.000909242,0.00411812,-0.000859476,-0.0002625,371.892,0.000382,1,-4.90759e-06,0.001999,0.0002625,4969.61
0,9011856,7,phononTS,0.000589513,0.00100032,-0.00100376,0.000262498,976.221,0.000589513,1,-0.00174644,-0.00290993,-0.0002625,1608.02
0,9011856,2,phononTS,0.00519625,-0.00101989,-0.005,7.89986e-05,4.80485,0.00291411,1,-0.000994351,-0.00498433,-0.0002625,870.547
0,9062810,9,phononTS,0.00042399,-0.00175522,-0.00196231,-0.000262498,1109.73,0.000382,1,-0.00200029,-0.00200445,0.0002625,1222.75
0,9062810,4,phononTF,0.00290821,-9.58998e-06,-0.00227384,0.00025773,510.763,0.00204446,1,-0.000267618,-0.00201275,-0.0002625,678.901
0,9066815,10,phononTF,0.00226628,-0.00177441,-0.00223979,-0.0002625,767.671,0.000382,1,-0.00200063,-0.00200442,0.0002625,979.261
0,9111309,20,phononTS,0.00051992,0.0013687,-0.00305297,-0.0002625,1067.02,0.000382,1,0.00100083,-0.00300073,0.0002625,1330.8
0,9130363,10,phononTS,0.000407275,-0.000126671,-0.0022633,-0.0002625,383.993,0.000382,1,2.29526e-06,-0.00199823,0.0002625,633.561
0,9130363,6,phononTF,0.000778509,-0.000995019,-0.00390672,0.000262498,39.0526,0.00055253,1,-0.000731849,-0.00390496,-0.0002625,145.133
0,9146614,9,phononTF,0.000596577,0.000415989,-0.00159543,-0.0002625,493.969,0.000382,1,5.60617e-07,-0.00200115,0.0002625,740.555
0,9146614,2,phononTS,0.00189241,-0.00103257,-0.00381025,0.000262498,48.7348,0.00141363,1,-0.00107381,-0.00379753,-0.0002625,142.418
0,9152985,10,phononTS,0.00116346,-0.00051651,-0.00218089,-0.000262498,209.437,0.000764,1,-0.0010013,-0.00100391,0.0002625,486.866
0,9152985,3,phononTS,0.000515551,-0.000926069,-0.00393416,0.000262498,2.35894,0.000515551,1,-0.00122366,-0.00343488,-0.0002625,168.959
0,9152985,2,phononTF,0.000800722,-0.000926069,-0.00393416,0.000262498,2.35894,0.000499157,1,-0.00122412,-0.00422917,-0.0002625,117.387
0,9180225,19,phononTF,0.000722722,0.000825884,-0.00135363,-0.0002625,1224.59,0.000382,1,0.000997186,-0.000998103,0.0002625,1462.5
0,9219386,11,phononTF,0.000582067,-0.00199723,-0.00199809,0.000262498,930.871,0.000459389,1,-0.00208504,-0.00181693,-0.0002625,1029.21
0,9298942,8,phononL,0.000486984,-0.000538534,-0.00175045,-0.000262498,446.652,0.000382,1,-3.95443e-06,-0.00199579,0.0002625,532.343
0,9306913,13,phononTS,0.000736626,-0.00198763,-0.00268184,-0.0002625,399.642,0.000382,1,-0.00199708,-0.00199869,0.0002625,747.542
0,9363587,8,phononTF,0.000696187,-0.00175918,-0.00224662,-0.000262498,356.811,0.000382,1,-0.00199708,-0.00199701,0.0002625,464.272
0,9363587,2,phononTS,0.00325085,-0.000911587,-0.00394954,0.000262498,3.80189,0.00177883,1,-0.000181221,-0.00474862,-0.0002625,252.283
0,9388559,13,phononTF,0.000446008,-0.00447473,-0.00468915,-0.000262498,3497.78,0.000382,1,0.00199582,3.56375e-07,0.0002625,4876.72
0,9388885,14,phononTS,0.000709499,0.000996756,-0.00300116,0.000262498,948.348,0.000386573,1,0.00102233,-0.00284711,-0.0002625,1051.76
0,9460090,9,phononTS,0.00040195,-0.00195792,-0.00188418,-0.0002625,826.409,0.000382,1,-0.00199867,-0.00199665,0.0002625,1033.4
0,9462598,15,phononTS,0.000384767,-0.00102455,-0.00137304,-0.0002625,930.35,0.000382,1,-0.00199504,-1.09939e-06,0.0002625,2090
0,9462598,7,phononTS,0.000607633,-0.000933264,-0.00396637,0.000262498,9.2497,0.000607633,1,-0.000507696,-0.00398107,-0.0002625,144.945
0,9462598,6,phononTS,0.000484498,-0.000933264,-0.00396637,0.000262498,9.2497,0.000484498,1,-0.000749681,-0.00397087,-0.0002625,117.41
0,9462598,5,phononTF,0.00112387,-0.000933264,-0.00396637,0.000262498,9.2497,0.000680432,1,-0.000536667,-0.00356344,-0.0002625,141.818
0,9476078,4,phononTF,0.000750906,0.00164577,-0.00234876,-0.0002625,774.304,0.000382,1,0.00200166,-0.00200326,0.0002625,1145.25
0,9478489,10,phononTS,0.000489085,-3.11878e-06,-0.00200071,0.000262498,1214.8,0.000489085,1,4.1253e-05,-0.00220704,-0.0002625,1323.46
0,9504855,26,phononTS,0.000917425,0.000937425,-0.00359375,-0.0002625,1840.17,0.000382,1,0.000996195,-0.00299962,0.0002625,2166.01
0,9504855,27,phononTF,0.000483418,0.000996195,-0.00299962,0.000262498,2166.01,0.000483418,1,0.00117122,-0.00317262,-0.0002625,2265.27
0,9510829,3,phononL,0.00318029,0.000167613,-0.00334791,-0.0002625,155.427,0.001528,1,0.000997359,-0.00299923,0.0002625,384.431
0,9510829,9,phononTS,0.000388767,0.000997359,-0.00299923,0.000262498,384.431,0.000388767,1,0.000915272,-0.00404027,-0.0002625,624.991
0,9510829,2,phononTS,0.00110282,-0.00175259,-0.005,-0.000257568,155.427,0.00084826,1,-0.00171843,-0.00496564,-0.0002625,516.153
0,9510830,1,phononL,0.01,-0.000916389,-0.00379236,1.58734e-05,0,0.0061749,1,-0.000752231,-0.00368408,-0.0002625,220.345
0,9516255,5,phononTF,0.00117009,-0.00124222,-0.00329119,-0.000262498,505.726,0.000382,1,0.00199758,-0.00199554,0.0002625,1128.79
0,9516255,6,phononTF,0.000436224,0.00199758,-0.00199554,0.000262498,1128.79,0.000436224,1,0.00102981,-0.00296597,-0.0002625,1380.05
0,9529767,12,phononTS,0.000430716,-0.000356613,-0.00146493,-0.0002625,834.503,0.000382,1,0.000999881,0.00099734,0.0002625,2469.83
0,9529767,8,phononTS,0.000670679,-0.000960461,-0.00388645,0.000262498,83.3065,0.000670679,1,-0.000348102,-0.00445022,-0.0002625,290.617
0,9544398,16,phononTS,0.000449222,-0.000893126,-0.00370116,-0.0002625,215.443,0.000382,1,0.00100074,-0.00300272,0.0002625,730.689
0,9562125,4,phononTS,0.00446033,-0.000342902,-0.00312708,-0.0002625,189.612,0.000382,1,3.873e-07,-0.00200471,0.0002625,707.96
0,9595507,9,phononTS,0.000456098,0.00100015,-0.00299794,0.0002625,629.464,0.000456098,1,0.00201084,-0.00284349,-0.0002625,1091.49
0,9626232,3,phononTS,0.00124153,0.00120618,-0.000604022,-0.0002625,50.8794,0.000382,1,0.00199509,0.0020015,0.0002625,1846.75
0,9652306,8,phononTS,0.000554532,0.000554881,-0.00183173,-0.0002625,279.452,0.000382,1,0.00200076,-1.25742e-06,0.0002625,1169.34
0,9686839,16,phononTS,0.000892022,0.00457776,0.00122283,-0.000262498,2431.65,0.000382,1,0.00199557,-0.0019973,0.0002625,3208.93
0,9703277,15,phononL,0.000393784,-0.00153029,-0.00297,-0.000262498,543.504,0.000382,1,0.00100172,-0.00299646,0.0002625,825.348
0,9716916,17,phononTS,0.000648047,-0.00191687,-0.00249849,-0.000262498,423.917,0.000382,1,-0.0029976,-0.000999514,0.0002625,786.944
0,9719554,6,phononTS,0.0024163,-0.000311741,-0.00307613,-0.0002625,483.8,0.000382,1,-3.39206e-07,-0.00200022,0.0002625,985.382
0,9748161,10,phononTF,0.000587097,-0.000998492,-0.000999391,0.000262499,3776.46,0.000587097,1,-0.00132774,-0.000726021,-0.0002625,3894.49
0,9748716,18,phononTS,0.000472042,-0.00129478,-0.000982444,-0.0002625,1794.96,0.000382,1,-0.00099855,-0.000996822,0.0002625,2037.3
0,9756402,6,phononTS,0.000915338,-0.000178184,-0.00262621,-0.0002625,764.645,0.000764,1,8.00176e-07,-0.00200188,0.0002625,1112.76
0,9756402,5,phononTF,0.00362725,-0.000357167,-0.00325054,0.000262498,764.645,0.00243807,1,-0.000525734,-0.0034964,-0.0002625,870.379
0,9782053,13,phononTS,0.000614587,-0.000496642,-0.00274149,-0.000262499,957.129,0.000382,1,-1.9542e-06,-0.00199934,0.0002625,1173.44
0,9782053,9,phononL,0.000457945,-0.000757598,-0.00484912,0.000262498,388.69,0.000457945,1,-0.00106706,-0.00455573,-0.0002625,463.108
0,9782053,8,phononL,0.0012815,-0.000576742,-0.005,-9.22315e-05,388.69,0.000743256,1,-0.00152077,-0.00484499,-0.0002625,584.273
0,9829991,14,phononTS,0.000586298,-0.005,0.00163558,-0.00018488,1064,0.000586298,1,-0.00493786,0.00168587,-0.0002625,2814.07
0,9829991,7,phononTS,0.00143236,-0.000912803,-0.00388313,0.000262498,44.4809,0.00065915,1,-0.00149741,-0.00383,-0.0002625,201.971
0,9840240,13,phononTF,0.000601606,-3.19289e-06,-0.00199945,0.000262498,370.199,0.000601606,1,0.000200104,-0.00179315,-0.0002625,472.939
0,9848104,7,phononTS,0.000544056,0.000354254,-0.000453456,-0.0002625,655.327,0.000382,1,2.77136e-06,4.65695e-06,0.0002625,988.69
0,9848104,5,phononTF,0.00218516,-0.00095666,-0.0039262,0.000262498,12.7763,0.00173716,1,-0.00125088,-0.00421508,-0.0002625,127.049
0,9855418,16,phononL,0.000550496,0.00131873,-0.00244619,-0.000262498,1512.79,0.000382,1,0.00100398,-0.00299862,0.0002625,1602.86
0,9879998,24,phononTS,0.000499595,0.00199544,0.00200273,0.0002625,1573.78,0.000499595,1,0.00196611,0.00197303,-0.0002625,1902.25
0,9879998,4,phononTS,0.000849068,-0.00127831,-0.00409536,0.000262498,198.604,0.000300904,1,-0.00093401,-0.00418317,-0.0002625,329.667
0,9881401,12,phononTS,0.00041428,2.61657e-06,-0.00200101,0.000262498,983.495,0.00041428,1,0.000957663,-0.00171984,-0.0002625,1212.88
0,9886106,12,phononTF,0.000468411,-0.00169656,-0.0018438,-0.0002625,2369.93,0.000382,1,-0.00100077,0.000999813,0.0002625,3436.58
0,9888242,13,phononTF,0.000399494,0.000997035,-0.00299527,0.000262498,543.899,0.000399494,1,0.00125284,-0.00273659,-0.0002625,653.244
0,9900695,18,phononTF,0.00102805,0.000692714,-0.00414996,-0.0002625,854.072,0.000382,1,0.000999741,-0.00299708,0.0002625,1750.21
0,9907104,10,phononTS,0.000641986,-0.000935212,-0.00133199,-0.0002625,1115.78,0.000382,1,-4.36714e-06,2.93987e-06,0.0002625,1891.39
0,9907104,4,phononTF,0.0033908,-0.000639235,-0.00411841,0.000262498,522.754,0.00285441,1,-0.000487423,-0.00397217,-0.0002625,619.605
0,9910838,16,phononL,0.00101951,0.000155178,-0.00241261,-0.0002625,281.28,0.000382,1,0.000999601,-0.00100277,0.0002625,676.787
0,9910961,12,phononTS,0.000500859,0.00138,-0.00316059,-0.0002625,453.51,0.000382,1,0.00200146,-0.00200312,0.0002625,1006.99
0,9910961,3,phononTF,0.00313682,-0.000856514,-0.00391558,0.000262498,105.746,0.00218732,1,-9.90721e-06,-0.00475507,-0.0002625,328.76
0,9937509,11,phononTF,0.000674485,-0.00232842,-0.00234965,-0.000262498,1497.2,0.000382,1,-0.00199525,-0.00200184,0.0002625,1619.07
0,9992751,15,phononTS,0.000735934,-0.00200125,0.0020032,0.000262499,4178.24,0.000735934,1,-0.00203468,0.0020433,-0.0002625,4275.7
