Run ID,Event ID,Track ID,Particle Name,Start Energy [eV],Start X [m],Start Y [m],Start Z [m],Start Time [ns],Energy Deposited [eV],Track Weight,End X [m],End Y [m],End Z [m],Final Time [ns]
0,4622,3,phononTS,0.000867528,-0.000896899,-0.00065137,-0.0002625,1.90276,0.000382,1,-0.00100317,-0.000999682,0.0002625,2027.01
0,5837,10,phononTS,0.000585443,-0.005,0.00449397,-7.42897e-05,6673.57,0.000382,1,-0.000998902,0.00100279,0.0002625,9104.39
0,8364,10,phononTS,0.000471233,-0.00286212,-0.000832931,-0.0002625,1953.82,0.000382,1,-0.00300324,-0.000995846,0.0002625,2955.71
0,8364,4,phononTS,0.00149977,-0.00355788,-0.00155667,0.000262498,42.9096,0.000895292,1,-0.0032756,-0.00171888,-0.0002625,260.379
0,9410,9,phononTF,0.00115418,-0.00127794,-0.00271803,-0.000173701,1072.74,0.000382,1,-4.6779e-06,-0.00199839,0.0002625,2930.59
0,10178,6,phononTS,0.000754946,-0.00233652,-0.00255504,-0.000262498,1330.26,0.000382,1,-0.00299701,-0.00100151,0.0002625,1911.73
0,16887,7,phononTF,0.000390208,-0.00201694,-0.00201614,-0.000262498,6565.27,0.000382,1,-0.00200089,-0.00200149,0.0002625,6713.37
0,20875,12,phononL,0.000405669,0.00052961,0.0019777,-0.000262498,6801.72,0.000382,1,2.97824e-06,0.00200155,0.0002625,6938.42
0,22411,8,phononTF,0.000562051,-0.00321331,-0.00120802,-0.0002625,1962.84,0.000382,1,-0.00299524,-0.0010029,0.0002625,2814.13
0,24256,2,phononTF,0.000430806,-0.00325992,-0.00127651,-0.0002625,5.93587,0.000382,1,-0.00299909,-0.000996831,0.0002625,371.726
0,24341,4,phononTS,0.00130202,-0.002098,0.00116785,-0.0002625,129.488,0.000382,1,-0.00200246,0.0019982,0.0002625,12104.7
0,24341,8,phononTS,0.000718588,-0.00200246,0.0019982,0.000262498,12104.7,0.000718588,1,-0.00203344,0.00203516,-0.0002625,12259.3
0,28782,2,phononTF,0.00104324,-0.00310391,-0.00115901,-0.0002625,4.23529,0.000764,1,-0.00299965,-0.00100081,0.0002625,637.186
0,33114,4,phononTS,0.00054096,-0.00200025,0.0019976,0.0002625,2247.62,0.00054096,1,-0.00155593,0.00230639,-0.0002625,3206.54
0,37927,12,phononTS,0.000389355,-0.000991177,-0.000710261,-0.000262498,5296.93,0.000382,1,-0.00100423,-0.000995023,0.0002625,5497.87
0,40856,5,phononTS,0.000442555,-0.00189415,-0.00196024,-0.0002625,1211.89,0.000382,1,-0.00200013,-0.00200294,0.0002625,2590.6
0,44798,7,phononTF,0.000572243,-0.00223144,0.00221498,-0.0002625,4044.87,0.000382,1,-0.00199843,0.00200247,0.0002625,5842.91
0,47542,14,phononTS,0.000422614,0.00041534,-0.00106817,-0.000262498,3830.44,0.000382,1,0.0010001,-0.00100043,0.0002625,4093.57
0,47943,6,phononTF,0.00121341,-0.00299651,-0.00100478,0.000262498,829.317,0.000438533,1,-0.00315724,-0.000828303,-0.0002625,991.74
0,52382,6,phononTF,0.000418167,-0.00251074,-0.000514326,-0.0002625,160.63,0.000382,1,-0.00199944,4.63056e-06,0.0002625,919.897
0,52659,4,phononTS,0.00205771,-0.00305225,-0.000852035,-0.0002625,2902.51,0.000382,1,-0.0029982,-0.000997357,0.0002625,5931.75
0,52659,5,phononTS,0.00135932,-0.0029982,-0.000997357,0.000262498,5931.75,0.0006187,1,-0.00302084,-0.000749975,-0.0002625,6121.52
0,62769,13,phononTF,0.000885845,-0.00100196,-0.00100322,0.000262499,10387,0.000885845,1,-0.000805715,-0.000790375,-0.0002625,10555.9
0,66637,7,phononTS,0.00230621,-0.00200124,-0.00199652,0.0002625,711.024,0.000898982,1,-0.00146709,-0.0020945,-0.0002625,1411.3
0,74872,7,phononTS,0.000958772,-0.0018912,-0.00097703,-0.0002625,296.129,0.000382,1,-0.000996944,-0.000997851,0.0002625,1317.49
0,74872,3,phononTS,0.000877894,-0.005,-0.000282905,8.91758e-05,6.57769,0.000588693,1,-0.00490476,-0.000276899,-0.0002625,723.789
0,75853,5,phononTF,0.000945013,0.000664583,-0.00330742,-0.000262498,3631.05,0.000764,1,0.000995995,-0.00299861,0.0002625,3826.26
0,75853,2,phononTF,0.00181406,-0.00351551,-0.00156957,0.000262498,41.0024,0.00081341,1,-0.00325665,-0.00129201,-0.0002625,225.572
0,75923,5,phononTS,0.00153562,-0.00230098,0.00109645,-0.0002625,439.007,0.000382,1,-0.00200134,0.00199854,0.0002625,1530.36
0,81452,8,phononTF,0.0006561,-0.00121458,0.00280027,-0.0002625,5321.26,0.000382,1,-0.00100436,0.00299894,0.0002625,6166.55
0,81452,4,phononTF,0.00275145,-0.00415478,-0.000600275,4.08411e-05,98.1301,0.000272417,1,-0.00399827,-0.000774583,-0.0002625,760.818
0,87059,19,phononTS,0.000482638,-0.00194799,-0.00204964,-0.000262498,8267.43,0.000382,1,-0.0020018,-0.00199867,0.0002625,8414.27
0,91899,20,phononTF,0.000414755,-0.00200443,0.00199759,0.0002625,16687.4,0.000414755,1,-0.00232713,0.00231582,-0.0002625,17407.9
0,98699,5,phononTF,0.00167465,-0.00306898,-0.00107119,-0.0002625,67.533,0.000382,1,-0.00300262,-0.00099828,0.0002625,454.512
0,106858,6,phononTF,0.00189935,-0.00300097,-0.000999762,0.000262498,1040.7,0.000606997,1,-0.00279121,-0.00081002,-0.0002625,1208.55
0,106972,4,phononTF,0.00119696,0.00303625,0.000694555,-0.0002625,2587.84,0.000764,1,0.00300037,0.00099772,0.0002625,6001.89
0,106972,2,phononTS,0.000740982,-0.00352508,-0.00156034,0.000262498,10.671,0.000740982,1,-0.00356316,-0.00170775,-0.0002625,182.227
0,113157,9,phononTS,0.000556948,-0.00197042,0.00196075,-0.000262498,6825.51,0.000382,1,-0.00200497,0.00200277,0.0002625,6982.52
0,113226,5,phononTF,0.00126196,-0.00325021,-0.00126124,-0.000183185,2992,0.000382,1,-0.00300232,-0.00100241,0.0002625,3609.79
0,113712,7,phononTS,0.000472,0.000988776,-0.0030937,-0.000262498,4207.98,0.000382,1,0.000999412,-0.00300093,0.0002625,4373.64
0,114687,15,phononTF,0.00244262,-0.00200592,-0.000156414,0.000237115,2923.89,0.001146,1,-0.00200061,4.18154e-06,0.0002625,4767.76
0,121370,8,phononTS,0.000797677,-0.00299807,-0.00100369,0.000262498,9968.66,0.000687203,1,-0.00268249,-0.00128049,-0.0002625,10209.8
