Run ID,Event ID,Track ID,Particle Name,Start Energy [eV],Start X [m],Start Y [m],Start Z [m],Start Time [ns],Energy Deposited [eV],Track Weight,End X [m],End Y [m],End Z [m],Final Time [ns]
0,3476,7,phononTS,0.00090889,0.00108579,-0.00292922,-0.0002625,2020.03,0.000382,1,0.000995339,-0.00299533,0.0002625,2794.48
0,5793,8,phononTS,0.000503068,0.00199559,4.72159e-06,0.0002625,3520.57,0.000503068,1,0.00191409,8.92516e-05,-0.0002625,3828.75
0,7590,19,phononTF,0.000703548,0.000416039,0.00150799,-0.0002625,2505.98,0.000382,1,0.000995292,0.000996695,0.0002625,4523.1
0,9673,3,phononTF,0.000677096,0.00219657,0.000250468,-0.0002625,265.863,0.000382,1,0.00199816,2.90014e-06,0.0002625,1681.36
0,11372,6,phononTS,0.00256565,-0.00117681,0.00146603,7.31185e-07,1784.15,0.000382,1,-0.000997662,0.000996048,0.0002625,3366.4
0,13262,18,phononTS,0.00127591,0.00108982,-0.00296018,-0.000262498,2103.52,0.000764,1,0.00100322,-0.00300204,0.0002625,2260.95
0,13325,11,phononTF,0.000556075,0.00147801,-0.00060775,-0.0002625,798.234,0.000382,1,0.00200412,4.35346e-07,0.0002625,1532.53
0,21339,10,phononTF,0.000473155,0.000100345,-0.00212876,-0.0002625,3733.76,0.000382,1,2.92992e-06,-0.00200392,0.0002625,4338.2
0,21339,2,phononTS,0.00162162,0.000594731,-0.0010949,0.000262498,79.0841,0.00130752,1,0.000589918,-0.0012073,-0.0002625,267.907
0,22522,4,phononTS,0.00204971,0.000810625,-0.0010066,-0.0002625,1643.63,0.000764,1,0.000996767,-0.000996677,0.0002625,2001.04
0,25111,8,phononTS,0.000474306,-0.000573139,-2.12036e-06,-0.000262498,3330.65,0.000382,1,0.000999684,-0.00100032,0.0002625,4043.55
0,27015,7,phononTS,0.000870358,0.000997555,-0.000998483,0.000262498,932.059,0.000369801,1,0.00107575,-0.00102816,-0.0002625,1098.98
0,31308,7,phononTS,0.000568669,-0.00204742,5.46036e-05,-0.000262498,1958.07,0.000382,1,-0.00200235,1.41805e-06,0.0002625,2115.09
0,34006,8,phononTS,0.00116718,-0.0028872,-0.00214784,-0.0002625,3515.12,0.000382,1,-0.00199904,-0.00199571,0.0002625,4703.22
0,37430,2,phononTS,0.00536737,0.000956782,-0.000976715,-4.01046e-05,4.20613,0.000764,1,0.00100221,-0.00100042,0.0002625,627.567
0,37506,13,phononTF,0.0009039,0.0016659,-0.00169629,-0.0002625,943.681,0.000382,1,0.00200174,-0.00199598,0.0002625,1562.19
0,38123,6,phononTS,0.00210643,0.000762369,-0.000926069,-0.000262498,1429.49,0.000764,1,0.000998154,-0.00100178,0.0002625,1635.13
0,39313,6,phononTS,0.000852297,0.000844169,-0.00187989,-0.0002625,2023.88,0.000382,1,-2.15624e-06,-0.0020011,0.0002625,3466.58
0,42011,17,phononTS,0.000386486,0.000959544,-0.000960988,-0.000262498,716.495,0.000382,1,0.00100483,-0.00100361,0.0002625,874.619
0,42353,12,phononTS,0.000906015,0.000950257,-4.31377e-05,-0.000262499,9677.9,0.000382,1,0.000999924,-0.00100485,0.0002625,10077.2
0,50100,13,phononL,0.0003854,-0.00105551,0.00125072,-0.0002625,3417.14,0.000382,1,-0.00100416,0.000999893,0.0002625,3850.73
0,51171,9,phononTS,0.000494792,0.00172148,-0.00196051,-0.000262498,415.328,0.000382,1,0.00200268,-0.00199891,0.0002625,634.01
0,51848,7,phononTS,0.000601533,-0.00130948,-0.0034119,-0.000262498,6460.08,0.000382,1,-0.0020035,-0.00200097,0.0002625,7077.05
0,52369,10,phononTS,0.00125973,0.000938506,-0.000785865,-0.000262498,266.832,0.000382,1,0.00100043,-0.000997525,0.0002625,467.676
0,52369,22,phononL,0.000770188,0.00100043,-0.000997525,0.000262498,467.676,0.000770188,1,0.00178505,-0.00092171,-0.0002625,641.66
0,53888,10,phononTS,0.000888839,-0.00187291,-0.00139858,-0.0002625,1424.53,0.000382,1,-0.00300003,-0.000997696,0.0002625,4303.84
0,55915,6,phononTS,0.000432891,3.07168e-05,-9.22771e-05,-0.000262498,567.112,0.000382,1,-4.86282e-06,-1.41391e-06,0.0002625,724.975
0,56729,8,phononTS,0.000513487,0.00179722,0.00199958,-0.0002625,6103.58,0.000382,1,0.0019964,0.00200084,0.0002625,7195.97
0,57734,18,phononTS,0.000603912,0.005,0.000269002,3.80895e-05,758.373,0.000382,1,0.00199762,-1.45096e-06,0.0002625,3934.61
0,60372,6,phononTF,0.000775375,0.000846645,-0.00118961,-0.0002625,1763.59,0.000382,1,0.000997093,-0.000999815,0.0002625,3326.5
0,62733,12,phononTS,0.000824199,-0.000819391,0.00101275,-0.0002625,9153.61,0.000382,1,-0.00099616,0.000998431,0.0002625,10141.1
0,65748,5,phononTS,0.00248822,-0.000117373,-0.00103298,-0.0002625,247.538,0.000764,1,-0.0010043,-0.00100396,0.0002625,1014.59
0,65748,8,phononTS,0.00088789,-0.0010043,-0.00100396,0.000262498,1014.59,0.000217858,1,-0.00248772,-0.00391749,-0.0002625,2169.84
0,68036,4,phononTS,0.0011426,5.42715e-05,6.13672e-05,-0.0002625,619.223,0.000382,1,-4.50709e-06,1.17266e-06,0.0002625,1399.17
0,70571,2,phononTS,0.00150818,0.000826382,-0.000919378,-0.0002625,6.95158,0.000764,1,0.00100092,-0.00100142,0.0002625,665.249
0,72527,4,phononTF,0.00302963,1.59858e-05,-2.00431e-05,0.000252856,6.96849,0.000764,1,1.77963e-06,-4.19396e-06,0.0002625,658.546
0,72527,6,phononL,0.000701634,1.77963e-06,-4.19396e-06,0.000262498,658.546,0.000701634,1,0.000253007,0.000236019,-0.0002625,780.08
0,72648,8,phononTF,0.000413629,0.0047554,0.00160032,-0.0002625,6024,0.000413629,1,0.005,0.00179658,2.53174e-05,13661.1
0,72751,2,phononTF,0.00308847,0.000630157,-0.00110573,0.000246423,9.44677,0.000382,1,-0.00100467,-0.000999304,0.0002625,498.817
0,73117,6,phononTF,0.00220805,0.00205994,-5.77597e-05,0.000191696,249.215,0.000382,1,0.00200463,-2.95181e-06,0.0002625,4216.3
0,73771,4,phononTS,0.00283082,0.00105521,-0.000917183,-0.0002625,11.7355,0.001146,1,0.00099749,-0.000999999,0.0002625,415.255
0,76744,10,phononTS,0.000468422,0.00165681,0.000683309,-0.0002625,3275.23,0.000382,1,0.00199958,0.00199694,0.0002625,4893.74
0,78694,10,phononTS,0.000633831,0.000936421,-0.00118343,-0.000262498,224.764,0.000382,1,0.000999954,-0.000997066,0.0002625,435.085
0,78694,2,phononTS,0.00181154,0.000627161,-0.00112415,0.000262498,2.27735,0.000852191,1,0.00193762,-0.00133584,-0.0002625,526.533
0,81323,17,phononTF,0.000549471,0.000997845,-0.000996534,0.000262498,985.537,0.000549471,1,0.001299,-0.00124443,-0.0002625,1180.06
0,85426,3,phononTS,0.00104263,0.00086597,-0.00106193,-0.0002625,8.87162,0.000764,1,0.00100301,-0.00100308,0.0002625,726.537
0,88134,23,phononTF,0.000521855,0.00118398,-0.00284426,-0.000262498,7014.98,0.000382,1,0.000998967,-0.00299897,0.0002625,7187.42
0,93090,7,phononL,0.000674318,-0.000146802,0.0015486,-0.0002625,3874.11,0.000382,1,3.54724e-07,0.00199517,0.0002625,4585.14
0,96231,9,phononTF,0.000397055,-0.00251126,-0.0014719,-0.000262499,3213.15,0.000382,1,-0.00299973,-0.00100417,0.0002625,3468.8
0,96231,2,phononTS,0.0008623,0.000623614,-0.0011168,0.000262498,7.79176,0.000373833,1,0.00056607,-0.00116843,-0.0002625,163.511
0,101270,5,phononTF,0.000761012,0.00115147,-0.00087914,-0.0002625,249.246,0.000382,1,0.00100253,-0.00100385,0.0002625,2519.61
0,102116,6,phononTF,0.000473776,-0.00337024,-0.00143317,-0.0002625,2319.07,0.000382,1,-0.00300283,-0.000998028,0.0002625,11660.8
0,105037,17,phononTS,0.000625342,-0.000819044,-0.000436466,-0.000262498,2515.07,0.000382,1,-0.0020019,-4.00471e-06,0.0002625,3030.21
0,106626,14,phononTS,0.000539224,-0.000999152,0.00100287,0.000262498,13023.9,0.000539224,1,-0.00106976,0.000979337,-0.0002625,13179.5
0,107840,9,phononTS,0.000384003,-0.00100169,-0.00100357,0.0002625,3492.85,0.000384003,1,-0.000923669,-0.00092777,-0.0002625,4378.03
0,107840,3,phononTF,0.00226417,0.000631499,-0.0011292,0.000262498,1.32381,0.00116476,1,0.000833055,-0.00094549,-0.0002625,177.94
0,109551,12,phononTS,0.000640264,-7.96598e-05,-0.00231662,-0.000262498,1902.73,0.000382,1,-0.000999537,-0.000999495,0.0002625,2535.43
0,111137,14,phononL,0.00144845,-0.0013721,0.000933019,-0.0002625,1986.63,0.000764,1,-0.00100475,0.00100192,0.0002625,2620.84
0,113644,7,phononTS,0.000586701,0.000626089,-0.0021163,-0.0002625,4293.08,0.000382,1,0.000996565,-0.00100423,0.0002625,12430.5
0,114595,10,phononTS,0.000562374,0.00100114,-0.000997278,0.000262498,799.545,0.000562374,1,0.000959347,-0.000933488,-0.0002625,957.469
0,118443,18,phononTS,0.000468783,0.00244232,0.00168706,-0.000262498,37646.4,0.000382,1,0.000999681,0.00100456,0.0002625,38254.5
0,118443,2,phononL,0.000689617,0.000634104,-0.00114224,0.000262498,20.0722,0.000689617,1,0.0005295,-0.000761802,-0.0002625,144.947
0,118444,3,phononTS,0.00572582,0.000575034,-0.00111196,-3.05174e-05,145.37,0.0014755,1,0.000539343,-0.00108281,-0.0002625,289.112
