Run ID,Event ID,Track ID,Particle Name,Start Energy [eV],Start X [m],Start Y [m],Start Z [m],Start Time [ns],Energy Deposited [eV],Track Weight,End X [m],End Y [m],End Z [m],Final Time [ns]
0,6421,2,phononTF,0.00141208,0.000371778,0.000988945,-0.0002625,365.447,0.000764,1,-3.28044e-06,0.00200059,0.0002625,1259.84
0,8437,5,phononTS,0.000417499,0.00300665,2.54931e-06,-0.0002625,1047.3,0.000382,1,0.000999482,-0.000995229,0.0002625,2703.56
0,21292,1,phononTS,0.01,0.00101298,-0.0030396,0.000152228,0,0.001146,1,0.000998295,-0.00300271,0.0002625,577.409
0,21292,5,phononTF,0.00111934,0.005,-0.00482847,-5.47553e-05,577.409,0.00111934,1,0.0040595,-0.00467429,-0.0002625,3556.08
0,21292,4,phononTS,0.000722174,0.000998295,-0.00300271,0.000262498,577.409,0.000722174,1,0.000983829,-0.00305528,-0.0002625,668.99
0,39640,6,phononTF,0.000445582,0.00325298,0.000755809,-0.0002625,201.319,0.000382,1,0.00200248,0.00199626,0.0002625,2319.1
0,39640,2,phononTF,0.00206459,0.005,-0.00276685,0.000244118,5.24207,0.00156284,1,0.00393321,-0.00381831,-0.0002625,848.04
0,40823,6,phononTF,0.000631081,0.00129736,-0.00292124,-0.000262498,195.777,0.000382,1,0.000995209,-0.00300256,0.0002625,306.81
0,40823,3,phononTS,0.000546699,0.00148333,-0.0027334,0.000262498,95.1509,0.000546699,1,0.00146207,-0.00274732,-0.0002625,186.348
0,40823,2,phononTF,0.000930871,0.00148333,-0.0027334,0.000262498,95.1509,0.000647302,1,0.00271264,0.00180832,-0.0002625,928.98
0,52911,2,phononTS,0.000788438,0.00111849,0.0011176,-0.0002625,545.121,0.000382,1,0.0010037,0.00100359,0.0002625,1601.04
0,62189,4,phononTF,0.000566551,0.0011335,-0.00305128,-0.0002625,533.673,0.000382,1,0.000997747,-0.00300202,0.0002625,813.152
0,65053,5,phononTS,0.000885445,-0.00100265,-0.00100308,0.000262498,1598.34,0.000885445,1,-0.000977553,-0.00105362,-0.0002625,1687.91
0,65053,2,phononL,0.00158097,0.00227047,-0.00253156,0.000262498,826.492,0.00120534,1,0.0015179,-0.00246859,-0.0002625,924.951
0,66272,6,phononTS,0.00115306,-5.54841e-05,-0.0023789,-0.0002625,322.575,0.000382,1,-1.26611e-06,-0.00199822,0.0002625,990.68
0,69031,6,phononTS,0.00043312,0.00100119,-0.000995718,0.0002625,378.151,0.00043312,1,0.00390347,0.00201815,-0.0002625,1302.66
0,69413,1,phononTS,0.01,0.00100542,-0.00300017,0.000193956,0,0.002292,1,0.000998229,-0.00299803,0.0002625,327.875
0,69413,6,phononTS,0.0007506,0.000998229,-0.00299803,0.000262498,327.875,0.000334981,1,0.00100174,-0.00302387,-0.0002625,419.035
0,74589,3,phononTS,0.00137147,0.000996184,-0.000998821,0.0002625,163.794,0.00137147,1,0.00081478,-4.22928e-05,-0.0002625,838.858
0,76629,2,phononTS,0.000681084,0.00138668,-0.00295747,-0.0002625,120.208,0.000382,1,0.000998771,-0.00300249,0.0002625,547.501
0,76630,1,phononL,0.01,0.00133265,-0.00261672,-0.000238152,0,0.00696552,1,0.00132622,-0.00255732,-0.0002625,293.785
0,81178,1,phononTF,0.01,0.00207571,-0.00207942,3.31845e-05,0,0.002292,1,0.00200068,-0.00200387,0.0002625,678.47
0,86117,8,phononTF,0.000408895,0.000726047,-0.00272003,-0.0002625,1246.98,0.000382,1,0.000997146,-0.00299952,0.0002625,1582.57
0,112743,4,phononTS,0.000698862,0.0017315,-0.00293501,-0.000262498,472.794,0.000382,1,0.00099546,-0.00299581,0.0002625,656.758
0,119726,1,phononTS,0.01,0.0010136,-0.00300754,0.000221911,0,0.003438,1,0.00099784,-0.0030043,0.0002625,695.453
0,119726,6,phononTS,0.000398727,0.00099784,-0.0030043,0.000262498,695.453,0.000398727,1,0.0010622,-0.00297818,-0.0002625,794.167
0,126313,2,phononTS,0.00151507,0.00278453,0.000378124,-0.0002625,33.9372,0.000764,1,0.00300284,0.00100292,0.0002625,1094.86
0,128656,5,phononTF,0.00065447,0.000764152,-0.00324846,-0.000262498,381.733,0.000382,1,0.0010045,-0.00299933,0.0002625,489.38
0,137770,7,phononTF,0.000776971,-0.00100396,0.00100185,0.000262498,2510.82,0.00060976,1,-0.00141082,0.00141707,-0.0002625,2644.89
0,138393,3,phononTS,0.000411537,0.00118974,-0.00289588,-0.0002625,104.917,0.000382,1,0.00100112,-0.00299837,0.0002625,334.596
0,138393,2,phononTS,0.00192778,0.00137837,-0.00279339,0.000262498,104.917,0.000862031,1,0.00141954,-0.00258723,-0.0002625,213.593
0,140028,7,phononTS,0.000856035,0.00115615,-0.00295538,-0.000262498,1196.87,0.000382,1,0.000996686,-0.00299802,0.0002625,1304.76
0,144557,6,phononTS,0.000425878,0.00104575,-0.00306298,-0.000262498,342.426,0.000382,1,0.00100269,-0.00299772,0.0002625,437.708
0,150274,5,phononTS,0.00114128,0.00100011,-0.00300258,0.000262498,467.138,0.000937456,1,0.00094926,-0.00304067,-0.0002625,565.636
0,174786,4,phononTS,0.000647147,0.000437513,0.00139232,-0.0002625,435.793,0.000382,1,-1.37224e-06,0.00200356,0.0002625,1405.8
0,177711,6,phononTS,0.000491023,0.00100262,-0.00299786,0.0002625,203.222,0.000491023,1,0.0010073,-0.0030047,-0.0002625,390.502
0,177711,2,phononTS,0.00211247,0.00155786,-0.00277383,0.000262498,116.751,0.00124606,1,0.00156089,-0.00276013,-0.0002625,207.048
0,179964,3,phononTS,0.000512621,0.00182014,-0.00343874,-0.000262498,475.815,0.000382,1,0.00100168,-0.00299785,0.0002625,697.441
0,189358,5,phononTF,0.000749677,0.00186815,-0.00213918,-0.0002625,962.788,0.000382,1,0.00199805,-0.00199519,0.0002625,1443.63
0,191523,7,phononTF,0.000635231,0.00189031,-0.00211217,-0.0002625,857.286,0.000382,1,0.00200305,-0.00199755,0.0002625,1327.27
0,194417,5,phononTS,0.000825847,0.00311784,0.000395047,-0.0002625,1066.65,0.000382,1,0.00200226,4.47004e-07,0.0002625,2736.5
0,199913,3,phononTS,0.00107151,4.89366e-06,1.33744e-06,0.0002625,125.453,0.00107151,1,-0.000776873,0.00141209,-0.0002625,1135.99
0,209397,2,phononTF,0.00154195,0.00175985,-0.0022336,-0.000262498,672.105,0.000382,1,0.00199988,-0.00199641,0.0002625,778.945
0,209397,6,phononTS,0.00103399,0.00199988,-0.00199641,0.000262498,778.945,0.000758851,1,0.00134908,-0.00203132,-0.0002625,946.639
0,214297,2,phononTS,0.00154037,0.00112961,6.56653e-05,-0.0002625,78.5004,0.000764,1,0.000997913,0.00100202,0.0002625,951.055
0,261925,2,phononTS,0.00110869,0.00198964,-0.00196532,-0.0002625,12.8403,0.000764,1,0.00199502,-0.00200014,0.0002625,486.75
0,261926,1,phononTS,0.01,0.00171596,-0.00281995,-0.000203254,0,0.00802911,1,0.00172095,-0.00280896,-0.0002625,226.144
0,270891,8,phononTS,0.000491307,0.00200049,-0.00199506,0.0002625,169.728,0.000491307,1,0.00204593,-0.00145048,-0.0002625,473.438
0,277079,3,phononTS,0.00305638,0.00164029,-0.00263759,-0.0002625,56.7717,0.001146,1,0.00199789,-0.00200272,0.0002625,335.48
0,284434,8,phononTS,0.000490503,0.00175955,-0.00298194,-0.000262498,324.325,0.000382,1,-3.56482e-06,-0.00199839,0.0002625,727.101
0,292441,3,phononTF,0.00129251,0.00129595,-0.00270057,-0.000262498,227.006,0.000382,1,0.00100453,-0.00299712,0.0002625,341.764
0,297750,2,phononTS,0.00163821,-0.00141216,0.000210416,-0.0002625,4.66677,0.000764,1,-0.00199928,0.00199849,0.0002625,2979.62
0,297750,6,phononTF,0.000452183,-0.00199928,0.00199849,0.000262498,2979.62,0.000452183,1,-0.00191351,0.00195399,-0.0002625,3071.49
0,305828,1,phononL,0.01,0.00104834,-0.00294602,0.00015108,0,0.000382,1,0.000999131,-0.00299739,0.0002625,255.485
0,312077,1,phononTF,0.01,0.0020039,-0.00200803,0.000255851,0,0.002674,1,0.0019983,-0.00199916,0.0002625,821.394
0,312077,8,phononTS,0.00125255,0.0019983,-0.00199916,0.000262498,821.394,0.000699523,1,0.00204472,-0.00181884,-0.0002625,927.241
0,333972,4,phononTS,0.00211998,0.00145077,-0.00293082,-0.000101565,93.0028,0.001146,1,0.000995675,-0.00299943,0.0002625,355.579
0,335102,4,phononTF,0.000735139,0.00141479,-0.00352679,-0.000262498,469.794,0.000382,1,0.00100402,-0.00300297,0.0002625,619.078
0,339075,3,phononTS,0.00120145,0.00180988,7.38709e-06,-0.0002625,7.09908,0.000764,1,0.00199629,-2.40779e-07,0.0002625,762.83
0,373197,5,phononL,0.000473765,0.00078248,-0.0043725,-0.0002625,610.778,0.000382,1,0.00100421,-0.0029993,0.0002625,902.873
0,375661,5,phononTS,0.000768267,0.00144563,-0.00374119,-0.000262498,724.278,0.000382,1,0.00100249,-0.00300345,0.0002625,935.112
0,382335,6,phononTF,0.00056827,0.00100474,-0.00299898,0.0002625,189.855,0.00056827,1,0.00104009,-0.00318944,-0.0002625,387.384
0,382335,2,phononTS,0.00258591,0.00162548,-0.00282018,0.000262498,19.8656,0.000523284,1,0.0008029,-0.00298592,-0.0002625,219.004
0,387597,3,phononTS,0.00168263,0.00185847,-0.00238339,-0.0002625,14.3376,0.000382,1,0.00199664,-0.00199639,0.0002625,293.727
0,387597,6,phononTF,0.00076445,0.00199664,-0.00199639,0.000262498,293.727,0.00076445,1,0.00145717,-0.00250741,-0.0002625,450.622
0,387597,2,phononTS,0.00219863,0.0017203,-0.00277039,0.000262498,14.3376,0.0012459,1,0.00324206,-0.00252097,-0.0002625,353.867
0,407173,4,phononTF,0.00107902,0.000317686,-0.00220254,-0.0002625,21.2411,0.000382,1,1.52352e-06,-0.00200205,0.0002625,692.402
0,411921,5,phononTF,0.00137738,-0.000407251,-0.000419095,-0.000262498,846.303,0.000764,1,4.57048e-06,7.47724e-07,0.0002625,981.347
0,411921,6,phononTS,0.000502873,4.57048e-06,7.47724e-07,0.000262498,981.347,0.000502873,1,3.58382e-05,-5.10886e-05,-0.0002625,1070.63
0,431096,4,phononTF,0.000411786,0.00239017,0.000509248,-0.0002625,963.964,0.000382,1,0.00199801,-3.0683e-06,0.0002625,1405.3
0,433286,6,phononTF,0.000556438,0.00120923,0.000723055,-0.000262498,900.44,0.000382,1,0.00100304,0.000995953,0.0002625,1009.95
0,433286,2,phononTF,0.00271302,0.00156764,-0.00289776,0.000262498,78.3362,0.00207353,1,0.0019208,-0.00243744,-0.0002625,216.349
0,437560,1,phononTF,0.01,0.00103793,-0.00298135,0.000172401,0,0.000764,1,0.0010026,-0.00299945,0.0002625,439.121
0,438961,7,phononTF,0.000441658,0.00114406,-0.00115047,-0.0002625,922.511,0.000382,1,0.00100442,-0.00100331,0.0002625,1211.48
0,438961,2,phononTF,0.0010263,0.00138749,-0.00317042,0.000262498,272.296,0.000631854,1,0.00108677,-0.00291234,-0.0002625,386.475
0,443129,6,phononTS,0.000545159,0.00075072,-0.00145454,-0.000262498,7211.55,0.000382,1,0.00100429,-0.0009979,0.0002625,7368.98
0,443597,1,phononTF,0.01,0.00186887,-0.00192467,0.000156359,0,0.000764,1,0.0020018,-0.0019989,0.0002625,311.505
0,443597,6,phononTF,0.00047212,0.0020018,-0.0019989,0.000262498,311.505,0.00047212,1,0.00257517,-0.00255453,-0.0002625,474.99
0,451503,7,phononTS,0.000507063,0.00195164,0.00201795,-0.000262498,3217.87,0.000382,1,0.00199673,0.00200367,0.0002625,3311.82
0,461930,6,phononTF,0.00054829,0.00132848,-0.00315648,-0.000262498,498.953,0.000382,1,0.0010029,-0.00300052,0.0002625,613.764
0,465490,5,phononTF,0.000961901,0.00204084,-0.00274381,-0.000262498,165.267,0.000382,1,0.00300104,0.00100412,0.0002625,857.495
0,465664,4,phononTF,0.000402125,0.00175461,-0.00174678,-0.000262498,430.852,0.000382,1,0.00199992,-0.00200369,0.0002625,539.899
0,468910,4,phononTF,0.000529088,0.00133364,-0.0026435,-0.0002625,730.119,0.000382,1,0.000997951,-0.003001,0.0002625,1172.81
0,471771,7,phononTS,0.000999253,-7.31547e-05,0.00200378,-0.000262498,2565.43,0.000382,1,4.07291e-06,0.0019963,0.0002625,2664.04
0,473090,1,phononTF,0.01,0.00199869,-0.00200186,0.000258339,0,0.00191,1,0.00200013,-0.00200323,0.0002625,486.676
0,479625,11,phononTF,0.000903614,0.00100485,-0.00300207,0.000262498,404.338,0.000404706,1,0.000764546,-0.00277703,-0.0002625,511.029
0,479625,4,phononTF,0.00126899,0.00171201,-0.0027208,0.000262498,53.3747,0.00126899,1,0.000946548,-0.00349376,-0.0002625,260.28
0,483845,7,phononTF,0.000912143,0.00230122,-0.00168742,-0.0002625,190.707,0.000382,1,0.00200155,-0.00199867,0.0002625,799.391
0,483845,8,phononTS,0.000503703,0.00200155,-0.00199867,0.000262498,799.391,0.000503703,1,0.00202084,-0.00206906,-0.0002625,895.276
0,487339,4,phononTS,0.00121922,0.00139998,-0.00298541,-0.0002625,182.969,0.000382,1,0.000996758,-0.00300262,0.0002625,607.676
0,488358,5,phononTS,0.000538904,0.00171695,-0.00304339,-0.000262498,530.642,0.000382,1,0.00199828,-0.00200294,0.0002625,771.352
0,488674,4,phononL,0.00175882,0.00134161,-0.00287887,-0.0002625,13.3784,0.000764,1,0.000999007,-0.00300256,0.0002625,154.797
0,496876,2,phononTF,0.00141083,0.00112056,-0.00311605,-0.0002625,95.4848,0.000382,1,0.00100234,-0.00300187,0.0002625,323.408
0,496876,5,phononTS,0.000666676,0.00100234,-0.00300187,0.000262498,323.408,0.000666676,1,0.000954683,-0.00303853,-0.0002625,416.501
0,496877,3,phononL,0.00593651,0.00174761,-0.00270791,-5.56252e-05,144.49,0.00385367,1,0.00197806,-0.00268819,-0.0002625,177.808
0,498190,4,phononTF,0.000670462,0.0015984,-0.00225152,-0.000262498,415.554,0.000382,1,0.0020028,-0.00199907,0.0002625,542.731
0,498190,2,phononL,0.00743637,0.00160061,-0.00236425,-3.24875e-05,255.673,0.00640825,1,0.00204487,-0.00232348,-0.0002625,354.344
