Run ID,Event ID,Track ID,Particle Name,Start Energy [eV],Start X [m],Start Y [m],Start Z [m],Start Time [ns],Energy Deposited [eV],Track Weight,End X [m],End Y [m],End Z [m],Final Time [ns]
0,260,11,phononTS,0.000461346,4.35958e-06,-2.00568e-06,0.000262498,7077.33,0.000461346,1,-0.000465715,0.000247613,-0.0002625,7378.39
0,3965,16,phononTS,0.000517849,-0.00293632,0.000678381,-0.0002625,3991.95,0.000382,1,2.48602e-06,-0.00199593,0.0002625,15548.7
0,5145,10,phononTF,0.000633469,0.00218822,-0.000153078,-0.0002625,2877.92,0.000382,1,0.00199846,-2.88976e-06,0.0002625,3394.12
0,8562,17,phononTS,0.000492124,0.00127758,-0.00175804,-0.000262498,1593.55,0.000382,1,0.000995898,-0.00299963,0.0002625,2101.9
0,10595,7,phononTS,0.000462005,0.00301399,-0.0013974,-0.0002625,1358.65,0.000382,1,0.00199694,-0.00199511,0.0002625,3145.66
0,14888,9,phononTF,0.000498034,0.000857293,0.000207251,-0.0002625,3777.09,0.000382,1,0.00299632,0.001004,0.0002625,5462.08
0,14888,6,phononTS,0.00222895,0.00198199,0.000999636,3.46979e-05,218.873,0.00104202,1,-0.000750034,-0.000458123,-0.0002625,1687.09
0,15560,4,phononTF,0.00180677,0.00219986,-0.000162943,-0.0002625,37.0939,0.000764,1,0.002005,3.21325e-06,0.0002625,733.838
0,18406,4,phononTF,0.00038319,0.00315454,-0.00109292,-0.000262498,788.414,0.000382,1,0.00200395,-1.31796e-06,0.0002625,1287.03
0,19826,12,phononTS,0.000505025,0.00207095,0.00020339,-0.000262498,590.82,0.000382,1,0.00200473,-3.00095e-06,0.0002625,790.97
0,20842,13,phononTS,0.000484952,0.00317233,0.000220367,-0.0002625,14113,0.000382,1,0.00300182,0.00100228,0.0002625,16490.3
0,25082,8,phononL,0.000907512,0.00172751,0.00015162,-0.000262498,1576.27,0.000382,1,0.001997,2.33879e-06,0.0002625,1694.96
0,37814,9,phononTF,0.000762205,0.00222551,-0.000275179,-0.0002625,230.304,0.000382,1,0.00199575,4.19298e-06,0.0002625,799.02
0,39279,12,phononTS,0.000932151,0.000996546,0.000996471,0.000262498,1528.02,0.000669207,1,0.000966841,0.00092034,-0.0002625,1683.16
0,47012,9,phononTS,0.000533671,0.00153851,0.00196499,-0.000262498,10597.2,0.000382,1,0.00200385,0.00200048,0.0002625,10842.8
0,47012,4,phononTS,0.00113232,0.00275923,-0.000704137,0.000262498,80.9169,0.00044008,1,0.00202199,-0.000570007,-0.0002625,433.359
0,49711,2,phononTF,0.00196798,0.00238484,-0.000338778,-0.0002625,2.69904,0.000382,1,0.00200189,1.66303e-06,0.0002625,442.014
0,49937,5,phononTS,0.00164742,0.00252592,-0.00066444,-0.000262498,843.12,0.000764,1,0.00200248,-0.00200129,0.0002625,1413.38
0,49937,6,phononTS,0.000472948,0.00200248,-0.00200129,0.000262498,1413.38,0.000472948,1,0.00198159,-0.0014118,-0.0002625,1699.19
0,50975,15,phononTS,0.00129324,0.00199612,-0.00199737,0.000262498,1857.58,0.000395681,1,0.00192227,-0.00191674,-0.0002625,2032.84
0,51831,10,phononTS,0.000529517,-0.005,-0.00235567,-0.00017385,9413.47,0.000382,1,-0.00200405,-1.69888e-06,0.0002625,11003.3
0,64869,19,phononTF,0.00111843,0.005,-0.00106572,-0.000142965,2293.1,0.000382,1,0.00300232,0.00100048,0.0002625,3600.41
0,64869,20,phononTS,0.000707603,0.00300232,0.00100048,0.000262498,3600.41,0.000297001,1,0.00254794,0.000973152,-0.0002625,3861.65
0,66457,5,phononTS,0.000551989,0.00151252,-0.0022131,-0.0002625,5472.34,0.000382,1,0.00100299,-0.000995318,0.0002625,7107.1
0,68142,17,phononTS,0.00103851,1.85668e-07,0.00200102,0.000262498,3877.32,0.00103851,1,-6.8649e-05,0.00190973,-0.0002625,4031.96
0,70436,13,phononTF,0.000479965,-0.000501284,0.000576527,-0.0002625,18121.1,0.000382,1,-0.000998196,0.00100269,0.0002625,18868
0,72432,8,phononTF,0.00066918,0.00131376,-0.00131546,-0.0002625,144.314,0.000382,1,0.000999364,-0.000999187,0.0002625,853.788
0,73743,4,phononTS,0.0028885,-0.00134919,0.00301904,5.53637e-05,5.64343,0.000382,1,-0.00100291,0.00300402,0.0002625,3246.52
0,74133,6,phononTS,0.000551822,7.12864e-05,-0.00190752,-0.000262498,5933.42,0.000382,1,4.53889e-06,-0.00199815,0.0002625,6088.25
0,74133,2,phononTS,0.00229803,0.0027647,-0.000609925,0.000262498,42.812,0.000308781,1,0.00208993,-0.000533437,-0.0002625,359.55
0,75060,2,phononL,0.00071271,0.00137802,-0.00135952,-0.0002625,129.031,0.000382,1,-1.04133e-06,-0.0019963,0.0002625,761.935
0,77909,12,phononTF,0.000578166,-0.00240984,-0.00161662,-0.0002625,9901.35,0.000382,1,-0.00199869,-0.0019965,0.0002625,11055.7
0,83233,14,phononTS,0.000739866,0.000530087,-0.00196175,-0.0002625,10541.6,0.000382,1,4.42167e-06,-0.00199515,0.0002625,12944
0,83289,25,phononTF,0.000386679,0.000896596,-0.00290513,-0.0002625,30789.7,0.000382,1,0.00100359,-0.00299591,0.0002625,33549.3
0,88031,5,phononTF,0.00219652,6.73024e-05,0.000659262,-0.000262498,10509.6,0.000382,1,-0.00100074,-0.00100035,0.0002625,11146.7
0,90281,18,phononTF,0.000428244,0.00240788,-0.00161056,-0.0002625,1195.05,0.000382,1,0.00199929,-0.00199605,0.0002625,1890.98
0,98053,6,phononL,0.000437637,0.00152216,-0.000729395,-0.000262498,483.996,0.000382,1,0.000997164,-0.00100269,0.0002625,632.396
0,104124,4,phononTS,0.000416474,0.00148693,-0.000238327,-0.0002625,1712.77,0.000382,1,0.00199597,-2.86912e-06,0.0002625,6381.7
0,107340,3,phononTS,0.000968704,0.00208676,-7.75166e-05,-0.0002625,46.8436,0.000382,1,0.00199774,-1.25389e-06,0.0002625,1280.37
0,111298,7,phononTS,0.000552576,-0.000613932,-0.000956435,-0.0002625,553.298,0.000382,1,-0.000997248,-0.0010018,0.0002625,5372.09
0,112633,28,phononTF,0.000442514,0.000853314,0.00116009,-0.0002625,599.646,0.000382,1,0.000999413,0.00100086,0.0002625,2820.35
0,112711,9,phononTS,0.000594387,0.00248167,-0.00193829,-0.0002625,5836.21,0.000382,1,0.00200139,-0.00200248,0.0002625,6628
0,115344,15,phononTS,0.000404089,0.005,0.000287229,0.000128416,399.155,0.000382,1,0.00199678,-0.00200131,0.0002625,2772.07
0,115345,3,phononL,0.00614618,0.00302767,-0.000848599,-0.000253823,21.359,0.00139091,1,0.00302976,-0.000834768,-0.0002625,702.445
0,118955,8,phononTS,0.000565552,0.000964262,-0.00241413,-0.0002625,503.506,0.000382,1,0.000997208,-0.00300454,0.0002625,2173.04
0,120962,13,phononL,0.000572979,0.000995657,-0.00300169,0.0002625,13562.3,0.000572979,1,0.000933269,-0.00352106,-0.0002625,14112.1
0,123344,5,phononTS,0.000688238,0.00108267,0.000652932,-0.0002625,331.13,0.000382,1,0.00100028,0.000995031,0.0002625,4175.3
0,124433,7,phononL,0.000683816,0.00311911,0.000353886,-0.0002625,4477.43,0.000382,1,0.00299513,0.00100499,0.0002625,4915.5
0,124433,4,phononTF,0.00209218,0.00227099,-0.00194745,0.000170389,504.419,0.000899438,1,0.00220801,-0.00202815,-0.0002625,1262.29
